Interval,Sample #,Date/Time,Light/Dark,Start Time,End Time,Duration (s),Weight (g),Accumulated (g),
25,1,11/13/2015 2:07:43 PM,Light,5/14/1981 2:07:21 PM,5/14/1981 2:07:33 PM,12,-235.43,-235.43,
30,2,11/13/2015 2:50:01 PM,Light,5/14/1981 2:08:43 PM,5/14/1981 2:49:50 PM,2467,0.83,-234.60,
32,3,11/13/2015 3:06:57 PM,Light,5/14/1981 2:50:43 PM,5/14/1981 3:06:47 PM,964,0.15,-234.45,
35,4,11/13/2015 3:42:49 PM,Light,5/14/1981 3:08:04 PM,5/14/1981 3:42:38 PM,2074,-0.15,-234.60,
38,5,11/13/2015 4:05:18 PM,Light,5/14/1981 3:43:25 PM,5/14/1981 4:05:07 PM,1302,-0.03,-234.63,
47,6,11/13/2015 5:30:27 PM,Light,5/14/1981 4:05:57 PM,5/14/1981 5:30:17 PM,5060,0.64,-233.99,
48,7,11/13/2015 5:46:19 PM,Light,5/14/1981 5:31:02 PM,5/14/1981 5:46:09 PM,907,0.05,-233.94,
49,8,11/13/2015 5:53:59 PM,Light,5/14/1981 5:46:25 PM,5/14/1981 5:53:49 PM,444,0.05,-233.89,
50,9,11/13/2015 6:01:37 PM,Light,5/14/1981 5:55:00 PM,5/14/1981 6:01:26 PM,386,-0.04,-233.93,
51,10,11/13/2015 6:07:53 PM,Light,5/14/1981 6:05:06 PM,5/14/1981 6:07:42 PM,156,-0.06,-233.99,
78,11,11/13/2015 10:25:59 PM,Dark,5/14/1981 6:10:38 PM,5/14/1981 10:25:49 PM,15311,0.92,-233.07,
78,12,11/13/2015 10:33:48 PM,Dark,5/14/1981 10:26:47 PM,5/14/1981 10:33:38 PM,411,0.04,-233.03,
94,13,11/14/2015 1:05:19 AM,Dark,5/14/1981 10:34:08 PM,5/15/1981 1:05:08 AM,9060,0.55,-232.48,
112,14,11/14/2015 3:58:35 AM,Dark,5/15/1981 1:41:36 AM,5/15/1981 3:58:25 AM,8209,0.47,-232.01,
118,15,11/14/2015 4:48:25 AM,Dark,5/15/1981 4:42:13 AM,5/15/1981 4:48:14 AM,361,0.20,-231.81,
236,16,11/14/2015 11:44:49 PM,Dark,5/15/1981 4:49:58 AM,5/15/1981 11:44:38 PM,68080,2.54,-229.28,
257,17,11/15/2015 3:04:15 AM,Dark,5/16/1981 1:18:11 AM,5/16/1981 3:04:05 AM,6354,0.18,-229.10,
349,18,11/15/2015 5:41:14 PM,Light,5/16/1981 3:04:28 AM,5/16/1981 5:41:03 PM,52595,1.44,-227.66,
369,19,11/15/2015 8:52:43 PM,Dark,5/16/1981 5:43:05 PM,5/16/1981 8:52:32 PM,11367,0.41,-227.25,
373,20,11/15/2015 9:30:20 PM,Dark,5/16/1981 8:53:10 PM,5/16/1981 9:30:08 PM,2218,0.25,-227.01,
381,21,11/15/2015 10:46:21 PM,Dark,5/16/1981 10:08:14 PM,5/16/1981 10:46:10 PM,2276,0.20,-226.81,
386,22,11/15/2015 11:39:32 PM,Dark,5/16/1981 10:46:55 PM,5/16/1981 11:39:21 PM,3146,2.87,-223.94,
394,23,11/16/2015 12:55:18 AM,Dark,5/16/1981 11:39:34 PM,5/17/1981 12:55:07 AM,4533,7.47,-216.46,
400,24,11/16/2015 1:48:12 AM,Dark,5/17/1981 12:56:34 AM,5/17/1981 1:48:01 AM,3087,3.66,-212.80,
401,25,11/16/2015 2:03:07 AM,Dark,5/17/1981 1:48:42 AM,5/17/1981 2:02:57 AM,855,0.16,-212.64,
402,26,11/16/2015 2:12:08 AM,Dark,5/17/1981 2:11:32 AM,5/17/1981 2:11:57 AM,25,-0.13,-212.77,
403,27,11/16/2015 2:17:35 AM,Dark,5/17/1981 2:12:24 AM,5/17/1981 2:17:25 AM,301,0.11,-212.66,
405,28,11/16/2015 2:38:58 AM,Dark,5/17/1981 2:18:55 AM,5/17/1981 2:38:48 AM,1193,3.71,-208.95,
406,29,11/16/2015 2:48:06 AM,Dark,5/17/1981 2:39:02 AM,5/17/1981 2:47:55 AM,533,1.01,-207.94,
407,30,11/16/2015 2:55:30 AM,Dark,5/17/1981 2:48:28 AM,5/17/1981 2:55:20 AM,412,0.09,-207.84,
407,31,11/16/2015 3:00:19 AM,Dark,5/17/1981 2:57:53 AM,5/17/1981 3:00:08 AM,135,0.09,-207.75,
408,32,11/16/2015 3:03:43 AM,Dark,5/17/1981 3:02:20 AM,5/17/1981 3:03:32 AM,72,-0.05,-207.80,
409,33,11/16/2015 3:11:06 AM,Dark,5/17/1981 3:07:07 AM,5/17/1981 3:10:56 AM,229,-0.04,-207.85,
409,34,11/16/2015 3:18:44 AM,Dark,5/17/1981 3:12:19 AM,5/17/1981 3:18:33 AM,374,0.04,-207.80,
410,35,11/16/2015 3:24:56 AM,Dark,5/17/1981 3:20:04 AM,5/17/1981 3:24:46 AM,282,0.04,-207.76,
410,36,11/16/2015 3:29:27 AM,Dark,5/17/1981 3:25:47 AM,5/17/1981 3:29:16 AM,209,-0.12,-207.87,
411,37,11/16/2015 3:33:30 AM,Dark,5/17/1981 3:30:13 AM,5/17/1981 3:33:19 AM,186,0.09,-207.78,
413,38,11/16/2015 3:52:42 AM,Dark,5/17/1981 3:48:43 AM,5/17/1981 3:52:31 AM,228,0.07,-207.72,
413,39,11/16/2015 3:55:54 AM,Dark,5/17/1981 3:52:58 AM,5/17/1981 3:55:43 AM,165,-0.05,-207.76,
414,40,11/16/2015 4:03:09 AM,Dark,5/17/1981 3:56:46 AM,5/17/1981 4:02:59 AM,373,-0.04,-207.81,
414,41,11/16/2015 4:05:41 AM,Dark,5/17/1981 4:05:15 AM,5/17/1981 4:05:31 AM,16,0.06,-207.75,
415,42,11/16/2015 4:12:03 AM,Dark,5/17/1981 4:06:00 AM,5/17/1981 4:11:53 AM,353,-0.05,-207.79,
417,43,11/16/2015 4:33:12 AM,Dark,5/17/1981 4:31:26 AM,5/17/1981 4:33:01 AM,95,0.06,-207.73,
418,44,11/16/2015 4:41:58 AM,Dark,5/17/1981 4:35:39 AM,5/17/1981 4:41:47 AM,368,-0.06,-207.79,
