Interval,Sample #,Date/Time,Light/Dark,Start Time,End Time,Duration (s),Weight (g),Accumulated (g),
10,1,11/13/2015 11:39:50 AM,Light,5/14/1981 11:39:14 AM,5/14/1981 11:39:39 AM,25,0.08,0.08,
10,2,11/13/2015 11:40:57 AM,Light,5/14/1981 11:40:39 AM,5/14/1981 11:40:46 AM,7,-0.05,0.03,
12,3,11/13/2015 11:54:50 AM,Light,5/14/1981 11:54:32 AM,5/14/1981 11:54:39 AM,7,0.12,0.14,
13,4,11/13/2015 12:08:25 PM,Light,5/14/1981 12:08:00 PM,5/14/1981 12:08:15 PM,15,-0.10,0.04,
14,5,11/13/2015 12:14:52 PM,Light,5/14/1981 12:14:20 PM,5/14/1981 12:14:40 PM,20,-0.04,0.00,
14,6,11/13/2015 12:15:24 PM,Light,5/14/1981 12:15:00 PM,5/14/1981 12:15:14 PM,14,-0.07,-0.08,
14,7,11/13/2015 12:16:47 PM,Light,5/14/1981 12:15:34 PM,5/14/1981 12:16:37 PM,63,0.17,0.10,
14,8,11/13/2015 12:17:46 PM,Light,5/14/1981 12:17:08 PM,5/14/1981 12:17:35 PM,27,-0.07,0.03,
14,9,11/13/2015 12:20:18 PM,Light,5/14/1981 12:19:39 PM,5/14/1981 12:20:08 PM,29,-0.10,-0.07,
14,10,11/13/2015 12:21:43 PM,Light,5/14/1981 12:21:11 PM,5/14/1981 12:21:32 PM,21,0.11,0.04,
15,11,11/13/2015 12:25:54 PM,Light,5/14/1981 12:24:50 PM,5/14/1981 12:25:44 PM,54,-0.08,-0.04,
15,12,11/13/2015 12:29:40 PM,Light,5/14/1981 12:28:15 PM,5/14/1981 12:29:29 PM,74,0.07,0.03,
16,13,11/13/2015 12:33:32 PM,Light,5/14/1981 12:33:04 PM,5/14/1981 12:33:21 PM,17,0.16,0.19,
16,14,11/13/2015 12:36:15 PM,Light,5/14/1981 12:35:53 PM,5/14/1981 12:36:05 PM,12,-0.15,0.04,
18,15,11/13/2015 12:58:01 PM,Light,5/14/1981 12:57:42 PM,5/14/1981 12:57:51 PM,9,0.06,0.09,
19,16,11/13/2015 1:04:43 PM,Light,5/14/1981 1:04:15 PM,5/14/1981 1:04:32 PM,17,-0.03,0.06,
22,17,11/13/2015 1:34:55 PM,Light,5/14/1981 1:32:41 PM,5/14/1981 1:34:44 PM,123,-0.16,-0.10,
22,18,11/13/2015 1:35:38 PM,Light,5/14/1981 1:35:05 PM,5/14/1981 1:35:27 PM,22,0.16,0.07,
23,19,11/13/2015 1:39:44 PM,Light,5/14/1981 1:36:56 PM,5/14/1981 1:39:33 PM,157,0.06,0.13,
23,20,11/13/2015 1:40:01 PM,Light,5/14/1981 1:39:44 PM,5/14/1981 1:39:50 PM,6,-0.08,0.05,
23,21,11/13/2015 1:44:01 PM,Light,5/14/1981 1:41:31 PM,5/14/1981 1:43:51 PM,140,0.10,0.15,
23,22,11/13/2015 1:44:20 PM,Light,5/14/1981 1:44:04 PM,5/14/1981 1:44:10 PM,6,-0.08,0.08,
24,23,11/13/2015 1:53:56 PM,Light,5/14/1981 1:49:28 PM,5/14/1981 1:53:45 PM,257,0.07,0.14,
24,24,11/13/2015 1:54:45 PM,Light,5/14/1981 1:53:58 PM,5/14/1981 1:54:34 PM,36,0.11,0.25,
24,25,11/13/2015 1:57:18 PM,Light,5/14/1981 1:55:04 PM,5/14/1981 1:57:07 PM,123,-0.12,0.13,
24,26,11/13/2015 1:57:56 PM,Light,5/14/1981 1:57:21 PM,5/14/1981 1:57:45 PM,24,-0.06,0.08,
25,27,11/13/2015 1:59:14 PM,Light,5/14/1981 1:58:47 PM,5/14/1981 1:59:04 PM,17,0.10,0.17,
25,28,11/13/2015 2:01:53 PM,Light,5/14/1981 1:59:25 PM,5/14/1981 2:01:42 PM,137,-0.11,0.06,
25,29,11/13/2015 2:05:52 PM,Light,5/14/1981 2:04:44 PM,5/14/1981 2:05:41 PM,57,223.00,223.07,
25,30,11/13/2015 2:07:43 PM,Light,5/14/1981 2:06:04 PM,5/14/1981 2:07:33 PM,89,-233.88,-10.81,
26,31,11/13/2015 2:15:40 PM,Light,5/14/1981 2:08:20 PM,5/14/1981 2:15:30 PM,430,0.28,-10.53,
27,32,11/13/2015 2:20:47 PM,Light,5/14/1981 2:15:44 PM,5/14/1981 2:20:36 PM,292,0.15,-10.38,
27,33,11/13/2015 2:25:46 PM,Light,5/14/1981 2:20:57 PM,5/14/1981 2:25:36 PM,279,0.16,-10.22,
29,34,11/13/2015 2:37:02 PM,Light,5/14/1981 2:26:08 PM,5/14/1981 2:36:51 PM,643,0.21,-10.01,
29,35,11/13/2015 2:37:43 PM,Light,5/14/1981 2:37:05 PM,5/14/1981 2:37:32 PM,27,-0.10,-10.11,
29,36,11/13/2015 2:38:41 PM,Light,5/14/1981 2:38:21 PM,5/14/1981 2:38:30 PM,9,0.05,-10.06,
29,37,11/13/2015 2:43:32 PM,Light,5/14/1981 2:39:01 PM,5/14/1981 2:43:21 PM,260,0.14,-9.92,
30,38,11/13/2015 2:50:49 PM,Light,5/14/1981 2:47:36 PM,5/14/1981 2:50:39 PM,183,0.06,-9.86,
33,39,11/13/2015 3:18:09 PM,Light,5/14/1981 3:13:59 PM,5/14/1981 3:17:59 PM,240,-0.04,-9.90,
34,40,11/13/2015 3:30:42 PM,Light,5/14/1981 3:18:20 PM,5/14/1981 3:30:31 PM,731,0.14,-9.76,
36,41,11/13/2015 3:47:30 PM,Light,5/14/1981 3:44:38 PM,5/14/1981 3:47:18 PM,160,-0.11,-9.86,
36,42,11/13/2015 3:48:20 PM,Light,5/14/1981 3:47:46 PM,5/14/1981 3:48:09 PM,23,0.10,-9.77,
36,43,11/13/2015 3:51:30 PM,Light,5/14/1981 3:48:30 PM,5/14/1981 3:51:19 PM,169,0.05,-9.71,
41,44,11/13/2015 4:37:20 PM,Light,5/14/1981 3:51:36 PM,5/14/1981 4:37:10 PM,2734,0.36,-9.35,
88,45,11/14/2015 12:09:21 AM,Dark,5/14/1981 4:37:22 PM,5/14/1981 12:09:10 AM,27108,1.47,-7.88,
93,46,11/14/2015 12:52:24 AM,Dark,5/14/1981 12:09:22 AM,5/15/1981 12:52:13 AM,2571,0.04,-7.84,
97,47,11/14/2015 1:35:08 AM,Dark,5/15/1981 12:52:33 AM,5/15/1981 1:34:58 AM,2545,0.13,-7.71,
