"","1415-NEH-1","1415-NEH-10","1415-NEH-11","1415-NEH-2","1415-NEH-3","1415-NEH-4","1415-NEH-5","1415-NEH-6","1415-NEH-7","1415-NEH-8","1415-NEH-9"
"ENSMUSG00000000001",584.272780875286,454.820061273585,652.163318676073,601.476441316241,545.121627695174,427.71210559543,553.930219145907,478.913297780252,553.902028968517,532.158575838837,571.885699060301
"ENSMUSG00000000003",0,0,0,0,0,0,0,0,0,0,0
"ENSMUSG00000000028",20.7655781742353,22.6648442362027,16.2361777561782,46.2326490916295,17.4762222574783,36.4624713897053,20.4516003772783,17.2730726482561,18.1825055124518,12.066193919285,21.4114296367015
"ENSMUSG00000000037",2.19804637074825,2.59770076649171,1.41077734005938,1.74786302859401,0.790623029342523,1.02074578047382,2.86179010338146,0,0.742131961133368,14.1519206946171,7.07979824447106
"ENSMUSG00000000049",0,1.07280953813808,0,2.19506593986582,0,0,0,0,0,0,0
"ENSMUSG00000000056",494.248162104447,423.973739641406,495.948655557347,610.830407513618,486.866228053661,518.047374010324,438.342024888224,601.380611206119,602.049791725035,550.283888267797,577.70001777142
"ENSMUSG00000000058",238.95224838334,310.388208313153,296.990563714112,70.0315107617911,278.486934016554,57.2169508019776,319.740711122011,79.6632873857099,412.624775380559,92.1317451170309,476.236465159949
"ENSMUSG00000000078",1899.00596452483,871.226129928466,1978.22404707712,1043.59242788345,1699.52440025571,762.50167582792,844.432107185905,1063.01205266589,949.787144272408,1202.60832508606,727.988980901193
"ENSMUSG00000000085",293.634944252494,278.743877581973,330.838726353748,150.548638288443,348.256163115954,118.087168673447,351.16052042456,202.505352182541,205.961999342535,195.83765691793,94.0061478634856
"ENSMUSG00000000088",805.566843051442,1091.88965770527,898.824901415838,931.963860925198,795.243653090073,1016.80996857023,1022.39034981724,1102.96255620984,899.623518629051,873.892143651231,901.605490672623
"ENSMUSG00000000093",38.9387004383833,41.4544030013223,52.0434902747185,54.2079969714076,64.4075553917395,51.8170254807356,65.326301898051,49.4899295385362,48.4462163584394,77.8773952016103,50.1249370043557
"ENSMUSG00000000094",0,0,0,0,1.05482346904989,0,0,0,0,0,3.40882151378988
"ENSMUSG00000000103",0,0,0,0,0,0,0,0,0,0,0
"ENSMUSG00000000120",6.19126550482503,10.7857884275125,0,4.35759820310553,4.27728169701317,2.55059462882654,5.12872776949625,3.9340816957684,3.77036583347877,2.82384385571866,0
"ENSMUSG00000000125",0,0,0,0,2.10191351140727,0,0,0,0,0,0
"ENSMUSG00000000126",13.6633038289392,23.6784115257142,23.0762580404978,38.1242048316485,37.3959630888627,25.5107090880612,13.3543342766845,45.2515368236118,31.076491420349,53.8423805769075,18.3725118972688
"ENSMUSG00000000127",284.196834599136,315.218549845958,330.418390246756,294.356516205306,312.892695201868,262.207521055206,278.489751196515,288.244799512977,218.061307562361,287.331096828064,256.053734870181
"ENSMUSG00000000131",812.331581203922,899.832689999189,587.772680836558,604.513137551541,879.318134879954,764.898753219784,932.747407605108,802.018545104898,602.676768605854,1380.22491607078,925.116617125705
"ENSMUSG00000000134",526.36222316305,519.966243470998,583.128540044757,748.91088344273,546.065209153362,543.204448644624,485.491935210931,658.963021286266,621.646977290031,519.921791055129,547.763034558625
"ENSMUSG00000000142",6.84680972560122,51.9465210866761,2.93735675622356,47.2743009568536,7.01580367520009,8.46741822844505,18.3974776904144,1.39995227477897,6.25197938500486,80.6817915206007,5.94304442936563
"ENSMUSG00000000148",213.920636826583,257.009169243377,204.667956986144,225.683335274691,219.037008178281,280.373828127439,224.629315983842,213.940321899379,252.613363098267,267.628922901038,225.302034383759
"ENSMUSG00000000149",197.370591315787,167.703702490383,185.035481486673,162.729402465548,206.163395347005,158.634437100896,140.75267358341,187.222346557125,196.897894625664,167.965453218494,187.528368952803
"ENSMUSG00000000154",33.6230071296635,35.3230961590549,44.9878210338291,45.2965785139294,410.884519541781,42.247882890782,56.0881225951364,37.8069170900802,60.509141540303,41.9670704315642,51.9279168758112
"ENSMUSG00000000157",0,0,0,0,0,0,0,0,0,0,0
"ENSMUSG00000000159",153.331529240465,161.395849035028,158.312590059962,139.861539180591,133.421214454837,175.141696875045,148.651382129002,150.841533727896,140.347612488392,150.449298534123,179.73292200703
"ENSMUSG00000000167",25.1841230808868,18.2515769037029,24.6004119805435,10.8143236467074,29.930782220753,14.8789982390844,30.0789814821114,20.1010413518606,20.2650638763665,23.6290871181178,22.1003305301609
"ENSMUSG00000000168",2087.26159954979,2651.7302620851,1839.67667101577,2732.71279218726,2195.95072055805,2587.11465831847,2498.31457770592,2956.90582265654,2394.93498160217,2191.0931653778,2519.87561482319
"ENSMUSG00000000171",657.264507606256,782.728246617029,607.926943374369,745.363644298459,661.723113136682,785.96559183399,747.383722835512,720.690522714152,609.612616438176,631.970773348221,759.521521741732
"ENSMUSG00000000182",0,0,0,0,0,0,0,0,0,0,0
"ENSMUSG00000000183",0,0,0.888711478704945,0,0,0,0,0,0,0,0
"ENSMUSG00000000184",73.8164225123744,67.0522383269641,28.8034155039911,31.5103887663754,44.7677795391651,107.033277734983,54.4876004129939,52.1190200438235,51.666881786927,50.8774605348354,58.6018106161128
"ENSMUSG00000000194",344.257006338939,335.901661096401,317.01579168474,321.424664972398,329.629991544282,296.602379544159,320.134249966749,348.933145906544,325.350529056204,314.188095627642,354.458837020963
"ENSMUSG00000000197",1.36082382078055,1.08559710049261,0,2.18876251177892,0,0,1.03606718172167,0,0,0,1.13327279624761
"ENSMUSG00000000202",1.36073408963447,1.08827690214848,0.882722474625975,0,4.23047221817543,0,1.02469545446266,0,0,1.88916738127731,1.13865951682894
"ENSMUSG00000000204",12.6902215664654,30.2821001054963,4.7228907978877,9.74566776786837,9.31864280382339,47.2629731686234,6.4397737416507,4.36240354339941,7.4662311586065,4.21430600582555,12.1731412871848
"ENSMUSG00000000214",0,1.07927968804538,0,0,0,0,1.02577079866776,0,0,0,0
"ENSMUSG00000000215",0,0,0,0,0,0,0,0,0,0,0
"ENSMUSG00000000216",22.8773255689079,80.5444648252621,53.2598421896111,87.145320386548,128.84098360758,67.6596029089175,89.9017373917302,99.1943136381991,119.018362121653,75.1321495911203,75.6443089849527
"ENSMUSG00000000223",26.1382387756454,8.52653327043053,11.4296834574634,19.4047751771712,17.2065326989471,24.3902405144651,8.08039176619839,7.86491309500071,10.6157509181065,24.308061260434,6.79751139882325
"ENSMUSG00000000244",13.8216745559723,48.2885391462275,2.03946624673079,1.63158470176332,2.56860343587471,25.1705453362555,1.59351576877683,4.60299851051268,5.61796827245958,8.30453569280164,4.14637107568656
"ENSMUSG00000000247",0.702954369812212,0,0.782460614567504,1.11404132887557,2.17519891309701,0,2.09864082040638,0,0,3.85261492572521,0
"ENSMUSG00000000248",20.7853160318666,35.4327438196021,18.4906143292227,3.31752781890704,12.7150143410559,8.97641328921688,25.1615642868901,9.74731241355368,24.0673754997357,9.66299046434713,21.8234710610596
"ENSMUSG00000000253",56.5851622004651,19.3289401935426,22.9452160386884,23.0018139845684,25.3929524743694,15.5137397627314,22.6023744323042,22.6686516507278,22.5896147930896,22.7174497860641,8.01611732384153
"ENSMUSG00000000263",0,0,0,0,0,0,0,0,0,0,0
"ENSMUSG00000000266",197.212363058391,155.358510375969,247.931289073723,166.003199022942,172.382835968543,77.29378578723,195.617799322153,126.507043447613,209.716752261834,188.963538004813,140.698678742523
"ENSMUSG00000000275",649.467198836799,488.735761009625,575.630712580956,499.405518244603,611.982628161972,475.935281350295,553.779232823734,502.475624516704,548.06269612532,667.390986607623,649.719678977015
"ENSMUSG00000000276",76.6322860967899,72.0943787653843,78.5210808531122,41.4826229703208,73.2859958842499,72.7421762129115,96.8965918659154,83.1074050833264,105.219683695493,84.0092881888063,94.3453570987294
"ENSMUSG00000000278",901.814622105044,1052.67638646487,1101.39949578187,720.247339190554,841.872554622153,1075.26435231231,1032.56077147677,1376.96789649146,1304.91489365653,1184.77240165099,987.909631727051
"ENSMUSG00000000282",120.748927791153,172.983405531322,301.337651833217,243.95961159778,305.167485644555,169.799916261979,251.971835388322,219.146681659461,141.134029766019,222.064524850857,166.295754218769
"ENSMUSG00000000290",248.638907558878,512.345706496709,158.33355458781,150.739233041382,202.391570841377,335.211694743056,128.939955810775,151.494990478776,144.772881372927,214.003264614255,133.496850077929
"ENSMUSG00000000295",445.65097594393,509.369397964497,462.572108867063,507.355117939433,496.57532775676,506.200069806307,526.454331883722,463.799665512254,482.840675622545,424.119408298592,482.88536205493
"ENSMUSG00000000296",401.208316481648,368.587290013638,457.301800044717,427.29551700625,340.61876208423,330.221680090385,382.243618195319,394.227708627906,394.93506332972,284.94581913171,386.764837162078
"ENSMUSG00000000301",168.874597397389,205.629096430703,266.50917467575,217.618849464756,223.998523841996,290.381174733666,251.022298530219,210.551096091947,237.89453157091,195.614138417431,192.201161769364
"ENSMUSG00000000303",2746.70921961155,2014.20405626816,2760.52829407035,1833.45805325766,3194.47442581999,1558.44051842293,2289.44398579841,1502.22714785842,2396.55274110102,2973.69421273347,2438.47760367468
"ENSMUSG00000000305",1.37001667743081,0,0,0,0,0,0,1.3047458772363,0,2.15245243790621,0
"ENSMUSG00000000308",48.6260252415179,83.3477535748874,97.4900779461078,63.9418135512823,44.5154099996091,214.807721250827,126.00144308139,144.471673909271,76.9628396586668,68.8772028746562,153.537091414834
"ENSMUSG00000000317",15.1085251046828,35.6296543224108,28.3036509882868,20.7359463290401,39.1571553308245,20.6691499434187,48.2212963768572,41.3353274381475,29.2017332751053,22.5896020397148,21.6882428789556
"ENSMUSG00000000318",50.7839093818256,79.8029707282309,47.4618288710873,66.4962620738435,85.9740849618131,74.5111175392611,149.321474175011,136.79304403806,40.2150396950943,86.9551807334116,180.779066296054
"ENSMUSG00000000320",32.210552434883,13.2474597153381,25.9568787488643,11.371306922121,44.969004592661,17.1036511411482,13.5549587924118,15.9294494752552,14.3195847471287,14.224369907488,27.7070060990209
"ENSMUSG00000000325",135.67590241873,185.279479697898,125.76493924756,177.528446049354,223.674890131071,162.512046408613,218.5215273121,212.085990704106,156.19596212627,205.63602101858,130.400781794367
"ENSMUSG00000000326",729.44596646641,572.647502583083,648.792582945713,431.726091992157,726.163032481723,634.876097203926,648.644517731485,515.940852010267,670.551089429638,551.111147473901,434.554441078758
"ENSMUSG00000000339",276.931059932446,268.616866788785,278.013252478125,313.674191893542,396.27094811058,196.641829192432,318.604018620866,249.697334625278,244.420433418424,274.308014836729,263.78705797548
"ENSMUSG00000000340",374.439096538119,369.242107680351,299.653925502026,319.04185842398,293.895590517942,363.266077305821,448.068832690694,378.481570295375,326.101625989236,283.572398403764,457.796020025886
"ENSMUSG00000000346",979.960347920813,1015.8458242285,1062.47833391212,1046.50345946288,917.854899391831,995.028920725469,996.252576606388,1010.0241875115,1032.03454727784,1037.57651029198,1121.44286498146
"ENSMUSG00000000355",194.12623826775,192.565701274227,191.542220944222,200.041748449789,191.884967555217,172.743912948809,229.611177374179,221.830697438831,190.279834791184,170.109460203694,200.998026733714
"ENSMUSG00000000359",9.53135250288612,6.14679605416312,8.46580251486572,20.5509762054595,9.54470277852097,86.8743311175051,6.54990297732598,34.5840695699033,7.17548728336129,19.4293271509512,7.32780437848846
"ENSMUSG00000000365",4.47479865113989,2.71693049388432,4.26715885769301,1.7838341474606,3.40087626087954,5.23317137399953,2.51729336704136,6.48093595043948,3.03817674575113,6.12708895049798,5.52743749935901
"ENSMUSG00000000374",1221.929457908,949.105649505066,1108.26625790182,1225.98508797628,1144.45841877637,1101.79739207962,1456.04102839461,1197.3129859934,1461.90187409037,1051.42039088664,1476.09930989711
"ENSMUSG00000000378",603.377300205094,648.273580960629,652.611593333762,574.059195064468,606.961011972033,615.529667454084,429.98340200933,552.954825272216,559.960495956127,558.848403110789,563.412863350125
"ENSMUSG00000000381",1538010.75527769,2620476.59331395,2331395.52987996,3260341.99428522,2132532.91491535,3046067.06369991,2706734.82345322,3284945.13252753,2753963.27157746,2188829.33379767,2383507.60039518
"ENSMUSG00000000384",552.285767090325,524.06436636362,448.724370612237,606.612872320663,593.07146164223,810.747614015964,598.51992459062,517.336044821674,566.267123162665,495.664549708161,958.516997657984
"ENSMUSG00000000385",961.837137416941,821.152841907844,1247.42240037608,1123.09429624728,930.989104951875,944.965472732931,1091.71380524365,864.849152990285,1080.7701838829,1186.55320912674,1241.73020341024
"ENSMUSG00000000386",75.9042578380454,36.5557213794117,33.7930784099588,41.0877821243748,42.1888948507585,49.7452053002239,25.9376443279226,19.3752313516732,20.4545349462676,44.3146743936682,65.4770673794971
"ENSMUSG00000000392",106.499270686304,73.4221236146184,77.0597296702858,61.1719435246539,77.3566466836591,50.3562879930248,72.9327441932434,64.5525626974839,60.2161438317087,64.193592394532,80.2611976410211
"ENSMUSG00000000394",0,0,0,0,0,0,0,0,0,0,0
"ENSMUSG00000000399",1924.43497635176,2233.30466848506,1917.92707523484,1838.1230597652,1924.52547284781,2000.1835483322,2022.99605806376,2085.92818854358,1958.85654292851,1777.03429021933,1742.7265583217
"ENSMUSG00000000402",28.1271244836405,20.4273972165021,15.0544782213494,16.4158674457213,7.40086465858445,12.7811861083476,15.455616836162,3.94683283140885,6.57157489226221,10.4084549463722,9.17054831133101
"ENSMUSG00000000409",98.5220300683432,374.784847726195,22.8134982835009,25.6461514008591,17.2370027422141,258.28888962099,40.6827208779995,23.5245044005627,43.3572614130491,116.596907558174,35.1101298147854
"ENSMUSG00000000411",5.43252850201109,1.07109014218555,0,1.09613028434527,2.11936376302219,6.44756014835159,5.14902717684059,7.85294716791368,2.81152014380209,1.90204801788066,1.14638048357825
"ENSMUSG00000000416",72.601775983482,29.6226843811763,29.3784819619003,34.7658593540876,56.9476061972726,13.7191739486426,41.4630675369582,21.1760015577655,25.6287927486361,17.8726528484145,32.0705665735767
"ENSMUSG00000000420",1723.86318051606,1881.72806251902,1905.86632648427,2007.20249703979,2005.65773772009,1691.76722462436,1900.25404927454,2420.14096658758,1941.07935944699,1833.58174835356,2068.45965444603
"ENSMUSG00000000435",0.689939267648385,0,0,0,0,0,0,0,0,0,0
"ENSMUSG00000000439",214.403201463409,204.162849897668,228.873163979333,205.05433943705,195.429306154741,221.582825911693,199.62497208398,181.763864445287,215.533835733504,237.42439958705,221.121480825044
"ENSMUSG00000000440",358.404526042121,239.209998455137,258.358957017146,296.047898959234,349.036554513881,308.788136914824,360.921296061536,326.747164848621,377.76964548206,305.353424738457,253.470953625087
"ENSMUSG00000000441",1250.10278900373,1465.86118955503,1277.52712314136,1322.6774775188,1608.63461808824,1310.84827785349,1272.15765000042,1202.24554026543,1385.89763325529,1208.39416592711,1302.51124012746
"ENSMUSG00000000486",99.0078153081729,438.60176108913,44.1855147830927,32.8314015302473,41.3285688676619,281.263705859731,51.3370910473721,34.4812163754833,51.7900962312063,121.857642448118,27.4824622284865
"ENSMUSG00000000489",76.1650746876492,95.3658666691113,81.2969767588979,84.3437535566108,76.1525836612011,101.157266287787,107.358756478762,107.267035660166,83.1130120227628,122.908588185212,100.273028938762
"ENSMUSG00000000530",609.672817852318,560.716121022996,775.414958318728,652.89027173413,715.685430311967,837.031976686196,638.632068381423,506.335062144873,692.432581474413,701.383116020518,484.875387909906
"ENSMUSG00000000531",43.7990440008687,28.2218060893793,42.3255126792512,56.5482071004995,52.0543106534386,50.3538515722637,46.0449445060718,45.2275481182816,47.2000619698866,75.2369446302123,59.590037105043
"ENSMUSG00000000532",360.846427666017,368.538514689761,404.204622868446,478.492967043454,470.398610505354,297.349010712562,418.139921815393,440.364665227488,395.527163010296,514.423313751711,456.934380822081
"ENSMUSG00000000538",345.329519161529,406.427634912024,413.089460965727,618.680867917622,413.566154627614,371.534274128596,504.425851230097,472.922330338127,431.227130935963,516.953296438204,496.593233175012
"ENSMUSG00000000544",13.6863041119683,13.9509499325381,13.2420780697575,10.9417138730065,5.29633076351323,9.02274880575047,18.5078077196255,9.83629528080877,18.7834617221194,14.2277932265371,10.3139203936983
"ENSMUSG00000000552",83.6076685620337,80.8223098091313,50.2727920307851,67.0302678575583,63.407629650131,82.9891078373263,42.4915778069061,51.9202465110638,50.7831919471939,49.4054378303714,58.2731691213962
"ENSMUSG00000000555",219.298952732958,251.262452958127,257.859315689809,177.479856786451,285.060881346756,162.763117327279,204.606519071278,271.56678090426,277.952401973672,193.6523137922,211.809001623747
"ENSMUSG00000000560",0,0,0,0,0,0,0,0,0,0,0
"ENSMUSG00000000561",300.381988224469,242.712768058202,195.057599613838,228.775869158552,267.790083063941,300.841120413283,293.495459765088,228.018001226214,274.695828175164,242.413951100233,303.30121212643
"ENSMUSG00000000562",4.51403230262285,7.04688383701437,0,3.61479371578965,2.62162545354284,2.10527007537447,10.4953313442428,7.31800664496611,5.14380869930017,3.92204472686478,0.949104703444711
"ENSMUSG00000000563",2694.96234963834,3367.95861781188,2977.03851517972,3189.18056992376,2826.76066834895,3251.09829904841,3456.78965177849,3495.62982138767,3074.53577919294,2952.41694992117,3071.32516545805
"ENSMUSG00000000567",639.939641328282,737.028185934653,1528.21865299895,1137.3765385706,1550.21173849863,430.400939069079,1167.40743894566,969.968111536786,578.401376557309,1490.73329057314,772.890130075721
"ENSMUSG00000000568",857.421845707379,1067.38536533269,988.456719466623,843.979279371582,1133.23860600263,1394.43309536984,1154.98302174021,1219.7219951731,1320.88080543473,1344.47846547122,1112.06019861652
"ENSMUSG00000000579",464.458459996196,481.652478593867,591.24564877053,804.436856529209,593.320542397666,506.779305043394,575.449096557898,896.906533234053,466.816760039171,488.636272841852,409.111769943504
"ENSMUSG00000000581",194.65982939679,183.508951808214,172.246900644901,157.668101260414,196.417964255165,184.094592003403,167.272556612957,125.738499007327,191.889987877165,193.271182132411,166.299621527267
"ENSMUSG00000000594",823.669128951143,1359.73745338223,960.221400371881,1426.94590693247,963.873238042361,1286.77256344203,1482.79749197364,1757.13026859732,1357.87304016795,1100.00559486349,1137.09672897485
"ENSMUSG00000000600",389.647456798656,327.690342876233,313.946587601904,302.328405774021,319.232150532115,359.506229470446,393.652952697629,310.241339763419,297.993795431581,303.953070451599,369.106173636979
"ENSMUSG00000000605",839.696738098228,1099.81897900558,1073.06913936307,1042.72010414436,814.700746435136,654.071065486463,1127.48729565693,732.414971510157,994.557493956502,685.050345913378,767.864002718225
"ENSMUSG00000000606",0,0,0,0,0,0,0,0,0,0,0
"ENSMUSG00000000617",0,3.24650022704879,0,0,0,5.13629167792544,0,0,0,0.933474018204625,0
"ENSMUSG00000000627",0.689859685826526,14.05897072888,0,0,0,8.99104365198398,0,0,0,8.41591143386171,1.13902500693251
"ENSMUSG00000000628",1175.15297714295,1010.29413328,921.789562911731,1198.34164337492,783.871196187863,1013.96676805068,1009.11971355419,1037.82169648039,1003.40957387233,1171.02109429715,1406.54165866854
"ENSMUSG00000000631",3157.38880548481,2074.39287565893,3322.02755648364,2732.61811645099,4126.43277369917,3060.64637395511,2400.51978217723,2670.51426701795,3517.46614375748,3831.85925663131,3384.18029221429
"ENSMUSG00000000632",2.08460515066281,4.97749659495176,6.78230757169845,2.48508983473505,4.92781113488106,0.961548788092721,1.53615191780113,2.9519863826375,6.80259657245567,2.80554208380113,7.71034772753213
"ENSMUSG00000000673",6.37964342277273,36.0314161861147,7.55541009700467,20.5412351745835,4.13324217622879,29.2064159657231,31.2665886684239,6.10226573263354,8.02896899226766,14.0415073313609,1.78258943143278
"ENSMUSG00000000682",54.7852354259647,148.047229812527,35.5482939820409,35.9559184944828,29.2624412060912,103.834408920218,28.6340540248704,35.6460894009998,52.0717166894488,41.8058358465756,18.2471864604143
"ENSMUSG00000000686",59.0848459067085,30.7783295401029,71.5798340771851,41.6105858051925,26.9811720553656,52.127598675052,44.3905733055415,36.2216727942967,28.4562531640176,31.2909209364074,40.6598641957866
"ENSMUSG00000000690",13.3824018495669,10.7715588097322,11.4151373186984,8.74532058940794,13.8534266696321,5.17100078900221,18.6089740204956,13.7353472440021,8.44758277909616,24.9495991505648,12.6332865666539
"ENSMUSG00000000693",61.3785335633587,53.8642362013651,57.4569435894433,53.0494417863316,43.3088995194825,30.6496446224759,48.9022582724605,53.9010870976587,60.1323142587474,39.1466650233222,48.8701849091306
"ENSMUSG00000000701",0,0,0,0,0,0,0,0,0,0,0
"ENSMUSG00000000706",52375.9225914314,44836.6666406223,43626.3901764451,49920.7232502018,45249.9351546313,43781.4075517573,46727.1284752163,62342.3847819378,48903.4380731034,41088.8277859372,51898.0243641587
"ENSMUSG00000000708",1560.94926316122,1540.08124310086,1954.53331280493,1725.16853790601,1749.46404552516,1133.86818609805,1707.09738638071,1948.1897795554,1950.24634205534,1995.95215162011,1756.91083979823
"ENSMUSG00000000711",356.429976174789,315.437164735887,365.450395694074,365.155855798033,388.985271334709,375.299591231041,372.778993718898,403.882566560189,342.103941373056,428.363951797059,416.523142633376
"ENSMUSG00000000724",0,0,0,0,0,0,0,0,0,0,0
"ENSMUSG00000000730",0,0.57331918816488,0.470627253510303,0.583411505342472,1.68953156053958,0,0,9.53839702583718,9.10510230126035,0.502755083502843,0
"ENSMUSG00000000731",1.06889234033207,3.36478341191145,0.661605316033916,0,1.57342339104304,0.953719918617124,0,0,0,0,0
"ENSMUSG00000000732",28.0478121435046,67.2361814363634,18.4304872904096,25.4421001998533,10.7326405743118,47.6623806737426,16.5860084939581,19.0735282082251,17.1691807278904,30.1344864214648,10.5082236801044
"ENSMUSG00000000738",1184.63504318516,1406.14751596076,1195.88807196847,1275.14147354129,1075.15192126195,1492.24047701406,1232.09177243901,1246.53121902663,1263.0325226953,1058.41545095136,1292.71393593259
"ENSMUSG00000000739",12.4164715865779,8.0333057800919,4.41286258369223,2.75355235322526,4.78094292095899,2.90176715407352,3.43574669054441,4.12208374491224,9.43207479264938,11.1177560126466,5.7545787547871
"ENSMUSG00000000740",9064.63504154343,12392.1979869438,10184.5679385318,12378.1502851646,10501.5332208102,12151.3952928441,11847.7705828852,10896.3148290426,10191.9886230561,9850.95258376628,10539.0408579764
"ENSMUSG00000000743",480.756885210634,526.942505499676,515.178492999071,569.620231632728,534.438287085414,482.06117580159,504.649198338845,471.759113164743,432.546308933506,453.35002736589,635.789740989556
"ENSMUSG00000000751",412.741301863037,489.710557628269,434.048144266844,348.151977511641,392.348606143314,479.212853333725,363.276914494951,407.34302164834,520.704062721017,449.693770827862,460.548492923941
"ENSMUSG00000000753",304.804330202271,317.267463729135,217.091586331051,193.632940981496,330.071354888464,219.544718546371,213.905734527252,230.212696511107,229.015838144457,141.228758598358,153.820077419857
"ENSMUSG00000000759",385.045719584979,388.630748648074,316.464616527892,351.337096208947,398.83314507615,386.191481812983,314.84881198983,417.103368218072,356.838476569026,381.463375990476,414.09573629647
"ENSMUSG00000000766",0,0,0,0,0,0,0,0,0,0,0
"ENSMUSG00000000776",275.179779703514,277.469712500105,215.832697607004,245.772537334061,289.979996544686,338.631814444539,296.368991546487,306.708719383693,224.254816040577,267.085852503415,266.618474492531
"ENSMUSG00000000782",40.3739523272415,135.668530576733,0,0.982001787471872,4.79192037414724,94.1537930441353,9.23688540342677,4.44133216701906,5.9511577576337,36.8721173385294,3.09595917941221
"ENSMUSG00000000787",3703.19021433527,2547.45717575735,3035.49504440013,2629.78458620518,2905.52361764266,2119.03872479365,3037.17297672723,2635.46713062858,3354.73088586119,2717.85972935056,3933.93757468336
"ENSMUSG00000000791",7.97465290064092,21.1891533828004,9.55030263258679,10.4337898780008,9.43647142203684,13.5500895257195,13.7540247943292,6.37362218709162,9.28814454887531,9.84415403710801,27.1707525372339
"ENSMUSG00000000792",464.613194012561,327.213129127746,484.580733803173,448.711990666976,364.432026223453,519.739705545397,364.801431068239,535.962670704996,399.763488807046,511.997433799873,478.20308200794
"ENSMUSG00000000794",3.44559211915188,3.23412274569352,0,1.09051450522444,0,0,1.02346081125632,0,1.89311352962813,0,1.14497076972578
"ENSMUSG00000000804",713.002639943061,554.104599839304,549.092856364343,549.822349093914,647.571465513572,514.596973958788,676.608583427315,700.135922815291,600.841073174605,777.655896814202,695.474043230171
"ENSMUSG00000000805",37.4582513618567,10.6691636202545,38.8586566147954,24.1332685188599,41.2542213797596,28.2353978965602,45.1795315742966,32.673045455997,35.7798638051254,56.9878358546565,19.5649805777114
"ENSMUSG00000000811",174.154042238168,132.221901005534,161.068871773952,165.812544275936,182.811561841333,158.678991323061,204.869842788855,158.785435572351,209.385553009294,175.876351628899,217.607272666654
"ENSMUSG00000000817",5.40053844424394,7.31016229858663,6.42632171050623,6.33921445541446,7.41770345128015,0.774629762764118,1.56549279256805,0.892689475363064,17.7330144777631,5.25325867075791,0.349108814211044
"ENSMUSG00000000823",889.948025666289,735.647460731327,1093.8756250766,986.060689126597,1069.00727662748,1135.19175457666,962.818658763387,1494.35944365668,1240.12205985998,1114.20217395363,1188.0996601979
"ENSMUSG00000000826",342.894219285656,331.925772487394,367.631531683713,449.712597829989,262.237889616288,341.347014035263,373.373653205216,346.335687541813,382.738371503462,362.27552767931,475.921481211428
"ENSMUSG00000000827",420.362780149608,346.824387635717,415.077059494965,451.951838152397,406.108647469029,430.756605010009,380.589699852221,374.237843014618,436.988753132886,373.462603890712,459.08935657703
"ENSMUSG00000000838",207.631345232154,202.73761487611,245.493798760497,151.706661381914,238.736822434453,130.710657499527,200.974441591391,175.957819663559,220.001838478131,221.4856231474,248.186868614473
"ENSMUSG00000000861",38.878009418011,97.3944119549156,77.095112757246,58.5316729795517,74.1857986699488,71.404314761679,80.7169081167882,63.1788658098928,75.0386132803229,88.2909737308708,32.4009754078641
"ENSMUSG00000000869",0,0,0,1.0895783501383,0,0,0,0,0,0,0
"ENSMUSG00000000876",708.954407205174,874.768477555848,1098.27187134083,1311.45717735864,1481.11034416,1104.00760035654,1123.93990976728,1402.41938480295,1124.69373209215,1365.97106961684,884.08369246332
"ENSMUSG00000000881",193.425895809481,188.086692797965,210.423609017403,178.74962538554,181.293238595459,179.570450200413,155.568122005458,210.028466316962,192.494029034195,194.254296052827,215.436263484
"ENSMUSG00000000884",74.2611920218406,77.7569465569542,69.8413655107696,94.0290160071669,131.120592735509,116.215347791108,65.7358086189198,104.37278084822,116.032622822875,85.5368109937613,86.680963291825
"ENSMUSG00000000889",0,0,0,0,0,0,0,0,0.94676288413655,0,0
"ENSMUSG00000000901",12.269968311491,16.4407843510486,26.6247607387105,35.6404887630836,10.5294277474558,48.9435674414955,11.8344937699417,15.6562637037868,27.4818347237127,21.3287166835517,22.3106197109828
"ENSMUSG00000000902",389.457012603797,429.765362120874,351.703222287653,277.630684806664,409.164627586058,404.922646311715,392.486313570854,368.667886897073,388.74660900897,372.896898183599,360.834023520132
"ENSMUSG00000000903",1.34844289934382,5.46580229463095,0.894912645932514,2.24542686762734,0,10.5283127606805,3.81201666358801,0,0,0.955914805390429,0
"ENSMUSG00000000915",973.739775118105,983.322367532537,1148.54717485448,1213.35742856848,1197.81037039658,1075.07943499887,1006.04807376481,1045.30473353867,1054.58894688815,1312.89895573682,1143.77976452932
"ENSMUSG00000000916",172.359871437791,138.172660060134,146.658664498611,144.420147142014,127.368280985673,211.087284563615,144.003191283709,161.803282742332,160.38126052454,175.765808658018,174.665037767991
"ENSMUSG00000000934",210.577439691947,232.778419200383,246.708740770856,252.508971039269,278.459879359587,247.199480760353,283.576076151716,292.069548091855,239.335460164978,243.328411541433,199.818749737539
"ENSMUSG00000000938",3.97993606427549,3.21141534411656,8.18354173456374,9.8873814778349,6.69180952275917,1.21731152001266,15.3824332877366,0,0.711863322859746,0.176294562235551,7.02481431096184
"ENSMUSG00000000942",0,1.0571992300425,0.881804049485621,0,1.04900160721103,1.29642089483148,0,1.95694846787629,0.930804922801777,1.9720637708568,0
"ENSMUSG00000000948",0,0,0,0,0,0,0,0,0,0,0
"ENSMUSG00000000957",338.563344961324,296.590054101184,287.283073705365,178.858701550383,313.013251629907,280.619628375947,192.272802986516,217.334163947902,250.957388179957,158.028356121428,300.598783932358
"ENSMUSG00000000958",504.344571438729,603.940387095096,998.02053038119,1051.54637734742,1008.8902819881,872.503657595582,609.163128510184,961.016872081783,816.079234511409,846.272261033187,574.044886183638
"ENSMUSG00000000959",1332.27089748066,1605.6037444807,1583.18141027337,1897.80295017107,1494.01279007546,1694.36777406253,1542.50538775184,1794.2215290239,1742.25449885616,1641.61595736557,1414.48916555986
"ENSMUSG00000000976",235.319287329343,217.838199466479,180.994947132512,152.451131767464,200.486103082133,253.9858405862,173.778401556817,211.944470564171,204.165289751389,209.950521766666,242.163342469374
"ENSMUSG00000000982",4.13906228743901,14.0463969293421,5.33153038014419,26.1462587780455,8.72981615252536,5.12693880280684,1.00571173511456,11.6930909464751,8.36478248139921,0,10.4563038046948
"ENSMUSG00000000983",27400.2208301675,31567.7872659994,32572.1302955104,26131.4716273496,25904.9350335768,25043.2367925374,39491.0632401608,30043.7642182655,29416.6437667982,22906.7512559201,24960.3396754494
"ENSMUSG00000001014",2.04299516027671,1.07245655917533,0,0,2.13215204751622,2.56757216771967,0,0,2.80049766295346,0.949216371706097,1.14660853586435
"ENSMUSG00000001016",319.578943022032,338.688453516063,283.101423372082,277.1781928646,304.859557358351,323.496831442464,267.761191514583,330.648063638303,298.509659360037,249.359676481645,278.007252622731
"ENSMUSG00000001017",729.228873558337,718.844951445489,720.148335445421,893.549796337313,701.335691716664,807.840646450839,766.80806766821,669.419345291889,716.280080193634,873.069787759727,851.517524026884
"ENSMUSG00000001018",81.4483194000352,107.307100766362,107.474849731428,100.964067020544,90.3405192328307,40.1428459237502,134.888589937838,110.724140066621,50.5755165300049,54.5427673759555,64.1766037414685
"ENSMUSG00000001020",9.7355844298371,26.7124236431992,8.90343140770387,8.78217464455933,44.5319994333995,21.4292256685029,8.15524793742388,16.5893713718778,9.28477692385496,19.77860925594,16.5427903114272
"ENSMUSG00000001021",1.3938884122868,0,0.897734547169164,0,0,0,0,0,0,0.917638818121494,0
"ENSMUSG00000001023",0,0,0,0,0,0,0,0,0,0,0
"ENSMUSG00000001025",100.763684928394,79.5140674667624,85.7162253442299,61.7538210503184,102.148531220563,35.690023947131,82.5121934071661,82.2798393618542,105.436203754313,67.1942573244605,54.2925683699249
"ENSMUSG00000001027",155.848050342718,16.2097397073811,5.31819690809189,18.5221064689233,11.5914493052679,15.4801162546006,1.02159927273212,0.99094355997569,0,14.0272402110289,0
"ENSMUSG00000001029",31.6099564043976,75.3145487961239,35.8846709008035,28.4108088461459,45.2960761539105,64.2170893254264,41.9635425024503,50.9448143538594,40.1475637585522,53.9970588286115,44.5957876748364
"ENSMUSG00000001034",396.396014461745,579.662936450712,651.864272301393,585.470375389665,497.932788411031,490.166538446015,620.138884787132,564.308328963001,500.60938061789,696.431030706316,501.257066243464
"ENSMUSG00000001036",496.56970157673,451.161291236905,633.056420100655,595.798710625596,643.986319656001,474.288738551903,778.597988225787,573.174799705977,417.095563439013,526.853545195047,636.527577289009
"ENSMUSG00000001039",127.237747605805,154.894360048734,176.547344674939,189.405536539737,144.675007915827,147.914291118442,129.114613369083,149.063655804393,179.684428550613,158.878921019648,92.8431732916554
"ENSMUSG00000001052",966.611808033707,644.135039622126,816.367238145024,735.227561736065,856.586191329265,674.466719653844,623.948689410722,803.944943350231,710.525677831976,855.650042665171,692.765602418437
"ENSMUSG00000001053",429.355906918748,600.689637075588,844.679153825245,713.877092202502,1092.58270515469,453.062776653827,794.010985488831,546.627772576593,627.866592693478,1015.96955741952,532.570220557657
"ENSMUSG00000001054",399.024476720736,458.239595982596,580.133823123961,517.286230171269,579.646841393098,449.874617879262,517.484922867167,452.134914048187,463.7085015752,633.651526796103,472.816415990055
"ENSMUSG00000001056",502.468352326758,477.787811558542,451.394851431456,477.062656871963,531.016869432847,413.075755221629,566.035136591006,384.951551212636,504.258891181555,367.901859301383,569.766254243696
"ENSMUSG00000001062",279.99118827543,277.123390889179,321.31106969758,267.516820080696,240.904151218038,277.219826863269,291.272749714321,269.122903189908,287.776896893494,338.302712809355,271.730874442844
"ENSMUSG00000001065",320.471101512979,307.92677146839,308.347697588553,302.099439599299,287.379758564141,298.814920036036,300.675067623103,340.968089325956,297.578286976881,390.571102875039,352.381701235943
"ENSMUSG00000001076",0,1.08064173486522,0,0,0,0,0,0,0,0,0
"ENSMUSG00000001082",764.506693382235,1110.41615127612,760.923804775551,1141.59646216542,768.896146472652,1294.77447708655,828.993013521984,1165.35904080259,638.34185042078,1433.25950928911,1342.01197463416
"ENSMUSG00000001089",160.456847529783,2256.11220477682,323.632424599317,353.426039313526,146.291187630911,51.7892786372154,122.702641369056,140.850618658672,126.640046411855,121.024998603537,173.44770502177
"ENSMUSG00000001095",57.4119473639534,38.7831408432106,72.4775940353418,37.1786425461031,179.327868113374,69.9140463353334,97.2977226456864,45.5166538847974,50.1040351456126,47.9579528777848,23.9829662267909
"ENSMUSG00000001098",203.412174498581,147.735732899651,187.312724906656,131.401592489878,280.39218331873,179.952869561132,188.099053613839,183.988530607251,186.02243877559,185.092405928501,212.530991303616
"ENSMUSG00000001100",794.750111662192,841.882054464018,837.339952127982,1017.4257706464,760.981845146357,930.929143006225,857.005520722743,921.046076403717,916.227442513069,766.541716508871,883.542568369516
"ENSMUSG00000001103",1.37987853529677,0,0,0,0,0,0,0,0,0,0
"ENSMUSG00000001105",486.508693259949,554.249714503305,469.531536329833,530.79050030297,501.754543646252,536.971185718286,611.1418842045,540.660049190756,478.228292618936,478.380735425557,493.775896690177
"ENSMUSG00000001119",740.010945455,723.953127170993,639.945793769836,554.77831176742,1064.5653136427,476.919295845959,512.491014351853,718.346968427189,708.751928957528,552.038459650815,544.194948099119
"ENSMUSG00000001120",6.2580463193761,9.80972926177373,11.774635222382,3.97485779120084,9.67662513333014,10.6941367156627,15.3386034974216,3.27893609733332,3.12771417562245,7.85348897581873,14.6936681211662
"ENSMUSG00000001123",289.638252886589,222.025345517532,214.025098556199,201.555338364616,228.922901153114,235.429626396749,192.18303144866,159.060703238018,204.40527085315,199.915480268971,221.834949430778
"ENSMUSG00000001127",1443.22498641507,1333.53489661835,1341.43745135277,1430.17451935318,1356.08886728145,1492.45126338619,1405.64961682243,1536.07015878429,1241.05095996209,1450.95684588559,1280.82609821869
"ENSMUSG00000001128",217.110214299521,305.074455463771,153.510512103446,119.948282685765,179.946246715553,325.297943567418,123.96194063492,169.296510764894,159.30947246381,191.656498036263,127.186936776624
"ENSMUSG00000001131",257.244928721672,229.607816483601,298.141601818031,215.967023066262,255.403861641667,372.820933074172,205.417345257992,521.430309060667,177.904128052324,384.384750857787,177.370123163231
"ENSMUSG00000001134",127.523313640889,158.696832027078,148.0040055364,132.679097169632,137.320392197249,174.843943394738,140.974455974687,134.235597918283,130.998523747762,111.246236493759,152.506888321131
"ENSMUSG00000001138",210.057402095104,210.346222790554,196.206616261372,217.976183549922,305.513869434454,300.899091272542,231.27376341727,321.538404259873,218.2643791858,248.560131544439,203.869429888531
"ENSMUSG00000001143",294.434838880382,262.658360331131,347.995236474514,317.202316448642,335.494751840845,303.314044108821,273.962017876984,323.265964152545,229.170192111971,234.264754063612,166.621859619775
"ENSMUSG00000001150",820.028714439383,575.269173037592,1177.88382047005,494.428316415071,425.326067663708,818.308276086217,839.559193839017,798.779902561288,983.583961906952,1041.15593051751,570.258204529194
"ENSMUSG00000001151",570.455191745009,580.105963793705,1471.38332013804,533.580266105206,910.924617783552,772.964835806831,557.130947058952,542.804559670004,559.075785711947,706.642907619208,535.700163973311
"ENSMUSG00000001155",0,0,0,0,0,0,0,0,0,0,0
"ENSMUSG00000001156",62.5961839065603,103.635331143392,91.7231899120895,94.183214381163,87.9552996206573,52.7762426668824,79.740151908957,67.5858186518515,49.6588997643692,92.6344200487549,49.3882367606061
"ENSMUSG00000001157",179.327200876145,169.867275754724,163.330400601723,159.239713761825,191.282124815217,192.176079172016,177.614925430809,210.127621489879,170.275169086606,185.329263045698,176.164642212327
"ENSMUSG00000001158",257.390615654567,341.270829723304,249.183308468822,253.748952438036,248.406742779133,322.841020293006,285.832122281516,265.267324359076,222.544217707015,244.85571795942,271.435916474406
"ENSMUSG00000001166",30.424486936068,22.4227546039807,16.8429029847783,30.5544026929656,25.3735134956006,28.0334378687388,17.372299303362,25.7983413595069,40.5644680853537,22.6698368673007,33.359096558885
"ENSMUSG00000001168",0,0,0,0,0,0,0,0,0,0,0
"ENSMUSG00000001173",197.445710328983,262.411163539016,221.024047736292,224.498352882761,239.584787824993,204.255757816336,219.845867102137,261.106818588295,213.017355373495,218.85214920732,235.042354500978
"ENSMUSG00000001175",1177.24648315271,1475.43318621734,1306.42602018227,1466.77802708772,1317.32922037422,1527.23884179232,1380.62262333664,1257.48103980248,1156.02897824835,1371.04472190627,1392.1597123807
"ENSMUSG00000001211",507.979877820343,286.436020059239,408.808409635953,636.614856643998,569.245552812532,460.79348058848,691.168515916757,706.447046288583,386.315252705893,363.925302261526,500.0578454033
"ENSMUSG00000001225",0,0,0,0,0,0.595339812339196,0,0,0,0,2.45567739719501
"ENSMUSG00000001227",119.849662432534,90.3746333386555,114.302526656701,108.33339447645,144.646778975451,130.045727237496,93.8204451435409,100.486110907552,107.958885725965,137.137957709066,142.847134464581
"ENSMUSG00000001228",46.7195109775451,100.148667260417,54.1862662120656,92.6003146292901,29.2956973299354,139.322669178805,61.5448584239225,87.018531795465,46.0995584979877,71.6743464734512,63.2933998071578
"ENSMUSG00000001229",416.423659299513,429.54405409897,393.934354328515,345.669373449579,358.023499702153,470.022220306118,366.475753881318,380.692006886994,387.649828247368,358.137255852973,457.808719964713
"ENSMUSG00000001240",106.535736834898,71.4581536477695,71.2299454509806,100.077406614047,100.334528454273,58.7391456976814,87.4317221720304,66.975946620248,88.1800039039022,108.663159290606,71.0123987011782
"ENSMUSG00000001247",909.506686655548,756.721605034314,1003.2384069079,778.463278588312,1139.35669430918,704.413609776773,904.846451785039,733.636832403527,760.736511281705,994.81374578204,778.693590116309
"ENSMUSG00000001248",1366.25060390654,2015.38279770798,1256.95791085049,1539.15967324972,1448.02965141282,1926.06496473204,1377.6842930253,1514.91652458969,1403.34645168717,1337.14262772214,1566.60019704287
"ENSMUSG00000001249",621.937652612706,487.018584040444,485.796453915802,550.21838783348,433.010411219399,860.794260549809,574.711152849272,616.872820604644,446.976490073891,603.836060331828,602.237355145413
"ENSMUSG00000001260",0,0,0,0,0,0,0,0,0,0,0
"ENSMUSG00000001270",319.823759824236,399.919853241019,305.13184113004,277.906600784237,261.195935340916,177.914468752579,273.040115641473,320.276427278733,244.670836704773,177.143899099815,166.161408830588
"ENSMUSG00000001280",190.075846303034,233.526117227791,236.533069552766,190.795326638304,97.8240164580781,392.203913550445,119.626518183535,220.891253803936,194.239136645733,251.243067951869,144.105958487804
"ENSMUSG00000001281",104.017517736739,530.256493419497,103.905325661122,50.0122240980413,87.6746772737707,289.482711805774,79.8943845235914,39.7783013419796,78.1416635728215,139.996129226455,25.7571840854375
"ENSMUSG00000001285",207.319135383687,260.9684273222,253.15858194486,217.50685802866,218.968672501609,258.682961465565,234.115019617605,207.632775049747,228.247545818761,248.202335655529,243.493726068764
"ENSMUSG00000001288",216.547156178718,144.378643402423,168.885278849018,133.155490152006,233.076702174318,201.974857834783,179.271602431841,182.740773537446,140.638048839996,168.639664535197,196.423049028921
"ENSMUSG00000001289",1568.18389958432,1972.26497894883,1557.25967596073,1986.46321007007,1621.41497114275,1884.99267962004,1718.69963882345,1529.84416623257,1710.55837615069,1498.59023278264,1558.50157840035
"ENSMUSG00000001300",26.3974229808971,31.6062988865046,38.7744095404682,30.0996169691624,61.4394521165446,35.1964877683443,29.3537542540732,31.59335523463,29.1576131176566,36.2826214430962,38.9778389588511
"ENSMUSG00000001305",223.071954386724,204.092690208681,147.881840287138,194.512887066941,171.855917051243,250.285262013156,178.223250307249,164.229927014073,207.652456333428,143.446669602905,336.017111221722
"ENSMUSG00000001313",173.527450441892,263.95357676278,252.315890834935,268.514427672917,196.836605973792,244.877357825035,272.929482291625,214.605018785235,207.716123120878,261.980632810562,240.56231486645
"ENSMUSG00000001323",193.90728574185,233.394891138572,178.254559935313,194.293660584353,145.201769518411,165.023704677369,178.933110977313,234.950988892242,203.20445715876,257.703988770877,103.646129995958
"ENSMUSG00000001333",18.611795332798,9.71185975658708,10.6606158859505,2.17814861570728,22.3931818329547,5.11068856434316,5.11914114574199,9.83217131631531,7.5399123359325,7.50650144350743,6.87372134350847
"ENSMUSG00000001334",4.02562989353007,4.26922124767873,1.75847546350274,6.60069967938685,2.13762555238294,9.04345763511874,4.14550462373264,12.6970249665826,2.79852266041642,5.75723584673484,2.3079649442846
"ENSMUSG00000001348",838.704349780637,946.014403225414,812.15456875858,955.06467815015,897.745210757161,971.479134767106,781.491030128268,779.25490604651,802.396011652312,768.244477340123,763.377278996993
"ENSMUSG00000001349",1565.84303575117,1702.5118991852,1852.66047378143,1425.03551534429,1698.60099987358,942.190684735536,1535.05438823001,1437.52796941399,1525.88237320625,1165.66956897096,1212.8009658056
"ENSMUSG00000001366",882.270271355662,1016.76202693088,1067.50932587488,1025.89774515965,1011.66794518236,936.02880037833,1023.38487830462,1061.06241033929,998.620662914446,1095.52261750393,983.39078997002
"ENSMUSG00000001376",520.682268932969,456.053220811086,508.825479538042,529.614347239728,485.710709607345,390.196662985039,551.442749066072,427.59478189573,543.464623502284,472.526956712344,618.651682519208
"ENSMUSG00000001380",1316.78346486863,1594.35657360903,1456.56824452054,1521.42242611633,1390.70755712838,1716.90606456256,1695.56509590369,1341.32712751783,1272.37579161947,1362.33740145812,1392.13236075157
"ENSMUSG00000001383",578.477423368074,654.890045762568,655.901991135432,550.118784387777,573.153666821152,585.985728156202,624.16527286242,489.957559990102,566.305453883328,561.388821380962,525.750325605196
"ENSMUSG00000001403",21.2106767146836,25.5017055972236,10.5345172916799,4.41618811739061,11.8013405795836,25.8482272453927,10.4034620981591,7.80766969690915,10.2338991583988,10.6021015740297,3.48129855642051
"ENSMUSG00000001415",1071.6261693532,882.997141484261,911.288495169287,864.598584782221,901.746869873568,1042.27893630124,780.590390932644,884.859378087315,944.138687658398,884.890088098063,1413.34100242035
"ENSMUSG00000001416",1730.53336801986,1561.47270250261,1432.46113328465,1318.02113583854,1505.51348276265,1568.90823749594,1476.5933240564,1243.39350182019,1378.7002367181,1250.66675922566,1630.81346454974
"ENSMUSG00000001418",1426.01505809759,1858.26514893764,1923.00830333994,2019.90026812652,1985.88356157118,1777.83506307473,1615.36871301642,1794.98665594438,1715.50657906527,1395.99565798754,1522.46516498183
"ENSMUSG00000001419",442.283155050043,455.479799240202,550.556070527554,592.968345459228,607.259351971965,482.78959222248,601.199719897892,690.328735977092,418.268632298623,630.92765488663,420.200055934577
"ENSMUSG00000001420",187.418883218382,167.240184443033,195.922554754024,167.733807831471,186.507334812488,172.992318458179,165.421893787937,176.647652628042,160.767147432475,186.722473264543,183.223976666516
"ENSMUSG00000001424",5152.28716218402,6249.84127215085,5898.14143628316,6836.23066569868,5809.72052385897,6495.07183670749,7124.29999910736,7592.57750657063,5591.09846905895,5816.55436580327,5074.1078668854
"ENSMUSG00000001435",407.73327369202,326.071283361851,344.672364468706,232.998414928213,522.473193229474,248.516082139997,243.590655221766,330.825840883701,355.478759414576,310.242618546392,269.534904051845
"ENSMUSG00000001436",10.7423913343389,46.8908355854017,9.10554042311827,10.4053350144209,31.9513454173088,18.010197366208,10.5541527394066,20.3366459980698,68.3510661205449,17.264384253155,10.8928159432647
"ENSMUSG00000001440",1612.97633987389,1467.43843852125,1469.62443454586,1360.29074210735,1357.20195814317,1237.94889890623,1529.12757694957,1344.78116627158,1440.93318371727,1376.8505354386,1824.26266077766
"ENSMUSG00000001441",1379.25597684037,1116.23408455693,1499.95859984976,1284.14212981361,1587.92016580708,1181.67140512315,1217.41845471307,1325.06041298016,1298.64735127009,1468.2300900933,1254.07640281386
"ENSMUSG00000001444",10.9436616948606,11.9119948087861,2.65499821519434,9.7874411198155,4.24109449180959,14.1857853664314,6.14200773692016,5.92311773791147,8.51279862220187,3.75754981137891,4.57029661102485
"ENSMUSG00000001445",296.800189482851,338.508887940927,308.06256328048,305.628006971605,279.390894776161,354.084956170181,339.22416679971,329.244827504892,321.610466171836,284.172646669393,354.438182266942
"ENSMUSG00000001467",1671.94715733234,1717.36626913164,1681.21277453836,1254.35819350761,1902.5475901611,1337.57907516599,1941.5559206379,1196.02173678208,1244.53909092068,1303.05246186633,1708.21663262271
"ENSMUSG00000001472",4734.14399256152,4738.87631623491,4681.586086434,5191.39998220735,5226.86393628384,5267.22356793204,4380.6752079964,4859.15207704963,4735.07567228853,4841.22595982522,4728.18068164532
"ENSMUSG00000001473",263.569185175638,329.345689689382,272.592993908247,203.618612046439,314.829072723766,507.485653500539,227.605503303184,284.384971163133,227.593999323711,326.983523137646,460.440891283621
"ENSMUSG00000001482",457.917127821891,400.940648450811,369.565204079338,380.314495674783,364.640091479415,394.502965950385,426.852242746175,378.342875151404,333.888757866029,298.116763691736,510.914784621834
"ENSMUSG00000001493",8.16623083644899,25.7276973948124,4.42090019962001,4.37838203041685,6.43057940927318,14.0808204226777,4.12409937011351,10.7468533055642,5.61283204927514,14.2661677482422,5.75979191290491
"ENSMUSG00000001494",0,0,0,0,0,0,0,0,0,0,0
"ENSMUSG00000001496",0,0,0,0,0,0,0,0,0,0,0
"ENSMUSG00000001497",1.36245968946609,0,0,1.08685811755299,1.06790871405518,0,1.02366092092695,0,0,0,0
"ENSMUSG00000001504",4145.01624381246,4054.68893419658,7130.7386013636,8812.28319014161,6237.68294421259,5551.82364765332,5468.31420938618,9518.04237003024,6990.81564685172,10301.7030985612,5681.55276802475
"ENSMUSG00000001506",2254.89337755141,2399.90807142402,1790.88451522324,1109.30878722003,3489.4059962537,1053.55331399527,1260.02240741603,2076.02216153332,1765.45795629675,1435.02970938471,1506.88234143397
"ENSMUSG00000001507",180.31702538764,119.199823789869,158.823156768945,141.961525530357,220.942142901969,127.772430809369,140.15137308302,174.693189860723,116.327904655971,158.935535863651,165.032722762858
"ENSMUSG00000001508",74.7396949339348,2.4409746286204,2.67291143368626,4.93278935165667,70.025030321165,6.57387948820342,0.773907049962467,2.21860125622653,3.54377305630748,2.1298573851041,4.31473815360004
"ENSMUSG00000001510",0,0,0,0,0,0,0,0,0,0,0
"ENSMUSG00000001517",19.5360425396605,21.7961430616399,15.3495367381503,10.7310594762155,6.1046070441918,31.6825432875132,14.1111400841682,8.75412466985097,27.2424371707993,9.91133825334742,12.3802389434405
"ENSMUSG00000001518",174.333090619727,166.706762056563,162.832998158282,169.642891048492,196.623461140215,182.126490305878,182.20972131604,183.388369006166,170.117146048352,206.214888922008,229.17954145279
"ENSMUSG00000001520",6.11657349411798,5.09906603343919,1.81210771931306,1.68780924673409,0,1.41921672372239,0.793604495863067,4.40604067745901,3.82517497953473,2.92624711849903,1.72391771531913
"ENSMUSG00000001521",104.596532687655,78.5425424323496,74.3630516311037,132.049671259949,100.516992610497,108.04054003494,53.2645219602357,78.965524289816,91.4595956753747,97.9387836173214,120.148721846662
"ENSMUSG00000001524",125.05281116675,187.274185464654,130.755862106223,184.74697481028,163.754273799306,301.514597199421,101.24110700513,72.8075882248227,94.1317894306635,71.2507536250143,191.896674528627
"ENSMUSG00000001525",1267.24690432878,1256.97963994884,1055.66488276172,963.440408632386,1149.0623300354,1405.67074233349,1013.375138821,1103.33790409641,757.593951415183,976.344983477882,724.955938726854
"ENSMUSG00000001542",1839.01516765498,2050.41655971675,1526.03662132793,1976.44545153246,1584.35329599553,1804.9113223594,1882.80724922848,2589.96462918451,1767.10615900725,1529.28348287722,2042.63474605016
"ENSMUSG00000001552",3506.40588590997,2935.94437648355,4153.11392290004,3220.99351768046,4426.90441906348,2765.80168870409,3353.30368160756,3066.92480537114,3422.73646368565,4698.50834555612,3739.39138315455
"ENSMUSG00000001555",60.9108472872056,88.9532298022638,95.6626894796834,54.9184598612438,93.4015708025213,48.3951676258744,70.9898897756865,62.1357200916558,69.0001943253821,52.8862335507263,60.9406862586316
"ENSMUSG00000001558",2.96066349937946,6.81997413924207,3.78710806268388,0.928847954952621,2.69889435013185,3.36194246008789,0.871055201689879,5.92738056059988,1.61110916085289,2.40422384614762,0.977601643504846
"ENSMUSG00000001566",0,0,0,0,0,0,1.0244779114794,0,0,0,0
"ENSMUSG00000001569",568.433723618198,504.733678240356,472.564690709908,502.054495634934,509.506191995927,494.542833835201,510.215150228075,521.417916355627,550.364346850439,491.092598357243,601.596921914784
"ENSMUSG00000001576",333.727277719746,421.707015398015,408.323965798747,553.357475760729,388.325379637912,485.78502745989,409.445308951304,440.895386595243,322.610778988407,364.826250906281,425.783851940862
"ENSMUSG00000001583",658.293957601206,726.926966434308,769.893442662048,743.320730412239,742.173396989999,793.428117426102,772.177457561472,755.02889258833,730.58603472173,882.54704268495,901.397743651405
"ENSMUSG00000001588",148.6902608355,622.792211786455,61.1941887459705,60.9384128626769,63.5056875777572,380.689696481303,77.7777413780519,66.0542080576485,87.7602418169843,217.413486246908,62.7497745575887
"ENSMUSG00000001604",56.7523614764542,5.27850221385308,2.60674535543615,9.73531612681367,13.543454412473,8.93072853358638,2.02391131110367,3.89615511148005,2.78759281112357,13.1655126470321,5.65069805293325
"ENSMUSG00000001622",650687.961532408,874921.731790001,782061.616311013,1102490.86187344,725236.697068127,924406.821803583,854635.76330443,1102862.09499102,928922.948592657,723376.948081874,912154.605760301
"ENSMUSG00000001627",1694.73073213428,1679.99507202266,2545.04281087613,2022.6413414048,3134.02001076063,1318.77106723588,2955.86394348462,1816.54169495876,1687.25375867438,2344.77207983219,1857.64019890352
"ENSMUSG00000001630",186.532126135412,137.896309975142,145.744061783079,134.250883863955,168.447937234287,117.663417368126,176.149679276505,151.721778991966,179.441990774687,138.568068311355,205.17745935881
"ENSMUSG00000001632",1335.55848678317,1143.14408164736,1183.41398344421,1104.84481231275,1205.85221901312,1270.17108874459,1177.03963646838,1098.85146230869,1247.69051573019,1265.35283733832,1496.2815928692
"ENSMUSG00000001642",1193.04978802344,1180.68831965195,1181.18741308504,1137.11366102639,1052.19694175009,1095.5699255774,1097.38035486074,872.576191321263,1187.34992597037,938.15122194963,1180.09141546095
"ENSMUSG00000001655",0,0,0,0,0,0,0,0,0,0,0
"ENSMUSG00000001656",0.682643934284307,0,0,0,0,0,2.07085276663036,0,0,0,0
"ENSMUSG00000001657",21.0053754660983,9.6008469213386,6.17594330050724,12.0663808516016,20.2509863240756,11.5432239890935,15.4707195002718,15.7146144057092,8.42939957809018,9.55507688088922,8.07428613018915
"ENSMUSG00000001661",19.5069297130708,17.0457263803133,13.1867975163177,7.70816677336407,22.327002983654,18.1003957264052,17.5657396797047,15.7083110394359,18.7150624484868,10.538618955421,10.3777789276402
"ENSMUSG00000001663",149.610180234563,110.223245014637,138.202939686302,157.558671743614,98.5424328007756,195.705942194883,106.348470140246,126.398878683089,139.086319312527,121.555844109208,146.7560551843
"ENSMUSG00000001665",345.281500534265,299.368866572673,329.971924725626,344.376843919007,263.20618692654,380.235292918981,368.444958289242,384.366262936836,392.38569849798,292.863267571888,380.251210629018
"ENSMUSG00000001666",393.462189085161,430.501002563429,414.436137457248,385.000256646915,360.170715412798,417.127415140058,368.784119012576,369.252328412151,365.377538206613,311.646586857986,399.506434738737
"ENSMUSG00000001670",0,0,0,0,1.0534675814726,0,0,2.97072251908448,0,0,0
"ENSMUSG00000001672",590.600568933342,412.706496546229,691.303141314506,537.345010802601,551.067538530454,508.097978708992,573.890198008126,666.128168564251,558.762503841746,747.40439721954,496.7893311284
"ENSMUSG00000001674",469.472739895909,395.066944016001,381.176557757235,385.112032558592,409.965580081813,403.260688116561,379.272566278056,332.719098020641,423.780134182214,359.747566465914,442.184400026268
"ENSMUSG00000001687",155.739542946539,170.325418735445,182.412581458537,208.923192035872,139.772957798702,189.217395026128,163.116209635563,166.066478333661,157.539365221861,158.846236131884,126.009247733215
"ENSMUSG00000001700",724.139311864597,966.401185944833,1314.27278339787,1586.58314843599,955.358585577742,749.009693968398,1160.21591995414,1091.52728965242,1272.37534015668,1868.61653112543,817.156889626121
"ENSMUSG00000001707",920.742362835055,902.385935489095,723.566604026968,722.907602128438,726.114157010234,870.954163686438,842.950731491728,902.094480393555,711.912747419677,680.717409086571,740.440130345103
"ENSMUSG00000001729",3949.51654753952,4274.21356369007,3679.61139122581,4743.74464683998,4265.50654466995,5292.78414724109,4048.62590807935,6687.19180456585,5111.6606930787,3402.42651480719,7646.5920740468
"ENSMUSG00000001739",40.077587697057,48.2774061311844,71.3622139157257,56.9996742261033,70.5545705884143,69.6111879365243,68.3214538116143,53.5161781523784,42.8548197421897,79.3170835016055,49.4427480105541
"ENSMUSG00000001741",135.811174144129,368.904428258713,96.2784071201959,111.425899359673,101.435563184182,287.697530034213,77.6614975399933,118.088619405712,123.398480894715,138.27708510899,73.6955120112897
"ENSMUSG00000001750",2439.06185574966,2211.43932636882,1912.26534092314,1772.92843386492,1618.69602657696,2515.44482230055,1872.40403332153,2545.72497151429,1652.47914200099,1793.60935922039,2335.24860535779
"ENSMUSG00000001751",339.094002138632,414.69836730589,425.07031568029,449.496346750601,335.453558814866,429.232794041611,319.338425824352,428.670095354442,387.728077151176,379.928019062294,339.692869687715
"ENSMUSG00000001755",898.569234465782,950.852731624318,863.13736533829,1026.613015963,875.830984006377,1091.44982956904,1069.07857687236,1046.73793446632,1046.64991519508,974.349467707176,956.538516046669
"ENSMUSG00000001761",137.093892619983,137.740099019791,125.814020254565,71.769000576879,121.701447392935,85.1350439595579,74.6785791361732,68.0527025928046,107.763292768569,88.9380318430031,117.387039345416
"ENSMUSG00000001763",104.703789649319,59.845315681402,90.6869906973736,73.6336522940382,117.545469562593,64.6684283043464,57.7415721378056,38.4405495357517,73.368030650604,78.0578549403169,80.4026015242312
"ENSMUSG00000001767",401.378187515663,364.823159416027,334.469585323812,283.507018350112,307.191485955119,375.724267338242,296.22560473284,299.309876886134,409.566662445549,325.708141025141,397.211726757891
"ENSMUSG00000001768",788.918808902911,531.516796134965,956.741779237744,763.169375860185,1943.25280993809,549.771468381171,1013.93088663888,690.332712612641,582.909053227087,767.212835805291,607.470706963163
"ENSMUSG00000001773",0,0,0.882845314014029,0,0,0,0,0,0,0.942588740462886,0
"ENSMUSG00000001774",407.792093582594,396.781816790435,314.11388479504,348.414534366489,239.444736158586,307.846808348475,376.57840423848,327.193468189139,366.114992050516,259.823230845828,400.511320952257
"ENSMUSG00000001783",3010.81103714942,3075.18254169522,3744.90768281587,3196.23723630296,4153.66276679715,3073.73138314606,3513.26877166687,2779.3568972605,3291.29310528027,3344.34909355443,2982.77884425063
"ENSMUSG00000001785",365.938952705052,314.055555887898,323.27169304042,297.591161111773,321.710338361434,324.430215572678,341.163292069812,303.6175470885,349.894836031248,274.358816799141,433.432737895265
"ENSMUSG00000001786",625.4284984972,670.539597326053,1229.51974727214,760.501626652555,1364.26115604175,708.380141806961,1105.60622296277,633.462153164705,818.283444526707,1054.35759098418,537.509925455723
"ENSMUSG00000001794",1484.19129048121,1428.94572178589,1835.22188910329,1510.6762967262,1721.18870881369,1397.12648355037,1396.98736006354,1394.18142912703,1510.75047252895,1460.26945554572,1440.38352511338
"ENSMUSG00000001802",41.0048073307977,40.8216210172958,22.0829727869202,41.4715510911439,48.6300253633739,30.0930191169095,21.3553765535184,32.3812843610617,37.5515931304094,29.7976604715663,32.931114365007
"ENSMUSG00000001804",0,0,0,0,0,0,0,0,0,0,0
"ENSMUSG00000001815",0,0,0,0,0,0,0,0,0,0,0
"ENSMUSG00000001819",0,0,0,0,0,0,0,0,0,0,0
"ENSMUSG00000001823",0,0,0,0,0,0,2.0489558229588,0,0,0,0
"ENSMUSG00000001827",14524.040345171,19710.2152956629,15834.8872549556,21011.8991725675,15384.5495324831,14065.4956333945,17981.4764392991,19949.4636157382,18337.8220743345,13840.2417031468,15694.2936792744
"ENSMUSG00000001829",897.105012475939,957.342162980645,875.711286637156,899.87020932955,781.296553230627,973.989720728672,883.62594850805,1037.19162291258,815.673096347127,824.371639941516,817.350330732662
"ENSMUSG00000001833",1020.15750467622,1036.827224005,879.098250437552,912.599967399906,1188.92494680047,864.777802152972,998.190252826376,987.749743636084,925.120420776737,980.057493646303,860.772777864445
"ENSMUSG00000001844",241.039608409827,303.596024776816,272.913133451872,214.164858697245,255.943957095374,385.145369058022,205.508973102347,183.508729779126,207.140346519351,212.491358416344,285.689828097952
"ENSMUSG00000001847",1282.84350398426,1147.42988212245,1246.33985510215,1411.20429718925,1588.07060948229,1164.93209894866,1268.37354303475,1260.19479988263,1252.93095647492,1495.61534553499,1263.18718998881
"ENSMUSG00000001855",409.437723216859,682.584626602641,498.819258896822,523.051705591081,496.185030123334,531.180454828188,465.841764182545,430.927279061411,546.600420496111,655.294823543601,687.204213972979
"ENSMUSG00000001864",1.28424871268291,2.05268149757276,2.56055720359085,1.40685771043093,4.19738926361816,1.24674406079088,3.042591299153,0,2.6944954193315,0.936689496674394,0
"ENSMUSG00000001865",8.12125220419781,13.1555804791055,1.77663709868523,2.19883217137203,8.38276637340643,15.4056832429584,9.34109808305862,2.9254500530148,3.70580220312457,5.70765205802613,4.60051254185264
"ENSMUSG00000001870",100.449121056958,117.94456920793,70.3632606820982,57.8758113402818,124.238980283566,71.2548704231064,55.4694922967703,113.121264505457,85.1552427721053,82.9056159474499,75.0317267200205
"ENSMUSG00000001891",2269.42012537752,2695.93354348006,2344.03684047804,3014.16825327348,2977.80650214954,2540.78195718025,2914.04600473531,3745.87270820926,2638.01082832627,2280.38869605808,2175.49676498487
"ENSMUSG00000001901",0,0,1.77742295740989,0,0,0,0,0,0,0,0
"ENSMUSG00000001909",667.858494669636,766.365820232689,829.027331718528,908.388286172616,687.154563152624,1013.90238232198,743.142982394852,886.733478514045,719.058157773865,793.328415935246,921.114551614732
"ENSMUSG00000001910",570.783720717967,521.522543948826,259.666423882879,331.085250339197,497.5575500993,516.563708371326,390.859359221901,459.607321411749,400.361305168567,352.85041256098,589.166731965301
"ENSMUSG00000001911",417.695305791386,317.483937472867,345.219067784777,386.031143862761,356.337643066806,324.551021936223,278.311503641842,335.272471834988,331.124922430491,346.12730278454,366.644775445267
"ENSMUSG00000001918",1306.79925032592,879.603331460533,1218.88759634323,1096.58323789907,1395.18017964254,1398.58747454009,964.311417293012,688.807519674493,971.855389105221,1051.17308725644,562.592156754578
"ENSMUSG00000001924",3589.16849789881,3471.0224984892,3005.5310492302,3210.86975631162,3239.36826374706,3663.18782343711,3061.77799329974,3638.65555981838,3008.53626317683,3016.27795208599,3323.38100456158
"ENSMUSG00000001930",240.915225083221,192.612996569925,368.60394908187,345.822404786252,319.351769102755,250.152280890609,208.821884650406,254.555998881692,269.723988475518,302.088395788459,337.170068754699
"ENSMUSG00000001942",130.834934000361,146.228619775863,175.64776723712,133.197032337391,163.253223734753,144.621696889127,122.325486125307,145.676967651281,168.781545293259,141.029062676876,155.413236482372
"ENSMUSG00000001943",15.5562818638138,36.3352188253023,39.1855363443053,32.9906239625592,36.1032469674621,18.4200334071192,36.9345008935373,30.004748611356,27.4365118675894,30.3548305716506,26.9501014589944
"ENSMUSG00000001946",193.078977807312,223.239078821445,309.158073840626,285.751448142121,325.583369784622,246.581976174994,294.362234067264,297.441266625398,291.445422540221,335.458447475033,312.725435571475
"ENSMUSG00000001948",10.8017373146895,3.08194654772759,5.10205491347377,1.50047407805569,10.4634990763827,7.50561712540029,5.09993566450895,8.49262178956985,6.25991556076887,6.57023024327588,5.67727646571164
"ENSMUSG00000001962",659.413222099302,741.036166627587,721.491097069092,883.44710625456,562.649591701263,809.952431348234,765.928943069291,712.651578027912,774.712415761185,676.65948381991,757.006574156051
"ENSMUSG00000001964",240.883072220406,222.932869630245,267.959169716951,269.301886727325,246.166740634613,214.596547063052,236.320218961782,246.11194918762,237.191014797743,231.523145327724,227.353692665473
"ENSMUSG00000001983",144.412377359893,108.954685085332,99.8948714914369,90.9383217862385,88.1362725066276,113.620166238396,106.084740232776,97.4889632068189,118.977788438844,103.743858522914,127.863228694808
"ENSMUSG00000001985",9.64007429451348,0,3.544636544106,13.078916780112,10.5636947205703,3.87141557023421,6.13724493244022,9.88250869693136,12.2936739940122,4.6820085942715,23.9457603061373
"ENSMUSG00000001986",8.96816194755151,21.9348378539774,7.77663368823362,19.2788989678139,96.7798130508127,9.00340051068107,10.9637332766159,30.1471533392212,13.9226498898485,12.5265457605282,3.99086885543825
"ENSMUSG00000001988",0,0,0,0,0,0,0,0,0,0,0
"ENSMUSG00000001995",202.345948133299,329.997323094428,318.570880558812,367.865372413024,260.903080532039,378.664968147971,340.059508337319,243.397979166888,345.619565911758,269.002472348704,388.67018901084
"ENSMUSG00000001998",165.879724848602,153.477304164574,203.470739517382,165.092996593008,202.144587468615,118.465638596041,184.179648729026,99.4930806743631,140.934618999382,157.231745747609,162.770838156469
"ENSMUSG00000001999",216.893593530078,195.167100947237,190.857576457318,148.514251504502,202.014685303757,147.121110566121,184.976746102608,123.174361361061,172.92111348337,146.733182258832,163.308746819216
"ENSMUSG00000002006",42.5278782098428,30.1603102154682,33.0645006776346,15.6940187587915,42.8008465252685,32.1293347657153,19.6695930389614,18.6921113429228,30.5972257991584,35.9855487941564,26.3327437885956
"ENSMUSG00000002007",27.4806040501793,83.9703158786782,16.8285833318943,28.3801925258937,20.0767248763024,64.3846322643939,14.3174934302198,13.8601454276169,15.1290189193674,30.0428947623216,19.4402898610059
"ENSMUSG00000002010",2162.9949745393,2362.7845599265,2286.87278831769,2418.46357593916,2264.1398861763,2436.17591234837,2225.84767659458,2576.74611976835,2367.73301508203,2376.7385386288,2292.55402034103
"ENSMUSG00000002012",68.1127356759191,86.0618651615797,93.5113176554367,61.3342810007251,76.1700272238762,62.1882056973758,90.4728394949972,73.8284050743495,63.0455012075209,62.4511520465697,82.3413247739119
"ENSMUSG00000002014",3504.82623162594,5261.36413821814,4712.77791765484,5654.43805022966,4225.69942120437,4962.84006635752,5115.04226080924,6157.95250033005,5404.18177453639,4237.15849922754,3973.47287450669
"ENSMUSG00000002015",1374.91747029985,1545.43239143744,1518.48102810663,1486.3418730267,1468.18490298065,1288.69579553875,1514.41396255024,1458.09975583329,1421.87894297726,1368.67692259114,1348.35565421368
"ENSMUSG00000002017",543.131655280503,562.259188407893,411.176615405586,492.02139463502,339.117086268098,652.645517123028,500.319296730141,541.265242733107,561.42776955179,440.368421033551,654.405098010839
"ENSMUSG00000002020",36.5845465018954,84.0850514787243,99.7889288581923,29.325846295209,72.5855527446957,83.4226806666806,70.7154463526264,66.4841365953836,83.1042501064635,134.186148063889,51.7362878630277
"ENSMUSG00000002028",833.212534662504,774.587032012188,660.319417351379,805.123898681098,718.261301934594,680.028297493064,738.918765752358,1016.62480557755,786.418939219989,973.885517329206,958.934848307966
"ENSMUSG00000002031",538.456023041926,656.359341630592,649.883933550203,740.87035976445,750.178555422789,638.64345927109,663.198376605866,875.519990807678,681.357832625923,720.992422107332,525.227879505976
"ENSMUSG00000002032",3.81915580146381,1.21908840322986,0.499618307264022,1.8473696073051,2.39994765588836,13.9934680051377,4.05978221462745,1.31438266136213,10.0262804580867,0.635880702983972,4.79044019244467
"ENSMUSG00000002033",37.6816463607674,119.206220843937,14.8380806322382,12.0729819267253,5.31591694586426,51.21362767635,11.4003614455398,13.5915007527434,18.5196781363311,32.6269451451615,19.613278852593
"ENSMUSG00000002043",374.479799351176,624.274780483408,570.757678552498,549.860252028741,347.298293503362,543.666710889642,576.52834162761,567.262855805678,482.512025108708,515.432849583269,509.516036718401
"ENSMUSG00000002052",2505.70490868322,2349.46287004753,2491.61040706734,2454.49437609168,2527.34299844498,2447.41511481031,2335.46656553277,2473.50925224321,2468.88532802243,2609.32002027248,2954.9153945992
"ENSMUSG00000002055",42.6754027066615,39.7978672426054,35.4581831882771,28.372967859407,29.4855427816691,61.7051356569441,43.9003712190735,58.6796523915509,36.0172156815487,29.0531469042175,19.4398338222875
"ENSMUSG00000002057",0,1.08064173486522,0,0,0,0,0,0,0,0,0
"ENSMUSG00000002058",222.705776256424,198.607778981965,288.14641104581,278.107161570506,250.503961261974,214.842088050224,303.38236839173,241.547622294578,247.967230965241,249.493827293415,233.23714414215
"ENSMUSG00000002059",443.117412811915,410.813362175339,516.608030475417,523.277003314984,526.129575331925,419.919566920104,418.8180084116,440.994647553593,449.50807481618,487.155171790219,395.363540689519
"ENSMUSG00000002064",951.806857644749,1015.44030731118,1085.95498783859,1091.78055681052,1014.32473089849,1065.59047159902,1029.0388777234,1083.73415726792,1014.98995503787,1059.1304760911,862.717840223982
"ENSMUSG00000002068",29.8652683384443,30.1132767712398,27.4179450392424,28.6112677078788,40.8434408522844,29.6518736044637,28.9179332622828,18.1368312726703,37.198419224341,27.5628706714747,60.6718582353978
"ENSMUSG00000002076",1.10491577773579,2.53086331494864,0.713573819336537,1.30148140285145,5.12247362373774,0,2.45038247691145,1.58977310044985,1.86371984044332,1.13517763390943,5.4643055784414
"ENSMUSG00000002083",86.2786949700359,47.3678263597471,177.775325402809,185.459608461838,185.293114559802,108.945778231859,119.836229689942,129.431915123384,53.0292333777515,107.45589660549,87.3793543615508
"ENSMUSG00000002100",0,2.21061287320172,0,1.11385047086329,0,2.63244788717302,0,2.02392023872586,1.93649914553488,0.817431233287573,1.16707719699622
"ENSMUSG00000002102",2669.43229989256,2716.15104945091,2700.47122234065,2585.89790950877,2562.31778638448,2564.72670922473,2778.72259610614,2723.72385545409,2599.85066294295,2507.29466182773,2570.80339128313
"ENSMUSG00000002103",130.416570438492,137.626754905016,132.796400745186,109.521639539764,149.161567107182,133.688547601322,136.4984804469,139.402556822013,129.941363933341,113.856788354161,167.340116641142
"ENSMUSG00000002104",7.06481930633764,3.65900491105506,0.910181286575094,0.921784563115657,1.09569466977431,1.31561156213307,1.08004984184566,1.02915163969082,2.8920258956518,1.98324653441005,2.40824448008826
"ENSMUSG00000002105",54.5387316260138,68.0755175595436,70.7958893535847,64.8949819972337,112.287609991724,101.92298239247,77.8908995073964,99.9102359760581,88.7335874238986,86.4104887532173,89.6166401517448
"ENSMUSG00000002107",206.335173574616,155.692556011842,139.150850537421,148.353112063982,143.878956714367,145.586130380159,163.014941108902,145.351910409356,128.563913298417,113.464325837578,157.235332739245
"ENSMUSG00000002108",192.792276215326,156.249273344146,181.029457208349,167.795048381531,228.226027986364,210.495800341342,126.972408263199,138.540129731789,150.273030227374,208.431605800807,110.855159726966
"ENSMUSG00000002109",149.915646691734,257.6292525624,222.52125560732,242.869234336122,178.198949642598,217.872150584741,184.944748439449,230.177536856353,233.375971287698,223.31924244437,195.217080674191
"ENSMUSG00000002111",105.153224377831,151.509053936193,80.3305476268555,111.781429245446,101.250040933614,162.874804202047,53.5780203257078,78.2071575965265,63.5498045090909,83.7600864778915,78.0039186057613
"ENSMUSG00000002129",437.981222140559,372.342132667553,343.289080500981,394.450773373442,324.706219618616,493.275930146956,377.409112648035,398.442282154782,326.963618207134,404.756322627921,562.129577661694
"ENSMUSG00000002147",1592.75120518807,1602.69346670881,1892.11494154881,1442.11940429812,1748.19342234697,1348.34292155021,1564.58436233915,1683.42492270443,1605.82511120532,1821.41875644943,2219.93005066506
"ENSMUSG00000002190",0,1.08440816190781,0,1.09132186435256,0,1.27541893840916,0,0,0,0,0
"ENSMUSG00000002204",41.2540196875225,144.429712767292,15.9280378162632,21.8254786137379,18.0132099934196,130.117323474739,15.3849080459522,29.5317273652466,21.6563833611474,38.6131580473388,27.4400044696164
"ENSMUSG00000002205",852.966801170532,412.15306045118,385.422369348301,663.314351761513,841.134455601713,456.633843424414,601.421450038841,1417.52003305025,547.343160029438,920.319535977815,594.34032686999
"ENSMUSG00000002210",486.269799100401,508.087734300309,424.056830570781,518.804612262795,364.381067639171,409.748301965205,495.34944529908,565.669993988298,479.785878083243,615.214500172935,769.658670049508
"ENSMUSG00000002221",495.416518467609,410.723044115633,441.602263353649,742.245788497741,499.801155400407,436.404405344717,423.60821040427,614.489893656563,767.3246157706,453.552906954481,460.772384899144
"ENSMUSG00000002222",281.687214216435,214.47899464964,278.923155213549,266.693353398998,282.344668363124,167.437102991599,265.211550529216,225.963086654729,254.965927662105,310.993718991224,181.311328792984
"ENSMUSG00000002227",328.132618555963,250.760786974679,219.003530772117,229.008466049522,257.317577694181,265.794593269218,206.383234371127,181.726877504359,296.225598219515,314.046031919624,236.358618444408
"ENSMUSG00000002228",521.126933223306,392.450200017455,328.397308629179,335.619012611362,382.033012632455,345.822482339939,446.153945794908,361.693515819456,328.281929640881,343.220115986803,430.041427158934
"ENSMUSG00000002233",2273.74419647021,1262.41891723705,1787.17583821995,1394.22257324033,1360.77397327633,995.228847972667,1504.48639523901,1090.68574249174,1199.11933008695,1717.36849926041,1406.17320305331
"ENSMUSG00000002240",0,5.28765432977129,1.780922503858,3.30542218153837,3.19899920969875,1.29417541724454,2.02192050632898,0,3.7784534815824,0,0
"ENSMUSG00000002249",385.665945312143,344.565251517023,383.404198413022,305.587412881249,483.440545536456,408.972494394486,382.51988870749,451.498671184806,417.905025378557,503.578103896148,381.221203007868
"ENSMUSG00000002250",481.397182510749,422.822989179681,436.186437833737,502.812138203524,525.520758017664,598.489606091397,393.458430354051,584.751613852212,360.490400650565,439.707839388281,497.99410339907
"ENSMUSG00000002257",292.940176224687,326.341129206702,239.39746270602,230.422127587625,253.437949880225,401.558329029415,184.639431721723,266.905957762746,201.729907294381,324.59376637593,179.596033693953
"ENSMUSG00000002265",237.648237409948,203.209827416071,345.344417994957,167.571456310854,150.735862703982,60.984078337579,280.684242282557,178.598332646832,259.878962115539,130.152478397574,185.18653264859
"ENSMUSG00000002266",6.21577443710281,3.21672449926607,6.20718786389821,1.09068976047703,2.10954731311263,0,5.10565883834764,0,1.89114805999617,1.87976512953212,2.29266664819014
"ENSMUSG00000002274",90.0527466191835,111.692506784041,89.94369593925,79.38259322145,63.8921943383165,163.14602625938,91.2702215746545,117.010910761366,95.8246979138745,120.925687904498,131.247847848364
"ENSMUSG00000002279",547.742547599364,668.168698868541,592.387259275969,660.02102433997,557.666588873596,701.348171328439,618.199997412587,706.171092778344,618.136552197251,556.260404860142,633.510836868669
"ENSMUSG00000002280",318.783560610391,327.566030134469,317.689851794608,335.700587186193,296.498924250734,357.483164601086,355.942652065665,361.106232155511,302.377756765036,359.548584081502,457.114238334452
"ENSMUSG00000002289",314.515774069034,351.945329967112,1463.2747339484,1211.59137429446,3086.75507911652,270.798449566328,917.929261649231,683.52355204013,1006.3867874377,2047.13786408011,323.924799773102
"ENSMUSG00000002297",145.192151174639,146.933310957718,166.425648471184,147.776863356839,157.9332286164,167.761398119868,150.145650401557,152.512604407773,182.068097395053,188.558176312436,121.799848679191
"ENSMUSG00000002307",451.318698345599,443.363897026892,431.57491478756,386.741362108954,396.593216715449,521.83503479899,395.897023488688,354.992223515728,399.888476860189,397.945894363728,606.207340789913
"ENSMUSG00000002308",1295.94545423454,1975.2975001311,1968.71786652155,1827.60723080845,1375.34480376468,2052.20359144179,2124.8614670544,1781.03331610303,2091.24965703517,1586.6370957002,1991.30057606552
"ENSMUSG00000002319",1287.91398041089,1591.92535712421,1406.25429274883,1451.71300491316,1278.74400187654,1840.16035395091,1476.37398909895,1735.9350207359,1188.98170775781,1560.71904407736,1264.7539640003
"ENSMUSG00000002320",1972.03508184384,1594.98525582842,1772.44180437426,2223.118483475,1599.02380092771,1872.00934409814,2064.70167436263,1724.57178692085,1566.65568127364,2020.55433680973,2058.88273246707
"ENSMUSG00000002324",18.596040960068,10.8069385627694,7.97897857268851,7.63024626846096,1.06024206904178,1.28728660234321,36.880470310302,6.89704594572363,4.71755684529691,0,11.4225419145991
"ENSMUSG00000002325",935.371030326035,1012.72101710081,921.42994143991,952.511111525438,997.248495132821,918.390880386259,889.067481653347,871.924886571042,982.889018938311,1044.48815953688,855.386664447241
"ENSMUSG00000002326",237.099951664048,253.341318550265,220.587676420932,222.942521595229,233.971006112953,276.647911936951,244.947149345833,219.72393788666,219.261828345609,194.837212947108,233.546076656163
"ENSMUSG00000002329",140.897519183274,139.777378848158,143.906834774558,130.727230963516,119.254460063006,157.325387166935,141.255907704576,113.800520767771,163.244428367626,125.79890783138,138.736812381831
"ENSMUSG00000002332",1374.02566096109,2027.43762395412,1391.62572554965,1780.5262858742,1426.34264781827,1839.05250881182,1815.48116965082,2178.29468703613,1537.25239345026,1547.69736048442,1668.05036320794
"ENSMUSG00000002341",1.37945881001041,0,0.886409351365469,0,4.23463820443088,0,2.03995084802589,0,0,0,0
"ENSMUSG00000002342",354.897206566168,369.33423304971,348.124587349601,350.425168423914,303.870329312306,387.574613917168,417.794988317121,408.25580495153,321.620295343471,293.729048607756,366.050380053622
"ENSMUSG00000002343",126.077000848198,88.0434348529058,109.791966080602,68.3586429889527,66.9116195871496,98.559416727833,97.3064796284451,123.456755920563,107.196983377041,164.378018094295,141.019365503064
"ENSMUSG00000002345",177.844613943734,204.673397066666,178.672657339235,152.536790715486,162.02536700924,156.627454725208,206.073163211133,137.118819111978,178.379360735533,136.796355905352,187.476265069977
"ENSMUSG00000002346",92.3935337346147,75.4084657575551,148.512207244891,98.2617927762554,89.3316411560888,77.2616300659639,149.230348697268,94.1099414608551,146.407841694518,118.330355573136,119.066738868053
"ENSMUSG00000002365",928.786483540027,971.874392025338,1040.31098072815,998.687468916563,1126.15810338999,975.840024716458,1022.82616554985,1018.1830749483,1115.70024822629,1105.92203049693,1086.37610361182
"ENSMUSG00000002372",804.965546298374,672.222442772763,682.228760388099,747.499625221623,690.353155239292,759.729226496575,684.326208520957,752.649036516847,752.98222928647,735.616876929578,791.152299851012
"ENSMUSG00000002379",506.584046203462,697.478935598445,614.3111477304,585.809083541814,618.231969372133,657.62299004892,617.969740972679,632.645985744379,547.16118895869,554.725287331276,559.20407634598
"ENSMUSG00000002384",0,0,0,0,0,0,0,0,0,0,0
"ENSMUSG00000002393",1152.1117293293,934.059425243742,1323.8596976848,1286.76569589886,960.542411609962,1146.708935986,1207.14047164971,1141.11057538937,1060.3797507637,1322.67775489391,1231.03533193765
"ENSMUSG00000002395",1044.3414231166,1073.03436799894,1196.76191640798,1265.39813692771,1052.95949071068,1335.98995119107,1061.1085173431,1149.63916073255,1077.28992303715,1158.2749600497,1167.66218530646
"ENSMUSG00000002396",173.980314951886,210.940721133531,207.625356467273,128.095623678745,176.421110049953,153.554993395452,250.605756454683,136.772037653771,186.136105952438,120.492927784246,206.719154947934
"ENSMUSG00000002409",334.43622393946,213.607218368924,414.381921907307,413.803966386036,502.246618998391,280.755000261773,356.246658778635,406.201797193822,254.344908765913,427.231000786543,227.750933663237
"ENSMUSG00000002413",57.576562541223,48.5543324587865,57.4473593717796,72.3291679166132,55.410705226464,43.3489216276302,79.7141453128464,62.2552141964703,81.1088092837497,50.4652047126602,58.242181497476
"ENSMUSG00000002416",236.381712709195,338.157776267516,286.493686386672,239.499394125784,277.506352175651,297.497517243987,281.034541091315,282.810998992424,269.573901978861,216.886779245342,216.048316439955
"ENSMUSG00000002428",213.001678271614,232.131996862286,181.618074247872,181.909096699481,190.180043657756,201.296846410487,200.93540284224,200.183438248555,233.813899230799,176.774778663342,180.615392592529
"ENSMUSG00000002455",1122.78602206565,1050.08172582429,1047.03279512824,1159.36297322557,1006.09042331303,1097.89895145503,1049.94513766458,1082.51889340886,1260.27160151446,1137.55051090472,1181.45473553271
"ENSMUSG00000002458",116.951575894865,116.606498392797,101.84562015197,106.50775969323,107.770780626656,142.992494492766,105.489668769327,137.439893956876,100.950280980795,124.320824517135,86.0540308095176
"ENSMUSG00000002459",21.8506297145397,6.65107765899239,13.1569938338013,5.93059581133515,16.9176041209447,12.8001676242218,12.4565638127604,15.5666600780463,20.3686613582716,21.0871070591572,10.3050703676617
"ENSMUSG00000002475",58.9556321535642,51.2237371598828,49.4066046414111,37.2628852261906,53.6807256110257,42.2940248395855,62.8711825761976,71.7030421535616,44.0892376783557,54.9924769905733,43.8432532676605
"ENSMUSG00000002477",86.5655830075874,77.0295640920745,68.5859404271191,73.2947636758104,89.7472879934565,81.4810628228502,73.550903980647,62.615441607325,66.7718667553746,67.0137537887407,76.418343561722
"ENSMUSG00000002486",90.8826462550777,93.3943640170909,80.4539861841154,84.6405911378964,94.3300529627431,99.4010103828855,78.5890657291488,106.997207077094,89.2640976408221,80.5239168355005,105.028800807789
"ENSMUSG00000002489",74.5912541474565,110.631024697768,232.96054141505,135.901444375549,138.769913380963,128.035476414035,159.837007882982,144.110241573986,131.461448835873,180.639621902511,113.940657384802
"ENSMUSG00000002496",1174.04278145898,1207.6698303067,1129.84633304046,1116.1157216122,1257.40878963331,1297.95111924355,1150.73882743547,1402.2587327734,1150.58277179405,1131.01977964895,1184.91358376609
"ENSMUSG00000002500",97.5194939906456,2.23170750947588,2.44356149693978,16.5984865180582,41.696905030566,9.15967249800294,2.12547780774338,0,5.08645991109708,11.0647272661134,0.789863151703583
"ENSMUSG00000002504",2121.69162649294,1868.64068572334,2053.63333512605,2188.25080207469,1632.98981344395,2457.40415173095,1668.31740832509,2077.39343340946,2047.82722249256,2082.12567914547,2555.39020279077
"ENSMUSG00000002524",1681.99253781747,1581.92853713829,1498.31724472611,1485.22766219513,1452.65918604608,1818.31324176618,1538.68160791875,1521.73119949805,1433.81813940454,1610.93073927684,1617.52967092858
"ENSMUSG00000002546",1702.45893191457,1653.19425229413,1727.04983165756,1664.16151309513,1630.25764375664,1784.45535957773,1637.14404088243,2041.20982859597,1647.76629893536,1594.77155511672,1812.648278011
"ENSMUSG00000002550",332.795481325332,327.619857404174,316.932877349302,287.969971277726,324.896773126956,302.216524064144,303.698750693754,288.968650405436,314.38952501349,389.699539351214,308.110541048367
"ENSMUSG00000002565",369.535917096177,275.135419970921,461.050676578679,543.394146353401,785.223979593791,115.260415913368,438.400550393415,428.852926020091,604.833435487613,266.074328297527,339.34236373916
"ENSMUSG00000002578",10.744472327964,7.77596109087179,4.14811408182392,4.23961209990901,17.3522589706638,71.5677592296403,7.17299279593298,21.3129880337635,7.35610898509352,7.60522851500696,12.2772859494921
"ENSMUSG00000002580",734.182031340626,1222.30736402774,949.283129531942,937.457082505447,876.541694160225,1035.948074416,995.018628600923,1028.50532767109,830.442878616432,804.681065659614,809.719631485168
"ENSMUSG00000002588",8.72602713972633,5.46641244165224,5.31519484043783,0,2.09299173248175,7.74338040543438,4.20174513359786,1.95125795416084,2.77811359564909,0.963769689217514,2.28572888667701
"ENSMUSG00000002602",701.850227279426,587.041550254574,633.311336038675,643.353355834048,717.691145156636,548.154976340359,449.580924843036,521.658586600362,579.508170820527,518.806207817315,597.358927564361
"ENSMUSG00000002603",176.924566428023,291.73869030595,263.972015539455,298.250139650339,477.512533098469,356.076632280348,262.311388024067,170.897266085609,192.573311068993,192.456414953957,139.381934914736
"ENSMUSG00000002608",250.786743158643,206.476230065492,188.181420713641,195.238901577014,204.524651821812,211.531638121525,209.470405836757,215.772076512071,188.893249078897,208.628157065654,265.59495174112
"ENSMUSG00000002617",43.2639298336331,54.5439550445259,61.9606332694899,70.5819705691662,81.6026952955244,74.4360305698222,46.3529152500217,67.8087612205367,60.3836249867214,57.8685430391536,39.7654904409023
"ENSMUSG00000002625",593.81846388965,844.63205210169,827.688931369824,838.451714674056,889.125257109503,1044.64378229645,658.944898328663,1138.04780538332,805.873348370445,999.402822538069,906.957103031374
"ENSMUSG00000002633",0,0,0,0,0,0,0,0,0,0,0
"ENSMUSG00000002635",276.95545985761,336.466827900047,285.857778099841,302.616335308373,250.350064026086,313.888847183404,235.497742308482,305.21868050315,310.854114287878,304.082993015846,318.843123277684
"ENSMUSG00000002658",862.534558849312,977.959541643845,777.644020207914,775.733076808329,722.420419963116,881.890729892568,849.17955795008,672.830065083839,712.493690592626,653.257353887602,950.04044236798
"ENSMUSG00000002660",390.771629586192,411.826545742343,427.793970686265,435.558139339731,366.665739057748,468.838341162779,420.684890511434,390.506734342509,405.580908608978,345.009265718264,405.536039733939
"ENSMUSG00000002661",130.653000033264,156.860200798758,138.60374656305,108.339658612408,95.8792458157859,202.019682214443,139.643469950043,128.020687040413,122.40692228134,135.033556776428,110.532280551659
"ENSMUSG00000002664",0,0,0,1.0895783501383,0,0,0,0,0,0,0
"ENSMUSG00000002668",61.345276067956,232.344101975951,124.309782510256,32.5761126796423,39.9899152941692,147.591360587251,41.4384074882002,26.886883259058,44.8421472813839,61.8255793933159,29.0744964146068
"ENSMUSG00000002679",123.720251432535,118.300934294429,110.601630550404,93.3960761553619,114.382188160758,135.694361490225,116.729957387212,124.560713215493,119.174420844227,138.44910524287,139.228458972716
"ENSMUSG00000002688",63.421345911727,46.4753452377906,61.2704631085969,57.8311821297862,59.9761224469925,60.1316292172711,53.312055910505,53.4205593540605,30.1363443690734,53.6373573071552,37.7785568011128
"ENSMUSG00000002699",86.4920285296743,172.156310115002,54.0044927914302,84.1081486565475,47.4633364985455,124.951572287249,86.0261076642449,38.569371673849,39.6911144177684,69.6897040568908,37.725277707645
"ENSMUSG00000002718",560.590455626512,537.11736078063,514.425901802958,516.782558455266,534.291774215369,541.641249734656,575.315973294955,475.654584525707,531.70623432197,460.627639348871,600.713269736156
"ENSMUSG00000002728",321.769169190265,315.387459954643,308.263888551555,352.633415960479,328.988531741539,327.839422097385,287.288414741864,273.815480635758,307.97665168332,272.226980246782,350.244374624798
"ENSMUSG00000002731",239.268345429896,241.847576339019,266.597429825893,259.462486065906,239.983579934041,231.154860556499,275.901555329938,268.832702329391,243.347185451318,266.800510964409,192.24680738581
"ENSMUSG00000002732",48.5514015043672,58.5134193222555,51.590155972682,31.454048674374,55.9119768990157,49.8796361926598,39.7553827303279,34.6828973298472,49.7801270784695,35.7805929211825,31.3029614232157
"ENSMUSG00000002733",221.092171411654,293.131801066215,233.172641269453,243.411001661128,310.325689932092,293.577263353771,242.219074534842,323.505133842573,278.5075640188,215.647369579223,241.91868032881
"ENSMUSG00000002741",415.937989069675,447.09338415615,412.467199931251,589.015713052788,438.496643271044,343.408413883742,473.484933911256,500.021639584602,469.028976123665,440.936153253735,535.570351358658
"ENSMUSG00000002748",1646.18457603677,1496.81221669628,1421.26392331341,1674.96389855459,1250.24621948952,1429.49834855991,1538.05418405742,1526.22678986798,1875.45927539639,1548.78500749236,1882.21786758143
"ENSMUSG00000002763",1232.92707755941,1179.51230772233,1253.84854108348,1385.80659609034,1106.20285260958,1418.48468957495,1238.39664580128,1242.13042177084,1086.24534334696,1242.01489084171,1124.49354800132
"ENSMUSG00000002767",691.652671917069,861.550199259972,758.785916826488,907.895062968211,743.032033783483,942.288838357726,906.466908270671,864.017930131671,792.808704877489,796.50700256464,774.444595875804
"ENSMUSG00000002768",460.2074108527,526.448987141138,545.49882090298,512.444995411846,524.972973524079,567.519951418843,510.536105963548,513.465040082786,467.580161178131,393.219677958137,482.11707306868
"ENSMUSG00000002769",261.219094523805,533.146940569963,429.439695099765,697.478922207099,388.189484121269,735.71448479287,562.947674888487,651.412182431427,559.282480015441,489.646663484868,712.236165385039
"ENSMUSG00000002771",30.2665785679476,27.0078164042204,22.5565483206775,184.855668082198,21.8195945137679,27.7145461858498,36.9686943046055,38.1668923126927,25.0155289477891,34.6530385506955,26.4910183461526
"ENSMUSG00000002778",767.553650564107,1030.6200612228,866.447802380257,987.346190998741,908.380006571537,1152.81742894434,1196.28216598706,1047.00247120459,940.765370077687,885.319875475069,910.072879799715
"ENSMUSG00000002781",148.383816375052,143.563085366501,138.728550053095,191.778467934568,152.435790406137,138.310524559439,145.96935906815,146.149733374628,176.560779976383,151.641807450379,121.983890732141
"ENSMUSG00000002797",119.614959668153,170.773019954618,83.000208355984,166.947113770048,145.324226239507,165.945875043251,141.223570499836,176.795839243197,122.618214814954,149.161629354884,119.734684355692
"ENSMUSG00000002799",363.441389588739,305.883195394946,385.411106950881,281.099731321682,299.993398912325,283.040536154619,344.218891455946,284.208635828199,352.773943308399,254.372238382779,346.324517372678
"ENSMUSG00000002803",172.350697393117,177.830164509738,219.452217526819,165.038206333894,236.028910087221,208.365196755008,181.858809765723,181.065132741354,257.523854388678,247.318233937332,144.539307696845
"ENSMUSG00000002804",170.795013386336,234.012818616902,226.770249217798,260.571763538025,201.779776996505,194.111206675047,224.5228261702,199.194139378395,195.162624923373,233.381120550251,168.363638158432
"ENSMUSG00000002808",23.1004773413755,4.04889116534964,11.4015635044853,11.6244744796117,14.0334980669597,5.77106327943174,10.6042721608344,2.9700539938318,8.10925754860732,2.66186333817665,18.5273054180577
"ENSMUSG00000002812",1863.21824306539,1763.75450116797,1922.66405062719,1749.10163149836,1837.83912911809,1991.61136409545,1575.156216145,1846.86885474975,1841.60757688463,1929.72956074508,1832.35671601932
"ENSMUSG00000002814",179.165643421692,231.970345474604,169.469051099798,227.764644935274,201.406353928356,250.722147488262,183.161923064412,169.27849574116,214.941592159363,249.048607489934,171.492809166062
"ENSMUSG00000002820",606.192180418668,772.591532317722,579.470308648853,659.323996493552,510.486237652172,656.08047662296,519.281737226588,727.484940849841,581.482076327381,630.909594416206,609.461572936308
"ENSMUSG00000002825",217.299273315887,125.051379584532,179.174654531379,569.782006331045,184.713273547881,201.007146068621,367.296767119449,331.33241236731,275.562195463991,470.570820746797,237.197528157865
"ENSMUSG00000002831",2036.30021646925,791.620067497814,1426.77131982699,1027.54852720691,1595.73481545669,964.520392997205,1691.66571941201,823.407550404041,1496.95747646231,868.999523670234,1311.8790002005
"ENSMUSG00000002833",658.661492892861,757.661028403173,644.683768113009,675.949387758666,682.804742637445,900.4312180785,570.249942579317,741.246106894199,630.130514074111,700.8169046085,719.596877984884
"ENSMUSG00000002835",92.319235650115,78.0983410181378,70.6355381927595,35.1117712529143,54.6268509760852,104.625945398093,71.8767382227097,52.6097023800889,72.9272103174228,70.877470230057,44.4319251806093
"ENSMUSG00000002844",282.524658272757,318.718126921757,333.050407985544,292.582787950458,311.977925254442,293.845364798383,279.230908038641,321.211294632189,288.709381559537,294.219488028968,248.732665478609
"ENSMUSG00000002845",497.945000970849,490.448642940534,324.033642443585,406.388989355983,289.114492255579,513.900711003761,409.548307270442,456.536954657172,413.192294957451,328.986631761761,461.396212235348
"ENSMUSG00000002846",225.113658556557,291.61018937091,232.16445154447,226.175340700669,227.929905568162,284.682076590556,233.98602414234,267.118874089075,221.30151111958,213.378467200447,218.714410264125
"ENSMUSG00000002847",166.155374137227,101.756646381958,177.636122927042,97.5270437303214,192.877875895001,92.9310622997607,81.8282952507693,90.479838110699,179.948105782612,97.0808884187345,89.4101265665144
"ENSMUSG00000002870",116.722941359884,154.770397564573,69.171962913687,48.9736585068618,87.8203274598505,193.189049772836,85.9510158717233,72.982515722664,83.1094319703275,107.648888745161,77.5274686665035
"ENSMUSG00000002871",322.876138635833,327.862594102542,374.098967199622,376.448559192968,384.105642587566,331.070930314387,466.012548223208,366.473246887776,402.952427198373,483.330179596777,328.879627540765
"ENSMUSG00000002881",616.316546561921,595.443356573801,600.305481673908,683.444081496125,741.318318167474,727.514528296103,600.803157878683,838.479390677191,641.086312949257,612.772062961716,718.450926652869
"ENSMUSG00000002885",157.516947533059,355.256990189054,130.532694297281,138.13050776176,148.793759334135,280.215841412927,137.116951455925,126.875357349799,137.303218060193,167.93382669318,133.285987838071
"ENSMUSG00000002897",368.448600686974,467.608320858634,376.094412845294,305.986161315973,355.270161531572,473.238308386103,371.043660471352,354.982607518236,368.830431158012,423.274724792844,356.179997336126
"ENSMUSG00000002900",1321.46671360931,1519.55304772862,1029.60018177525,1280.51027716614,1502.57260789106,1362.33033468027,1021.45002061281,1708.74407475444,1580.00069586389,984.311315378569,1117.48935152491
"ENSMUSG00000002908",43.8874940589939,29.4612818512427,35.7662010644722,63.9859193000789,37.1688486327941,75.6658054619901,28.3866861741968,59.6877335848057,50.940215261037,63.4750634638696,37.7406058272701
"ENSMUSG00000002910",523.650991464723,1008.91664736335,603.084847913756,3859.84690993936,518.793978548321,845.452741262581,620.322830909196,1241.65707701447,1452.72783789392,1454.3030710525,1905.31235391341
"ENSMUSG00000002930",0,2.13684177843353,3.53427948171733,0,0,0,1.060003481508,0,4.65442238829799,0,0
"ENSMUSG00000002944",14246.2648166147,14559.8348233359,16301.4091485302,16820.1209496218,14573.2334614072,16190.0191780163,17388.5513985574,23000.686793056,19415.3503577804,15240.2391728383,22125.874363965
"ENSMUSG00000002948",382.821052010053,413.049348534547,448.393092140628,491.330855570215,528.558179373248,420.706441019294,427.551594170257,506.157914585441,453.358225289295,478.84656513366,585.026452226915
"ENSMUSG00000002949",876.053767223991,899.168670752342,978.263995155601,1108.47194624039,972.563281049006,1027.95719169928,925.292488004834,1010.34529882584,984.367105035921,875.638539683666,1013.52977396609
"ENSMUSG00000002957",1819.71172311357,1725.88350488744,1815.37099771257,1963.77809553921,1695.46958415006,1851.59957781724,1682.5123295322,1836.43551531149,1581.63018231704,1729.84939579724,1900.07785394481
"ENSMUSG00000002963",462.402980850177,534.06999023731,664.229533072821,291.00779912918,249.054187651308,1071.61899393832,362.979082377636,500.78513285405,258.527617065558,430.865239083153,479.115708266307
"ENSMUSG00000002968",841.789376436393,867.973529228793,973.224969515608,996.255879907177,847.782833067522,1017.37890971068,832.005829664543,928.335950933014,835.690980896268,943.651337263444,944.15895307177
"ENSMUSG00000002980",682.70863143854,345.608528012606,484.699594867128,443.511175591539,462.291941664617,444.072578285925,412.928295684228,405.486778965659,397.399484589049,525.630567804163,553.389997986372
"ENSMUSG00000002981",1918.87304343427,1937.97329474818,1995.54115945251,1998.06688071159,1895.49464277915,1969.15998132742,1940.78054858726,2286.67515643619,1933.82691996897,1928.68953578619,1948.21408011463
"ENSMUSG00000002983",356.399840003709,346.321336976436,256.144017719612,176.672283599648,311.208877500195,209.461206134268,272.881012662491,215.150031437384,169.782248077767,431.305801645961,168.748826176565
"ENSMUSG00000002984",483.733556849417,547.682229746004,474.369726816172,517.200824908867,488.033287318642,713.991056174227,525.585460730199,519.306967018116,484.062521524558,444.214566889347,678.353527484359
"ENSMUSG00000002985",12894.7823486269,8267.04276299695,10760.0159838266,8118.28384472219,9054.82164884107,9959.09105716632,9619.81821359154,6612.04734821515,10128.6466950846,7529.17354507491,12402.10058099
"ENSMUSG00000002992",4.81372763778361,1.07709583594293,4.4289767930681,2.20881992052132,4.41056110234413,2.55541182640671,5.10558151174681,1.94626146843834,1.85637301091582,1.80637636218115,2.35181853266772
"ENSMUSG00000002996",1259.81426081397,1254.04724076476,1821.06608439224,1857.55814673512,1779.60386713975,1123.10876404001,1612.91822026487,1545.34242198948,1312.51731926857,1685.97385620239,1126.96750790234
"ENSMUSG00000002997",208.980449861511,163.405901518822,185.702652359831,239.557061984477,198.64902689376,131.474816938383,189.188603136629,164.84446192418,202.77025894158,222.260341732045,152.721021945267
"ENSMUSG00000003031",260.806350963222,309.545998508531,302.433329967159,300.972284703966,348.543372608489,228.26283443992,343.22915078708,301.659720097202,300.745226011658,316.718025652228,277.646529178275
"ENSMUSG00000003032",151.457768007763,108.073600537719,214.452443729076,197.694441656998,208.883769682735,101.488485736474,140.917989391741,212.321665576018,154.847434658128,128.474074996118,164.398918480948
"ENSMUSG00000003033",383.770663184595,528.133959314022,360.095570805375,462.914721743875,413.429600903549,600.562294024796,346.638866283047,623.084573240245,410.715829579113,400.616895932516,360.548520980482
"ENSMUSG00000003037",632.321307209331,698.989459866332,672.704260945772,702.175716106801,670.04840240277,701.768604276276,657.637206716605,685.521549969283,695.214005258424,697.078864772584,735.73671887016
"ENSMUSG00000003038",190.089236472287,273.447174938063,159.877107168004,191.26726755384,159.450025445499,252.168773577432,174.518912402737,218.000865742299,179.596058275999,179.583162874234,179.662468790626
"ENSMUSG00000003039",449.441082620937,471.04270917058,450.771680668438,350.944940169018,438.376339344826,353.654962897857,478.830370755534,343.804270218014,449.276604836538,337.655113704557,458.965285008984
"ENSMUSG00000003051",67.7319998719693,59.4882932481247,94.490193523832,44.6576035382941,97.2950468857843,80.5856596311037,85.1082540927596,85.6757129727221,43.3312405647966,117.247786259425,55.6106047787162
"ENSMUSG00000003053",0,0,0,0,0,1.28191223901898,0,0,0,0,0
"ENSMUSG00000003062",100.995984140773,135.921090206874,104.01605415482,139.663779538547,129.473198941713,92.7123117843466,117.921940518485,91.2574664894128,95.7559602456698,94.6846389021754,81.3669233645329
"ENSMUSG00000003068",2838.40681345356,3599.88569089099,3457.0918197427,3502.03494630243,3205.3150820063,3817.1868720703,3982.20368340428,3926.04513053729,3090.17451440663,3743.70108579889,3216.71300039863
"ENSMUSG00000003070",6.04672466746788,2.13405966360105,4.41939567744662,0,3.23492985414064,2.55401650601041,3.1087685580976,5.8614207817268,3.73630905148662,5.75685634808232,9.27494510809208
"ENSMUSG00000003072",1252.64341055381,1506.64838881403,1492.36999588911,1583.54778787748,1346.97348285002,1643.90125660372,1486.24599278586,1518.78333810524,1323.01818938456,1316.1259710996,1490.70136923217
"ENSMUSG00000003099",1256.21406607925,1533.07528071688,1582.27802459329,1665.17225936976,1279.04059290257,1588.15936600005,1551.43198614412,1567.65672791499,1411.77058980225,1507.34441138246,1456.76857748983
"ENSMUSG00000003119",485.831468709999,407.730105663529,435.366228242264,444.041485790782,376.3908504805,379.144888053106,441.774660312104,453.649609044825,439.151023519452,424.273725325019,482.759458432692
"ENSMUSG00000003123",3200.7076305208,2362.10295992375,3128.13391068751,2855.5929846632,5645.04260902452,2414.44720380882,3062.25751962616,3031.54932355213,3039.56572526822,4265.76270085044,2290.84769451451
"ENSMUSG00000003131",214.030655170003,217.10064831161,230.341859913208,194.032945432728,189.413609116074,217.649022001682,188.931265320184,197.682258882345,206.429150668719,222.671400149202,229.931008015787
"ENSMUSG00000003134",3194.06777111791,6507.93437282178,9294.26340065089,7104.41799110212,6040.99160258795,5865.1038307089,7962.25720822414,7104.74277564706,7655.45410804709,8737.89967811337,4633.92127509586
"ENSMUSG00000003135",273.661579907508,246.703927504816,254.762228703881,263.918924466723,234.092287964309,219.419291505749,283.382737354799,271.486042814534,277.373318006705,273.372981539227,286.631512733952
"ENSMUSG00000003153",15.008104758965,12.2384068388485,4.05498504047014,2.78402333520788,25.0916865830539,7.20398138137128,3.12148692723434,13.2461729285947,24.9880712006938,5.86076919708242,29.6312160654904
"ENSMUSG00000003154",177.710424568506,160.922522515797,201.725409151649,268.235557453018,192.628787764293,180.740270279724,208.589914339198,198.515298940965,183.781875554189,196.472646307408,218.277355889649
"ENSMUSG00000003161",283.061573986934,334.091642842071,273.005084333325,270.54016141226,283.682042939914,292.819321960908,264.392978370467,267.526351522141,246.54703195836,289.657183426269,261.273692790926
"ENSMUSG00000003166",1259.51896279966,1175.39050028604,1221.29207415816,1215.0206800493,953.175033038848,1169.33689975483,1048.87695558006,1105.86038209348,1216.86860787565,1160.46177670357,1374.24926761106
"ENSMUSG00000003184",1001.58666755439,1067.10063273523,1116.62888768092,1015.58813548226,961.174264265522,1326.83150848767,1181.15104514942,1187.86198619396,865.521899147,1233.13089648972,1257.27106546298
"ENSMUSG00000003190",64.2730018790949,77.9699855581851,35.5455450950658,54.1612342780794,78.2134747009326,66.2863379594336,66.7181695580671,34.4406973858192,47.845485158674,44.4155986567216,48.2586418147176
"ENSMUSG00000003198",114.304051624052,114.806707306756,86.5660892209073,112.648931522814,108.233208972226,100.989404843286,107.525444263153,103.189645444347,116.073702397194,102.179815805201,116.275765163445
"ENSMUSG00000003199",1541.89816123118,1672.31861536099,1562.96962364263,1838.59223022043,1421.02557558093,1852.90244083281,1695.03555234432,1676.15071456324,1494.45886033884,1517.70085779254,1517.28146394533
"ENSMUSG00000003200",393.092000653908,468.123759878143,372.780002091852,373.678664976349,344.467074763683,562.812240515167,352.967871176631,398.718300187734,386.256636373244,430.004579295093,451.51832460498
"ENSMUSG00000003206",12.0896915177274,14.951806168152,7.06729951495837,2.18935795948732,10.7327026553989,17.8965637973449,7.24769544255097,13.712622579479,9.35761536752263,21.0816167146347,6.93267920258199
"ENSMUSG00000003208",130.877121722294,150.837159756027,121.95694043359,126.27408317003,131.087260161943,173.609781629486,134.296317605989,121.460058944541,124.64867984268,161.127938215778,164.013497359795
"ENSMUSG00000003226",2412.68868662696,2074.93551680069,2205.75774229539,2128.33769851081,1923.69801208856,1531.32105161884,2352.41142530677,1711.9820882388,2553.10263757963,1941.44941078518,2589.15500948735
"ENSMUSG00000003227",6.79193086896899,4.29923107962729,11.4746854155725,4.38443388678718,4.21777654714722,3.89098809780594,4.10001759193551,4.95304007128522,3.78283758011784,7.54327981951443,2.28684772342099
"ENSMUSG00000003228",238.23141675925,118.66688530416,148.650664178839,137.081716766907,147.296997329073,151.447090653357,214.590538694964,286.975629674635,135.235300486491,218.241859292331,137.561312257532
"ENSMUSG00000003233",599.461337483565,584.502548413273,537.862665311215,636.174390515726,504.515055002458,631.894440278274,574.44348990638,679.509413373212,626.33457319179,635.56092065672,783.926610123386
"ENSMUSG00000003234",1162.58793718088,1340.68801193202,1097.06186031021,1341.51605919487,991.360577451845,1259.97011996981,1241.60621740578,1108.02132779539,1370.67528381502,1090.32359696056,1342.61204430075
"ENSMUSG00000003235",1233.98385066463,1485.34226960934,1080.15820578473,1482.40073071406,1209.64727922528,1651.56346094736,1430.49394179511,1352.78768001741,1204.52662303165,1221.28931921709,1519.09690317731
"ENSMUSG00000003269",888.61170613616,819.003300971559,1009.26937904033,848.759162676341,1054.65308777552,826.013475483408,1022.4641993804,874.622510500101,830.52089746973,993.574799649938,702.1122608575
"ENSMUSG00000003271",4.17214880758939,3.153143569361,2.60084184778849,0.708538398521075,9.92726605931566,0.9473524761714,3.02127136350806,0.726347299431852,1.3865312174837,9.1692979038313,0.845156891727238
"ENSMUSG00000003273",23.8579719174919,25.7984194860911,27.4075399885096,27.3486192977568,37.196593721842,36.054333609704,26.7174676357589,25.5762373783954,24.4631397405036,30.2605462344439,36.6871039190166
"ENSMUSG00000003279",1.45222569267312,0,0,1.09263880529491,1.06201469548255,0,0,1.04165585904737,0,0.836646279087029,0
"ENSMUSG00000003282",3.12120130878948,1.39765202619062,8.63158731134729,3.55459396727149,3.4306564374035,1.65884174459813,2.6794375185058,1.28115331397868,4.26488102180944,708.633612715716,4.46448614472094
"ENSMUSG00000003283",126.112745803647,180.285294650831,93.5155833306493,145.800946449382,111.551877538363,128.493228657913,86.7207579430252,109.433282139379,82.8503830433659,96.1200347752779,82.0227317987871
"ENSMUSG00000003299",524.830661731703,577.227659144363,566.347075342384,625.993534159558,551.243591652867,631.090501290645,599.648147618416,612.153358980926,562.954007477238,551.719017917472,560.705748700228
"ENSMUSG00000003308",926.519151406038,865.704341381476,750.28701407953,914.635290117326,719.610753345651,917.82581353092,867.812599410003,797.167699074309,872.194072231885,928.725728708843,956.944263300239
"ENSMUSG00000003309",1909.02229205001,2250.16700040771,2290.81972755317,2548.50693196702,2113.61272176813,2305.69100445735,2349.40804929625,2412.05830078013,2169.65535486524,2172.44502612986,2292.15423074083
"ENSMUSG00000003316",1085.35071456331,812.189424087554,938.181409539841,847.782682086146,1033.58005372138,662.575931899702,913.909058070935,918.158157331813,1012.94963629916,951.55573338378,996.21201940599
"ENSMUSG00000003341",0.842377318555874,1.61561685769271,3.97958904268829,15.4957727051025,3.94621477543311,3.85841914285847,48.5912011302421,5.93033050604465,4.959291086062,12.6087235672028,6.98681970959038
"ENSMUSG00000003344",195.163194749008,186.388484242122,192.113130524247,204.965754048092,152.065525341723,228.102833477526,157.831408140388,233.789835624558,206.661546106573,171.019594237915,188.681303539554
"ENSMUSG00000003345",1297.96633102792,1578.17367273084,1731.690864165,1492.68389003642,1672.20232776358,1587.79964270694,1519.17972367015,1668.31742736433,1449.50462403242,1554.11971215635,1484.80907222603
"ENSMUSG00000003346",994.362872867696,990.747175423562,967.858215614466,1653.98339416242,691.131145961702,1146.41111051731,1196.19624386178,986.50871307701,871.464988387037,929.186083871502,950.58071996279
"ENSMUSG00000003348",56.1578241859231,84.5482591588642,44.0821947152644,59.2458818586479,55.6794083001202,79.7510515359114,48.6234670110674,55.5720283596839,46.6434307658331,44.9323457352722,65.6841091407599
"ENSMUSG00000003352",141.004814263398,175.339381980138,106.433398757537,129.489906624856,91.2057382947555,135.317472760418,87.279177234459,78.6071325812686,69.6705902787331,109.959111315524,79.8459249249594
"ENSMUSG00000003354",3.08824305520345,4.77817781167758,6.33015898502618,5.83283802543207,7.53646510165062,6.82894530148684,41.6911456453038,6.1973517284111,4.21254155417486,2.51666602699735,4.09454572849986
"ENSMUSG00000003355",676.480942672564,2061.84987604266,552.285945145893,1336.31239321222,848.662627260204,1868.97134679,1752.12046571311,1802.50432700338,907.108589842143,1002.9427538684,1297.29506113772
"ENSMUSG00000003360",1362.77419940485,1403.16893132231,1308.58314014895,1479.28367105657,1441.90569992131,1667.81098018783,1372.72891225062,1501.43267011128,1339.94114602269,1399.90429373063,1664.80913280472
"ENSMUSG00000003363",1170.41289118533,1353.8891987561,1213.90826153446,2015.41925668384,1301.97696119696,1351.16370023681,1362.19914404082,1763.24877193711,1282.93735003721,1244.15065784257,1017.32315790935
"ENSMUSG00000003378",69.9555845664186,112.673930487629,124.834133196487,139.489695321861,103.447444872098,123.518990134583,99.4256241227087,137.251518721162,84.0048515069489,117.114267107022,147.337414568167
"ENSMUSG00000003379",126.86589924399,602.856078688055,47.4680482058995,29.7446230124488,38.2912275611341,430.206454307353,32.0095709586731,39.3444007197706,44.0250419825031,124.564102396341,10.3957171694754
"ENSMUSG00000003380",1891.88256433782,2445.83653531535,2423.18264735492,2854.90215617082,2237.84370668591,2442.59964950369,2802.91195906788,2595.61126813512,2374.91203187426,2348.5909351243,2501.0076434515
"ENSMUSG00000003382",344.78118311158,207.534221308237,277.018700682395,233.572527196799,258.962826597432,269.703247072186,275.508681255628,175.451718197524,280.56742752644,152.778331558657,286.062012031171
"ENSMUSG00000003402",1518.5532839715,1449.26553171648,1478.27725646519,1505.11341703352,1347.83604949333,1532.11728199614,1457.69602080323,1644.22720362416,1210.02105376889,1342.12324011939,1234.48884061588
"ENSMUSG00000003410",0,0,2.14806585437965,1.34073604916874,0.706713224915762,0,0,0,0,0,0
"ENSMUSG00000003411",3.32750837794049,3.18840834896836,7.89847171561608,7.73300609584535,10.6164702622559,1.29855170049529,2.06613357911316,1.97153986566374,4.69253188434178,6.7107286579641,1.15450300049679
"ENSMUSG00000003418",4.73246395135589,1.07522843301398,5.2901627769104,2.19990841582854,1.05921575080621,3.83802810134429,4.1643078736562,0,7.43733007567216,2.86617370752593,0
"ENSMUSG00000003420",492.514613148928,376.340551702266,421.105487146251,399.566107906169,397.401951767618,345.507123068545,410.348942954307,326.837393568235,483.349698755016,349.890629722739,336.840714707973
"ENSMUSG00000003421",320.027537545452,387.282566588193,366.420867558251,387.673121610444,367.47085374229,393.17186365416,400.595811615244,321.796393990742,414.634316950125,361.528449270091,416.715152549471
"ENSMUSG00000003423",385.626723343155,433.191784118632,469.271949148233,424.050289609541,442.194811805684,437.622551514129,455.828099138019,438.340987389634,439.000589498047,433.393198323066,313.851619866737
"ENSMUSG00000003429",5268.59802895898,6715.06865965802,6094.35165242358,6534.50457502381,5969.96252809838,6602.05391936602,5899.74373527169,6060.70920239892,5933.07334136834,5268.44966131025,5921.43898950066
"ENSMUSG00000003435",4283.71166435148,2691.85134941286,2262.19565403092,2524.50037969191,2272.13630203472,2983.81203502181,2184.40775928539,3165.84727661771,2527.55357010649,2839.57801896875,4424.49037528899
"ENSMUSG00000003436",0,0,0,0,0,0,0,0.989290789038569,0,0.939505380541442,0
"ENSMUSG00000003437",686.397603587198,732.653553902161,699.331837975977,756.630194576575,553.626243210985,758.676625247572,724.607668585375,708.812523458526,741.901868930619,672.570871214161,797.665783776531
"ENSMUSG00000003438",484.784712387805,518.604031290109,529.160833134685,541.107845656555,504.297312093183,535.447220532752,587.229728555909,500.238631073699,519.22963718704,522.715666997041,562.766523422585
"ENSMUSG00000003444",167.06687034362,194.718595170168,211.472992014306,187.654732439168,206.938950215606,206.230472548785,187.629663945329,185.147513300681,194.284882309869,166.247673750835,188.410805670782
"ENSMUSG00000003452",15.9026218337118,1.50674189894306,37.2165342937059,1.87152206506431,3.64970186811611,0,2.15713537358952,2.73562810948713,2.93162897786506,3.9476688045395,1.94427035549759
"ENSMUSG00000003458",1899.39128995823,2249.18836939721,2069.63271637261,1924.73828935468,2245.11523040158,1989.443700133,1888.81529395014,2131.90291450555,2082.91679490084,2414.48054178082,2168.67678933337
"ENSMUSG00000003464",555.743516346815,537.707521396335,517.35579936051,550.51806630825,555.554719412279,553.311135335463,662.063186347635,521.447232536281,552.665310089319,503.446577876486,649.477723148874
"ENSMUSG00000003469",77.4801430932648,33.8444327765824,28.6413294492723,24.4335681930744,26.5635694367583,25.4174557966701,36.5795112333831,68.9061900202752,35.03095894676,33.640870385149,82.5367640054676
"ENSMUSG00000003476",2.66256592549591,0,0,1.10070191469314,2.12619346931917,0,0,0,0,1.89953526289974,0
"ENSMUSG00000003477",25.2203741221128,26.8721850078534,9.70224341797104,58.0407087302309,67.0502507034049,68.4239157508618,39.2094786556513,37.1423487506875,11.2262180055541,37.0821355715929,63.0486937011785
"ENSMUSG00000003484",58.4085189870882,76.5766099711453,52.20467371114,115.683548005021,46.5092356152117,140.682476431879,24.5942953422542,88.7828783905029,51.883117004353,88.413765509979,38.8235694818373
"ENSMUSG00000003500",700.830991114812,921.474999149395,682.504629850778,1012.04295525806,749.767975737758,992.742414564465,1063.21290005322,1096.95522532763,889.014731783497,805.145120857387,1203.66993727977
"ENSMUSG00000003505",0,0,0,0,0,0,0,0,0,0,0
"ENSMUSG00000003518",80.7595631564687,68.6368830435146,106.755628716546,90.3616706147529,80.6632784440746,95.4699488624792,85.0149802104963,100.003885088294,90.5042958974086,78.1083350205563,112.808308081757
"ENSMUSG00000003526",164.071268005183,144.476788050324,348.39869048287,302.83157875179,88.9085818877438,190.54490792287,194.27606772322,167.70233579427,254.234032375469,287.232615072971,358.631529844757
"ENSMUSG00000003527",380.319153537772,320.631056566028,306.301807750337,284.621375333118,330.724737065763,349.253875133379,323.103957177552,339.428120802782,356.929625659473,336.782849221315,352.964482651615
"ENSMUSG00000003528",2329.04654732359,3455.10509910393,2055.66541476991,2989.84887585352,3034.6407956674,3774.42282999136,3160.25304357321,3193.49780369319,2391.32694656865,2921.29052218401,3323.40976083462
"ENSMUSG00000003531",481.626543601272,563.451908831544,557.752134900073,598.129340967576,548.031283728497,633.429072245654,656.20889493979,521.276914551518,509.462248200887,609.891772439033,539.362900471156
"ENSMUSG00000003534",1658.7882777005,1062.72455793441,1715.87026257973,926.027280339751,1684.15704976293,726.096374855525,1376.70068059748,1355.97344663941,1615.56656778638,2199.96041466803,1010.94129610988
"ENSMUSG00000003541",900.358747702598,911.192713801531,1764.46017630417,715.495929108865,804.854000912737,544.255395726645,941.117306645509,579.223238571055,797.370424651441,775.599267317115,240.761180309772
"ENSMUSG00000003545",439.605070164339,224.928059186678,581.255767891077,631.931937018903,447.028639874485,148.647354929913,261.681281176755,773.453202635484,467.112944822235,293.089051863895,422.750833818495
"ENSMUSG00000003546",1158.70814469075,1361.43298170436,1407.28973911139,1406.1044182771,1378.81646764697,1556.61121857957,1317.3574294171,1470.53835563788,1341.11111389352,1340.39001908204,1305.26983491217
"ENSMUSG00000003549",104.965110981507,100.433743749886,126.859546266253,133.016437899333,111.107413211527,125.555172157171,86.9098771704243,76.6429502653365,82.0157547541445,117.049465180015,120.364210065648
"ENSMUSG00000003555",0,0,0,0,1.05095675570363,0,0,0,0,0,0
"ENSMUSG00000003559",65.7095408632796,93.2081636551961,90.4852028791684,104.386582215021,80.6530578264156,159.944566165803,115.123634783194,84.7451551304944,54.5666532835683,114.669635259736,83.4971362191797
"ENSMUSG00000003573",114.671992347046,78.7494630761211,233.718583225285,159.900591731235,185.41682136218,63.3522138907847,82.8422186511835,90.8112312690218,84.1316542287486,179.400106449072,58.395415361191
"ENSMUSG00000003575",97.6503807921906,83.2115908136157,77.3462453666449,82.5455774013122,77.7504123679504,91.9379344853328,72.7605146570776,117.300709227665,83.0923333806615,99.5219739717337,81.2371866518209
"ENSMUSG00000003581",101.177365385411,159.011771484763,121.494261065453,104.335638451535,106.785303062871,112.552101919462,114.716517550192,125.606663250632,104.644704328183,139.553795396868,132.58766363089
"ENSMUSG00000003585",135.52346590851,92.1869923583409,67.2130812425509,97.3774420873307,41.1780646831321,97.7745272921734,99.3316080628686,106.042341082163,78.3788609169758,81.1591313897168,256.823306196767
"ENSMUSG00000003604",333.161031814435,374.077649935764,363.686741098492,334.969896779388,341.358559446647,364.244431727756,361.754661084801,382.684346298195,356.039176124766,358.122702815082,284.947261939033
"ENSMUSG00000003617",5550.83358917872,4061.21793393042,3402.41697529231,6941.25368126317,5355.73293724503,4743.81065417779,3625.21560320285,6096.09655109527,6616.94826866259,4046.55636503935,4278.01978059147
"ENSMUSG00000003623",100.134657317008,70.8131274067403,73.4884425350728,39.6570618902282,65.9353950549481,55.2888208866477,57.5052552579229,50.8948504397536,53.0215800986924,71.6738536190834,71.5844779825612
"ENSMUSG00000003644",1281.42275656385,1368.66768290819,1328.75244621415,1648.43675442223,939.975886436255,1627.15718997418,1242.19561829984,1351.30601958388,1476.09373541688,1396.19376317232,1892.15684711758
"ENSMUSG00000003657",0,0,0,0,0,0,0,0,0,0,0
"ENSMUSG00000003660",1548.1681666099,1415.46884759153,1338.83172402029,1400.73556204168,1434.39455845201,1437.6248382428,1239.91213748032,1435.75478319735,1395.56535687506,1361.20517509065,1600.11472361888
"ENSMUSG00000003662",580.352510120492,752.479445764707,596.317763099563,468.057433452172,386.704418171185,443.424439337181,611.279928314892,439.018613386094,823.273152632777,690.33481951252,446.988205308596
"ENSMUSG00000003665",0.685966034444258,0,0.887777647028943,2.17644210720934,1.06262092677162,1.28146429064015,0,9.86989861866536,0,0,1.14394951818864
"ENSMUSG00000003680",161.717709071304,169.685353743443,183.898026675358,165.165837966936,144.015974225915,190.106097549541,151.327350733131,153.946515231348,158.686332602279,167.03223634864,167.609890774818
"ENSMUSG00000003721",252.860258145205,246.206550320446,208.780019961832,153.078681617355,313.367047205221,165.989048407278,197.324037178565,165.226956332276,211.754406003646,147.814128258746,127.363988036988
"ENSMUSG00000003731",458.679372586314,344.833865906747,386.504200381071,405.378992529422,408.909056090781,445.65062772107,359.460450864241,408.491904997507,467.663878744337,402.948663402789,552.651693099223
"ENSMUSG00000003746",388.623201317679,343.059677524717,315.082985306545,320.851046868418,396.620427672108,313.836282455132,323.68609372834,456.881825815134,374.078394427848,302.573654704137,351.619718287611
"ENSMUSG00000003752",139.646568435726,100.600045906222,194.791237876052,132.918426103296,221.929602769664,111.038127323059,174.014876529534,151.044400494651,111.497284349274,206.276878624165,106.054955318131
"ENSMUSG00000003762",292.346984702468,270.939401995459,322.083196736422,297.591764077674,282.699315129327,296.46360292661,355.336719836876,327.891072973224,271.293436772479,295.459612006752,310.966370853488
"ENSMUSG00000003778",943.926050360171,877.633148911036,855.072224107712,782.947801308607,952.884097611883,878.276372861897,888.775299739938,885.376856787651,872.895076483404,1002.81563942918,880.661447201361
"ENSMUSG00000003779",36.3733906766094,63.5633117075415,32.4437623807881,28.9848986741812,39.5431549328827,80.5268753120881,21.1104707668025,30.7162927372507,27.0972363854407,33.2521317849123,14.6982765256742
"ENSMUSG00000003808",688.381921066537,688.833923618292,595.430432421,558.875184301446,549.73659084688,696.532381061635,588.52363111537,616.536301262057,590.100496074836,610.099732098358,883.313109065789
"ENSMUSG00000003809",874.715572507136,898.596546741645,715.763842926658,948.262058030809,664.190311455345,1046.31040501372,821.154891366793,1018.57594610464,865.11838890637,792.474381436807,1037.40436784142
"ENSMUSG00000003810",1082.74620207222,940.107337538417,1028.21788902774,1070.72906023573,1157.08945339998,1216.21498185174,978.178171137245,1185.53967911082,1083.57573190034,1000.10903185342,1067.71237119327
"ENSMUSG00000003812",442.851290530212,459.36316520138,569.326198168643,521.933214097068,718.045638039001,410.154069833811,449.670808371699,471.799364209088,663.563762387104,720.044920121344,502.594119587832
"ENSMUSG00000003813",536.017096816451,620.213453844225,538.78495765181,640.355045255102,552.840822035998,700.919637432306,570.368317418219,632.388688261533,557.677827948739,558.356969051114,659.20272836426
"ENSMUSG00000003814",8195.9772797734,8313.92553694445,6026.36164330618,6512.82811733138,6402.19266254362,8991.39124485212,7350.31830211448,6837.09749109547,5419.50535631495,5157.17539024707,6018.64375247788
"ENSMUSG00000003824",12.5479012071076,9.90165900375272,11.3333167197837,15.0563680809756,10.165872169117,7.89397075110816,72.697475759065,14.5874479119681,10.0713404160701,40.767970998516,47.1777319781719
"ENSMUSG00000003847",619.108335417606,391.045726042304,572.978031163328,582.892962889908,265.04083136874,91.1406979458918,598.049925384109,185.492909055268,407.757119484118,233.036581777845,396.428269933302
"ENSMUSG00000003848",220.530305722973,181.857676742115,213.779792785757,230.874129500825,245.508095359605,206.866646730068,196.049662074359,195.213586871679,242.16466540133,208.487644320037,258.560417433364
"ENSMUSG00000003849",33.5697585248606,21.2752849842895,16.7967656956039,20.8091887450904,36.028451534127,22.9867542229137,29.7376124342733,25.7360027498192,26.3364423177864,17.1141381165715,14.9983310946917
"ENSMUSG00000003863",101.654688901376,81.089196587845,72.9362183406072,90.8640973672129,76.061465171197,121.169654669917,64.0962583724404,103.754194490931,78.7697563462949,104.478171287216,120.467485297236
"ENSMUSG00000003865",575.453738014202,430.456824673318,412.025441809826,442.068213711882,531.676787848904,533.206506863755,420.669084178445,440.888673552181,460.6623735534,428.585560516453,463.057500010736
"ENSMUSG00000003868",344.904455528917,368.195076898873,341.816284044301,302.400639566102,307.965597759649,372.897375611385,382.765988395592,350.86638262604,342.914719706407,319.687088744085,366.608934342755
"ENSMUSG00000003872",5.97581305736492,19.9210762217126,22.6612188037582,14.5965837203659,19.0431334702997,19.379892855654,20.2350844210882,26.7696712886891,15.6959982473332,73.1597496284724,23.552544636934
"ENSMUSG00000003873",1240.65119776889,1058.31118907706,1248.10942253442,1166.05470267096,1564.89885138198,1232.9178533663,934.552088836369,1130.29491623974,886.273118641839,1191.28571288045,887.594027904707
"ENSMUSG00000003882",28.6656222669199,82.8460883355744,9.78679794137334,18.633988837503,19.921199041593,51.2550789320585,4.12435180800224,9.81496578102163,14.9361617282377,38.7983602525334,9.18000275117372
"ENSMUSG00000003923",187.261092230235,176.967574601486,200.142671538231,200.603661059009,149.529121858815,211.456974243369,210.438595845254,175.677861699852,175.713308313823,187.351347545458,197.077897020431
"ENSMUSG00000003929",72.8989735818134,22.6658387167033,32.7674546985514,167.899796326758,17.547347246016,22.3998955743397,21.6856764399835,89.4839403587751,91.9448512296074,23.2706146497792,20.1548638555459
"ENSMUSG00000003934",1.36660005031342,7.57754249425937,0.883808099052345,5.45394583314491,0,1.2904089303812,1.029972029442,0.9838342590638,0.941712487136002,1.89688314090436,4.57015502686292
"ENSMUSG00000003948",106.847870080964,101.174088840156,75.7330406658794,56.0752344715368,146.669170303245,79.1382240533424,102.519866358985,102.934101736209,87.5142274256049,111.222292172144,42.7053013693434
"ENSMUSG00000003949",289.164121072694,232.652044554104,248.706444544112,318.565832327497,255.127774833062,213.998550007498,282.824160149476,229.61155463844,372.479341379975,258.036979579159,449.878607322626
"ENSMUSG00000003955",187.830167886165,179.090432602593,151.663713127885,182.846895984051,206.778208683488,173.572133065902,136.454010922348,143.550519256276,173.346675461433,131.557638640247,106.173149647712
"ENSMUSG00000003970",10241.5448803177,14142.6566170942,11925.5029637793,14468.4085972911,11993.8015600207,13897.8241180543,13235.3465834835,12169.8366025963,11562.163980506,11440.4788417864,12500.6283157963
"ENSMUSG00000003974",0,0,0,0,0,0,0,0,0,0,0
"ENSMUSG00000003992",124.64343927262,91.6422631679616,128.294059229056,113.956444693715,98.6327548853881,66.1267358510001,119.681114699047,88.0722915571852,116.724510748147,118.77490011591,94.4322097668548
"ENSMUSG00000004018",98.4845869774336,132.452896415508,98.1582190963248,89.3799067230079,110.135058374584,102.828311232143,114.067625561173,92.8856465172666,106.807571548068,75.7659766641751,80.8558585301084
"ENSMUSG00000004031",0,1.07814511658584,0,0,0,1.28488071281649,0,0,0,0,0
"ENSMUSG00000004032",155.299678754522,152.170857927348,157.153679552572,149.265882531713,131.649973776006,157.580229227583,186.630388384782,167.67185874085,150.91302912865,149.883992633217,163.432105505431
"ENSMUSG00000004035",41.1596180612305,79.1689095634352,54.3387629909222,64.9680269737903,37.088117727786,76.6067946415266,56.7448714427861,67.1434917112989,55.4090258550005,61.3367569200576,88.9040349121343
"ENSMUSG00000004038",0.689939267648385,0,0,0,0,0,0,0,0,0,0
"ENSMUSG00000004040",3314.03538384185,2193.90786407106,3458.11337045167,3459.06691123975,5066.75944297638,2389.08543165131,3286.19107274162,2752.14648176142,2907.91223478102,4180.68176319486,2758.42256127535
"ENSMUSG00000004043",2689.95361663758,2915.080031383,5220.44653964495,2711.58011043483,4170.16319299061,1360.54718571461,3899.06893215834,2560.35057656906,6468.26217254129,4074.63468865551,7358.09862923253
"ENSMUSG00000004044",711.818192479217,596.294697339084,766.371178419665,604.003548405122,914.201330406228,506.166795914651,690.358716144822,704.383066978014,711.76144480685,655.414243457702,683.097327879377
"ENSMUSG00000004054",1022.55975305352,896.542117807653,1021.55922294744,937.908689449328,899.012627022914,950.35121353038,928.770060439033,835.458841929359,964.699797431521,1035.73488631077,1038.47866046765
"ENSMUSG00000004056",996.059821987494,709.693747160595,812.012489919008,810.534560522963,892.501685270497,675.693741485459,657.508734433912,665.321727659056,916.590685010085,829.121238909837,1118.75172339673
"ENSMUSG00000004069",550.685033360598,502.270543013411,437.03217415902,461.75257170245,403.75759454113,566.566479554151,508.415867426698,490.870517651573,524.2223948785,436.379281798875,583.865769989334
"ENSMUSG00000004070",493.510487253347,588.506090224766,478.667934979656,479.611096138809,484.691829817039,456.468222125415,502.658960534111,439.568565043438,417.856537985512,506.661446581775,342.5519392084
"ENSMUSG00000004071",220.352394257493,172.529004353352,239.980244948536,214.662817172184,256.543973569441,206.980832080239,205.981695006959,201.255252656122,246.549742482267,232.316407704556,245.857164147879
"ENSMUSG00000004085",465.147740619196,203.090039527511,234.103327343288,243.089751043382,226.0951799626,283.978089918598,185.433605931331,440.754948939232,207.56955405095,244.863454043754,214.094733732141
"ENSMUSG00000004096",739.539905227906,841.779194855477,915.210375719425,654.544262806798,826.383776996988,655.593305625728,721.04579580373,946.696880757017,560.937543270298,702.219521961576,537.772161230825
"ENSMUSG00000004098",720.476962294707,724.74581011614,664.548658216341,268.697346005728,1254.68655982445,522.340930644034,606.684305919108,689.315094800919,442.11527329206,551.070310283932,358.70717866758
"ENSMUSG00000004099",1021.25857789628,954.762294568449,952.946242465257,861.264687784607,980.198683848699,1199.12308525827,786.43399588548,913.121319822309,1111.69138707386,1147.34119692502,1208.80680783927
"ENSMUSG00000004100",385.372197035832,432.183593337219,245.386791240463,275.114174958207,282.599830860977,497.548291426484,344.802203219599,304.713605741326,326.918841258695,298.22649849622,502.743503679116
"ENSMUSG00000004105",244.18088123454,159.52416821063,194.627225582092,173.10684203688,235.875183687907,152.023962689381,139.464035969432,168.871204867839,222.544821422368,168.393225817369,161.816132018787
"ENSMUSG00000004110",177.219375199501,187.065567931144,181.688361505153,237.420143774244,152.683266228672,162.968059831708,187.175890811218,163.133769478398,217.894006910825,168.629328375061,166.420118000751
"ENSMUSG00000004113",26.8270050532799,42.8923685097265,0.34101447761371,0,0,1.45164422347778,0,0.761096251659369,0.363398545880011,25.932625798574,0.438146044683122
"ENSMUSG00000004127",37.9420683902339,34.9204567125944,43.969822542206,31.3069132577235,44.3734035773077,110.267056014301,58.7595192716055,27.8423433491304,39.8203757978138,18.6818981976056,25.1477551016543
"ENSMUSG00000004151",6.8157583780163,2.29365107027614,6.38917963598231,4.11721753452261,8.43796006724126,2.74144570274852,4.80976605911543,11.9387205250821,7.11147768388612,2.02720426289703,1.23429679248651
"ENSMUSG00000004187",514.190828566414,622.111284213092,1463.4034080678,734.151902477229,863.069052526194,1095.98090529568,1454.53708136539,534.032016513135,930.880967832965,648.200770797574,958.223551512622
"ENSMUSG00000004207",11380.0802180426,11904.014025378,11153.3964660237,13752.3091709033,11151.7665810187,10876.8963709651,10698.8479367211,12460.9560105273,12109.2067694081,12983.2018658497,11627.273162819
"ENSMUSG00000004221",281.811240045882,295.319024525415,314.311137968402,319.673337068364,295.203276797777,230.526038515055,297.546631538948,269.139593384757,297.401725741508,299.900231684025,297.784826785353
"ENSMUSG00000004231",0,1.08064173486522,0,0,0,0,0,0,0,0,0
"ENSMUSG00000004233",54.9898848192503,79.5471370549465,62.1059020470487,48.4432474871503,46.7468582530622,87.8646722812937,51.3046268216079,41.3924035615329,37.8254991241318,98.7273352309128,64.4214084951534
"ENSMUSG00000004263",1068.49465559578,946.272451641372,1073.63335740334,975.062079245986,1390.05072984918,1206.05025250649,1027.21767669215,1209.96803194789,926.049712291627,1119.28125775247,1462.06224347939
"ENSMUSG00000004264",1215.70081924055,1357.15665282402,1137.25898705617,1338.44632812066,1251.94045717132,1378.9401869949,1213.40356995625,1276.04864445749,1193.86566062629,1121.21179541368,1254.35267123433
"ENSMUSG00000004266",386.840281928592,1224.78456823558,262.079715230064,304.81299168435,218.925452209185,901.260750216691,395.863286882352,343.049468702702,275.354840794107,477.121301629343,260.254907734976
"ENSMUSG00000004267",5.63514588954087,8.86579057612026,12.0880420601145,6.82582830721182,13.212338202954,28.7906338131438,10.7100008620868,4.48216635077379,10.2980910528211,10.941265540054,16.6349945893082
"ENSMUSG00000004268",724.217987225536,762.712333129802,642.253194036147,645.984229884662,670.161310341692,760.797444118637,760.745814087318,718.695186816373,685.377133420691,630.265621931095,758.01863885278
"ENSMUSG00000004270",1152.98441754982,1120.45249494639,1053.4852284049,1123.14226651805,1233.46755681813,1014.00267083977,1074.04493181885,1167.95218004758,1053.3948061309,1087.95728258149,940.659532070189
"ENSMUSG00000004285",779.125060436725,965.90771774539,878.604270536757,855.933555144098,842.705922147787,874.024435510139,930.01084773987,848.553942092965,797.918883797293,804.51967560665,861.613777091588
"ENSMUSG00000004296",2.05815747107905,6.42140693798648,3.54196225027042,1.09525459126056,1.05798062007531,1.2804142071934,4.1037078028604,2.97339728755685,0,0,3.45002568055694
"ENSMUSG00000004317",85.0060027118419,92.1681468284547,89.4466171219558,104.746237343521,64.8502880710159,27.5571805992324,145.100040303341,60.9281078031966,96.6519176762273,121.014410374092,154.721979011574
"ENSMUSG00000004319",1300.56393596424,1158.87145757563,1230.48401759155,1258.98551159142,1112.77233983344,918.152411572483,1413.16453281249,1282.2567899288,1330.83345945576,1094.48011719073,1294.92196575314
"ENSMUSG00000004328",2.81395667970284,1.46804912769336,1.80980354446428,28.8520621581027,3.6122115852236,18.9529639245257,1.38856596750916,0.66767913217413,2.56088883776916,0.635344944707853,0.775697702612277
"ENSMUSG00000004341",0,0,0,0,0,0,0,0,0,0,0
"ENSMUSG00000004344",0,0,0,0,0,0,0,0,0,0,0
"ENSMUSG00000004347",1.85601669909783,1.15830095193219,0,0,0,1.37205969858408,1.10788209185872,0,0,3.3667507839895,0
"ENSMUSG00000004356",989.472637195312,236.880959332131,561.318872467452,652.89487220766,1299.98698864288,473.287504340093,494.071017554912,412.770499692673,684.071355183897,770.048024442097,905.084664502494
"ENSMUSG00000004359",4.32310516130528,11.7035975206394,0.805672412663907,1.00805705773909,14.5228122198446,9.34158447541885,0,4.47148686625012,5.94352834500543,4.40166222546978,11.6173104301466
"ENSMUSG00000004360",13.6618333563351,2.89298630765556,17.9493031982631,20.9207972617358,15.4413096744919,6.81591302871567,8.32173570383608,9.47463648086287,9.00288646408393,2.53111787648211,5.98564689009028
"ENSMUSG00000004364",1517.92044415754,1556.18219700929,1633.53681614804,1733.49864289525,1669.93825613424,1604.7288842065,1541.63115913979,1860.35247411767,2197.79022838244,1704.29351381764,1639.31143570545
"ENSMUSG00000004366",0,0,0,0,0,0,0,0,0,0,0
"ENSMUSG00000004371",1.91621490838785,2.02967792829201,1.6738027759038,5.21466699228061,2.04443631069397,3.6597587198864,6.93302253133587,8.30982807046139,1.76712008368776,3.64862757076049,4.39558299367364
"ENSMUSG00000004383",308.54084522371,256.738702743773,302.88759863568,317.731763708425,294.62577659975,282.066602207777,300.876214307998,316.625976800054,331.954550770512,312.22296281156,321.913019048456
"ENSMUSG00000004393",533.316777875736,461.385076642977,399.525562580936,467.293182848221,379.338710679732,594.619598437425,458.653604378581,456.45373290263,519.225776550769,433.394902995058,565.09827744465
"ENSMUSG00000004394",880.951104680187,908.84233774697,1002.4347524551,1120.79300119721,875.226093201094,936.798919950363,980.488789277978,936.375063057165,972.676116888396,886.64246515422,892.582231149282
"ENSMUSG00000004415",1.37347354135606,0,0,0,0,0,1.03165476557625,1.98059614985547,0,0,0
"ENSMUSG00000004446",140.315148697091,101.249730064811,69.445220777258,118.221068040664,29.8588989806958,25.7606870535942,63.8583901037842,12.3219425973707,114.128982150011,21.6545268781017,73.2724016188577
"ENSMUSG00000004451",232.640593675161,215.048368421653,197.974524746889,241.045624194332,220.209103765437,148.863600190368,176.834446367243,200.338260400994,202.313009872471,196.492513700522,258.067046372545
"ENSMUSG00000004455",1714.18684423015,1420.65655504418,1876.42232726548,2128.30822782453,1750.7783974177,1585.3250018297,1807.28113494686,1872.94861924445,1691.35914150015,1773.82962851544,1707.16163792793
"ENSMUSG00000004460",1105.92262383966,1301.24224341483,980.065333653266,1190.61341233785,1090.55656717578,1515.6283820209,1122.63515797713,1057.16771983191,823.373659055705,1021.37841504211,1114.48096103345
"ENSMUSG00000004462",149.295186436546,109.324331159252,221.588656700962,198.027333196502,189.507282494237,103.370127582901,88.4004971695852,124.490357021536,114.26446102242,153.91983366174,192.170790798435
"ENSMUSG00000004473",10.8738333790771,14.0197791383186,11.4871328029922,1.08990490875926,20.1483533543338,3.86282905078908,9.27111037605345,9.85544205629205,9.41969961763232,8.54396209096227,4.57144166114366
"ENSMUSG00000004500",126.674155761793,119.261070938613,95.4253317968859,95.5329042992688,72.0200803135922,191.0480483441,49.9723133937369,88.0905696695078,117.389878713626,120.545890403216,55.8331909621351
"ENSMUSG00000004508",185.620718378713,111.85425437508,213.985012751735,164.134769892001,252.829627355129,156.581940813135,149.295295449448,185.728095142819,184.759312532637,207.625919584349,166.815157413684
"ENSMUSG00000004530",202.268671159294,124.114388420343,97.0997743902386,96.8234312767602,124.929120933462,98.5605495917475,79.9333553913392,90.3485549726079,103.97224702637,80.6580312596057,87.1416797767508
"ENSMUSG00000004535",8141.27108701729,8571.69856297713,9295.76241204287,9952.33853602159,9892.28482333217,7935.69844549375,8001.38689474207,10410.1687792297,11136.129283019,9892.87412931895,10541.0660409289
"ENSMUSG00000004540",0,0,0,0,0,0,0,0,0,0,0
"ENSMUSG00000004542",0,0,0,0,0,0,0,0,0,0,0
"ENSMUSG00000004552",25.4842565652213,34.0229521716022,45.5373522973361,412.447107854279,15.698422707587,30.9150273581945,30.5248217974648,21.9840171468828,13.1661577224878,29.0841603253726,23.0588186989038
"ENSMUSG00000004558",595.844980000143,155.234719050035,254.547285237305,235.50860474514,283.797189368288,172.559347955164,223.754252860649,136.798686825909,227.959311776943,200.382753081919,253.435160539213
"ENSMUSG00000004561",238.30451749987,254.356520650713,153.649057773967,213.348663642163,409.092819858236,211.512279768116,190.932526764016,211.440064000351,192.678772663897,202.039669605683,281.62397132099
"ENSMUSG00000004562",1137.19059815732,1404.7386726474,1433.26209881945,2774.91838885006,1328.8132600424,2682.6357059456,1103.60799495078,2086.14308626103,1863.23408653061,1847.27944532571,1549.02789662653
"ENSMUSG00000004565",743.598321373034,928.441376324095,1193.81098557949,955.963750607251,1431.18068104712,992.61360893455,1003.12346911902,811.685485252651,1325.49912374184,1319.83297425398,731.673248908829
"ENSMUSG00000004567",431.334714760667,456.388001827701,564.316731634256,587.224229246129,630.972787240383,495.059251316363,635.534234179612,584.012432232857,618.050529341593,552.708484529157,461.984628838559
"ENSMUSG00000004568",958.130584681023,971.28516706842,859.475643962104,924.295180527372,888.790673741728,1011.90558469506,815.603377011683,990.494101004206,973.63124934653,911.74552143325,967.145601677709
"ENSMUSG00000004591",728.495096241493,597.789592462329,746.299147671464,695.223830422155,721.735837530508,473.978282603784,752.589356547417,709.341572557938,780.725615913754,749.197552793802,724.047797406599
"ENSMUSG00000004609",17.4112210941411,35.6206665785813,47.5307632013486,27.3614409062511,35.4482303639378,27.9957780828903,16.9114011612331,22.3360186355238,22.8384419335202,18.4197408053379,23.1253354328855
"ENSMUSG00000004610",1472.61036582053,1554.97254939429,1670.81232903106,1483.64342777311,1537.85200794288,1524.82566832881,1717.72550293188,1509.54121192957,1573.74885469277,1471.7215587178,1490.43530662013
"ENSMUSG00000004612",20.1872144804935,50.6866871446401,11.7195268480247,6.16446743776367,6.64958191435103,23.9222802476737,9.76356999353145,6.35021227268401,12.9129081860509,18.9426742967778,11.8921514774541
"ENSMUSG00000004626",3297.62545117308,3979.70435760189,4129.92382983441,3961.69245944962,3898.89263791915,4307.05808967524,3725.0786981248,4158.65064722178,3809.81256978984,4087.9206349642,4076.89832660946
"ENSMUSG00000004630",0,0,0,0,0,0,0,0,0,0,0
"ENSMUSG00000004631",65.7311896263413,37.5305631353517,65.8547139893083,48.3091462103291,70.643574516295,50.9126735704492,60.8774161110607,44.8875508028762,74.8102576980734,30.5688332552092,42.6291440033521
"ENSMUSG00000004633",24.1281584276339,18.2058045652708,15.7872349742128,25.8641678172975,37.8837115015812,15.2158264623901,33.0730352264479,25.2284387142638,41.8899801645286,17.6245666371928,25.4156067570156
"ENSMUSG00000004637",180.406262154101,207.125484786889,198.765411582531,201.846666050312,235.544798498523,136.81281217784,208.424918932172,235.730773155348,201.381042160294,206.886475086888,135.289518207943
"ENSMUSG00000004642",165.478244120185,171.728034490476,142.426559239971,135.324284039158,139.990969217786,164.131712265084,178.552727114764,139.021172126502,141.678869346094,138.882378368869,115.195919099961
"ENSMUSG00000004651",0.689939267648385,0,0,0,0,0,0,0,0,0,0
"ENSMUSG00000004654",0,0,0,0,0,0,0,0,0,0,0
"ENSMUSG00000004655",896.997416946875,805.853507456376,1266.60686946039,1138.63468054509,1485.36858333628,977.874000113241,1099.88503390847,1546.71307669236,1426.55336447784,1493.05558256133,1514.01514763518
"ENSMUSG00000004661",73.7979042490258,147.989982961986,110.871244692318,60.8329563095074,61.7470114179501,229.374090457152,149.247357977995,214.549443450331,57.5052600738302,97.8884881623807,73.7333021563938
"ENSMUSG00000004665",265.564602722531,464.654320346374,241.861646098961,192.913613814366,233.567126317381,392.344274473784,206.752834020091,203.660263192128,222.860606275135,251.235455424526,178.948588468755
"ENSMUSG00000004667",541.420215134193,595.184549003295,506.38238770954,632.018575166521,585.819601648849,688.501209157354,605.088523619801,563.15713321768,556.672156451766,556.939848603617,593.403192552743
"ENSMUSG00000004668",0,0,0,0,0,2.56382447803796,0,0,0,0,0
"ENSMUSG00000004677",1120.83109536161,1100.64490592471,1108.37275588959,1086.89740697788,1352.66645251725,1373.71804640935,920.617280037271,1149.36228388951,1205.98330068768,1490.42697648159,1224.84703232756
"ENSMUSG00000004698",15.684631611355,22.4627271608681,10.6053037697632,18.3412075292208,4.89700021866749,11.455924228243,9.81522365155051,10.9296602469407,9.2851627680209,12.434250594335,14.545134107691
"ENSMUSG00000004707",65.5393212018375,153.676549472905,23.3374314897398,21.5060598828577,32.1157191374602,126.25217009734,24.2498473924676,19.4577443353052,27.8008461506093,46.3398849079473,15.0720004098957
"ENSMUSG00000004709",9.85968843878994,25.6380348769491,10.1562980013232,14.6226338822131,13.0992799891154,4.86784733047022,13.2280694379248,12.2481013518677,15.4997804768497,6.34149745328532,12.0428716493014
"ENSMUSG00000004730",256.442049968209,240.051687374118,176.567961937583,170.290397937291,232.96052614896,182.298329784643,132.108934898137,219.602828067813,200.174723077441,137.080282308103,153.249047095492
"ENSMUSG00000004748",37.9350774728415,49.1471665991214,24.6111728293655,35.2191922248743,28.1396759356965,50.2899039126715,37.634461237451,42.4647429277797,35.0830988499274,31.782408626542,40.6395971464678
"ENSMUSG00000004768",12.4547090779879,11.5106783985011,18.2806897901344,52.031386151812,9.9042514569448,35.0647399240459,41.3259319385552,9.77075469471666,35.2796376653304,25.5960571645515,5.78140338508841
"ENSMUSG00000004771",817.538871677611,737.8507180359,871.973112644296,710.61978029731,817.321563625815,510.668177839133,798.787569016516,622.493132635518,979.769389933569,810.375782739246,723.920283206445
"ENSMUSG00000004788",437.299942010081,467.796351888956,405.38075037651,455.795521892844,433.094804825166,390.523456042559,474.652888902674,433.821045017997,453.807440457755,401.264612717288,512.338840027674
"ENSMUSG00000004789",1194.62049064873,900.848898038129,1059.68392763727,799.615086852656,938.344142147333,940.607908989021,878.581954576268,954.600567510427,845.96603266533,930.784827375186,1061.10353102008
"ENSMUSG00000004791",11.7871968655735,28.1169397217667,10.3929183450103,12.6250275021819,16.7849123020061,6.67215175758154,19.4750711584907,14.4615116343394,14.640501623852,14.253779930724,4.59912675262093
"ENSMUSG00000004798",1010.39553242106,1233.69199015101,1657.54862802682,1321.86181075759,1127.30447428231,1144.36536029061,1434.44601210061,1443.15140766791,1414.97564045432,1216.06188532764,1118.41319700658
"ENSMUSG00000004814",2.65532956727193,7.44235784537451,7.94839192856987,4.43052222329507,8.79027806543124,7.6828816487663,5.1917365855936,8.76292881659724,6.47144581487184,6.5454664719508,2.35584424988458
"ENSMUSG00000004815",232.892714210521,195.561587881832,205.874066096058,177.59991815382,182.105367615052,266.201073575059,169.443288054073,228.053617200955,226.701409772746,205.945235725006,260.661120406504
"ENSMUSG00000004821",0,0,0,0,0,0,0,0,0,0,0
"ENSMUSG00000004837",63.7910658623933,133.494242918541,58.0359417311749,42.9092259737401,58.6164642756,111.293035984261,54.831338465303,61.6893901308169,43.9464682469089,93.8468487851501,47.237487897158
"ENSMUSG00000004842",0,0,0,0,0,0,0,0,0,0,0
"ENSMUSG00000004843",580.009696345347,505.818783861389,716.620937813734,540.766531176555,687.185090984115,447.264187772317,576.837268727448,493.650645108288,577.528670271542,620.142722773359,460.450135177878
"ENSMUSG00000004846",1768.42130726655,2196.40122623199,1968.94671771952,2125.30215014635,1840.50874965906,2295.28199341143,2035.45452993514,2239.12905584017,1978.68130063639,1674.64761737143,1958.83841564112
"ENSMUSG00000004849",656.886771132731,647.38465256663,671.568779591847,694.07346310796,613.027415236696,569.725136431337,659.906008162742,701.926568012517,550.234768508899,642.32974061408,643.457359575603
"ENSMUSG00000004864",1263.16634701382,1232.86701647607,1230.74216632187,1392.00149882885,1149.02997064914,1366.70526507227,1092.3157951253,1090.62904232486,1094.0045808159,1176.26037836906,1549.61341763034
"ENSMUSG00000004865",745.194614081468,652.390002118882,676.509906263571,776.892996254988,678.263790876853,629.247436318046,598.965642726228,750.601396501718,740.099279692297,662.046397680507,632.767792585025
"ENSMUSG00000004872",0,0,0,0,0,0,0,0,0,0,0
"ENSMUSG00000004880",267.544793561413,326.059683776732,233.621719244032,406.6410012366,223.589742125119,294.918603729032,242.474322640953,292.747586525981,241.402983052197,250.183039740843,409.462620242149
"ENSMUSG00000004885",208.36268714802,315.588175185548,195.838264147579,181.722398891693,169.327830198065,228.248058402453,393.77735200061,209.381493102275,210.028864454744,133.108997112073,347.491828982526
"ENSMUSG00000004891",237.615709673346,171.733650154906,221.87223836418,192.39306171235,311.056750548013,183.647372571463,225.479919816307,243.27232279095,184.787815651677,206.907461429567,181.334294246567
"ENSMUSG00000004892",0,0,0,0,0,0,1.02452466280413,0,0.945121598707911,0.936509613014385,1.14220878816815
"ENSMUSG00000004894",0,1.08317311266506,0.881579475971193,0,0,1.28926287714577,0,0,0,0,0
"ENSMUSG00000004895",652.730575604421,649.872206508047,776.977938184666,774.119418622733,703.792315925639,720.623561362251,697.774840263806,667.045515042621,620.807605917245,733.941741011406,655.977859054593
"ENSMUSG00000004896",216.959000476367,317.670076838319,206.755011459692,198.064740400651,257.788256037236,244.465729150592,225.93955048442,192.522518741045,302.781709473406,269.539556662642,162.298678712729
"ENSMUSG00000004897",1233.35086903222,1373.02241098578,1214.48356266741,1381.10885752353,1425.23063155855,1413.76745630203,1569.40890059559,1303.79791860418,1183.77596522841,1319.05268941805,1418.68063814812
"ENSMUSG00000004902",6.84902043390333,4.30421054245573,7.08409417322723,2.18456817068155,3.20062900289672,8.97320648600983,4.11134564536099,3.92061107875973,5.63312028199322,3.78107831466744,4.58915937135264
"ENSMUSG00000004929",286.959049624493,281.374357791199,285.266158050016,301.147242195315,290.45508178082,409.622610122755,316.276253168981,368.832578413601,238.612715808297,239.656692900745,338.209128329829
"ENSMUSG00000004931",710.296601965457,543.01171368357,678.238542432721,761.178494485094,554.318849090606,697.449432201331,752.785362883776,771.116715491226,660.812729625834,773.155342656844,950.499336398888
"ENSMUSG00000004933",16.4174642762918,31.2115123022056,7.30454669153015,34.953386054029,7.87889420827979,24.6876523327831,12.1930571708208,10.5005536993342,10.0702558082816,17.7873449779184,14.5935935561201
"ENSMUSG00000004934",334.986540716817,378.202974277206,398.781740480706,444.802637888457,408.489229585682,341.053051770459,431.0171118029,369.053971122502,318.990904195474,458.532969915329,362.495513986509
"ENSMUSG00000004936",953.708985100795,948.055432786766,1029.50878485292,1016.69961973457,1228.60066836425,1039.19079176059,1222.28162490437,908.985847172464,1006.09464472001,955.156711393725,1008.96660366198
"ENSMUSG00000004937",472.080662363304,440.582760530066,532.920100037878,522.84434537304,463.41573128854,543.566300019838,453.761902982389,481.276112259074,510.795191369714,485.008867508805,543.594306617974
"ENSMUSG00000004939",8.1459967580668,0,0.886579447815394,1.11006771486405,0,0,0,0,0,0,0
"ENSMUSG00000004945",361.648745403435,443.839318673339,400.865543657196,401.340453912106,376.461790595205,425.107910841944,410.249877812551,458.26771527939,394.115969950003,372.045787235304,461.842190786342
"ENSMUSG00000004947",151.064177449999,172.282642145026,180.676076576554,170.830130818232,204.347938806381,179.555233036869,158.870433630629,157.429762649052,167.375771730017,188.505216940389,146.840952383804
"ENSMUSG00000004948",0,0,0,0,0,0,0,0,0,0,0
"ENSMUSG00000004951",331.989318316042,244.729224164312,327.322854964401,355.609433404799,288.689723068595,214.391672928853,250.629548943216,305.956842419884,257.224976935544,215.3093276486,207.677385232881
"ENSMUSG00000004952",139.62634388944,270.550825665661,137.688345028668,139.323000856995,173.719940111044,223.229009540477,112.92401976424,157.959556907451,162.47184377966,154.870564512663,218.931296380572
"ENSMUSG00000004961",2.05125024891272,0,1.76697184380284,2.18644304788682,2.11625592853489,2.58273655861876,0,1.97017026986507,1.88324513337634,0.943740042795679,1.14345519707
"ENSMUSG00000004980",7571.92721847929,9108.92505866794,6919.773058087,6735.41571113378,8511.40768850245,8359.76069436976,8437.08983164962,8555.09842707219,7215.82330741347,7830.2701234769,7218.81304171719
"ENSMUSG00000004988",1.45925760256011,1.11995073071308,0,0,0,0,1.06174391432685,0,0.981201955922046,0,0.968802600137805
"ENSMUSG00000004994",146.991017328549,142.572558306316,123.965652794831,127.193867960064,173.475483938069,150.552970972489,62.5792610664186,135.028255591431,128.703627640883,100.842975390989,135.060052501117
"ENSMUSG00000004996",269.235961216229,308.565691595509,276.502304427791,404.642709418384,327.539936835887,454.354892196934,361.414971765103,429.643287729216,272.494660198623,448.64564321182,300.393268663502
"ENSMUSG00000005034",163.502135017611,140.611731788201,147.73674749203,134.455196196087,163.43343796617,114.344474802558,138.305274814421,140.454312547105,158.47573514179,153.078251782958,161.129609951973
"ENSMUSG00000005043",95.2761466817983,78.5079328633181,88.9974236605259,88.0915925537318,82.4844283947916,109.504821700147,75.3988094033879,112.423510243587,134.504769527256,111.941035410557,151.234732980325
"ENSMUSG00000005045",4.84506943770289,5.41584465296998,6.21575809957093,8.69737084643518,4.23096873827709,2.57227859065604,1.02145339737705,1.9759051495102,1.89233396307975,1.86657034299946,3.41919907924653
"ENSMUSG00000005054",265.149732150777,213.582923257563,236.859959580777,262.062569997279,279.143043129679,185.54356468951,257.704937657765,224.214009139115,233.384866181271,200.446304226548,198.912498711489
"ENSMUSG00000005057",120.144069829338,85.6827442323294,62.7977633249841,89.8039068028245,92.2200714881663,132.777479829514,71.6194538188563,101.048249354048,55.8305785915901,105.63791254032,38.2874568719363
"ENSMUSG00000005069",1015.53591781889,999.573151157082,1078.60759030166,1067.58347038649,1059.66053091154,957.413544397331,1148.10396083502,1162.70598888369,1078.47108238347,1228.18975532672,1093.37415480976
"ENSMUSG00000005078",283.506874884573,271.9559655003,261.26782744598,250.112189712987,262.822495839318,241.42476267104,255.360652099305,327.008911933976,272.680557363772,254.818153153931,199.661650170658
"ENSMUSG00000005087",44.5143261023323,42.0107198498628,33.4467619475963,26.8547452036407,44.5752393440103,66.6720523927096,25.2357265849877,35.2653265168417,31.0429903675954,37.7041115499956,19.4669270398372
"ENSMUSG00000005089",0.396970961251072,0,0.51038546091678,0,6.07697263320446,0,0.588902912986952,2.69914800459173,0,0.541740549536328,0.660015631101213
"ENSMUSG00000005102",439.556379340882,509.15546458991,456.954591753559,478.838909975799,463.648153664974,542.704014765334,587.56284998747,543.384484495015,477.449303877047,499.307928262378,540.058974764598
"ENSMUSG00000005103",2881.21153251497,2923.64772992854,3455.7251609813,2877.57405720945,3401.87170939798,2731.68800875437,2844.69819123746,2614.3846426329,2913.7595128711,3390.07558284006,2893.76515543775
"ENSMUSG00000005107",317.543748642969,461.667121415392,240.040632585038,395.636456523063,194.696442475653,355.808259911374,393.610317007045,607.792815836535,234.882757795865,318.01186397732,492.184312745782
"ENSMUSG00000005124",15.5301015681967,0,0.118445512556864,0,0,0,0,0,0,0,0
"ENSMUSG00000005125",10899.5635678479,6287.1837083502,6377.63224306699,4200.82912320606,10257.0654099127,6933.6203429456,6522.34382478449,8194.95984385206,6469.58748740664,6760.0285860584,5965.01990889056
"ENSMUSG00000005131",2.15128110777957,0.666793608420144,0.540805546390159,1.35559162674371,0.640097857777864,0,1.70900243341864,3.18429944582707,0,1.57779640302651,0
"ENSMUSG00000005142",2472.93303704283,3322.00888882468,2547.34135552197,4466.33920962759,2726.63817081856,3255.65136268462,2418.29924920816,4255.26682183232,2717.44868561331,2823.35180467216,1997.42316298232
"ENSMUSG00000005148",295.294762387094,132.008861566235,380.102412523861,155.422948673203,312.446067013673,125.101315712113,234.456899699958,179.513196396847,130.514919523005,319.605183241981,139.772268680538
"ENSMUSG00000005150",326.239472913413,346.314278202394,292.189618647305,293.254875850261,322.498546027681,320.907361140879,292.825698961016,322.804098545136,260.251123936073,304.938625674381,328.095466961378
"ENSMUSG00000005161",1371.979718561,1559.7955039497,1433.90409542612,1430.33136341837,1329.59838682089,1395.08217622024,1467.41114758041,1490.71246059304,1437.3997182337,1311.59933553503,1217.5638659233
"ENSMUSG00000005198",1648.51836326307,1838.30792181572,1850.4805483387,1835.27386061728,1619.40827653743,2043.50835014749,1745.78883770093,1914.74755306968,1723.49093765852,1841.26351004109,1893.28716467222
"ENSMUSG00000005202",0,0,0,0,0,0,0,0,0,0,0
"ENSMUSG00000005204",857.570923551702,849.231526695639,776.172168914371,699.806394735851,783.048608604505,892.65312088417,858.930498508247,856.5130307673,934.651289843429,923.164289777326,801.00391777908
"ENSMUSG00000005220",0,0,0,0,0,0,0,0,0,0,0
"ENSMUSG00000005225",132.468169845763,148.804201233503,162.850520834918,161.287652280777,147.804728300798,154.724009353317,136.824945277119,184.769865392646,133.648923508098,134.078747769207,131.591935796164
"ENSMUSG00000005232",0,0,0,0,0,0,0,0,0,0.936366945291053,0
"ENSMUSG00000005233",63.3591893059409,94.3763579325985,91.638611204781,87.8714617466465,83.9703282150921,107.263655257293,122.401914869749,78.318563469055,116.470085402918,84.4630863922107,57.9098564087211
"ENSMUSG00000005237",2.75752413683228,3.23874963115036,0,2.18088641910298,4.21307998453481,0,2.04087604582055,1.99017170333659,1.89971197414831,8.40199297188205,0
"ENSMUSG00000005251",405.552453623986,431.458154085747,606.969818035684,452.574095078885,565.813443863461,374.270363148411,529.758006308595,434.700501274708,365.658273869766,530.335171925709,439.409999532463
"ENSMUSG00000005262",462.876024852999,254.266951346352,515.634405828177,264.876897382567,686.015571020736,259.598750814416,235.647308555906,233.654014973191,261.202908109712,357.377908649371,316.951854150138
"ENSMUSG00000005267",11.6542736301386,10.3848262170086,9.19639313719636,3.83138644311379,7.29955303591263,20.6791273722838,23.602623121094,5.21406637005602,9.09563692952125,10.5694791170948,11.8780689744974
"ENSMUSG00000005268",191.221048309508,177.079732039066,209.298724519623,232.595106823312,169.21233535681,207.569141821617,310.969932003835,275.701828413412,245.111017080147,186.637737052932,285.77844311093
"ENSMUSG00000005299",2149.67716877089,2281.39329614226,1938.83649652294,1646.73651444621,2082.26459294543,1459.27992431683,1297.66800193889,1613.87204149787,1554.74363502134,1031.55304930043,901.918561464819
"ENSMUSG00000005312",2234.76591732623,2115.22928464542,2260.96500241647,2368.78786907317,2025.96429456615,2122.02191690317,2076.86028948263,2307.19824925977,2210.48399902487,2112.79291784431,2418.9288929016
"ENSMUSG00000005320",3.46614966463563,3.25290384830015,12.4335192694345,1.08644357526303,25.476229262732,2.56790036796805,6.14153364344031,0.983092214269999,0.942931203933921,10.2871605281759,3.4201566842769
"ENSMUSG00000005338",8.97402731008992,10.8722252701006,8.01928354927371,13.3769708639811,15.0036626019028,22.3168532678356,12.0211194548763,5.04877519470602,4.80880327556158,14.9457022262097,8.16069455890469
"ENSMUSG00000005339",0,1.06878790209308,0,0,0,1.29612981509757,0,0,0,0,0
"ENSMUSG00000005354",438.963321153794,565.256243123787,453.66623363689,477.806353174626,486.644076231775,573.213207562752,535.637187055553,406.743937476744,453.269419255986,469.681374536225,470.9264451284
"ENSMUSG00000005355",0,0,0,0,4.20382702281454,0,0,0,0,0,0
"ENSMUSG00000005357",0.686488788898293,0,0,0,0,0,0,0,0.951521571045817,0,0
"ENSMUSG00000005360",149.217710114937,259.689179471326,131.210338348665,168.041822327997,177.740222720506,227.698749109785,153.836860471426,340.052525701533,212.988649117795,145.54032353357,341.667616778313
"ENSMUSG00000005362",394.692429786856,362.693302668904,418.317150232431,398.03639003645,425.860015873007,327.929557613742,356.517044636833,369.512856014111,404.163184418645,445.335333306461,382.697489430587
"ENSMUSG00000005364",8.90205765849775,2.01008044408199,0,0,0,0,0,0,0,0,0
"ENSMUSG00000005370",467.225570495799,469.15325191166,413.749253479907,353.610512876628,385.529998240245,472.832378542106,405.082265561999,469.617060004449,507.340822722028,483.537989608836,353.923116082867
"ENSMUSG00000005371",659.102259992636,620.22175728507,648.974945614687,687.570374278112,757.657765254585,539.242107629054,687.292214946511,669.09057552522,675.062951979966,696.366872386728,714.140201512405
"ENSMUSG00000005373",658.953744628671,298.274670691391,254.238348709675,277.272968509972,528.8140832739,536.223911226771,412.996419004939,344.824355915032,371.133456692761,393.750254337243,460.365443714988
"ENSMUSG00000005374",172.521509019551,186.181762022502,196.038586785963,220.07074406705,138.226740624165,191.219285361944,160.307990621408,163.294420807063,176.202562776649,186.531252634948,321.065698666642
"ENSMUSG00000005378",280.691545701586,342.772807846703,265.393990261652,278.067886822064,246.074880024461,350.95621114979,279.222844654739,282.326696722659,260.023843544747,274.547868095329,301.086429464978
"ENSMUSG00000005397",346.537359996964,410.04297098912,298.986081050676,276.407105491376,594.670630364365,276.751678098719,302.524123495052,421.065382940143,341.356270987033,326.245810598926,329.465884024933
"ENSMUSG00000005410",116.333801568374,203.943708450148,54.8958875676501,52.3516178034581,52.7406607981902,251.688635552167,72.6309090480349,63.3089337168713,69.0110442805465,84.4362413637178,47.9192199094126
"ENSMUSG00000005413",140.704515863917,142.006871999449,228.682828958507,230.879850185109,379.205276554377,107.135372057084,140.993575047402,116.719516275448,208.353390862186,260.436473305993,154.584955414907
"ENSMUSG00000005417",4309.33588080441,4425.60754165924,5120.53078917024,4874.68628656616,5582.76330646704,5289.41895900961,4366.44611225111,4778.05101575146,4195.01421879004,4993.81923344668,4561.75670050081
"ENSMUSG00000005442",1882.81564527865,1942.40269203536,1788.78087576467,1901.98787055407,1868.41793519999,2184.12508670927,2046.36475184743,2000.67416136553,1369.73329499045,1722.72823111974,1686.10413915828
"ENSMUSG00000005447",334.420651647749,312.768492740618,345.178404763959,354.989628388962,364.153728362891,322.399233694014,335.607981854614,280.430156201803,302.348865129812,365.602267445175,305.163465842599
"ENSMUSG00000005465",42.8825509176779,160.488537127669,12.4008268036434,6.52855085185007,15.8701859168306,69.7472694457955,10.2515165447904,10.8098893113386,13.187277003414,49.6716574394713,12.5208136802166
"ENSMUSG00000005469",466.157398687586,517.833564737713,458.729413233613,466.434707568331,490.050338926614,484.513766612542,490.319259771488,525.987664509143,521.958147565826,475.534872855881,425.774053581844
"ENSMUSG00000005470",17.3598293406127,27.6466610879152,11.4450132410375,5.52757310977055,6.37590690583678,23.1713755571399,4.15784807348908,8.81996966900561,9.31598602793499,9.63396541382623,6.94280905734628
"ENSMUSG00000005474",0.689939267648385,0,0,0,0,0,0,0,0,0,0
"ENSMUSG00000005481",451.893719370352,543.42943010301,380.466500794358,360.893070238684,418.169857891798,607.007115654536,434.819214273838,376.109295559915,326.324477878028,432.368817016149,585.436796219426
"ENSMUSG00000005483",511.241477575836,778.506111709224,1013.88105568606,470.87024194009,736.827499067129,484.538231255811,577.43090602429,460.27133061613,468.419430172192,569.201625337441,483.875032527575
"ENSMUSG00000005493",0.717745291647527,0,0,0,1.10317532159819,1.02837598081277,0,1.0336196999729,2.94745659716162,0,2.40949802476798
"ENSMUSG00000005501",330.079576170377,264.969302426585,315.104457347136,257.169111432344,274.658181719891,230.64989246394,280.915002074428,313.866718903598,388.23238019161,280.002676081857,388.590703103409
"ENSMUSG00000005503",0,0,0,0,0,0,0,0,0,0,0
"ENSMUSG00000005505",186.65400432822,168.271242692293,177.980647596399,190.175512194265,139.190693672642,220.996298606364,158.325243465971,195.881307717976,231.028704779364,187.166170951494,183.430184128464
"ENSMUSG00000005506",502.450398986646,405.516205524569,474.158448456828,477.679270887579,422.899594241661,357.779797247755,444.336343254022,460.401780086528,447.264123035617,482.777621110594,589.533655502023
"ENSMUSG00000005510",954.166267024997,1167.4074649934,953.296033664319,1119.71471964533,949.22781698158,1046.1703722405,1011.07339459897,1213.97478617479,1041.34781355148,922.491311929027,1022.76044577471
"ENSMUSG00000005514",1619.14739202917,1345.04303553066,1849.73481584726,2371.77607457946,1876.98872296357,1417.81221272601,1625.49098292079,1894.47053290256,1733.46279749316,1918.51939467317,1608.03599736124
"ENSMUSG00000005533",35.109653089254,31.2395564645479,24.8227993235367,19.6286000348834,20.0211544048747,29.6165305198928,35.7117151044057,27.8214193031082,35.0911787018626,24.3342709857951,28.5575037287811
"ENSMUSG00000005534",669.469759943061,523.036409149124,821.581866693132,679.683251580998,589.13745942125,257.144663243269,836.288511296525,501.219827555615,615.25319440153,760.095883114628,632.562992837669
"ENSMUSG00000005540",19.9181885119844,146.642885117899,0,1.28684679646269,2.4904018381926,84.0417699653192,0,7.41520023997109,0,45.3899273002323,0
"ENSMUSG00000005547",0,0,0,0,2.10191351140727,0,0,0,0,0,0
"ENSMUSG00000005553",0.690902537173259,1.07961900402057,0,0,1.05720960344877,0,3.06173398377792,0,0,0.93423026044287,2.28026605389711
"ENSMUSG00000005566",2024.90883411597,1998.56452209351,1864.60796893913,2011.63240797329,1845.79388903092,1913.83496386853,1946.87217842179,2041.68422459111,2015.31606000933,1975.81543968755,2186.40196612905
"ENSMUSG00000005575",720.104532877129,887.436429049779,863.358774835408,805.371177735272,1004.34570229012,1012.71217025119,917.738728706189,880.175106796864,868.804695956825,779.835748116068,716.112792115011
"ENSMUSG00000005580",283.581505731807,287.208254601441,289.275868024191,339.262093748291,273.774698208161,302.248512865623,263.664744884086,404.681565390413,342.180179766844,359.059979437019,299.803348634817
"ENSMUSG00000005583",68.0926632762724,135.137041471773,39.3609657350896,18.489614953947,82.8819706748902,87.9593089232365,5.17863932201098,48.4141928933757,14.3418998528976,29.8543053873185,34.1482294732697
"ENSMUSG00000005609",648.036325247728,648.491569061949,603.02972926368,616.581786543436,706.194294793942,659.216182555452,666.195732522388,656.327975639977,668.002296803916,680.736400731853,626.746260399034
"ENSMUSG00000005610",11740.2002965149,9740.64219050085,10802.6128754451,11157.7186945676,11836.8761299427,9638.32120508489,11665.1499461742,10628.3168007172,11046.2253421021,10594.7444249345,13843.0032492975
"ENSMUSG00000005611",47.2089903987965,38.5614452795135,46.9087259905522,35.5336117245813,44.2835810998289,77.6447546543876,35.4342028540696,36.9273787979096,36.1977000464871,31.8615943000858,29.1315116348432
"ENSMUSG00000005615",204.484828999485,155.396115208804,185.738924850657,176.350993145233,228.551423801403,147.479661981913,166.444563508003,130.442870558281,177.795079297353,185.467740069204,206.699320016532
"ENSMUSG00000005621",654.055699167006,696.007491074653,668.305790264875,683.37619018083,636.350117006239,749.121841590242,751.480086903429,753.974890190343,671.86919867559,706.470824109194,681.037747080504
"ENSMUSG00000005625",1769.62559198304,1746.79586137403,1600.56587664349,1772.26044962393,1691.60115048585,1702.54294836965,1806.52970800673,1630.05892628883,1720.3913560478,1647.08081166228,1757.16089676551
"ENSMUSG00000005628",178.774631514195,12.7494176390473,15.4264469959519,22.0648900268764,22.3150386430479,10.5465474028391,8.69255116313021,1.81562382892467,7.77123146675463,15.6212284458952,11.5973338576223
"ENSMUSG00000005640",3.45671505665375,22.7496475111301,0,0,0,7.71525733459409,0,0.987024310060555,0,1.86908114785357,0
"ENSMUSG00000005649",0,0,0,0,0,0,0,0,0,0,0
"ENSMUSG00000005656",503.910340852869,443.319658422736,474.008800030341,421.857031950601,503.395980265781,409.363937218545,485.793205251653,357.402958266672,475.00726603669,444.43503775304,401.162209563055
"ENSMUSG00000005667",102.380468251461,148.927219080694,79.6402737942045,89.7166499449256,48.5584360505616,191.126257355266,108.485733155667,77.6847643489378,60.1536152062226,69.731652485921,187.038900002653
"ENSMUSG00000005672",16.560091038873,15.102162426852,13.3174064821029,7.64621236004474,17.8658838449086,14.0853700378152,17.4528418719528,12.8335639039251,14.1524761235834,25.4082401603038,17.1604098387635
"ENSMUSG00000005674",280.700931493263,331.230641594382,373.259712427309,374.828562527071,311.717209016344,332.6242882569,390.689166592256,322.35857842677,314.214113194451,287.191833698023,267.101704568034
"ENSMUSG00000005677",0,0,0,0,0,0,0,0,0,0,0
"ENSMUSG00000005681",0.697071344203118,0,0,0,1.11886515034831,3.80169405331168,0,3.91986652059517,5.59188579308376,4.5306368573704,0
"ENSMUSG00000005682",682.61376789153,944.299581749453,764.369725764886,755.329825953152,790.652213657184,964.023580960795,781.110275286732,1079.31577639796,858.037093488487,941.258060053751,935.12895734597
"ENSMUSG00000005683",4316.26427182788,5615.0404367042,4288.61487687882,5777.14251588666,4327.0109433282,6251.93848801268,4887.31604054997,6310.46276237049,5102.21886788483,4420.89722398394,5738.79861628725
"ENSMUSG00000005686",32.377367718359,24.8874214574777,23.0337048752796,9.46023083885008,22.5631296231627,16.537243846894,98.1211718548491,17.175788573104,24.2789363773684,26.5060646953703,26.3951091475472
"ENSMUSG00000005687",460.689630207054,493.246442905218,607.13794860331,520.126864336504,539.810772403655,457.880010862026,593.84051162111,523.704934438178,548.770648834929,536.692013189995,482.975211117423
"ENSMUSG00000005696",2.11314714914639,8.44616582303029,0,0,0,4.30148924091245,1.66221198231172,1.48260902352999,0,0,1.87472403131656
"ENSMUSG00000005698",797.103609690961,727.447998117079,784.262824701485,788.040172015559,728.119218045302,760.513130026063,724.282583747534,770.239199355329,782.851218378249,799.370701497659,883.079168867455
"ENSMUSG00000005699",80.375741047191,93.615946052703,98.4054251887598,88.7616137670229,61.6398120913081,110.872616533853,97.0827604487823,78.7264434548714,87.6926712074104,115.751328355094,80.3398778993823
"ENSMUSG00000005705",0.689939267648385,0,0,0,0,0,0,0,0,0,0
"ENSMUSG00000005716",1186.5636453766,28.6463781898199,12.3621932785781,147.188879879293,101.479197827582,21.3875040212915,3.07494896500591,0,0,164.309926375038,2.34912773475499
"ENSMUSG00000005718",34.1251262368813,55.6867496577735,50.1824532942073,54.3414872375079,59.3866315989203,61.2204862671914,70.9305084558433,69.9061464162524,51.3721473784586,52.9887354788707,42.5607727861646
"ENSMUSG00000005732",308.394072107343,298.325498848312,268.931908295797,328.381338246739,327.164828019033,299.605305399053,317.738812023053,283.466711564663,305.485270956643,240.213164019254,313.317200246564
"ENSMUSG00000005763",11.3185552465038,38.1553209783863,5.13977822830672,2.25226548091995,0,20.9731900081105,1.06457174363917,2.96609579136347,3.77214145455748,18.2369966347892,2.3701742546614
"ENSMUSG00000005774",162.28081108535,180.701620214388,186.238610032932,111.903827660462,176.216462587139,156.614687793218,136.412425571156,322.711835045032,168.975969286462,146.396509056104,141.989297388988
"ENSMUSG00000005779",2000.03219304248,2167.74904098044,2053.31633046499,1921.67687231086,1845.06553092093,1821.82591582536,2158.47441054927,1826.1304827619,1839.87148825457,1796.66786679347,1811.401909043
"ENSMUSG00000005800",0.68370358808688,0,0,0,0,0,0,0,0,0,2.30171180468476
"ENSMUSG00000005802",223.268799298792,170.73884203619,221.026340195125,275.591375855668,179.576911172056,111.180060557999,267.063053079178,224.088078570968,245.900481418287,208.877337390875,279.1018644365
"ENSMUSG00000005803",614.668373705915,494.823511394412,641.682713796197,494.909798466294,602.862008635107,510.618151139826,561.564474770108,604.531830681452,601.446101129589,514.909217538421,499.693504772511
"ENSMUSG00000005804",82.7558314198602,93.384001541744,81.5428674700758,89.5973125668376,84.6967141267912,79.6697645943537,78.3823873289757,83.8269539858346,79.7478221810938,83.3624235795361,101.216618038307
"ENSMUSG00000005813",633.681411506986,576.355094125638,571.039585438346,640.869305228408,573.389684724986,540.75548449428,585.50480233028,540.256023012898,614.931210469534,597.221313058588,873.999447926647
"ENSMUSG00000005823",1627.35594696023,1850.13623058129,1880.41546425258,1951.30521810875,1698.91825679034,2049.3420031418,1757.26319279776,2059.62929112153,1767.39815031339,1721.7104343102,1669.97810437149
"ENSMUSG00000005824",0.679106179601699,5.36418280032421,1.76591413968511,1.09633552962895,0,2.57481140253759,0,0,0,2.8633057461437,0
"ENSMUSG00000005836",6.24509935229121,3.32952890993729,6.02770772064212,3.29936974163972,4.86013279118356,1.97192763910695,2.32321642328999,60.1271384812366,2.16787154448431,0.709951126512911,5.25668687856978
"ENSMUSG00000005846",674.11372028127,607.149650269547,657.053302575306,736.506385138787,695.764935743062,665.441577639722,659.559797302021,694.703964672895,803.553290066753,668.085628242623,861.293240814942
"ENSMUSG00000005864",6.17888171937112,3.22733160726234,3.54267597020466,4.37654227252615,1.0576722932808,1.27735944187746,4.12439247572061,0.985885988636988,0.938120746706075,2.83875401071888,1.14607101396496
"ENSMUSG00000005871",1400.21383243763,1176.77856816702,1562.87288203974,1593.74629459267,1272.54191492165,916.03490278443,1521.25533044134,1212.13929773323,1753.95860687802,1187.59928081994,1453.42460290146
"ENSMUSG00000005873",881.30953452586,1163.34184821486,950.501577637537,1153.17076153405,910.09439791736,1153.71341597547,1083.39449837088,1164.49842319824,1127.91805708843,916.69935651395,891.841810721556
"ENSMUSG00000005881",2013.92157518551,2370.0856951483,2259.36977344096,2359.5933629552,2139.30737540787,2130.40153194495,2096.41610987165,2227.03408165697,1969.95258337706,1895.93876764161,1983.5518692178
"ENSMUSG00000005882",174.324621648977,146.409489600666,110.647966825868,150.431254180075,167.448829130341,317.346666779762,125.946353322754,166.403412143357,171.270327584686,132.412093303925,144.118131600931
"ENSMUSG00000005883",2.09008624986918,3.26492856504861,0,0,1.07566718498851,1.2947257501938,1.04752540712205,2.00119471410554,0,6.04901430430247,0
"ENSMUSG00000005886",1016.56873345741,339.56860674177,426.886299592853,391.514682906481,448.415242423967,233.841647068474,444.826927825009,347.441030719689,751.994058252751,492.638288594671,692.610474074323
"ENSMUSG00000005891",0,0,0,0,0,0,0,0,0,0,0
"ENSMUSG00000005892",0,0,0,0,0,0,1.03687845228938,0,0.935440079852027,0,0
"ENSMUSG00000005893",155.928536395966,118.788941075241,169.981460486859,159.373111504441,132.938911362299,59.4526566650587,159.653227535856,156.894951460509,179.991559297874,129.890025133253,159.437477136481
"ENSMUSG00000005897",150.002190725524,144.923378028189,163.179848834742,134.185931356392,155.329958685214,127.653308932797,163.916530185311,150.477043969203,156.423210195498,145.109702092767,116.960390407126
"ENSMUSG00000005899",303.244899059623,273.086370083836,408.583738820548,319.017633512916,308.830454158295,354.672787691379,283.788842949023,273.714625384523,272.835831332673,341.563063583213,302.098962364622
"ENSMUSG00000005907",369.046862091763,377.104447487147,443.746059027228,426.765585001165,425.800180796219,372.850300156643,484.111561961692,412.346134020409,449.874951543678,432.902050889042,462.870822458714
"ENSMUSG00000005917",0,0.627067906871814,0,0,0,0,0,0,0,0.551591055653676,6.67273629055698
"ENSMUSG00000005936",169.664208788506,157.706424105097,149.362186527931,140.924776530249,207.999626069926,152.715103879859,172.151114050024,136.365794030779,191.101625995141,198.740406476131,198.43124336414
"ENSMUSG00000005947",58.6056353985052,79.988293760971,39.8872777744569,39.2648436662484,47.4859586319383,47.562177195315,33.8571824763407,40.4880628058676,56.564475291044,75.1131947247433,28.5226657887579
"ENSMUSG00000005949",252.214963415385,235.780377168084,356.458083393358,432.938037315708,381.091298779036,254.585151527978,352.308698083485,327.63976090554,326.616338976693,374.642644405191,319.405350492143
"ENSMUSG00000005950",522.892396049849,445.383638727021,666.025836512977,431.075082175393,443.585574935574,460.069136164298,614.187847777118,219.798051709484,476.599125480443,397.432175581189,509.949761979475
"ENSMUSG00000005951",112.450235295302,129.807306480256,140.852042445551,185.764292074583,120.073762343311,127.080139994226,160.139068162485,159.84989756475,152.991820569414,146.993048452792,154.627461835682
"ENSMUSG00000005952",4.42953844756663,1.711346049728,3.87191958765825,7.84273675312518,4.6112298536409,4.48824971716905,3.26276186892689,3.45831839573439,0,6.75063738137653,7.54422405168203
"ENSMUSG00000005958",79.2883331929416,66.8935067455249,90.4015889573062,102.63180635183,55.2006798794429,48.8989895286071,85.8011949375325,82.7906847894364,97.6929218581257,83.6268026421394,105.607109610532
"ENSMUSG00000005968",141.163006074369,134.021167098439,255.585775401836,130.22706488967,412.379921431742,150.811298563362,204.663066490777,184.228286833971,161.939343517354,271.647031140636,122.977624950089
"ENSMUSG00000005973",84.4446292471399,84.577250676558,65.3813460480258,58.127391980205,69.8331684979167,60.3456541697246,65.8357340821851,69.158134126888,67.7106363426899,59.7906741890022,80.4051607071203
"ENSMUSG00000005980",0,0,0,0,0,0,0,0,0,0,0
"ENSMUSG00000005981",1437.90814289289,1357.35445518503,1347.43862112281,1349.86871039764,1321.38371987127,1332.9774318116,1360.80904848285,1435.10842154568,1322.1170553173,1213.84718702105,1323.43222627952
"ENSMUSG00000005982",261.980267934502,275.764238622257,275.991157232243,320.803973561206,278.914989189806,287.488692229347,273.667489180192,342.847072731503,285.481652301588,273.850481596146,292.968983097689
"ENSMUSG00000005983",8.82276864156155,5.80053272643721,15.4975896183391,6.92357715551899,8.4688818256567,13.4239098220215,17.9907834348462,6.38520004660635,19.920794718514,14.2398852808602,7.32390848288672
"ENSMUSG00000005986",145.131721501781,147.465179105619,91.4530895334387,165.478160302455,124.680347685433,157.272338285466,62.8400038626526,136.55083426501,135.25869226388,120.479517854801,104.967961352252
"ENSMUSG00000005994",0,0,0,0,0,0,0,0,0,0,0
"ENSMUSG00000006005",2308.98591412013,2807.93080431413,2019.64164433371,1795.50337999438,2082.57350674887,2135.29943582998,2436.74012981792,2410.78758556642,2567.57299349315,2373.17461963344,2347.90476859968
"ENSMUSG00000006007",0,0,0,0,0,0,0,0,0,0,0
"ENSMUSG00000006010",450.219025319449,536.707937499128,436.992008846118,519.546008819293,423.355259187844,494.952126789741,587.26917073309,639.581927945333,584.958105158942,466.233561918405,659.785564362856
"ENSMUSG00000006014",5.83886920550251,8.24572832947898,0,3.85545652471115,1.73419941447906,0,10.358594807546,2.46279388954928,0,0,8.50727874989742
"ENSMUSG00000006019",284.193399418461,366.591174399422,234.456036592979,246.351786311408,248.722330304615,336.882587113249,258.429776269581,356.000989675101,289.375179118413,312.797942423306,295.46986449959
"ENSMUSG00000006021",236.319235887086,319.43340298806,232.005847353098,251.098473864838,230.147998383694,262.026856086679,252.132373847534,272.068819018674,275.122368722792,247.856959323917,254.307908657042
"ENSMUSG00000006024",867.882519451677,950.661639924802,981.258982373237,1096.79609423357,950.589775731253,997.357667262787,945.68990159871,901.498243125836,905.803948231807,944.44027932967,956.195574926535
"ENSMUSG00000006050",704.15753002935,949.931336423528,722.126084038614,904.25184729909,700.586329660983,1189.89721171097,668.838893181417,1047.1831895307,836.267651381965,672.160143425289,886.317617574919
"ENSMUSG00000006056",2.74088331245134,3.24196727348852,0,0,0,1.29072275428772,0,0,0,0,0
"ENSMUSG00000006057",939.67617268056,1332.29282271645,1107.22700337741,1036.36166605616,1003.46033456856,1293.56111844697,1211.25644575144,1299.0063583091,997.955588162477,942.555941030577,1174.9175230965
"ENSMUSG00000006058",654.593321731124,787.402926710657,720.013628681119,807.320758501759,679.00363326819,922.939147252644,807.977384391532,847.121067968275,702.244423715485,655.071886846842,761.436424157624
"ENSMUSG00000006095",536.029354469747,592.215950167327,663.966486831006,526.904592088066,575.126604183875,548.404093481354,519.213409613745,512.8069758072,573.843778762809,505.310795808298,442.474474327121
"ENSMUSG00000006127",791.601172276336,1342.7286726435,1450.4312552517,1465.73093190594,1626.82583707149,1133.09161736033,1253.73404922418,1319.087653974,1542.09425398902,1827.5172742355,1559.15774043194
"ENSMUSG00000006134",84.9124203039749,95.2606065326102,115.109096427081,87.770435049122,83.7641913944494,93.6309506030986,67.6626693006332,65.2043504988845,112.987683220397,129.029804732378,110.332893519969
"ENSMUSG00000006143",0,0,0,0,0,0,0,0,0,0,0
"ENSMUSG00000006154",167.934636642158,48.9537896851816,397.522535193457,37.2060991483416,58.5371162171779,242.640058939906,45.1602268271578,191.54751557506,275.309003201803,265.478600324308,43.3164535192715
"ENSMUSG00000006169",6003.21222996311,5821.30846260202,7007.33367266396,7428.73261669693,6936.49353736718,6708.23013167111,6128.35227883225,7850.95784001764,7028.99490662822,8111.57302867964,6163.30841976645
"ENSMUSG00000006179",53.8217176457048,108.263342376998,40.3954100076272,66.6142754885763,34.4239698628232,63.4895289275765,61.9817691568236,58.3969049624462,45.0685980490558,67.1962929961864,39.9929282554178
"ENSMUSG00000006191",223.739552521746,203.276649391198,138.158457514741,121.896137040278,204.617207473697,134.233272000045,163.262684205851,161.573108614251,119.497665830655,143.502397652842,129.89084068135
"ENSMUSG00000006200",0,0,0,0,0,0,0,0,0,0,0
"ENSMUSG00000006204",13.9131684694836,20.7272932827401,90.752803941804,43.6537506424273,101.9638554747,7.83139538095872,81.4068890498609,17.6838369587399,36.3220457154756,17.9331450513892,72.960261063805
"ENSMUSG00000006205",387.4953136378,310.42842829216,317.920837281585,206.470968287447,394.183132971206,240.959235718279,265.046309944786,234.783964307115,294.399697944332,248.642040506722,173.31369794349
"ENSMUSG00000006215",633.476173049396,522.490093691677,595.139847087552,646.44202763804,597.031729571777,629.883456781638,570.153615484771,560.250768617201,576.982269918149,636.951006235722,712.941671414978
"ENSMUSG00000006216",0,0,0,0,0,0,0,0,0,0,0
"ENSMUSG00000006218",2.71033541888808,1.07282625862718,0,3.27855541853365,5.34985659529548,1.27953664220392,1.03252166199397,1.96393165276297,1.87783068244254,0.952929347255893,0
"ENSMUSG00000006219",326.513036230619,565.509960341219,496.068862156074,331.518217745852,703.320545295607,582.06797470289,356.924623497059,446.151126855905,383.993773224251,355.915790320313,647.642747817806
"ENSMUSG00000006221",10.6529498930246,0,5.26113663340069,4.39800368375346,12.9081955587709,0,0,0,0.923561173032198,3.85122706823749,1.15615826299879
"ENSMUSG00000006235",17.9262540637521,44.4308775240389,23.1682295967022,15.1773578178861,23.8617071812262,18.9550788598774,20.0129975020079,17.3860921484084,38.5908280386091,29.7008735650492,13.8726164053638
"ENSMUSG00000006241",35.002981728096,71.2006135550556,33.4732343660552,44.5136203043762,61.1582373823549,71.6350315672286,54.4714197027105,54.2469149501022,43.8634814122506,28.4417877209348,46.7349149754467
"ENSMUSG00000006262",135.095491616342,87.9516998236528,148.657023243071,125.665355318171,100.804206733785,59.9504679101361,140.374633673829,106.360528915245,128.655629186934,116.5016009039,97.8066613192598
"ENSMUSG00000006269",24.8627956845484,0,1.94322255268977,1.60184570392461,10.8340209311014,0,33.7942673202623,15.1991056231431,2.76731158851174,3.44717395121348,49.3752312700038
"ENSMUSG00000006270",0,0,0,0,0,0,0,0,0,0,0
"ENSMUSG00000006273",1535.47237527956,1476.49935065134,1675.77993974062,1907.72233601954,1854.19490484231,1299.79002887634,1695.69950269943,1602.80909622486,1679.55818591455,1963.10707138979,1567.56313848944
"ENSMUSG00000006276",650.586861765449,685.050004857259,670.954156642085,685.64649000457,615.442979955732,708.800720816875,583.860949331586,758.59446307313,669.963479852534,742.446501166956,652.295520545376
"ENSMUSG00000006281",1596.91095860961,543.906720069069,4944.71707642727,1420.73645614532,3129.81192020232,1659.35680555932,365.985976495118,1413.93792426301,475.50027925089,541.553617368083,377.39043747651
"ENSMUSG00000006288",312.373437846335,340.171745995577,292.394149664642,197.887149107185,346.086112829916,475.990164276429,310.819260197004,374.467774932697,377.981832255058,393.771302882011,298.706346220855
"ENSMUSG00000006289",368.771534255671,365.404582799243,365.95471444461,531.858266909396,401.289679965532,461.152482906847,362.86259618548,461.881816012099,372.925853237165,383.230562666017,352.322308166939
"ENSMUSG00000006299",3177.23699526273,3609.55614026795,3584.24328877685,3950.68960227191,3444.62159327466,3447.72043052746,3648.74758462759,3462.50623334936,3299.62142774673,3431.41341756724,3193.11126134198
"ENSMUSG00000006301",1314.29714811879,1516.65800070175,1609.45472282321,1828.97405480907,1281.04407401131,1515.44971961193,1596.7463503411,1686.70048708229,1530.33931617199,1639.66903109828,1925.96411723541
"ENSMUSG00000006304",1642.06231959018,1898.42515145934,1848.34139274873,1707.07696553145,1964.32644855727,1810.21447480637,1526.51295400211,1637.46789942048,1670.91919602466,1922.41267292836,1702.44634084657
"ENSMUSG00000006307",2337.11527643196,2525.30731493199,2381.06324493052,2208.65427851524,2377.24899619826,2525.48444301024,2098.71011835692,2330.55271658644,2596.52721654697,2486.77686745616,2735.32528725741
"ENSMUSG00000006310",4.78444194304746,62.7183728748348,2.80175010380963,0.690222971214693,1.3413589543002,13.0529124094931,5.84071023536555,0.623027243512936,1.19288031467394,19.0870662482888,13.4352986254073
"ENSMUSG00000006311",0,0,0,0,0,0,0,0,0,0,0
"ENSMUSG00000006313",6.11414420913826,10.7452100486594,4.40718213500697,7.686416606674,0,15.5613002206266,1.03340854633424,6.86000448929959,8.43350964804263,4.7672224322051,6.88679506135612
"ENSMUSG00000006315",920.170970949761,878.004519659809,1023.76649949667,907.740561049262,839.159087911096,777.599448471701,911.214470989243,873.999821705761,884.939253758233,749.566403887577,728.055129297989
"ENSMUSG00000006333",6855.11956037779,9173.34931009706,7831.86828063594,8123.74863622615,7569.29337576922,7774.01475451235,8186.64303832375,6948.6552818226,7005.38569823344,6647.30205036472,7257.14979366377
"ENSMUSG00000006335",170.316520610265,173.31422143058,121.246520563555,147.576201293242,120.720849239966,152.540066013312,187.480326722861,140.422996238658,155.132410981684,187.383780749637,184.812298069127
"ENSMUSG00000006342",20.9776097141512,36.9435624931793,16.0127604989034,26.3090699987535,22.1404614379216,41.7707102251368,9.28458101264849,20.6131327485768,11.6617322610404,31.9915960054036,18.1325000642705
"ENSMUSG00000006344",120.581593718129,92.5632730479419,87.1468214298704,58.1972278037983,139.068685769637,167.052569248774,122.005646121873,148.678350329305,149.510517061202,48.7726370074148,63.8522636575455
"ENSMUSG00000006345",1697.59901177919,1986.92281839437,2930.66656233181,3538.01935497363,3077.79303839642,2421.40187364218,3756.46162436273,3774.41368109869,2851.86358013849,3402.5224678723,3113.92362162089
"ENSMUSG00000006356",681.88688766883,625.528558080517,583.994997445779,684.249743066176,486.951916165057,517.810339886134,629.566537390061,561.74004693582,578.170326314742,792.706624256832,834.438691092976
"ENSMUSG00000006360",83.4562610372157,114.681587839112,75.5562485310209,66.4183406305409,113.717628962353,92.2456127474379,40.8869157625661,76.9763764982762,49.6678431662377,66.411259719883,77.0505668838891
"ENSMUSG00000006362",64.1817686255342,55.1502851775744,78.8007507300014,44.9504411894536,31.2323934369132,65.4340193960807,30.6543106931131,71.3407556242963,75.0064967530718,50.2953036493314,74.2746944392252
"ENSMUSG00000006369",36.5621370146675,39.0525740089515,6.9798525300243,29.3874452168781,33.8547505715793,60.4016730639288,24.6680884712102,20.6147699203087,13.3264514868915,18.0698460245383,40.7900056564475
"ENSMUSG00000006373",314.5478642197,276.124818662257,325.831567350268,306.475345158958,306.036917468433,298.213473573287,310.394143186469,270.492315411718,315.222036501682,305.724401216906,284.703128971927
"ENSMUSG00000006378",240.611649170704,287.035097928143,264.992282099552,274.793214462863,311.43689368264,345.60936236174,321.899148714235,336.362583114431,233.616854004008,275.423550232198,297.447635945606
"ENSMUSG00000006386",134.01080678432,131.029608998648,152.64223636176,157.595552529611,234.618114209933,165.214207830431,189.744829662426,240.719513130178,203.571013235365,207.836585154118,221.540820512013
"ENSMUSG00000006389",0,1.31689894474921,0,0,1.80199545031839,2.45402356019637,0,0,0,0,0
"ENSMUSG00000006390",1550.23902588539,1939.10892554148,1678.68389377575,2084.77569902088,1374.12991908844,2094.61986815126,1769.78083964548,2118.31553377319,1807.7470532598,1501.49822462464,2102.30310276574
"ENSMUSG00000006392",523.509698489591,563.260991151672,528.388615209823,528.449936464386,481.650682086759,668.487853006884,601.706806094503,529.765142623992,569.237811160206,586.531591835707,681.35742942451
"ENSMUSG00000006395",48.3747769882273,69.5801965102342,54.4426123538847,64.9289155171787,35.793335651021,41.0813609786132,42.8357015474331,42.5045123070261,40.700704662045,39.5395179237605,34.4888041739103
"ENSMUSG00000006398",26.3858848485237,37.2751642814034,11.3838759377652,9.7491115275976,24.0480948109975,63.9775876752439,16.2283247724547,7.84567582488368,22.4738333607627,24.2527228130747,22.6561833384513
"ENSMUSG00000006403",14.895146314145,14.1783895744873,14.1617142967413,3.64054198102159,37.0352722867,11.6715406717714,18.6166750381642,13.4649000151939,5.26421361830557,7.37887230190287,3.7999232436022
"ENSMUSG00000006411",223.889038699821,183.124677904405,259.95647291769,254.538823371215,208.47077262854,154.36687253035,269.038061847928,254.051027627411,160.342464125227,223.410443381249,212.393718626162
"ENSMUSG00000006412",448.383653271724,457.540000541627,439.60437916539,482.401549602007,373.511141529294,420.173161312487,444.065266255291,342.334918394632,347.738958444684,360.496131506504,361.177445301645
"ENSMUSG00000006418",422.940877267228,291.101630588974,328.663372622815,368.967620088014,336.913788541907,228.181543598931,393.263535006632,289.491597170402,364.480135292547,419.1814958621,316.263411445208
"ENSMUSG00000006423",198.191113862856,183.467552640281,161.619137414308,194.244966315437,165.747557463736,158.88846616224,188.467448515967,214.489105897567,195.347183078801,237.159721655572,223.124083253823
"ENSMUSG00000006435",25.8631668602925,7.82432317890487,8.66686048394244,11.7101666733718,10.5983080048421,15.1363666190016,0,7.11513648923503,2.47121320068619,8.45956101965299,4.13431578192523
"ENSMUSG00000006442",841.05334328104,1121.35686593446,932.006248152069,1434.87036394402,610.468053706989,1244.78580243129,1125.65332527213,1055.86029712525,1116.56878678227,844.572810096595,1711.73173916464
"ENSMUSG00000006445",80.1953224244082,58.4784858409396,79.916884759567,58.7229242867693,86.975001139458,61.6510372803963,80.8011955610627,67.0092319273313,41.5549439334261,71.0517072131633,60.4707557928989
"ENSMUSG00000006456",349.317833516504,259.693297637326,324.215139704332,355.444844584505,249.088497313767,253.409145132533,330.994126970512,238.360959785887,231.536996027506,271.925458367487,284.444178290463
"ENSMUSG00000006457",5893.94415148664,48.7128229746138,61.2008883626122,465.664163136112,331.165221461701,66.9496875753164,39.9027683016836,3.943318848221,5.66439374120819,405.21426717465,7.97954664558126
"ENSMUSG00000006463",83.7398065995149,76.1559168525885,65.6098832202255,57.9017299272162,84.7117564699947,85.274644555904,68.9008118677367,83.3973717754882,119.301809547679,99.5958575691388,82.9596985025159
"ENSMUSG00000006464",16.1533235503186,19.2549194411574,21.6037877261033,16.3262577884117,17.8828011683056,61.61173862923,14.3972533588062,23.0665523723908,21.212905950463,31.6361662782533,31.0153688086162
"ENSMUSG00000006469",0,0,0,0,0,0,0,0,0.946762884136551,0,0
"ENSMUSG00000006471",226.724944050581,232.382127218704,159.808749568845,191.879976766412,173.66826221161,516.903407827315,194.967828047758,313.185868340101,319.548071082936,236.091202059984,366.853989154379
"ENSMUSG00000006476",635.122010217792,594.643928586778,661.044016410513,720.976469428638,750.414305627301,524.150795572277,580.2487728506,723.412116065571,607.253784066659,824.250358204353,922.851846313424
"ENSMUSG00000006488",0,0,0,0,0,0,0,0,0,0,0
"ENSMUSG00000006490",0,0,0,0,0,0,0,0,0,0,0
"ENSMUSG00000006494",1072.13079325926,1299.96223095407,1358.25829084197,1463.19501487029,1115.03901912972,1175.98375993639,1371.97858209576,1427.41045114752,1499.46878464701,1545.43941446351,1343.34944049398
"ENSMUSG00000006498",1838.54062341217,1598.2376022157,1555.74889141616,1565.91906579957,1851.97619052465,1649.45312086477,1678.59578877809,1556.88370726464,1607.79411480089,1666.01245449927,1722.03800781445
"ENSMUSG00000006517",569.674432468486,742.340132468008,520.619645286509,715.786752905763,535.09796795308,924.609597456226,701.858069144438,600.126194204294,529.656218176147,412.475844676252,889.457512523094
"ENSMUSG00000006519",315.867946469637,416.549576778888,279.760102926963,237.523040497405,273.856334530637,376.124793025387,191.673078389111,189.801572801945,215.715673557883,274.787364335543,250.445152535333
"ENSMUSG00000006522",1.93506723506962,6.99816119384892,0,0,0,12.5884953296976,0,0.927357740233029,1.15292351731111,1.74423714562326,0
"ENSMUSG00000006526",795.860912895529,812.735911692005,641.241519252401,716.331419898059,620.955580179401,806.377595202906,805.815634817521,687.546307644743,690.846603530836,666.249088836449,799.690519765345
"ENSMUSG00000006527",299.385929869376,272.701922877404,268.859223735888,271.878450120576,287.806074902624,227.388435766833,324.697369598004,315.508413472656,346.365060990776,374.056845740361,220.728917516646
"ENSMUSG00000006529",0,0,0,0,0,1.28191223901898,0,0,0,0,0
"ENSMUSG00000006538",1.37387042344205,2.15382346187069,0.887543143751209,2.17565030456526,4.27315349121413,2.54565958876969,1.02373067351116,0,2.82162065568418,1.87917519197385,4.58647653727849
"ENSMUSG00000006542",15.5254427340061,0,65.1322113861534,0.78096250377734,0.762781229026598,0.425600045550049,0.735501152880937,0,0,0.311369323982382,0
"ENSMUSG00000006546",0,0,0,0,0,0,0,0.99260660993637,0,0,0
"ENSMUSG00000006567",161.455804003214,203.231320181661,62.8265794276891,154.126366501612,91.5837034698538,121.695042968958,82.4768253577204,203.459050367721,174.563134851506,62.492110683623,130.921414401819
"ENSMUSG00000006570",0,0,0,0,0,0,0,0,0,0,0
"ENSMUSG00000006574",2.76171242714758,1.08187707619089,3.54462300119525,4.34948268387848,1.05733577032006,1.28707355803902,9.2013111644199,0,10.3786079015238,1.86991088770279,0
"ENSMUSG00000006575",31.3282850619741,25.8879052908097,36.8906680559952,37.5088265250857,29.6433517210724,37.1446738537465,28.4881050846051,16.6239272793055,27.8165240885612,54.5114358396864,30.8583754318144
"ENSMUSG00000006576",49.3178336197215,60.6627962682465,97.2984463844725,43.8120443941192,122.489190728055,152.132683619554,176.644851201998,73.1203958780868,51.3442418063991,73.143767877118,52.8548492810101
"ENSMUSG00000006585",76.8516558879545,114.610383721185,75.4541539848296,81.4951318662884,64.8242877010565,119.174618741408,70.7241002780066,80.9076534026186,82.2011331449089,115.556740716313,54.8658028600369
"ENSMUSG00000006586",2.76376349113285,3.2393353141841,3.55995254331742,2.19443635622999,2.11980084566593,2.58459194873109,3.08095709790486,4.72400366833341,1.90157211305462,0.944620350868864,2.29988156704522
"ENSMUSG00000006587",3.41418897700884,3.21290397260942,4.44114242108343,9.83728962561644,10.7664978687725,7.60416537927537,3.08049134085309,3.91815685953567,7.50909566642111,2.83885868301015,9.24320964658198
"ENSMUSG00000006589",197.66909571759,247.3159840251,196.478845552339,257.694528380734,196.262195841066,270.301600899336,268.547302258168,265.263440600624,265.024766463191,225.180466313738,255.951879332874
"ENSMUSG00000006599",887.889510945426,488.281780041867,856.227939338517,637.146372102626,685.513520730555,700.769456021647,918.292536454554,1077.23776747957,545.584260509282,1179.58146935211,657.634047449883
"ENSMUSG00000006611",102.360973727665,78.5016703768385,89.1901361193325,89.2641226733737,91.5291639978583,84.088209004016,77.8000167943545,67.7307917095514,104.323276491279,88.4908507267746,98.7162636598589
"ENSMUSG00000006638",16.3701741520556,38.6981891878497,51.2171792630968,51.4510412540416,69.7590231784702,38.7993961312018,46.1719661101184,47.3895437858346,43.3776987185754,72.7057547100745,20.5970148226162
"ENSMUSG00000006641",460.383353857502,674.234392904221,457.667617489218,853.08744340274,434.8104702915,351.059546011581,529.282432408981,621.74800304192,512.401285745719,341.530114735262,710.385341659052
"ENSMUSG00000006642",0,0,1.78516491523561,0,0,1.28627184431701,0,0.984952157870247,0,0,0
"ENSMUSG00000006649",0,2.16468541655497,0,0,0,10.2391810307334,0,0,0,0,0
"ENSMUSG00000006651",897.238149922302,1252.24489450501,1570.21484653018,1364.68169372755,1109.16132494747,1194.03676756793,1143.01998801624,1486.56484939523,1530.17901224271,862.136166550581,737.571020642449
"ENSMUSG00000006673",1136.69940727904,867.825094078041,1134.95353823101,877.128621434771,798.159855888198,1045.7226395409,927.883228635125,747.286088424553,835.107144176782,766.41279185334,992.625008563281
"ENSMUSG00000006675",9.61399822564061,16.1924887431267,11.5166045277406,6.53996615861195,8.48380505155193,18.0183777061991,10.2560079628266,13.7890261349524,5.65643271251445,9.40541870883142,7.99931096042715
"ENSMUSG00000006676",3439.33716340624,3447.27641815329,3419.17575500682,3381.31022600532,3576.6112831732,3786.08294086572,3120.48385901009,3732.00315593809,3513.09479659154,3628.85343116829,3465.27720253677
"ENSMUSG00000006678",38.8407977893685,32.0152082277406,25.8467918422847,24.119675612196,42.6567502072452,43.6971954383592,25.9106680093741,23.4884577801314,16.748337705117,24.5692552819069,21.6743601672255
"ENSMUSG00000006699",1386.19874713298,1224.0411485194,1208.84174876833,1195.04717001512,1360.61861760105,1212.41157483588,1345.06411929004,1252.28778952318,1140.41153039632,1338.47237845309,1167.53524560075
"ENSMUSG00000006705",183.99360831224,75.1848289128562,42.4699704270761,37.196086042122,79.8493028996074,47.5307026937681,81.6451751398685,70.7654297536433,68.6205509916671,105.039600959349,117.332738685974
"ENSMUSG00000006711",0,0,0,0,0,2.15438508214898,0,1.18125081012846,0,0,0
"ENSMUSG00000006715",53.2677493011476,46.6090204077704,47.3479400948216,37.3997021264799,47.7450245472922,53.9960775492393,59.1498239845371,55.8211216270647,62.3813549800117,56.7157437160882,49.6732301862936
"ENSMUSG00000006717",185.631697463538,204.711639634977,221.840524144248,223.88826831586,178.088627218768,199.272273347028,215.306778733502,180.799207141866,219.946253789892,192.949374445166,218.635557815542
"ENSMUSG00000006720",31.1657810458801,16.0629449450825,26.8870231772714,13.55524412782,92.0800543546515,11.5960496392346,111.288573350116,18.4896013876839,19.8724886362202,22.7259769812837,16.8070401461067
"ENSMUSG00000006724",2.91537835641647,13.4871163891918,2.25587367776474,6.47988767006731,0.90028686853124,16.2362990688378,7.82697304015082,1.67174195008862,0.800311079628493,0.797241627467994,9.70036748625376
"ENSMUSG00000006728",597.586978783783,627.506777169704,598.093528968631,608.173114257828,725.204804801689,534.1949972595,580.408232538829,606.297630576637,564.905067881139,598.587137054623,545.343493886675
"ENSMUSG00000006731",1691.53484650828,1798.18870154219,2300.9174610348,2099.02163095689,1571.11998867432,1583.20242161073,1863.37329078394,1682.34677307353,2049.80046887843,2337.41449967764,1937.24685187995
"ENSMUSG00000006732",145.756182421558,158.250479336756,107.225633622497,199.453568140176,132.544283980862,192.785512593771,174.352160478799,165.290682232968,97.4272655642697,121.071300452893,234.734787126192
"ENSMUSG00000006736",458.563628062498,495.258148484826,504.803902773238,485.229814314015,468.212157568953,516.069551860456,523.771872061943,516.400497469365,469.762387469184,437.418335590269,492.715707708562
"ENSMUSG00000006740",2440.17857599369,2543.62039635068,3073.37155827786,2521.55795848972,2462.28928130785,2033.81243861963,2861.55300085378,2225.12143575715,2558.37300061793,2291.60035768715,2543.02170648104
"ENSMUSG00000006763",72.2803035045447,86.8379047829658,85.9533145867526,72.0950670875313,78.0989848584221,92.1623188116415,76.7526412420943,70.4395471147905,74.5883368712924,81.05504349107,89.4616378641061
"ENSMUSG00000006764",0,0,0.888711478704946,0,0,0,0,0,0,0,0
"ENSMUSG00000006777",53.6456162652956,38.6012249643058,47.819922257651,29.488689105939,32.7887267762163,23.0624614612851,38.9240766109053,25.7256568853521,34.8865479451461,40.5817089584457,35.5610564556507
"ENSMUSG00000006782",2718.63436095456,2394.15106346345,2625.27205502809,2862.84843510858,2294.39962881621,2823.77100741214,2072.29316875598,3133.20915833909,2811.98825165781,2671.1765140978,3375.1212086646
"ENSMUSG00000006784",122.047670832202,243.548558735016,143.356554477327,218.231704227031,126.10283024639,200.909209575658,192.479615203408,284.600780149189,247.776219149226,138.126776646351,349.8786849334
"ENSMUSG00000006800",1154.21819050495,970.221835477362,1415.66028775779,1087.02590033148,1855.73127809629,897.039263566859,1143.94915516077,1526.95217814597,1221.71402807559,879.226957294829,1481.39017489122
"ENSMUSG00000006818",1279.15166591158,1489.08454603334,1193.75089815109,1358.62748120378,1236.28501137159,1604.45161933448,1506.47917029835,1404.42187154401,1267.63430902907,1002.54201797506,1077.8359685207
"ENSMUSG00000006850",72.9641025888188,110.591761915199,99.5853707874505,110.172384567557,138.655159074343,121.373261251445,101.881657494929,95.9062775684333,102.925498605717,122.492103349367,109.613093349277
"ENSMUSG00000006906",160.038938475448,171.242612566551,154.90309286923,175.298815353227,173.088975794442,203.859221948786,173.335153268182,187.263225340161,182.002367801744,211.310922244487,164.789476344556
"ENSMUSG00000006920",407.437932366561,507.225481829791,507.139290321115,548.296882097193,615.067477288417,424.639548226867,489.865079151959,586.227910594663,503.127068592527,643.53507053577,428.200998869573
"ENSMUSG00000006930",148.917209747887,130.951969706408,125.316505262711,140.840158221347,175.500344566717,146.40169036403,116.188764360182,158.975442939443,168.404537776992,197.034579755308,188.674988151115
"ENSMUSG00000006931",101.24190660045,116.690272571115,93.5333529856253,112.29638829604,100.700703401828,132.009345239885,110.48250567714,138.344980510939,160.050678026085,129.998507202453,123.15311884928
"ENSMUSG00000006932",5489.58329823618,4696.49774788233,9228.1951835272,5672.20444808632,6861.95668803313,3933.17642624921,4856.46567693222,4201.65634099373,7592.6325923579,4663.77846976248,5494.36565824709
"ENSMUSG00000006941",106.056461120975,108.904569134235,96.536183657523,85.2343783355823,115.848893371101,111.698159179801,109.094366150502,77.6133835869698,108.695882691451,105.055884440081,103.602535111791
"ENSMUSG00000006948",0,0,0,0,0,0,0,0,0,0,0
"ENSMUSG00000006958",26.3215723696017,28.5947490610599,15.4951211350547,17.9031127950977,25.7493682889239,18.2800240066895,15.5549709640593,21.6960580268973,20.9991240788994,11.1321207103332,15.3493315027006
"ENSMUSG00000006998",3946.63600002126,3824.65449714081,3391.94206038423,3677.70138011797,3677.30487183546,3523.03982312352,3535.07734804171,3615.99142967724,3544.76476855023,3172.05010237382,3621.68068009029
"ENSMUSG00000007021",0.682618220785673,1.07597660164282,0,0,0,0,1.03995487465961,0,0,0,0
"ENSMUSG00000007029",4390.82261996276,4770.17216212494,4820.56080347311,4970.41232587953,3961.6422673971,5274.95900557242,4169.04799204713,4517.27783750114,5122.43511883571,5120.14803478002,5400.68366926005
"ENSMUSG00000007030",32.4160297195446,25.755845737861,21.1782899868997,5.38189511902245,16.9069064507836,17.9350341513157,31.4363994574431,24.3990003070549,23.0839283873558,32.4461628781546,16.3155362718938
"ENSMUSG00000007033",20.0182931467211,8.61593810543839,8.86951881990685,10.8991331114969,3.17346977454281,0,6.13690484413026,3.95559906888313,4.72197413650558,6.57326982819303,2.28790248580242
"ENSMUSG00000007034",26.0086706257915,21.9067600123993,25.0740300068228,24.2432837859489,31.6346815722248,28.0849548064261,36.5957365591099,25.8190908989549,29.2403142478692,15.4227602470339,22.0733366595178
"ENSMUSG00000007035",36.8695930693278,198.10931578992,35.2019957073479,10.0439733678061,12.2468969011169,68.3370166283895,16.6787861109892,170.136873373909,35.135675038719,25.7235255015638,16.078024949698
"ENSMUSG00000007036",1672.44682523064,1801.07110560294,2058.51646402266,2376.22098789161,1896.23713597616,1837.30332886876,1994.7975617553,2182.03034390536,1954.43906569543,2242.20518917867,2007.8049992224
"ENSMUSG00000007038",1651.25078262025,1869.23142828086,2158.24933533372,2469.23261461899,1804.23591726477,2082.88690142809,2084.59791416868,2001.78306652016,2069.44284175312,2217.89515213907,1888.38788163522
"ENSMUSG00000007039",59.1999851970512,38.6488219028233,43.1198519564285,56.5210628299715,99.6767236479038,39.8523492344242,53.3444801389592,54.7671521703115,55.5177213006315,59.1573790634347,86.7874630746951
"ENSMUSG00000007041",2576.42585937375,2265.20225027837,2874.09317313349,2650.77991803996,3370.02849431708,2536.81755148703,2181.33342297549,2294.95755125389,2202.97537043136,3086.43966406646,2560.60041028334
"ENSMUSG00000007050",67.7004141985022,55.9190350808431,71.1169373312433,69.1069849458685,65.7418753078041,62.9405074311177,67.1612292416708,69.5250939852152,58.2285705691614,69.8947001832197,87.1061540927906
"ENSMUSG00000007080",57.7378341903993,129.054865255746,51.1043600518759,77.341780804199,57.8661373468103,167.905440415327,95.0247480938836,158.09264330637,97.9786198178971,74.6056880668577,99.629991315455
"ENSMUSG00000007097",1369.35312830516,625.019554521583,809.274690906637,767.594695595226,959.720657309374,594.940318742854,823.416781538792,555.03487522834,860.810804876557,696.552780796034,698.383167801228
"ENSMUSG00000007107",4.15613698493348,0,0.887976781181082,2.18044726879543,0,1.27878321023683,2.04629515426273,0,0,0,0
"ENSMUSG00000007122",1059.13895906071,4.28949980343861,14.161728782942,103.974689949475,113.135380309406,12.7955724000969,1.02815226360132,0.988235721025535,0.940274305258042,66.2601238784922,2.2953949333164
"ENSMUSG00000007207",11.6505472911907,28.5858333743483,33.5822335734143,29.014035433548,37.78560011511,36.5554246284217,25.9090190783651,59.3797682969523,24.4835587078384,31.7272726685593,22.5001322077247
"ENSMUSG00000007209",0,0,0,0,0,0,0,0,0,0,0
"ENSMUSG00000007216",45.1949455708558,65.7311526797935,38.4452803631912,99.3104462986432,40.8945597445727,88.8672761266948,49.3365923868705,73.5965807692384,46.3782225319008,56.3333297882487,87.4987321657149
"ENSMUSG00000007279",0.690441820283566,0,1.77322295966065,0,2.10582341433009,1.28119205285174,0,0,0.94708593579955,0,0
"ENSMUSG00000007338",159.53520284162,189.669822367902,128.2831356726,137.360882190506,129.533137311456,184.966967200546,156.30865218773,194.440807969245,155.029602740953,132.903645808773,162.79293556357
"ENSMUSG00000007379",83.3310397570817,75.4982808840876,71.8643975967462,78.6320632221529,85.2425996418347,69.2010586822031,63.6079686543602,72.3286884606755,53.7696781375842,88.4138400985802,83.3898643757895
"ENSMUSG00000007411",1116.4492324144,1072.22268399373,1214.82266502318,1158.38970302221,1235.66959464856,1050.62946709966,1225.15365863248,945.274989261464,1180.1776006542,1339.37797810012,1467.67895417605
"ENSMUSG00000007415",456.258756387773,314.642786470842,478.815872944252,703.07084411863,445.748307080493,525.191161937141,449.29310073171,499.580135923699,620.113144747907,394.640552265093,400.364877963823
"ENSMUSG00000007440",0,4.33267630598392,0.885903834042097,2.17494512718047,1.05505482580563,1.28107415405653,2.05027390522114,0,0,0.93700273008788,2.27681403663588
"ENSMUSG00000007457",0,0,0,0,0,0,0,0,0,0,0
"ENSMUSG00000007458",787.428445133126,731.965217154584,745.292180948874,720.776384143247,813.715362706137,659.794483477912,763.407059333437,675.97363927211,694.548568486258,642.948967597327,723.760674698901
"ENSMUSG00000007476",520.522861178834,517.835980638217,620.260658277972,760.390180855033,610.277574100995,517.298809593931,568.944539238352,622.550405933281,499.413106851653,735.159546626319,576.831165629945
"ENSMUSG00000007480",8.36006967444077,1.84499772169587,0.934715766560166,7.54494993110371,6.7082712091699,2.69351649177815,1.08166875190155,3.13674897443418,1.98765560931045,2.00088616156784,2.43237776953068
"ENSMUSG00000007564",1776.48814760495,1693.77511479157,1754.48531787531,1567.28366670701,1879.84396874213,1664.40732880527,1658.6505177142,1562.72216170558,1630.37974059276,1753.32506313816,1720.82439150862
"ENSMUSG00000007570",200.212671556663,255.017258168273,310.375760858755,265.198479322294,398.450100297025,272.024674297538,330.591251279154,312.127870031864,355.72592943577,254.041690298057,254.830752860364
"ENSMUSG00000007589",417.876815378226,355.382327203965,426.642801996695,472.187711409105,462.196613212677,443.498145890919,417.795812597687,440.84202997289,448.672810807266,460.058690756983,427.459123908877
"ENSMUSG00000007591",13.8974236607149,16.3605473729456,7.37331213704772,8.08543819707306,6.40069860981567,10.4064310114462,6.48559659963625,11.1519152908673,9.92254605664008,15.7371441797502,10.9322186018588
"ENSMUSG00000007594",2.04804496387621,1.08452337914281,1.77771291030472,0,0,2.57665346735596,0,0,1.8970033692075,0,0
"ENSMUSG00000007603",623.110001424787,617.066105450146,673.449344463455,641.154783622635,577.259094653661,664.304441344901,647.025080139749,616.856239797156,598.023381427853,624.135052568686,782.116695922701
"ENSMUSG00000007610",343.684134058153,311.565524436546,352.38599633505,231.475443347962,287.111494662787,339.811374642549,274.461225118131,305.491755372944,282.990453508861,343.231917915422,305.710516763672
"ENSMUSG00000007613",182.683851756784,128.709989269408,145.253682427164,144.800978027501,144.725590495775,75.539606142873,155.020155060094,142.935336221461,170.213237481426,146.410744049673,190.331124488839
"ENSMUSG00000007617",81.7248529032813,52.1714038361467,129.151304059393,82.8385267576952,167.959876285341,75.2991745535603,95.9572084245221,74.2639910274408,88.9953842737228,82.7567162760196,121.058530503972
"ENSMUSG00000007646",9.5795701078178,29.6307229896636,10.3332445173089,8.59979467939907,4.73823713726262,22.519961065754,40.7597669387566,33.4623881354791,9.00773845055048,37.7215119163445,11.8276022777906
"ENSMUSG00000007653",0,0,0,0,0,0,0,0,0,0,0
"ENSMUSG00000007655",326.237356954847,239.448468544657,288.221723397604,200.211218429417,362.298936340237,158.729117516629,240.074624506207,285.023752441039,342.577574435415,274.299773176566,284.273495096858
"ENSMUSG00000007656",677.72841956845,755.474835176033,819.361021880825,623.143039985038,773.295313002377,679.794683723566,652.966114891528,625.797281314316,694.477005287145,646.370959714517,538.939559015796
"ENSMUSG00000007659",225.491736344215,253.998397363691,169.292943406464,330.696926374788,241.243886856143,177.921173736492,231.024814687907,168.531176319758,179.22733824074,310.224158989666,179.590309755719
"ENSMUSG00000007670",817.385971114154,737.930205223151,693.612856839236,743.696110936964,654.903739719634,835.448934266249,761.888641904599,793.408394424022,706.373091822557,829.892169923776,928.496329287679
"ENSMUSG00000007682",2.02430821214902,1.06912614940967,5.27060459752067,7.67452439296438,9.5223746276307,2.5875289598526,9.25882021706647,0,0,2.84956597593237,1.14500156635519
"ENSMUSG00000007721",892.188059618317,1015.43226484361,911.218983122107,982.767678779046,897.852147785044,1056.28433881738,1048.66804911525,867.493270271526,739.349169557187,862.475741219391,900.894210742958
"ENSMUSG00000007739",1724.28223467466,1838.29419461787,1932.51134109349,2090.81169985186,1821.26464476326,1689.09051745355,1763.93872153596,1694.28467129453,1894.35657571701,1744.44157792688,1607.22418143668
"ENSMUSG00000007777",106.819643452703,125.812361858996,138.540722588107,131.894573908848,97.7315637176165,134.573483299292,132.334898148397,139.973579722735,146.324076789091,112.313814975545,128.609151656201
"ENSMUSG00000007783",23.5254363248326,25.9868223385483,23.9752405237738,25.0077138060844,35.0107997177448,37.2301430091222,32.7389322914972,27.5749499525447,34.923068187573,22.4505878965758,29.6649829038545
"ENSMUSG00000007805",12.4665984061571,2.13319854564011,8.79220796329167,4.39717247907447,16.2470777170828,9.00160058478649,5.23741941208891,4.85612237750733,10.198443786509,4.83493280692089,15.1287105475293
"ENSMUSG00000007812",121.062665962022,94.9807449812315,138.24068509545,157.519994313115,185.11988187237,129.303630494954,187.628424218999,116.914096044958,113.601862307745,170.534597854916,143.672942112787
"ENSMUSG00000007815",1901.81309979388,1670.30308108329,1928.0154838543,1894.31920409335,1761.97677407911,1718.97086161657,2067.83255434393,1808.85193084186,1882.90292646967,1981.73098723299,1890.80223824714
"ENSMUSG00000007817",1433.57203349485,814.314433559758,1700.97255618364,1549.66456887035,1355.07502262185,990.76138813588,1286.69680377767,819.055232035348,1797.902083501,1441.7586675004,1486.99052048668
"ENSMUSG00000007827",76.2498861447215,58.7309561508751,60.4733225348081,102.768069220122,73.4557812307754,70.474088917039,78.2321167565436,76.8890946202842,79.7893522714913,60.264404966361,86.7552029964068
"ENSMUSG00000007833",580.271897116833,601.087621633233,621.773679930715,664.941144623323,646.677115722512,555.768378974611,613.300668608291,711.73534075359,596.147558502685,594.69213609836,503.839202010758
"ENSMUSG00000007836",958.734321559359,912.461979147241,890.856019370898,883.63642047933,1108.16355032064,938.285495724617,1059.0908440821,939.100768021785,886.56838433705,1183.19671710057,822.271951595107
"ENSMUSG00000007837",257.617209770085,248.916426422077,282.046469253815,304.625789869201,274.166669138265,253.742135224506,283.300553876211,266.046052112884,234.834080529102,229.361233923743,322.663053788764
"ENSMUSG00000007850",2055.11924023373,1984.91207215645,1888.17883291845,1698.41338647169,2243.2612355489,1794.80475402487,1997.66920640703,1813.65677055683,1835.61768348376,1983.57741600942,1864.43680270099
"ENSMUSG00000007867",149.411796341292,128.380745727047,148.419600788153,91.4459641952015,150.904147565709,113.31641310892,108.095885888382,120.649642462618,103.739746789677,141.657206172081,119.17588797003
"ENSMUSG00000007872",54.5473699085578,94.3288145317174,68.155138783346,79.3882391022389,70.9655283582687,83.112045369327,70.0122527480867,59.930758404615,86.7492850696165,53.387083885387,133.949489303986
"ENSMUSG00000007877",616.319260963234,12.7912330878091,41.1896836757939,139.21839433282,150.480748329475,12.8719962955132,6.27009000428551,0.972944004402569,0,66.7627390973854,17.3550158205833
"ENSMUSG00000007880",1776.12915377605,1724.15728780909,1377.38039061109,1364.29606157935,1678.30422686647,1630.54137544334,1441.95303655294,1650.12506568015,1569.21562790882,1817.55227529257,1655.66525315172
"ENSMUSG00000007888",9.16169313691337,5.39469581106792,22.7653392678241,22.1574828295622,34.2984206799177,36.2547440649044,38.9766231851664,68.5054205397455,15.7199169681413,34.5941676124393,16.9137146226309
"ENSMUSG00000007891",16336.4889625639,15445.3208484091,18376.2863945855,19007.4624562134,16206.3436386816,15296.1087472342,16641.5982030906,15943.0139157056,16034.442830837,15765.9599874251,16393.4473075389
"ENSMUSG00000007892",1732.10249221661,2361.70190656851,1512.82302493541,1825.5224891081,1679.01321340123,1971.1179365357,1886.9348193528,2004.82926655516,1695.98965125136,1462.05965322853,1727.59490928751
"ENSMUSG00000007907",0,0,0,0,0,0,0,0,0,0,0
"ENSMUSG00000007908",32.2473221738943,39.7988673031384,62.4051132358149,38.1441770874941,45.6580628089489,17.2365816929749,46.0020111401503,82.4104481048877,41.4116099071097,58.0335280650657,26.6101357462138
"ENSMUSG00000007944",0,0,0,0,0,0,0,0,0,0,0
"ENSMUSG00000007946",0.676038751073901,0,0,0,0,2.60172609875102,3.09093478848472,0,0,0,0
"ENSMUSG00000007950",188.03152953509,235.204662805747,205.17490518813,206.696813415123,172.587419184498,257.929013860643,184.906856294412,209.587195979956,165.843686149659,196.170816859154,194.804344619004
"ENSMUSG00000007987",61.9683206291225,66.5609650680366,81.8907247591588,80.5120930525842,62.1194129897498,59.8086323929928,53.8100395015036,69.4136983474375,68.0700004613953,63.1545142879416,52.4538938041266
"ENSMUSG00000007989",90.9716534935335,82.4606451595511,102.662685764333,78.0707754630375,92.4682882375165,62.9334947144344,118.732796233835,82.3880271472954,75.5658966016532,74.290908159164,92.2438357175515
"ENSMUSG00000008028",0,0.941269897349513,0,1.80968990756793,0.95313941514099,1.12806216924972,0,0.859711440589821,0,0,0
"ENSMUSG00000008035",119.354549345222,163.80106056322,107.487706011843,102.010637169182,157.152044875979,308.66835363071,127.854066593034,161.121233457725,89.198282015872,185.856017140895,231.705992577309
"ENSMUSG00000008036",460.307344648362,697.371275887485,492.311296984276,616.686481539765,649.173298816763,659.587995125145,581.867782706525,523.761880085431,514.970806636063,461.225443648946,517.400206641068
"ENSMUSG00000008090",213.853975215038,281.678698638414,157.392366066098,200.988944459974,161.174352529923,141.295124549686,271.523217863444,139.691500679225,125.520112019551,124.25659334994,162.0041296296
"ENSMUSG00000008129",5.08219400713128,12.9568403135837,6.19109881110243,20.7900790343767,7.39822816165755,5.32532361892094,8.07339082313838,4.30772796099312,5.66988984429957,7.7341650068259,5.98552254004931
"ENSMUSG00000008136",18.7645819915705,14.9318627797761,30.7820162088739,26.4544500961582,20.0782031700141,11.6869198142133,24.683926060371,18.8160189238056,21.6964709127099,13.3272384252219,18.3974369168342
"ENSMUSG00000008140",725.048328646888,776.484232179546,854.828074887244,945.259226517027,796.351098637303,922.221293869277,891.379256269879,895.224972143501,698.246000496625,864.319674204687,864.795885283323
"ENSMUSG00000008153",54.8376398751839,63.7965402801708,38.1993774813149,64.5200170764105,114.44327274654,33.7939816425306,44.7900163546892,51.3961839027792,51.592580410809,74.3389778726361,11.3099689558304
"ENSMUSG00000008167",366.563934166901,252.671183196073,391.911673163777,297.201612157943,364.56292803054,263.134230587598,337.639180350558,222.433788020928,272.360938411721,325.650002500503,250.41955730942
"ENSMUSG00000008193",9.75533074848338,49.9288878604991,0,0,0,66.3669454628791,0.956817838356376,1.00489735520074,0,19.2338436595679,0
"ENSMUSG00000008200",797.619352597092,847.921746433591,834.909580073355,864.821178677952,791.568297194958,858.233790400512,878.062110389523,791.252756331404,896.284600403256,917.44537038667,1008.01283866658
"ENSMUSG00000008206",28.2870066187088,43.2406434644234,21.4282302985787,20.6108696539798,42.6689887120673,26.526150767131,31.2283710828752,31.1200227999689,35.5791364924781,42.3508798678158,125.448741732113
"ENSMUSG00000008226",109.714093894133,119.971380331097,101.424380842106,138.787307794102,134.50196092778,116.198245802536,150.113239629489,130.308047682438,152.738718034198,124.973752824952,137.795157232978
"ENSMUSG00000008301",484.576858368368,519.781278441078,532.83201216069,557.971624981626,495.025466513426,468.96960459101,516.174278632686,478.168832116461,558.437339319315,500.691145016269,444.047671129324
"ENSMUSG00000008305",273.889287468695,308.16763529615,323.506043793107,355.704739472774,463.146245314901,360.39227854539,424.964220888587,516.552130725391,285.691468888556,406.537629478673,328.255347877966
"ENSMUSG00000008307",1.25576089394157,0.483839830525873,10.9628939708387,2.43920527621176,2.36865852234581,0,4.08892391991263,5.2917139176154,7.32506356863137,1.27821358423748,17.2894285344594
"ENSMUSG00000008318",38.5274873265063,102.924655176645,11.1953265012927,10.3031033696322,5.88234680709929,30.2811833869104,9.69985315701575,4.64369497338346,42.1686568940708,14.8192732438604,9.02565302398611
"ENSMUSG00000008333",202.160315371861,205.87693369449,183.61308274158,163.808671923512,178.929699840259,181.653626316102,189.134331805304,142.846103985797,198.958874157868,209.310259942721,125.648049162553
"ENSMUSG00000008348",22749.9612567088,26374.7890317168,34442.2915331466,43431.8070952539,31939.6872638282,24721.1738187258,21208.8101690456,30281.0884081278,20689.2495744199,20309.8062115979,30463.6639546834
"ENSMUSG00000008373",745.427206206567,740.217894993805,568.94254060125,753.061334827124,614.736397880529,830.491310320873,882.495834601682,710.934554087573,796.998567979931,493.103066270221,788.899255027313
"ENSMUSG00000008384",150.040793351143,126.628428420817,191.919852375869,101.522983667553,158.756206063836,102.260277832502,217.573724073081,109.327119051309,95.2061570204311,191.795570370442,115.073767871248
"ENSMUSG00000008393",169.98167484822,137.73407571087,196.223286786943,142.184202909361,150.344346274226,145.517354084086,131.012978648631,142.642083310209,128.15210251772,164.384885707349,144.700137213535
"ENSMUSG00000008398",119.545150700419,177.088844790873,107.982529988469,83.3498614914092,140.523897515145,123.797562962856,112.752292304279,108.682647499946,107.414169169578,105.123179493002,153.65171687077
"ENSMUSG00000008429",398.369806529243,436.114830126416,398.501613297928,484.535892702736,500.127008028855,378.435520705608,481.312631763018,521.560605866672,445.313025753031,567.99883582449,380.082754722618
"ENSMUSG00000008435",74.0498878859836,43.015120470018,43.7075314660329,37.7755818104667,51.259820998327,62.6673068441463,57.6901364610497,43.0158353395565,55.9811127641635,45.066949281606,68.6656599768476
"ENSMUSG00000008438",1.35594325616402,3.26042302197224,0,2.20028353577169,3.1459209672583,2.56689175227387,1.04380886390895,0.978963775549054,0.930673235072496,0.953841718688631,2.27400326616819
"ENSMUSG00000008450",0,0,0,0,0,0,0,0,0,0,0
"ENSMUSG00000008461",2.13741795926343,4.50107050009958,1.84669022714998,2.29377396092589,0,5.42034330951775,1.07633285210592,5.15231266442692,0.984744195189276,2.36954982576279,1.19840287057086
"ENSMUSG00000008475",880.652148831517,759.757034368774,933.765345649834,946.893796494631,1181.91427455826,733.388236293359,897.451062697839,748.664213051994,964.839288687496,1076.59591673137,725.212503376123
"ENSMUSG00000008482",0.704311897139996,2.23130388886379,0.923318603460072,2.29634474946372,2.24834590527548,2.67671332566346,0.871024295350107,3.06557517273923,3.16409164431979,0,3.63084496804917
"ENSMUSG00000008489",0,0,0,0,0,0,0,0,0,0,0
"ENSMUSG00000008496",23.449154241378,77.6652412537855,21.8791839918927,20.6173428445319,30.3740709185294,62.5938103010851,11.7766265975368,26.0310303571157,14.8106706444841,16.5647249110227,17.474678153719
"ENSMUSG00000008540",5386.41662796058,4344.75103529331,6214.74134668724,5618.68433797082,5908.57276787364,5143.65611065448,5552.99315584163,4888.70640500943,5329.13289407618,5328.65864748397,3935.37978576864
"ENSMUSG00000008575",783.521376337401,710.472434216929,748.878929060827,701.230018377732,647.252743252964,477.523418071495,821.183833715021,699.229340033482,811.363424574341,638.481766352842,613.890074881345
"ENSMUSG00000008590",0,0,0.888711478704946,0,0,0,0,0,0,0,0
"ENSMUSG00000008601",655.773500606952,777.223731491257,901.992558665253,810.644937315048,597.425611271662,902.832346912375,782.861374413189,827.63209931696,672.296672245776,681.293184227067,674.142615816687
"ENSMUSG00000008604",973.917642640784,811.119663413246,1025.11100520677,1021.15372651515,892.727098658072,944.848744460403,935.815523474639,931.768748462152,892.239137858025,988.729517128319,1103.15804585916
"ENSMUSG00000008658",7.2549352860377,0,0,1.04806592947734,2.78700765183787,3.2830714088693,2.66558638945859,0,2.33796659184015,0.374025780460594,0.640386648446724
"ENSMUSG00000008668",2500.12436807523,3380.07677596336,3010.54637528381,43.7363163819691,37.0353653762994,35.1834137424685,2984.00725796979,60.9692443835522,3070.58943723311,54.6397759032614,3084.22042914621
"ENSMUSG00000008682",13663.351696472,16275.0188907216,15867.4074675857,18696.6977079092,14861.4484473401,17081.797691123,15530.8685564073,16804.1513137475,16771.2810540165,14083.8292281085,14574.7066290457
"ENSMUSG00000008683",3048.11783224477,3935.58696310887,3378.99976469192,3338.7299992374,3148.91988143211,3388.88578514247,3300.72084308655,3296.88756652071,3291.84004792352,2777.89410983027,3349.17278298837
"ENSMUSG00000008690",1226.52049257886,1364.08348746996,1365.65353234622,1305.6969145715,1316.59442865751,1298.59221061247,1298.15279017442,1248.88262253234,1327.28356078168,1363.34961497208,1326.44971812955
"ENSMUSG00000008730",2994.29503246847,2061.89639552175,3840.1340592351,3230.76707935464,3085.66044788065,1352.48817717241,3254.66422341352,2348.76102297171,3179.07110212639,2617.26744148886,3080.88774362788
"ENSMUSG00000008734",799.756392780083,979.294145688287,787.169548485455,1103.19038380517,805.314227552377,1145.48640555122,899.251864205478,1288.64882987754,1207.35328522964,786.094993980028,1394.2522388582
"ENSMUSG00000008763",735.445095363974,651.720752045117,757.826167848978,960.23102974381,710.737041712832,576.594956972699,804.491525518889,707.667166534888,832.093897621703,888.805232863774,993.925826985264
"ENSMUSG00000008789",0,0,0,0,0,0,0,0,0,0,0
"ENSMUSG00000008813",0,0,0,0,0,0,0,0,0,0,0
"ENSMUSG00000008822",41.6407894625498,47.0094644690505,46.2278470632211,45.9988779040324,37.8191288890687,45.9756356540566,50.9610742246558,35.1332294102193,42.2377111730034,40.8893332230947,32.4131555154107
"ENSMUSG00000008843",0,0,0,0,0,1.26404913501419,0,0,0,1.89919871646119,0
"ENSMUSG00000008845",37.8907384134472,65.4351660370896,68.3080426176546,43.3272746973487,52.7438186413337,59.5220756213236,37.1123465503535,40.3289604116039,77.330458175232,41.0144054379422,54.4758948254175
"ENSMUSG00000008855",1311.09673182374,1582.57869580511,1691.54678970595,1592.15794087702,2128.15888776541,1395.01018839566,1463.93483159626,1884.77986834086,1488.22728065023,1903.15158482681,1605.54832690581
"ENSMUSG00000008859",449.645760676392,581.827885840443,544.035863111474,649.789453163347,461.164444168081,494.236515094513,560.114858093607,620.08556092849,516.640421362266,559.252145612647,413.812162465101
"ENSMUSG00000008874",0,0,0,0,0,0,0,0,0,0,0
"ENSMUSG00000008892",900.513767876332,843.757998252625,796.345950089579,847.780408975449,871.6888186998,860.232406705022,846.060772381699,828.352579127614,778.24648975837,833.770206699969,807.713480275987
"ENSMUSG00000008932",0.691376980231755,0,0,1.08731258117383,0,0,0,0,0,0,0
"ENSMUSG00000008958",423.993110395691,432.185173430282,439.077761658409,422.367766731622,447.530668677194,435.918976332353,443.609552623556,418.457677169315,469.293710552217,478.165993793846,404.03458280655
"ENSMUSG00000008976",218.00801639642,205.735517670611,231.141885844962,185.620663665814,231.255469321369,153.814106144916,249.211840248434,265.326983378651,198.085061640534,227.369267114459,184.735360607284
"ENSMUSG00000008999",30.3010258147408,23.7977354887423,31.8743178543885,35.9417933398985,26.5202001677982,38.665967855316,36.9724275271286,30.4319014791574,40.443024993145,24.4678491052355,42.2157989694686
"ENSMUSG00000009013",143.497011877378,139.698872625651,115.479739879438,136.135105828022,137.284198154367,130.230057408002,130.275997614934,136.230291558622,118.632458517525,98.0526251652577,118.423815828
"ENSMUSG00000009030",364.885616318133,370.922483695859,333.392808760325,378.555882353818,326.947538607815,417.274968154501,435.138902671303,348.017251599193,340.82981885394,377.850472560069,419.326303153411
"ENSMUSG00000009035",191.624567843446,106.845936453862,112.801034515757,173.254710994254,135.981647958152,149.899081141799,128.863306154305,171.303623538877,129.140281958945,148.540403962318,114.52081804785
"ENSMUSG00000009047",0,0,0,0,0,0,0,0,0,0,0
"ENSMUSG00000009070",0,0,0,0,0,0,0,0,0,0,0
"ENSMUSG00000009073",599.46812218128,561.380008863569,548.980210832614,573.013822406507,613.430404705413,667.713215880786,565.156903951345,676.120228946425,523.091454755172,524.792492562255,692.952754842453
"ENSMUSG00000009075",0,0,0.877710521467472,0,1.06412912865024,0,0,0,0,0,0
"ENSMUSG00000009076",58.5631569640855,72.6106621778788,49.216493374995,40.7108905951938,48.5472080180162,60.653064960316,60.5279504821115,56.1661178782779,45.3656167428035,54.9132307027599,69.5780947050742
"ENSMUSG00000009079",3034.29434827563,3496.38577499574,2968.52258369081,2894.82437311992,3173.20023611115,3316.58764167937,3224.01026757684,3192.17434907818,3409.22312109567,3365.17413342981,3397.12701976122
"ENSMUSG00000009090",1566.03247620588,1648.37140858098,1345.77741651328,1510.72415130392,1283.26142588479,1593.43197560759,1351.79033794417,1411.88845738904,1305.13163419027,1222.00243947749,1581.37365723539
"ENSMUSG00000009092",87.565494127707,133.147745956441,61.5950877774352,94.3509128563195,56.4876427260861,120.177326855782,61.0195333845723,115.029904532853,110.975371772154,77.3889980955827,48.2460233321913
"ENSMUSG00000009093",0,0,0.879058830438119,1.08911884795795,2.11171664126348,1.26540397867064,3.06437082584522,0,0,0.949817664491217,1.15000743965707
"ENSMUSG00000009097",20.9290396124545,3.28645172133024,7.10282628416046,4.38638416191105,12.822585319144,15.2990500909327,0,4.9772379848311,4.67155803688468,11.3370895105556,3.39726261134944
"ENSMUSG00000009108",0,3.1430191087724,8.12341104440709,0.556739475226901,0,1.95637757899575,4.90652005783124,1.00166423715868,0.476638851167888,1.92844250651467,5.53289975957226
"ENSMUSG00000009112",207.732829685325,206.314768851277,260.361114216809,195.484316217847,224.203733707844,210.760655051928,213.655118107041,228.332444114538,205.925590361595,179.873363844837,253.560645182348
"ENSMUSG00000009114",0,1.08064173486522,0,0,0,0,0,0,0,0,0
"ENSMUSG00000009115",3.31284769864254,3.12999318981011,4.27681517869625,9.52395714238436,1.02670219897447,1.25046444346483,8.52954631185802,3.80213236534718,4.54895059513407,3.65925581662112,1.10685119134104
"ENSMUSG00000009145",75.2523242592751,90.1945993287844,59.9734334986884,96.373526421602,73.1092415197617,96.107167767748,61.8102287866633,127.436979248294,67.8099426297586,88.9753105573127,92.2971531796741
"ENSMUSG00000009185",13.7721154508625,12.9426372129631,8.86993802291368,0,4.41652840508175,31.9858648823863,9.20248046589586,3.89778935587384,6.50609611795829,11.7573320347852,2.35500044373135
"ENSMUSG00000009207",118.213390028173,97.2036472219683,85.9748372522733,82.6743167503877,96.008911536264,81.2236389608235,104.227537266999,91.9304458723093,99.5170749825655,82.3617825765483,83.609184150238
"ENSMUSG00000009210",2.7608302725899,0,0.604241993271442,0,0,0,0,0,0,2.14267403074515,1.6486613740198
"ENSMUSG00000009214",0,0,0,0,2.0900876776622,0,0,0,0,0.941664962181797,0
"ENSMUSG00000009216",0,0,0,0,0,0,0,0,0,0,0
"ENSMUSG00000009246",0,0,0,0,0,0,0,0.296992177933891,0,0,3.8116243863455
"ENSMUSG00000009248",0,1.43574879337531,0.694339209169134,0,0.833995284571793,3.08910884730217,2.81333749596852,0,0.747680927389232,1.30509378053287,0
"ENSMUSG00000009281",129.667192841936,146.47016282473,133.572876763977,75.3936004513147,85.93674481176,97.8487211636641,79.6944093244222,78.7649842517498,128.742873763798,59.9544224584967,100.030717887827
"ENSMUSG00000009291",339.384635306762,355.017598521772,415.791434983926,482.289491659853,375.227557931791,369.856327912064,479.323080168002,401.114669052753,386.717063287646,460.636472336149,387.267274983461
"ENSMUSG00000009292",128.120160996878,63.6651769180463,142.65426422462,164.343157599227,35.0409564558278,71.6037897206082,25.5878962391382,34.9073988374682,137.259486492001,32.0252252803752,131.381053855418
"ENSMUSG00000009293",346.640091936987,439.799296664792,355.191062520989,531.219662701992,330.002096379553,408.786041741574,422.525162057124,438.303287791872,252.125708721793,368.729593640087,409.279802011965
"ENSMUSG00000009350",0,0.546491698710082,0,0,8.31271716977646,0,0,0,0,0,0
"ENSMUSG00000009356",3490.63224824631,4355.48510144624,4890.46345112108,3082.63662940725,2850.87851485933,6011.14711882584,4557.85300488145,4706.28550896322,4595.51822263101,4053.26405137151,4345.53743559749
"ENSMUSG00000009376",399.827519297381,240.081298195304,367.403514344068,294.796124159048,240.508625505217,204.85169667102,410.458026097665,355.889563744453,431.876156716025,345.834276390685,328.137395821495
"ENSMUSG00000009378",297.894388892447,178.726160135233,286.755763969419,243.974874125258,254.451415826993,149.032262318023,367.143379025802,238.546385253268,271.319912028051,259.541962003617,411.078054219526
"ENSMUSG00000009394",51.5043369873252,62.9787518089107,101.387936342745,48.6433533621313,53.6967591544787,53.0710711636823,120.718494682968,115.753999877107,81.0831738836755,79.8771441804899,71.5646365730478
"ENSMUSG00000009406",95.7825866928368,81.047787200706,100.11700274286,94.8022742117141,130.665816925613,64.3113859691729,95.4178906411722,98.1662137838052,80.9050906416679,87.4584299027967,75.4021285829724
"ENSMUSG00000009418",242.533855660508,191.323837331908,218.149542277635,93.9570285777407,164.439275382054,169.651336385087,108.607680369556,103.669145011106,177.066552423535,131.26487935807,135.416543254315
"ENSMUSG00000009470",344.633789179757,235.789969149624,350.292774364177,286.750647218272,266.728831046883,180.127648434082,324.626985647279,223.455804583009,342.737610169329,318.811589621194,266.243744107716
"ENSMUSG00000009471",3.40141762259175,0,0,0,1.0658737250379,0,0,0,0,0,0
"ENSMUSG00000009487",3.6062265457969,2.4162395418535,8.89182961408724,0.805015337926489,0.787443272717801,1.90190954994206,6.09404277357619,9.84228728295205,0,0,0.845596233830622
"ENSMUSG00000009535",158.672993590339,166.636222478714,161.719347451583,210.901743357838,197.717173334347,142.246879900561,203.187052111617,164.059903193784,163.489785556829,156.820819193071,144.050482343788
"ENSMUSG00000009545",4.81150576780158,7.5650996139266,4.42655015771939,6.53597376833858,10.5620517957596,10.3235796977342,9.20497216096155,9.88893495628078,4.72933108046652,20.6363451494344,9.13015273492234
"ENSMUSG00000009549",535.665959240529,596.054291628794,585.193244672645,619.311530104946,602.983630700014,590.748233170704,676.126353447514,554.297442016326,536.823514404903,480.173570942237,537.426810752656
"ENSMUSG00000009551",0,0,0,0,0,0,0,0,0,0,0
"ENSMUSG00000009555",1044.34980414565,840.093850907228,972.323156950185,811.03934337464,880.896770658548,1306.95248351616,714.017156100972,885.70386305606,1267.34781417447,968.362827577219,1036.25336881452
"ENSMUSG00000009563",555.178434685232,542.887340278967,580.279213939633,695.760444914281,540.583508663845,651.005637533296,583.784811742298,616.439629289909,597.306549396117,572.350424891812,678.987656966056
"ENSMUSG00000009566",748.748059238327,771.069639162001,597.218443420781,715.56803253545,696.259112839875,876.758075532314,852.211623291934,886.522827913596,629.856047312771,866.584062911337,766.865132493034
"ENSMUSG00000009569",154.987428799607,174.70708067662,190.78742778069,208.551103873366,209.874949323015,118.448276187781,231.392110888438,207.4021352657,235.334782977599,287.793984206992,258.786074136395
"ENSMUSG00000009575",53.3153364281916,44.6652721440614,57.9401273919463,45.3255633400741,43.7189367724474,41.1422803761911,55.3051965262777,44.9338832434215,54.0391084664925,43.4255638286871,41.656361587341
"ENSMUSG00000009580",123.173795360108,82.049616585541,106.823242115084,131.733803030731,120.80862817884,60.1966439007016,110.11530384726,94.8266709032337,128.626228469958,65.7492526317134,106.05337262346
"ENSMUSG00000009585",2125.19612847381,1902.72972266625,2656.09472995144,1560.45676944837,1993.34409547893,1940.32343642043,1674.90005640801,344.722511368993,2386.53241961261,2665.67763544135,2777.27065384306
"ENSMUSG00000009588",0.683508317529209,0,0,1.0961593089093,0,0,1.02400909597896,0.994956656974469,0.948123384129068,0,0
"ENSMUSG00000009596",0,0,0,0,0,0,0,0,0,0,0
"ENSMUSG00000009614",574.087824574905,629.524667445226,361.407564748531,618.671663773829,353.239989806241,584.547278690915,417.207046937316,921.400490971938,367.531584905291,366.087760087684,598.677642925018
"ENSMUSG00000009621",869.951750398397,1005.60827943662,1132.16218111889,1150.87269045354,833.029882721459,1043.55777949602,840.758404288164,978.93163006703,833.035986792341,1113.07993049553,1257.13445214637
"ENSMUSG00000009628",1.80786088767871,27.5526257298837,6.172539255478,8.67206295268768,3.27815938633453,0,28.1850451958411,2.56230422735629,2.44318018524035,6.84855778789308,1.20978223483098
"ENSMUSG00000009630",971.834785870725,871.640942486367,1138.8632215686,949.612585491898,1170.70154121218,804.683228068155,1023.52427846937,972.935250836525,1004.67192498184,1038.87805955538,879.248338355061
"ENSMUSG00000009633",4077.60804537466,6353.23924222225,5324.29088847503,1710.32506010106,3324.21500618406,8386.44607219232,11000.4867714276,3375.28469942655,6430.68137130621,3736.08324302392,4963.21990223496
"ENSMUSG00000009640",257.940199123616,259.644020310762,243.200018995191,268.873230622328,242.217868393654,338.405656212726,286.013152443759,254.63841584499,274.613018472014,224.992837581613,225.160358896962
"ENSMUSG00000009646",0,0,0,0,0,0,0,0,0,0,0
"ENSMUSG00000009647",113.195355969591,60.7505594718169,115.271932131567,172.962934241985,172.044528418255,46.9216262973091,87.4344441788569,115.661925045297,114.233716683304,70.2749471086168,114.132467772058
"ENSMUSG00000009654",2.06888840982931,5.41402718830973,3.53976101135143,3.26825737290616,4.22957908841424,1.29308157326066,1.02553156424114,3.93378114922907,1.88408061438103,0.938759361072801,1.13903936063573
"ENSMUSG00000009670",0.760249530820431,1.23372653641909,0.706444945558555,0,0,0,0,0,0,0,0
"ENSMUSG00000009681",502.368043851936,550.817701951675,503.043365732346,573.069929269311,732.36037279467,547.808414014508,425.556636651817,661.004650282531,570.21925068331,673.533635347008,511.311842924248
"ENSMUSG00000009687",101.198610295298,232.844661690866,62.43508694224,49.6287818759124,95.3283323523389,112.335332823869,48.2210650403645,63.2512467375733,62.9947537834009,91.6010502872812,80.0639913332246
"ENSMUSG00000009731",7.56808136292415,8.63808344736126,3.54366419887816,3.27128936957045,3.17181585027311,9.02489099075794,5.11695121968544,4.9379691836923,1.88967902629528,5.62742297642985,4.56543920217104
"ENSMUSG00000009733",89.1632841785393,105.431430995904,81.9180925266904,101.151455607874,94.4152767611798,84.7584491536802,75.4251898305503,87.1271236571298,103.459514645261,141.010594858464,97.0516973232916
"ENSMUSG00000009734",0,0,0,0,0,0,0,0,0.94676288413655,0,0
"ENSMUSG00000009739",109.939462401379,94.7832703982477,117.885922678101,102.115805390974,145.539826105737,137.91774174885,108.22100800591,108.287738062903,171.087435135866,132.572326482563,126.317522009828
"ENSMUSG00000009741",784.891398782753,738.838426744843,914.3223405124,847.390041823454,877.680614552473,821.657937891878,837.676958054358,870.013932619199,851.562034207362,909.899015943682,916.599049144224
"ENSMUSG00000009772",74.4330831443979,167.430797801289,86.0592447935446,94.7689420671743,84.8163970691762,163.183893410176,152.427359074593,173.632408664398,104.78547672023,184.650016072433,91.4012402925189
"ENSMUSG00000009828",283.82598603013,257.313206409516,265.759914918791,326.607362433582,490.267736971931,379.767444877591,362.862327614078,233.417520150395,276.170611258325,308.69022889053,320.772433931905
"ENSMUSG00000009863",1629.21198281283,2113.82572003641,1941.09219239228,2050.75272843668,1666.74421512589,2143.57988987441,2001.95316434164,2023.10419102958,1824.65953020976,1858.73017362877,1981.59468198348
"ENSMUSG00000009876",12.6440122429849,12.8084998020402,7.02669883820713,9.91089881297582,27.9513912653445,10.3489056316601,17.7199480952126,21.3606502859825,12.9882096027332,26.959448013549,11.5772586354012
"ENSMUSG00000009894",261.575747355708,165.661768426013,320.727999469783,185.529122546503,213.050270668857,180.519524679124,216.149384860354,282.356682102387,327.992293354988,142.045896894104,223.737380510308
"ENSMUSG00000009900",0,0,0,0,0,0,0,0,0,0,0
"ENSMUSG00000009905",260.955156273646,266.485228221315,345.717664617179,313.471537586294,307.784780721194,235.730640276995,291.087654485644,361.617782847934,362.75219303396,375.816719697851,275.801085580274
"ENSMUSG00000009907",926.111677129519,880.061126144476,939.667835682605,1005.88932726425,1034.84153056301,823.176264665121,1020.77630246154,960.818721499775,991.101990696298,1006.88160768598,934.142782832106
"ENSMUSG00000009927",2409.88752537853,2928.65018509111,2674.84785120094,2774.50557373206,2443.8419634537,2797.2464831168,2562.7366118234,2856.18253429036,2564.54908502925,2212.50909307818,2638.03306041098
"ENSMUSG00000009941",0.681920198710817,0,0.894928446930891,0,1.05592879087962,0,0,0,0,0,0
"ENSMUSG00000009995",359.831720302444,509.889773527756,453.063580583949,518.603178845161,487.347577815929,581.713280364384,436.712790094885,585.132874004671,473.504776427535,567.051288649113,454.525114575527
"ENSMUSG00000010021",31.322572046306,39.8754708452173,6.57040165188487,16.9055548702235,25.6706882624319,51.8360734799016,4.07060839451696,10.0886246285594,13.4621924202292,28.5032927370427,8.43681735074378
"ENSMUSG00000010025",563.526607608102,405.287628393694,640.901464042773,559.920024569625,837.161311245329,551.42167606048,694.260188611076,589.519466214478,519.955474016925,571.191067243259,514.927580403827
"ENSMUSG00000010044",2.73570661367705,3.23436649169958,0.88428173264694,2.18951833915352,1.0570733701127,0,6.15955586968048,4.94168780464674,1.88916594492886,2.83006519851157,3.43045978535288
"ENSMUSG00000010045",365.13925784771,346.252274070022,412.811189852877,418.787986100242,370.96899835069,443.851282255983,403.971510401624,379.832387151098,394.106804309809,401.135908010017,432.818877995382
"ENSMUSG00000010047",261.940791695362,151.192968622491,406.298951508414,175.987160037287,306.617407999425,189.323085492508,225.059550026729,273.568701090659,319.271321812586,228.817722920256,246.953371635821
"ENSMUSG00000010048",252.091947923436,358.709140780267,359.493150241924,487.693266185568,316.220105825913,405.59855181865,393.487256141469,382.587092916999,404.019562237411,334.8814479013,368.102145733582
"ENSMUSG00000010051",28.2405910063584,24.2167365536599,38.9832562578635,47.5154872574111,22.8209315737196,45.404490863643,23.3538376970675,30.2943037958976,27.2271971469144,45.5576331160931,27.8118667935997
"ENSMUSG00000010054",32.0714534950419,37.5783267533865,45.0980285902802,54.2775654028234,40.0279861417669,54.7517284553937,45.4460449061677,39.5187726049951,38.1917425510396,34.9678969817141,50.6506280084301
"ENSMUSG00000010057",217.895613160717,214.152911329862,219.122313544979,192.00577013422,189.242284086301,264.920205380995,192.849059012522,244.920414429434,229.181235790151,197.627581563625,197.419291821253
"ENSMUSG00000010064",16.6095041639291,0.874487464515486,12.207533334275,8.01241461886666,26.0168167666744,5.26758336544437,3.33173663224467,7.24860829063657,6.1519857579506,3.06329495452098,21.481819716246
"ENSMUSG00000010066",0,4.32027352198699,0.887921129493112,0,0,0,0,0.994821087264897,0.944588131825033,0.937764691847766,0
"ENSMUSG00000010067",378.990809547056,406.243589405704,516.941200699665,371.138403036341,484.113853905579,337.92153208063,465.699607103172,308.996556088671,296.164230033376,528.980478112343,342.028096390209
"ENSMUSG00000010080",143.237751132618,102.754382511777,98.6721963543411,91.2816924205405,79.9262580219965,90.6715828069165,75.6569933976958,139.977138438339,89.7928373726424,95.523163738686,114.471947548158
"ENSMUSG00000010086",0,0,0,0,0,0,0,0,0,0,0
"ENSMUSG00000010095",7092.70069849971,6142.42669332446,8062.35911982434,9861.75807890584,7668.51847116536,7096.15552678695,7246.25668365882,7263.34610874307,6335.29041471275,8997.29844457923,7620.00956036647
"ENSMUSG00000010097",1310.46982863509,1694.18867665189,1196.43629283725,1547.78456034684,1483.22978522625,1664.80028776942,1450.6499244824,1375.76579653517,1299.04829586695,1288.10166783999,1750.02028773799
"ENSMUSG00000010110",1448.53841581773,1588.16797715464,1418.51231640588,1479.7481893219,1197.56229710127,1684.75483601477,1330.63577399996,1554.75989232553,1469.28440283913,1360.1118566584,1752.65482331885
"ENSMUSG00000010122",2.74689580365682,8.56436251281829,0,0,2.82004396484072,0,1.36716403485925,0,0.633017843777466,2.65811063618992,0.76578180428172
"ENSMUSG00000010136",0,0,0,0,0,0,0,0,0,0,0
"ENSMUSG00000010142",23.7152490751382,51.4422221198064,15.025560657878,15.3154578460559,20.3403088273493,44.7914240119622,13.4171417692011,25.4581045693885,26.2280678625646,26.7016721561406,11.515672918976
"ENSMUSG00000010154",43.0666140745108,30.2342989147402,55.9590208713903,30.8122991530796,54.6556262023649,38.6183473287057,34.6833621374242,33.4300283277546,33.7950139578849,75.845859801211,24.2869389294759
"ENSMUSG00000010175",185.255114428125,85.2790813207836,86.9258651784268,63.1897025138209,133.224026146901,62.8711265373016,70.6644390225692,101.710124011373,123.567697310725,88.1851314772584,66.250440329018
"ENSMUSG00000010205",617.774178451794,540.452960337682,525.852499109982,588.606368168095,493.971347889229,677.133449259497,556.01410306268,569.163360018538,543.404036284689,595.570833121773,776.277738846501
"ENSMUSG00000010277",7339.37325354595,7447.59022038522,7899.66705275771,8267.93815100577,9014.17883732067,7751.68888893774,7926.83686692625,8827.44369788439,7796.00137520014,7703.25452502485,8734.05772250585
"ENSMUSG00000010290",49.9887729253801,44.7055177238661,47.5573609213799,58.3942579396639,44.6993075892202,24.2593787649314,43.6762501280491,62.6495990888117,52.0413483386646,42.4390443415481,62.4219764734689
"ENSMUSG00000010307",72.5470213130363,87.7721069646013,129.018520588463,109.561524322604,91.0229891216106,65.3218897630621,95.9280504388155,68.4914568532172,102.040435269471,126.722629632445,85.2954504494909
"ENSMUSG00000010311",6.08268048060754,11.7245683021833,6.76678276757681,1.93672495293952,6.56322956316504,0,4.493393968548,6.46921962926902,6.67989877333835,3.11061123257547,5.94235531320934
"ENSMUSG00000010342",4.12910403654392,3.24849030037444,8.87745451480856,0,2.10245335157808,3.84553884242275,3.08937209213614,0.988443340639769,8.46932685375022,1.88478624444579,9.12444829026974
"ENSMUSG00000010358",660.128975538938,846.50384244855,570.948213799794,901.125156488644,489.840947644813,1021.6838817687,666.402654456172,618.261094860128,695.567297654893,617.994245473001,885.718618062935
"ENSMUSG00000010362",126.03424469893,120.067605728097,117.136683059033,132.450653567605,115.648178929276,136.933175841907,116.233253748543,128.545494401699,107.99353247008,118.418130453696,121.513078148533
"ENSMUSG00000010376",470.113426529998,519.789121786889,460.490237973883,470.475332141846,419.711021606659,486.586471924928,545.314356772414,411.58736413141,431.557511246587,430.340925444151,483.625245572922
"ENSMUSG00000010392",225.865536696288,184.33078509065,225.314307138832,214.563272809327,236.555346854608,165.360517403248,228.467948218587,193.964872910011,177.687151759183,291.176727512247,223.128988941357
"ENSMUSG00000010406",377.940053199259,480.69038362854,420.786192233427,416.077649094737,377.939769310189,414.510025414668,389.522325552212,446.699110520398,391.484812094072,306.214526863545,389.300937380455
"ENSMUSG00000010435",0,0,0,0,0,0,0,0,0,0,0
"ENSMUSG00000010453",416.964814082132,369.159171922882,491.455791031404,478.503545896417,450.622362730605,408.547572984723,524.324134139196,404.107696877125,525.638323313424,509.397107473751,461.11475198296
"ENSMUSG00000010461",4.65687559880213,2.17385581181806,0,1.10269563213865,0,0,0,0,0,2.83849826630323,2.29977162545421
"ENSMUSG00000010476",18.8796356684314,18.245415625382,18.326830780404,25.7521064004022,19.7021149430486,18.000677776489,19.1023845787289,31.5970290228204,21.5703143323218,16.1165304962338,17.211373865724
"ENSMUSG00000010505",0,0,2.89022186924247,1.27624682523159,0,0,0,0,1.54982277736363,0.766332323596821,1.78776093845716
"ENSMUSG00000010517",825.210093487049,865.404345343812,1002.11646602535,1013.7259414523,877.059575452674,881.640749802916,961.458715288403,997.34751919949,944.163070153353,881.706344305033,882.047089932243
"ENSMUSG00000010529",0.667626692662403,1.06359959365803,3.52291415870752,1.10260359263267,1.06352030066798,2.57633026009697,6.24232954197459,0,2.79549619370493,0.964542012648225,0
"ENSMUSG00000010538",4.64789921324097,12.7339440463161,9.70862591296011,17.6940907871419,15.3193598252717,12.7901005688307,9.36133346459648,5.84158248727617,16.6335307888519,6.60460537511206,12.9436629581003
"ENSMUSG00000010554",203.848900731691,208.007036524562,181.608909250029,210.358112279739,186.459799090625,215.590511435152,235.376301165432,208.954947674964,192.522558017512,175.451055525002,203.970192829584
"ENSMUSG00000010592",0,1.08064173486522,0,0,0,0,0,0,0,0,0
"ENSMUSG00000010601",3372.26993551207,1572.46791067384,2357.98125205588,1677.81760732203,3926.55096091567,1677.37603932294,5689.68584022226,1344.10937943482,4862.72183660937,4058.589110785,1756.19018177811
"ENSMUSG00000010607",51.6832149472985,49.7007880884271,93.5623382456928,60.7738853271804,47.380561844764,75.2650276462785,75.1878287603246,78.6766505907471,67.0882096078565,69.6375282543104,42.7156094560515
"ENSMUSG00000010608",1781.82218937424,2537.15650467012,1569.89456723441,2154.35131311398,2021.51153453925,1893.05174028293,2371.19717689937,1805.61380242373,1625.38756329198,1824.25617626139,2444.69303627402
"ENSMUSG00000010609",268.684387110979,307.721854059336,250.508172768651,321.81112026247,268.289231781792,332.683320898575,266.809355331739,332.31270681098,259.816566286483,238.987854724104,290.127035752566
"ENSMUSG00000010651",126.037622750656,53.0024393873819,136.36946981088,89.3088543046724,75.3576838761176,72.1071870592127,176.593342885491,32.3910899012213,141.0948046495,99.7763519003438,133.536851335224
"ENSMUSG00000010660",75.8726260505529,99.9854014483136,62.4754449070533,51.2712599650934,73.1987171067724,96.8768478570722,65.6210476847308,84.940581931112,58.9701820900562,66.7416433209489,87.9977874711635
"ENSMUSG00000010663",2738.63480864469,3762.95151414013,2039.32120008105,4229.56733081429,2165.54081969783,4551.24624655341,2827.57807244513,5163.80537564029,3844.75046127513,2642.91052373795,5264.75179311131
"ENSMUSG00000010721",84.0066689352878,86.1205353169871,89.0666970547986,101.131511794587,76.2408577939894,115.385301904012,116.388013341288,106.528448956029,108.755383149737,99.7429525680797,105.669801191656
"ENSMUSG00000010751",206.104015622676,262.386967027791,222.728418160526,206.582485635629,244.342042962782,245.977067550442,308.096066227623,208.629445123039,305.515454297849,223.913256560978,207.336152267339
"ENSMUSG00000010755",1567.84755073283,1574.6815251701,1849.02845308355,2156.76941687888,1445.48701197296,2162.6059795102,1648.14980632099,1798.46997034934,1365.1914353313,1720.16081534977,1816.22681037436
"ENSMUSG00000010760",0,0,0,1.0956062286198,0,1.27485932986339,0,0,0,0,0
"ENSMUSG00000010796",0,0,0,0,0,0,0,0.99433395208352,0.945118181740842,0,0
"ENSMUSG00000010797",2.05411217127649,2.14080745682813,2.65340064915607,3.2823879078255,4.23587700056207,5.13552413926433,1.02445143135346,5.9341015176916,3.7714424950907,0.945160155321719,13.7823848963558
"ENSMUSG00000010803",0,0,0,0,0,0,0,0,0,0,0
"ENSMUSG00000010825",0.690020910716896,0,0.888606326627646,0,0,0,0,0,0,0,0
"ENSMUSG00000010830",57.7774472888802,77.3278611290523,49.3898131706761,58.1955771697168,54.2376688412401,30.6453407126952,51.5098070414439,102.547997643693,45.8672675545461,36.4393465230474,37.0631529715092
"ENSMUSG00000010841",0,0,0,0,0,0,0,0,0,0,0
"ENSMUSG00000010911",279.020688560627,402.830070098929,356.375693823701,350.700858272175,335.260595758955,419.686360903191,366.619420556787,389.077707127276,328.691173572274,294.904514248684,264.690376261291
"ENSMUSG00000010914",636.478875437247,700.579165534154,501.818085643862,688.683039155621,597.587834501759,824.382546815092,692.816410907945,771.216194221629,625.041494690775,487.127575843564,807.62683529034
"ENSMUSG00000010936",474.757702143077,276.303540406952,407.986044097937,534.782957322297,447.572036327775,525.452749165128,468.000119062842,487.004473803387,394.944944168721,302.645414395267,515.146930944593
"ENSMUSG00000011008",7.13474282091547,38.705862885111,2.61403871722613,2.41941033289378,3.11134801690066,53.6312070057604,0.760593140153121,4.35831472176784,13.2672963809219,18.3840346772778,2.53256074128345
"ENSMUSG00000011034",1792.72711895654,1708.67401935547,2182.85102052709,2388.00692894586,1468.28040287771,1351.08330488796,1704.87181123494,1799.62085833302,2168.32103087241,1928.62900601318,1868.11850241103
"ENSMUSG00000011096",779.617874063724,851.115448955957,892.613941530693,1048.4318192455,793.978341763481,962.854104247415,969.046579291613,918.450688768577,861.866113553283,947.602786538178,841.735749464336
"ENSMUSG00000011114",1479.53577610187,1281.27437924962,1734.63056295499,1049.20113263696,1253.835409492,1332.6717382597,1431.79023283828,1176.47960974319,1386.3651363428,1370.79926412459,1408.64888105441
"ENSMUSG00000011118",26.1173651062907,10.2945235722859,89.2077750854938,3.15228945091217,28.3717186496527,7.40223341374092,46.3806412579553,6.61803857745709,18.9202874903604,19.9705163336996,12.0800609289124
"ENSMUSG00000011148",418.209241186615,83.1408727318291,76.9854812804796,142.823032219338,142.8319817106,102.038346744503,89.1917987342322,94.6915489717353,70.7889036638986,102.496488271912,102.749153225878
"ENSMUSG00000011154",4.63798995494736,5.19110799372585,3.43577952146849,2.13337888286543,3.08322627838535,0,2.99446255675638,2.889895820604,5.49761098862921,3.69295694015137,1.4805970322509
"ENSMUSG00000011158",1339.13021643549,1551.94726665153,1583.29152643113,1557.57266786692,1569.40238928345,1709.01997985357,1510.6988547813,1551.35223119321,1559.75215182274,1606.58926088584,1622.32994840886
"ENSMUSG00000011171",14.2457008050358,23.6298525253719,10.3929526602883,2.40284003361014,5.42205221350644,5.63265919623469,1.50250655206553,14.2947823411082,4.1475963428844,1.38381311817509,0.840835041718931
"ENSMUSG00000011179",707.686903968973,1353.23374191279,513.505569728606,1463.19106908502,694.447152809442,1597.10001074723,969.340673405896,1730.74456362462,1021.02307996988,819.057632305618,1717.89364380731
"ENSMUSG00000011254",152.223467894429,174.903586257363,99.8767242195427,156.44034779401,170.530851023852,213.167095500246,151.727755299447,151.19695202165,152.200245279086,179.250177963294,125.531967888576
"ENSMUSG00000011256",38.7211292324543,36.7969406119681,28.3934331820943,25.0193612123402,38.0941840557657,48.8770631110266,21.4829066174451,17.7573414353783,21.7243956452311,13.1023930894608,18.2436430293548
"ENSMUSG00000011257",996.516831598396,1040.8035880293,817.465657079879,1139.23189440337,1136.96013667252,1279.97948900039,1097.53932945163,1141.39301097468,1039.56322990227,1093.16143636392,1013.40997891365
"ENSMUSG00000011263",54.8832742590756,48.7062057855356,48.1564680560711,77.4926166421156,57.6896554017426,88.8834804925701,68.4397157269483,77.462644904875,63.1169313593568,59.398798105696,94.3481693121775
"ENSMUSG00000011267",26.8685977573145,73.3704803548025,61.2979423246352,53.3501376831032,21.3437129455876,49.7973286605843,74.7972249825352,68.7715778191711,42.3822045764831,54.4881800317721,33.2329241741912
"ENSMUSG00000011305",24.0515200215946,14.0097353475595,16.0129313844792,16.3218671559764,21.3932428726531,17.8068470804101,20.4920816287182,22.6257042760812,19.7974054775459,38.5329008229041,32.1475032028497
"ENSMUSG00000011306",471.479949389214,559.718165583791,488.072045453862,544.248709109262,466.122222025681,663.619251886759,545.407197287926,544.803767677477,556.723738539799,527.494556938778,628.247975968767
"ENSMUSG00000011349",0,0,0,0,0,0,0,0,0,0,0
"ENSMUSG00000011382",64.4626646541627,35.3227091959049,43.2305804347025,36.2094051146627,64.5283057553271,41.3392222037877,45.1650229563427,22.7396549826978,49.9784485724087,30.3217021781073,36.7260298331882
"ENSMUSG00000011427",179.839809166557,185.160010891749,160.696724508537,112.330575703154,150.64049986287,146.871753477334,176.196828873289,123.926115862697,186.804966348062,153.310925603982,208.196582862334
"ENSMUSG00000011463",0,0,0,0,0,0,0,0,0,0,0
"ENSMUSG00000011486",0,0,0,0,0,0,0,0,0,0,0
"ENSMUSG00000011589",1.37790777209214,2.15929223682308,0.88596617438185,0,2.12353642618992,0,1.02363697546702,0,1.88171306821787,1.87513724385641,1.14160326195143
"ENSMUSG00000011632",0.672908409532968,1.06956063844238,0.878840135167903,3.29920724425516,1.06595303843892,1.2961320162969,2.07171529420905,1.95336844940856,0.933209746406968,1.91534666451207,1.15080618614711
"ENSMUSG00000011658",119.203455469951,151.002644507851,175.184335262813,122.123548064968,153.578696341727,169.378001734372,98.99254396519,129.009170786298,136.161707300825,170.171611842956,87.1559696927933
"ENSMUSG00000011751",17.7120047675842,8.39549593100998,63.0290566706172,10.7166770893915,17.2272546118564,7.29734849174247,15.7807729362959,16.5693373275771,10.091217995338,11.2247779441986,6.4608908766014
"ENSMUSG00000011752",2303.67683245983,2298.17373669107,2462.51090607619,1876.31360872881,2293.73417504377,2631.49349426986,2384.7195296587,1888.79566153508,2180.06360721107,1634.83392202453,2377.21630682037
"ENSMUSG00000011831",284.286503380077,239.845090799582,282.347062587155,327.410839798256,231.984454659399,218.787523592077,307.288933199959,256.998147513484,239.864476887433,248.327157167232,347.447243748144
"ENSMUSG00000011832",224.208515686583,277.907352782688,214.722589451059,181.792662994414,253.693374510873,267.732116047842,234.019071637396,204.209773951106,218.397741864697,231.705339305958,208.817407414315
"ENSMUSG00000011837",235.37202656776,208.07725539179,219.132978992315,223.090203221168,232.52607140579,245.305661558009,254.581550794109,263.147214952098,245.580484446739,270.473989695555,204.523059123616
"ENSMUSG00000011877",687.038530496416,585.840527591929,745.084225972658,752.954446582331,791.131885514794,746.461536903554,657.54463979601,761.904680306622,753.814717641212,874.991632854545,797.525861936597
"ENSMUSG00000011884",43.2887855635709,69.6741822652053,35.1754786317514,43.8947432315593,44.9122716972078,58.1893242518805,29.0557966864363,29.141233477064,47.4130589700992,54.6472675580755,34.5148028518086
"ENSMUSG00000011958",396.384266877452,407.380487653797,393.932097801527,352.779099386738,410.276029971155,369.624374458744,391.182993368063,387.267060246377,407.250271118909,305.868139146329,337.173279514258
"ENSMUSG00000011960",232.076099584844,197.563595756645,221.603717225793,202.456895406763,213.926248671881,81.8845082998917,228.734501209055,202.471363405663,227.859077823783,196.471260179877,225.124663656963
"ENSMUSG00000012017",106.440566565021,110.569227143835,86.3334070532986,115.023785716379,109.701708301584,154.156392861716,118.557465688371,165.349655301293,102.721680496885,112.35636745215,100.47538703222
"ENSMUSG00000012042",0,0,0,0,0,0,0,0,0,0,0
"ENSMUSG00000012076",82.9825263869196,102.048439895752,113.09092455557,72.5718011218882,112.041378709982,127.820265202677,113.786197181547,123.26926087914,113.687614149213,101.253565918756,110.316985137172
"ENSMUSG00000012114",606.455862433029,529.797604493987,630.839997495311,574.443746029155,695.819059706509,532.265352074953,545.992913021518,529.277558999501,577.360499084937,632.837969740444,701.802072057231
"ENSMUSG00000012117",306.747271660405,339.873133074485,274.527835101646,347.33556697817,288.252845083566,335.848301592832,281.871437386548,296.659868251111,260.674774571622,298.07287064968,397.004805716144
"ENSMUSG00000012123",48.3892396590407,49.8010396559254,47.7246460577349,32.8763842450273,45.8196876524511,48.5711806695998,31.3066129353398,34.2126097479321,31.5807130512139,28.817045599605,63.2053121840236
"ENSMUSG00000012126",57.7270613457599,74.0302099163584,88.7934205908374,79.1372526455387,104.758272236876,64.7534050920279,58.8149237008147,41.8004494860086,27.0723132425133,56.631398633776,35.9684476566167
"ENSMUSG00000012187",10.2527647085071,45.6896215519978,16.6513393704949,34.9880523262987,22.2878430304011,11.567810191139,23.4597960590417,11.2412999140268,23.8736599858625,12.2366007213322,6.04622805101314
"ENSMUSG00000012211",0,0,0,0,0,0,1.0244779114794,0,0,0,0
"ENSMUSG00000012282",0.683324983807574,0,0,0,0,1.29432058293849,0,0,0,0,0
"ENSMUSG00000012296",296.963244274787,181.365068286813,198.625836122516,273.891593539839,156.740027147085,140.274730659019,338.747940870395,258.942218888392,275.723943511457,557.932100298075,371.330040313528
"ENSMUSG00000012350",4333.19048323762,2590.73869959601,4262.16462120117,3646.2913977405,3170.70187288301,2976.03153551901,3541.00784748766,3697.03950714832,4754.54490802465,3606.30626432604,4294.68417801277
"ENSMUSG00000012396",0,0,0,0,2.02060131012375,0,0,1.07279247610991,0,0,1.09767456434131
"ENSMUSG00000012405",7169.73854898819,7657.47696023941,7926.48508782842,8013.02813318608,7137.46298025691,7048.15504551416,7436.47867544801,7365.95158486147,7145.86914558123,5977.44781670179,7189.52240642538
"ENSMUSG00000012422",108.898197758071,96.8033746742791,82.6867900559601,101.041261617765,93.349266731993,127.207979102013,106.812344574125,101.973455988522,104.604456035158,92.3105203171847,91.6692330448773
"ENSMUSG00000012428",321.774785573815,189.783051756504,176.534118419748,149.489235052509,287.621784035589,151.410742277523,215.420846591894,130.568271950878,202.215793597981,168.116906609872,159.58934677215
"ENSMUSG00000012429",75.2199751219803,144.551601458938,149.712591309192,17.2365183581343,99.4241734195338,25.001037947794,37.6448554231717,75.8935471673752,42.2906719473295,81.6538480782608,52.9995406124437
"ENSMUSG00000012443",22.3477407850269,48.613061918374,17.7896578122528,9.89488389248878,9.33967422107298,42.5347459245789,25.0028335276555,11.7271284213509,23.2048414105732,19.9527476406041,10.2420567423051
"ENSMUSG00000012483",36.7435151956847,34.2708689037294,35.2301248384315,24.5307216856122,26.3858193657533,52.6418694197294,37.7428141891797,42.8327159184117,22.0545264884982,31.8870354187177,23.3419492194264
"ENSMUSG00000012519",184.008447494737,182.416683879482,118.939824701194,143.497121910262,148.224249055913,141.161113058817,112.29562241637,84.9061464082458,155.373684460553,165.188313626797,146.30143557798
"ENSMUSG00000012520",0,0,0,0,0,0,0,0,0,0,0
"ENSMUSG00000012535",1609.23683509514,559.622629796952,592.475467321401,673.221083554688,548.394906339974,652.307580726487,2120.00227118152,2023.97302558253,614.859271915582,544.687519462645,651.882868490319
"ENSMUSG00000012609",393.496851159145,441.75957707712,424.17319729326,263.729974007311,387.589666679171,398.057949393459,367.05220390069,331.559025645595,237.308589339921,237.357085347205,329.736841750851
"ENSMUSG00000012640",226.663606362045,356.989528893987,551.502224085904,619.484377146712,401.567093327373,228.59634140325,308.65635275969,344.358217265732,538.010120169803,427.533981134687,644.915545105214
"ENSMUSG00000012705",676.915591941715,430.82304813473,455.454949349259,423.498581113503,567.608933444322,401.203928025565,460.987920607874,351.180829816946,466.054027440942,322.146105269961,344.203373795501
"ENSMUSG00000012777",0,0,0,0,0,0,0,0,0,0,0
"ENSMUSG00000012819",20.6925521499247,13.0631925624669,15.956943076736,8.71636775126615,16.9600235802331,16.8009220525059,8.19165540282434,13.8546215461785,12.2087253305939,18.5205879040712,12.5635610207278
"ENSMUSG00000012848",5140.8474934806,7046.90541927711,5735.98211200318,6381.08908169085,5579.03768962502,6483.96857761767,6424.71144471836,5920.29073988095,5757.78038300974,5351.70862125917,5836.78565440403
"ENSMUSG00000012889",5.49996077511429,24.8767070263732,2.66090735802131,2.17508321406413,7.42942046558901,7.70686816684942,2.0513551417998,2.95538686302133,4.71696558592845,3.75857893689489,1.14173956463955
"ENSMUSG00000013033",95.9578561615197,78.3206767132162,62.5771936881184,66.1946668322508,116.132359089337,97.6815813088682,43.4969580624572,68.3745429229333,187.614206367036,85.9813261094752,130.039434198881
"ENSMUSG00000013076",549.792030231961,352.127050073407,388.278675623439,436.65036878745,510.857842263522,348.339716373771,380.464945457489,406.368378847013,440.657342650021,392.534696912275,514.260499038052
"ENSMUSG00000013083",0,0,0,0,0,0,0,0,0,0,0
"ENSMUSG00000013089",71.6901015049845,27.0546715264219,89.6722401676661,24.3200869748963,87.5652433787723,47.0902588793825,50.6736485696647,61.8218638188629,28.8120444661096,28.8069877560584,37.6006587287253
"ENSMUSG00000013091",0,0,0,0,0,0,0,0,0,0,0
"ENSMUSG00000013150",475.730198904237,486.381521704704,367.586277582288,482.087226398576,369.381167223231,542.801691133685,464.537340452873,463.117086577411,339.498893611892,420.126954685388,458.679668091905
"ENSMUSG00000013155",47.1562810681835,68.051787700993,48.1456910031687,47.3643046896077,58.8145758527011,53.8017470765112,47.2404780336606,38.585605891624,71.7037112593975,47.0673190983269,52.8010690966253
"ENSMUSG00000013158",0,0,0,3.2687350504149,0,0,0,0,0,0,0
"ENSMUSG00000013160",1536.7835081785,1663.67264795411,1987.9205968478,2143.8959458798,1748.61292315647,1895.21441501986,1588.70846420981,1806.37830142547,1905.72821244721,2018.67980306493,1533.91261842575
"ENSMUSG00000013236",875.701515392644,4018.15908957865,1998.90390371134,2052.37281245699,691.919998103812,621.901055905214,499.194960776903,661.880102162692,550.52923733566,663.54406507501,555.984512319694
"ENSMUSG00000013275",2421.39818821628,2175.20443314429,2004.53179112568,2353.09933936981,1562.34205845122,2753.46584353305,1861.74903039405,2237.01748282038,2369.28987189577,1900.35780908435,2978.36797329548
"ENSMUSG00000013338",24.6438007441888,2.30940177342357,1.41762841375311,1.73192985150943,24.3656405278449,30.0071288149562,22.4742981441339,3.14247326905772,0.502305913610525,3.47224260041883,6.66095906283713
"ENSMUSG00000013353",0,0,0,0,0,0,0,0,0,0,0
"ENSMUSG00000013367",2.21043657602421,16.8768370339906,4.29183849255558,4.40090382126031,2.58551427692791,3.09833823681429,13.541415240084,0.791374187419004,2.27396372126123,4.57848198911027,2.77816260970282
"ENSMUSG00000013415",0,1.08064173486522,0,0,0,0,0,0,0,0,0
"ENSMUSG00000013418",0,0,0.88571119770489,0,0,0,0,0.991989840440405,0,0.940122976962764,0
"ENSMUSG00000013419",660.732328654804,666.394499976136,911.143980431772,979.802323237975,342.620245081579,379.730707888137,638.320165616206,836.110339833417,1573.92044484556,827.770253515123,1034.13294182081
"ENSMUSG00000013465",821.350118812544,946.956513753823,859.815868242354,796.258249319276,830.930553948459,924.422223930076,950.233084322495,874.55219820226,879.421473074051,945.07480881243,915.197647103938
"ENSMUSG00000013483",73.2548017266916,47.6732633575124,94.9355571228649,109.853805101273,97.381173325569,51.5043952855533,74.6950496230342,67.0356108030043,77.4517777260522,152.4507043814,91.1595619675473
"ENSMUSG00000013495",105.65008533451,163.678504144375,133.284024420269,131.292900286552,169.76541054223,169.703717967678,135.500939896385,158.093579061183,134.302791003562,171.348686891706,112.756296035425
"ENSMUSG00000013523",5.61756447925784,8.69973913634434,10.0946071090691,1.91347949426954,9.46665311936324,6.91200207810271,11.783805513517,8.00689051297206,12.4213002379006,11.4762656769656,20.4420254048413
"ENSMUSG00000013539",181.420604970864,347.372881280209,369.807429477794,693.045248433459,184.890400880033,243.142850990967,302.2898060876,287.849545132395,385.057486497295,496.8235056257,250.186965602968
"ENSMUSG00000013584",4.8337849744321,1.07272761154939,3.54730924291799,6.5459860877674,6.33128173425183,5.115321295113,3.06568696812159,1.98570753091067,8.50500771413626,4.7026083511755,8.02620489924256
"ENSMUSG00000013593",2855.59624226329,3189.25654156425,3172.3666859029,3230.02794011466,3142.11940618174,3152.97261123486,3147.26906743627,3348.84365067956,3055.53457147501,3124.08660774137,3204.23498027646
"ENSMUSG00000013611",2.75862291244062,3.21561306469617,5.32607641208084,2.17799746144728,2.10863829349463,6.39535218540638,8.17001002759351,1.98719493463854,3.76829966763994,1.88785269306023,1.1500280267622
"ENSMUSG00000013622",568.442606580627,548.061070858625,615.404794452379,762.397522785057,632.184900592078,625.228728443582,604.179526963061,608.346407409841,691.735739899546,598.783703496111,660.420062280236
"ENSMUSG00000013629",409.764800012854,439.034348868063,261.040613573786,386.030375247105,289.321121672953,406.327214964058,351.914110082079,357.577159330359,256.162709563391,232.76360431661,441.622269664542
"ENSMUSG00000013643",0.687296742519705,0,1.76899845964552,0,1.06279948480242,0,0,1.97356369386144,0.936948014552516,0,1.15617374944494
"ENSMUSG00000013646",680.586388219668,888.354787216168,874.510436549251,1033.17702972848,748.241449205679,894.708045393417,943.494992781975,785.444633891603,708.722631720258,845.68472261512,944.100345111178
"ENSMUSG00000013653",5.46466798650802,11.6898035357958,1.76740699080456,14.2768009823614,5.32062787671125,7.65323672826352,2.06174594386488,0,4.68256351141616,7.65502879361259,0
"ENSMUSG00000013662",396.313389630336,356.566202121203,340.211701502982,379.873004797108,479.942378620051,367.174055680618,437.130805749395,405.80355953856,401.396268023533,323.266272655193,398.208839029976
"ENSMUSG00000013663",587.876791404193,516.466306996386,574.767617919087,581.85844712227,519.334911311842,581.031574723201,551.449326395587,588.403573035746,566.898961637824,556.202918873184,535.697063438716
"ENSMUSG00000013668",0,0,0,0,0,0,0,0,0,0,0
"ENSMUSG00000013698",120.431775155232,75.9222494501384,129.06760663617,69.8379215610234,92.6516988517653,105.925597875995,94.3980335593504,93.6447054931652,66.6303366013342,101.053094014876,98.2952023039631
"ENSMUSG00000013701",928.21597419529,990.928068461415,987.627038493819,984.142477896829,942.145536347142,854.165095049678,1098.78471146682,880.496999288735,948.119236928005,901.028824878498,1159.04542321119
"ENSMUSG00000013707",18.0991775943413,50.191752699122,12.3243380601948,19.7849786778594,16.1806765315421,39.8443622436939,12.4846013113636,13.5664619671025,15.7669325264806,14.4171192942727,16.2207781624353
"ENSMUSG00000013736",172.072827224873,137.475777324287,172.029041477849,311.951786849541,166.766534786948,167.148595449188,155.911225215354,143.171493953892,178.616597169025,175.350277726867,172.079840083812
"ENSMUSG00000013766",41.9318621343045,54.7922874305744,63.1212332286732,63.217111928276,49.2980554073942,78.6126525252133,47.6247825480478,61.0066126014757,44.0752708723345,67.0851893762713,51.2669759590801
"ENSMUSG00000013787",3093.63096016099,3482.93149476862,3590.31266109764,3552.32495320828,3706.51254245793,3511.07253116301,3156.97222126263,3708.19964241093,3765.45277668354,3853.86956078939,3090.50097899225
"ENSMUSG00000013822",178.867170942884,169.642317370686,190.643867222024,221.925751713879,178.308156546925,202.512013448695,208.666068475454,198.229640630741,201.303057221905,203.784793993455,160.006131657167
"ENSMUSG00000013833",379.321744177831,378.7872267921,401.450569914333,360.473809700924,445.647751847199,378.727179336866,372.188913392292,345.462562940742,302.100506153649,416.956677091668,458.66944228612
"ENSMUSG00000013846",205.054225085205,308.554195905904,209.182735098945,566.786593609737,391.907407996459,416.032586859298,288.974055314665,452.197527615342,372.043033032455,243.412278083544,375.427478879157
"ENSMUSG00000013858",1869.05982502887,1968.82213542451,2128.4073585937,2340.76723172161,1955.8670870915,2279.769291786,1997.43565862566,2317.3848714656,1977.46802691868,2141.58735963215,2154.62226666645
"ENSMUSG00000013878",73.312036879787,97.6226151619041,98.0196226312881,91.9479870271263,74.0885958242883,75.1287983371509,73.6125759115806,58.3174943796418,71.9549621019463,91.7271196854865,73.1664015647482
"ENSMUSG00000013921",31.323738177162,104.139842772086,29.6261309733604,41.8982282009918,32.7734322452438,91.056524902881,26.286518983439,43.7179461387653,37.0811680638533,37.6978519949572,37.1646590161137
"ENSMUSG00000013928",3.91090422877626,13.1077573746198,7.22216109349471,16.3615124814802,2.47572884107783,23.2302225637303,7.2111879963019,9.02530116727793,12.7108393798531,8.90057586156929,14.3785201590848
"ENSMUSG00000013936",8.4813356506647,0,13.589253070777,1.04338066848334,0,0,0,0,0,0,0
"ENSMUSG00000013973",247.874073982528,279.931405169765,291.737269822034,278.819419118175,444.582391376869,258.691065663055,317.274327192469,269.72370850791,272.107395087429,335.963308917518,210.161407298455
"ENSMUSG00000013974",2.69528113551915,9.53976042935589,2.64399668457937,0,0,6.38617569330032,2.08020808725144,0.979834384216736,0,0.96659277474621,1.16464324120646
"ENSMUSG00000013997",391.507795740368,497.329858471067,484.050671214262,507.539046490608,487.711739787687,537.152898470815,517.572335975035,510.173812401912,554.404130871028,545.848764990532,387.677421794299
"ENSMUSG00000014030",14.454806088822,147.751356506071,0,0,0,98.8840213829817,0,3.27643199341778,0,29.2548350058677,0
"ENSMUSG00000014039",234.337782621761,150.407950852683,185.605532069939,204.685661402082,165.269953329675,164.986164705324,146.901252053159,183.976594628576,155.839633035341,141.270470071532,275.944554840336
"ENSMUSG00000014074",192.172194000136,191.251273081694,154.482126125741,198.979820079526,164.927321702496,182.424907421816,195.551837528249,148.876928633127,198.202399051157,183.84136247909,235.996791826823
"ENSMUSG00000014075",30.2777449001436,14.5617651763581,19.6740095149597,15.2958849736009,16.2157048840992,18.9072056787363,22.8703412637346,11.3845263688399,14.3777626649137,15.0563514762558,20.4796475813754
"ENSMUSG00000014077",982.911426773031,1026.74182556192,1136.77558184587,1270.8268092076,1127.70408282866,923.281444550775,1173.34769878539,1213.23137537504,1132.3864565677,1159.55222221626,1094.5406895571
"ENSMUSG00000014104",19.3962564349407,28.8293001529142,47.0369534619728,35.1775665487222,30.4016185292443,1.24605957118249,43.991997532616,10.3011422003029,16.5646860934851,12.8725248914032,32.0711451212665
"ENSMUSG00000014158",77.8821109653315,71.2747554634611,76.9966013979975,74.8843559437912,95.1314978421252,61.5793637902972,68.381587034073,71.1758511943541,62.0397568216969,49.4650835256995,62.5657919944789
"ENSMUSG00000014164",0.687207201350586,6.4704370293121,5.32193601614907,2.18101912031335,3.18391840004079,7.70283676822007,5.11653236965881,0.986755568484046,0.944483497851109,4.69135711456545,3.43261442378463
"ENSMUSG00000014177",730.502307353763,904.622175228272,648.586032246657,924.692221325977,727.395822340714,879.918806058063,727.693719627532,768.709230155101,972.065314914143,825.947399716927,671.391429437972
"ENSMUSG00000014195",1907.82617990944,2034.47125369223,1703.09936151144,2031.0715815687,1709.38266783951,2065.22762867634,1933.16441050027,2242.53584566719,1908.34811856978,1900.79506820505,1863.68614964952
"ENSMUSG00000014198",0.607634749506708,0.953020755061488,0,0,0,0,2.97129688257271,0,0,1.66268605997328,0
"ENSMUSG00000014226",366.29377823054,330.8658727855,343.377034163949,373.008239453701,334.339589039274,362.07689399135,368.003572273863,337.416192032267,336.643967272715,293.711296328037,353.080232551248
"ENSMUSG00000014232",136.219388965583,158.777252989442,163.730373454459,144.775251539616,139.49104871303,196.245182291724,161.553341849062,166.157111745028,169.973111126024,150.316661698337,169.271212890089
"ENSMUSG00000014243",42.366673407173,49.6662483633567,39.5438268634057,35.3306156579227,49.7280824737717,29.5270576874528,51.1346541883466,37.9854200757482,36.0829368883962,35.6574816124491,24.6008432795424
"ENSMUSG00000014245",33.0908870215272,33.1410487747031,48.4056804348122,61.5437460166789,36.1104653094121,43.9899408423736,45.4069420358253,51.0574036389767,59.9749539494132,33.4091067984112,41.3919339604894
"ENSMUSG00000014294",720.650292666937,879.904235336363,792.845842227347,705.571382982044,666.399122371383,764.016367212962,674.026677562864,671.741844939134,663.418407714278,532.971861859293,636.934384782236
"ENSMUSG00000014301",116.16119693939,123.031948185079,103.917235673635,122.762271999612,128.465536309878,123.878798340337,118.171235165948,118.628663492799,110.464810516387,117.960630364794,93.7043689683009
"ENSMUSG00000014303",10.8096100234699,7.06364741043665,51.318655389102,8.52032731351077,34.7420863049459,8.37094051347599,25.2239528134762,14.7506972347191,16.5987789582085,7.97371594057679,41.9074035262015
"ENSMUSG00000014313",471.055467603151,529.67478212441,466.462862621436,488.649559471501,386.435562005445,429.908078153784,506.212136720555,489.479111647337,455.599851766939,370.622105711794,361.97068703236
"ENSMUSG00000014329",30.7275443592389,35.6699964738722,28.926638872757,25.4056661330622,56.7035951594112,38.2034039597904,19.8082075828876,36.0787588243373,41.3401803895283,16.3655410466965,41.4938969139747
"ENSMUSG00000014349",759.914349663792,631.524445878853,758.057435672398,718.201028421118,802.969794290283,601.044537980271,751.612053697771,754.453379506531,617.944857881743,817.716595611497,744.187938101676
"ENSMUSG00000014351",0,0,0,0,0,0,0,0,0,0,0
"ENSMUSG00000014353",465.519303618218,385.693257402433,647.469577195931,474.181698332355,689.287711424831,252.504059525866,601.54556365556,331.859116776161,463.226720757671,560.739887376595,406.377548275681
"ENSMUSG00000014355",1197.15920689655,1030.14131966778,852.387537196144,806.73767728195,718.610489417838,700.158269351778,896.586824470488,1078.44656153093,809.348422795919,1174.19837374604,1205.25047721147
"ENSMUSG00000014361",360.669680306388,608.227455728474,857.874496005357,882.720451606938,626.880680172688,397.489302430564,721.702582752563,408.143256200042,584.244997917242,795.29743027474,512.5144769344
"ENSMUSG00000014402",1198.81243281436,1451.84786826764,1264.32544683361,1542.50115196215,1245.55301171318,1295.09510735837,1368.76233175199,1457.7723405864,1286.97416595638,1223.41946514476,1334.25185377183
"ENSMUSG00000014418",295.976286023829,610.498399690629,841.504632956343,841.293664345065,401.276916844215,560.243861061043,624.248274516129,544.124382616393,556.236762141319,347.734929697755,406.737567554738
"ENSMUSG00000014426",651.622764230111,554.677474562956,671.965798154317,660.716301488403,775.567326750052,581.799074535987,533.585833720675,680.922939926371,755.730678519857,803.690114362269,666.310612836468
"ENSMUSG00000014444",4823.06258088342,4277.86306259747,3498.2999627758,6517.03848930967,3128.19596012098,4616.08871166006,3435.30365327507,6016.83512778969,4857.89439745632,5310.17763321952,5288.1047177448
"ENSMUSG00000014453",18.3924906814795,103.277495394731,0.883698769689206,0,4.22016061593993,94.6088815162784,1.02486498830376,11.8954708468213,3.78554845116608,23.5596747372002,1.14388629190875
"ENSMUSG00000014470",225.889649256513,219.77393431311,248.959424417096,297.81325111917,242.040247664322,247.561531330963,229.296282403536,307.505448903537,268.221466143003,233.772723350943,252.222850609449
"ENSMUSG00000014496",342.384014485147,250.887098319722,266.91193044955,263.027818723971,302.856827518931,189.346350201278,298.34258609542,246.622512985639,330.372304698685,262.664269178558,396.852408391879
"ENSMUSG00000014498",389.391928650409,444.158851329623,349.678229963558,483.192296946945,466.886786292513,444.167183452558,345.548833227726,378.922018991584,377.080239691268,364.778098674201,407.954296204473
"ENSMUSG00000014503",10.8859626311414,8.73644417358098,6.21396660247863,8.7882758734554,10.4497728384739,0,10.3892712860796,8.83472452670774,5.59821065899285,13.3066924925513,2.27831120423867
"ENSMUSG00000014504",247.063413932694,323.140135401353,240.480130416867,309.931501203534,291.388856330507,349.027036552725,331.59047514365,313.100533148574,283.545015364628,249.115818920144,308.429900287305
"ENSMUSG00000014529",0,0,0,0,0,0,0,0,0,0,0
"ENSMUSG00000014542",0,0,0,0,0,0,0,0,0,0.936366945291052,0
"ENSMUSG00000014543",0,3.30221964958641,2.67040432211008,3.29171870074932,2.08906349747918,2.56205967275093,0,0.969605255420831,2.76153835990016,2.84899695120674,2.3205888271217
"ENSMUSG00000014547",107.158243320505,111.685871906814,117.562831793589,129.226878367094,102.317792065092,65.7591610194012,113.835505229271,114.866037397238,85.8961741037314,114.25191874555,147.687979792328
"ENSMUSG00000014550",203.283334375265,289.487920066278,611.746768209458,284.309202452746,494.824456232838,47.2290300947926,57.3237195378689,61.8717261261399,661.071551567225,58.1782282563289,313.516155464341
"ENSMUSG00000014551",144.886841372623,180.869996343325,163.350253035076,139.070800599771,145.82864434424,165.843601417578,173.792800873618,192.715401989217,167.179671586309,124.6556126792,160.787542918104
"ENSMUSG00000014554",135.722916102016,113.003004195956,153.321774552723,135.631854667134,127.661392498105,152.707737578156,117.710984308938,124.054620577082,117.97129917441,109.119335906851,93.1612016030633
"ENSMUSG00000014592",33.2681418915442,35.9543983954168,47.6838805562359,43.6715258403142,53.3776396022159,53.1316102882508,36.0504710577189,43.7913500077269,52.103821879115,35.9296943413352,32.2728021056046
"ENSMUSG00000014599",679.409688881156,618.567084140225,336.346282926897,373.89647674693,422.5366023905,576.744262982215,430.030382378271,468.737764755743,554.761402220383,460.926451901024,644.092592726599
"ENSMUSG00000014601",452.832368467662,451.749651377214,480.480844565092,383.7209381178,485.417058672748,438.67458302674,474.184720274974,431.052200514171,417.287557316214,468.580048339614,422.639503760798
"ENSMUSG00000014602",10.352612184679,6.49360561833282,3.54999913145095,2.17681451152735,6.34323190207529,5.1499722902989,6.12867537967117,5.93355753263997,2.84039362644349,6.53668422250957,11.4010989894572
"ENSMUSG00000014603",0,2.16128346973044,0,0,0,0,0,0,0,0,0
"ENSMUSG00000014606",699.907003643118,801.207177811431,731.44469624565,848.276245753098,674.341179282821,831.270240624176,824.035855931352,791.085235377101,781.545603142223,760.154381909251,713.778811887287
"ENSMUSG00000014609",2.75891663566323,0,0,1.08991026292353,0,0,0,0,0,0,0
"ENSMUSG00000014633",62.2693168915741,37.1289073819308,59.8907995741247,41.7671559621912,27.5731696876313,50.0391332590117,68.9118172573734,42.291523610625,32.9948783214425,50.4180127622239,36.5099383677221
"ENSMUSG00000014668",390.229376207368,450.087877180988,459.958564714812,1327.01953504344,968.695795265119,490.699075639285,654.920908800954,890.413396766082,480.550385349541,1112.41576740961,619.514759825526
"ENSMUSG00000014686",2.06967065789423,8.64828400830831,1.77917827301339,0,0,11.5239440188188,0,1.96733466621757,0.942940693366382,4.71046161142901,1.14831212874328
"ENSMUSG00000014704",2.75190809990703,1.07249976408197,6.20140709679911,3.27005605219491,1.05960577912382,6.39040123489276,1.0237541618535,3.95800974257828,0.943409158453796,7.5574452804876,8.03527332280852
"ENSMUSG00000014725",0,0,0,0,0,0,0,0,0,0,0
"ENSMUSG00000014747",0,0,0,0,0,0,0,0,0,0,0
"ENSMUSG00000014748",403.62388003543,418.521868999064,458.03488769238,419.889115086474,461.512887256719,390.44779198828,493.171653974646,468.413914237121,504.653132740238,500.135111630316,508.61974452848
"ENSMUSG00000014763",405.43714683396,385.935464348008,389.291265105798,403.380968160059,310.310704645327,417.093915853572,341.57319355817,398.034556964656,495.840650855869,387.562989634035,457.518378541721
"ENSMUSG00000014767",141.78611937255,114.346496958995,77.0401216493026,118.44479381887,239.941645015938,91.938028611633,92.1699877307322,95.295396472954,187.715139456352,167.851784019962,166.907194903606
"ENSMUSG00000014769",1763.36520512133,1983.53371426523,1790.28378639293,1835.09104996279,1699.98744514409,1762.60910822857,1820.38039321794,1877.50870902887,1763.61504386048,1672.15265821514,1632.14832185852
"ENSMUSG00000014771",301.059273387444,302.495558965385,297.176247624471,369.294903835813,286.126901113369,366.081255670804,303.51427866908,319.134542359928,329.237971347899,323.695836197518,271.853714772334
"ENSMUSG00000014773",353.533666198944,514.548422930813,291.630577782435,303.192675148439,416.751040664959,176.124229498614,426.285968286511,198.447620895896,215.843424230965,356.742531525125,454.933006990195
"ENSMUSG00000014776",18.0942739512653,12.821220564097,16.7636911818895,9.85437135589391,21.4430449762671,2.56135839524872,11.397872913195,7.83721565871847,8.42037364136315,9.60084441999479,3.46413835429035
"ENSMUSG00000014778",1159.35601217339,1250.98894004673,1251.67107090413,1166.29011295432,1132.70104924226,1236.94380391947,1234.08615752717,1316.42055825554,1213.13462154882,1583.05517939572,1542.08218767982
"ENSMUSG00000014782",18.7686521264095,5.6671186775161,18.3631205738339,11.7285940187125,8.15889252427929,11.5503687071309,5.52150916079775,9.46199129044769,7.64541479860877,10.083111668757,22.2155454490437
"ENSMUSG00000014786",75.3570509147058,94.2956076507007,88.6786639425167,109.86825073726,81.4259597929256,137.976731367091,105.399802566656,94.6263886610687,86.8866972010872,114.104678012925,112.732383139014
"ENSMUSG00000014791",497.922754012666,495.515881475058,587.417521585736,616.393544461042,505.187638954901,570.376947934884,546.598855529371,622.691737436488,569.305797642063,596.750443403202,552.88207794812
"ENSMUSG00000014813",165.296408928107,91.3654531667443,68.8160282989593,73.5472478814203,46.6574390496293,71.7447277396547,58.5867154280583,63.2563776852943,104.266397315443,67.7702864957938,135.094398909587
"ENSMUSG00000014837",39.1510048058799,46.2996330340471,32.7928432700801,25.0983030772226,26.5623820935188,38.4922153211227,35.8594208649999,29.5551027890243,16.0235234281493,29.1659194669003,25.2059733065164
"ENSMUSG00000014846",133.479516332579,181.340295388515,163.079266940426,181.965429130024,266.833217361181,115.632294310775,179.207535354104,186.789985636236,184.803912936573,165.654621174409,141.111387279809
"ENSMUSG00000014850",208.980943256531,271.628545459768,275.533316917061,480.260499873437,274.341367663365,239.517016188148,336.114945313662,351.114668562438,267.264121661518,309.09935974428,282.267928915538
"ENSMUSG00000014852",0.692223396820127,9.74986915463235,0,0,0,3.84494840484753,2.04366412982346,0,0,2.80071863569633,0
"ENSMUSG00000014856",420.757166082847,492.352905558962,500.813364807486,414.789574686039,429.696466431184,458.684713956143,529.67108768378,480.076574451627,472.393785077402,460.128755332568,430.83482152716
"ENSMUSG00000014859",444.771210833205,404.784139463508,389.103860544621,369.446105771705,409.047651006061,435.503997246027,376.162736798681,372.332319571341,354.017515270482,440.790716237255,445.679857412762
"ENSMUSG00000014867",2130.74697038344,2322.30723794691,1744.84882840291,2422.89181630626,1705.31422925152,2149.00678708575,2066.3941406554,2414.54683959916,2133.91934883847,1751.2047013966,2369.89128321617
"ENSMUSG00000014873",174.159108342824,173.340563447719,189.503068850996,204.39952700994,186.689926668152,195.430421003736,181.984056551459,194.625058430624,223.652408546895,186.907953726502,198.49076820098
"ENSMUSG00000014905",609.47526545721,184.924430621639,247.840096563499,303.451258783475,240.532944733138,476.786810006556,289.523604392399,246.694198088667,343.440010446278,230.718865498663,394.634141567173
"ENSMUSG00000014907",66.384983453478,60.4235119815788,79.6964583298079,72.9987662128805,87.4099094951154,59.2717265767439,95.9007797646735,66.8102007531039,76.0901937463577,92.4963302517332,66.975493028289
"ENSMUSG00000014932",297.264605566189,263.434243648456,346.497667283007,331.137890346977,299.937856824872,187.031123493087,342.811026981077,311.175893308207,343.717742749345,320.7962683081,310.205887594838
"ENSMUSG00000014956",1921.63361916756,1645.03087274619,2268.3467907619,2149.58663759274,2212.06069120978,1376.68313670018,2202.62926194839,1901.45264584794,1951.69306135545,2038.46384235792,1492.59583865883
"ENSMUSG00000014959",1898.82671273486,2125.26699833433,1734.86821714779,2176.41880851469,1824.8962167351,2255.93291920108,2074.90878628505,2151.79260686237,1869.24306992666,1684.35659079356,2253.20176939653
"ENSMUSG00000014980",37.4071592268078,41.2729584847561,34.9852278599852,39.5831211162145,28.7811295531033,40.3196527645886,41.7775795109988,58.3240496141329,33.2145866944151,46.2961949316765,37.0158006370197
"ENSMUSG00000015001",0,0,0,0,0,0,0,0,0,0,0
"ENSMUSG00000015002",577.217790994612,468.703893779074,558.430234153296,521.397330019321,549.040343767673,378.766255729177,553.460110672438,425.927016200427,476.941354637014,423.253523271235,511.944060320777
"ENSMUSG00000015013",398.417167685823,468.071192411019,352.635657494052,414.891758671422,317.681006296526,459.776868967908,435.139939347899,445.10729630393,383.852333983075,380.465106030892,367.677242541171
"ENSMUSG00000015016",415.200447737949,484.90925832339,489.524565898032,457.539382199936,449.868234861492,481.067853541463,547.965142470387,539.104662235047,455.491715964998,461.962572565056,489.49924738345
"ENSMUSG00000015023",389.874178092619,391.804609311392,349.70394848654,383.320932489604,348.243930108699,361.20680593307,330.278988892393,396.575068042954,345.94117174357,353.974455543237,405.375976396994
"ENSMUSG00000015027",312.613917322603,440.408574264422,348.171923079211,605.450559491323,369.02745270948,544.177948846737,425.822050454004,574.564709187723,517.645705580315,438.17848453174,521.288236058373
"ENSMUSG00000015053",20.5543128277537,6.48884390391356,24.8207941525008,14.1372236211022,13.8006651271522,17.9560265722201,28.725527140902,10.8513832953526,21.7181360489891,18.8413021192053,38.8316479137676
"ENSMUSG00000015083",19.4545809088293,23.482038950379,33.3592591779637,16.5125027614134,11.7452759900721,29.8039841283166,19.7106972200545,28.2831568302344,25.1495831062485,15.3719526335115,17.3032797679616
"ENSMUSG00000015085",297.33511612515,314.14841907079,307.417739836239,377.654094229598,303.149562654575,351.910129837047,358.011741013291,422.969772030965,346.240228226396,357.715501725011,353.245357153624
"ENSMUSG00000015087",1185.46879680292,1188.02621377282,1069.85609734938,1307.9120870674,1050.90389218871,1386.12199546763,1152.25711188586,1215.25327370205,1095.46481808862,1064.01534863033,1350.48869531421
"ENSMUSG00000015090",10.1117419172086,8.5890839812063,4.40308665430136,4.4063941220623,2.15057637675497,6.48950143720665,11.4826521623257,2.913880652007,9.29626940137843,0,10.4068512133102
"ENSMUSG00000015092",975.965676209104,1028.66127825578,932.808171700048,992.50760754763,866.539807872797,1131.51458366478,1040.10585707634,1014.27898470472,853.579343263507,888.717475531836,880.806055604436
"ENSMUSG00000015093",0.68004958877949,0,0.879615405352923,2.18873322746614,1.06560261180168,1.27187984472064,1.03403618291529,0,0,0,1.14625293523494
"ENSMUSG00000015094",1187.74001318417,1164.94579519539,1192.94375842195,1409.33295471513,1051.51581229729,1529.60000553588,1108.4611950401,1308.8126366638,1082.68912880915,1389.74547349886,1492.31426170194
"ENSMUSG00000015095",650.68312193107,701.14006298987,637.549458184671,683.332130459936,610.84859637769,763.396229350111,625.921750387501,726.716292102843,644.478745356839,615.904256601025,714.960624335259
"ENSMUSG00000015112",216.309010940376,138.228320657689,186.967614479863,209.063002566747,234.399686366733,164.663596238192,195.336277488562,215.742481535406,287.474637480015,226.200449775227,174.605894861814
"ENSMUSG00000015120",504.154155360669,525.76604418226,544.19412881104,582.614702846611,537.766997136939,571.05290233842,577.021868050479,524.965035634318,509.712851911753,568.676643475872,610.604071929534
"ENSMUSG00000015126",225.110202888197,255.800331465208,273.0072293279,277.100876852003,195.30788186229,296.457271750045,267.584959978578,247.318177496148,231.114924532367,256.639958224783,243.377136642009
"ENSMUSG00000015127",269.581743217715,158.146809954662,203.376304642769,180.405459860308,251.2811041457,246.280000224457,212.639525810356,248.377844163963,261.3947896622,168.399653410971,194.09471099024
"ENSMUSG00000015133",142.150057224314,179.6502142051,119.945425960665,134.75039881573,120.450805445591,192.644323956916,74.4450644024538,95.6758558388885,105.169043463069,124.429587700957,97.1750530834649
"ENSMUSG00000015134",7.12332620791545,7.44089521305645,7.62500516433224,8.45310347850736,6.37762790052129,6.66741589020092,8.83055471710926,20.3672421816954,8.93012010419513,24.7934393725029,52.1653531195941
"ENSMUSG00000015143",625.940085791922,691.647403369046,558.025353510486,654.598749726091,661.720145375406,614.854296202387,469.339862723762,698.029628621844,684.96714884389,667.527629163905,597.682442830844
"ENSMUSG00000015149",645.865265072093,648.920845872949,809.053203314171,932.453448399419,646.247007026444,736.703900660921,717.642938711085,852.506857029613,850.409069228638,796.424396873738,664.868564386355
"ENSMUSG00000015165",2552.06003569454,3379.83007840063,2473.40470791596,2238.67737503304,3525.57860669478,3304.00544211542,3212.06905766968,3565.4851373078,2947.93095180699,3270.69680179507,2540.4262528535
"ENSMUSG00000015176",718.199243930701,639.266905751782,431.460949914481,613.000896732432,538.218449381218,786.740053275043,495.566517560892,526.51381166229,685.083098893253,530.43764898026,1008.89139451499
"ENSMUSG00000015189",264.168109255189,229.771582730564,167.674245611264,199.284407662467,296.277678084494,198.126903465258,219.322271813257,217.489768736467,487.369721725355,167.855081470238,314.612005509682
"ENSMUSG00000015202",165.381118196326,171.846149945168,161.08702957962,215.743230370666,190.181876799673,158.419541405984,197.707085440163,194.096432156763,155.308644863919,182.403041908662,145.7411656623
"ENSMUSG00000015214",282.174038590461,235.758189469397,333.024703910545,284.85723888697,330.83696073164,196.055915491866,313.140039088596,238.453161227703,322.02575396473,309.1172240333,291.423425068018
"ENSMUSG00000015217",256.591753262747,131.330562291106,190.567170697535,170.62233663037,262.811763823757,171.378597468748,209.295347233339,180.434543764217,183.215759696147,210.103257358687,179.713660996269
"ENSMUSG00000015222",120.291325689743,52.2489091332641,116.983060053652,142.083815307897,99.9199175005116,108.765515579381,131.939735901136,94.5991498570696,95.0553954126729,128.619325080518,166.178442079802
"ENSMUSG00000015224",40.8953786528015,15.1440920065478,23.0197117423329,9.88287571543045,24.2032113781144,10.2498244113655,32.1828768983567,15.7228199045166,28.9681777678904,13.3178502627472,25.1018851084787
"ENSMUSG00000015242",0,0,0,0,0,0,0,0,0,0,0
"ENSMUSG00000015243",261.944867768644,113.083797765039,189.034091747192,132.937378555968,128.466979662309,52.5978365817951,141.83781486441,77.5669391584078,190.496908861413,100.112984593035,202.288031077298
"ENSMUSG00000015247",568.33011554776,456.589515260219,558.832723761331,480.631663005848,520.638588492434,410.839397092992,562.921137415255,495.240864864117,463.273202586355,621.235286198106,462.70485157269
"ENSMUSG00000015289",241.822205611273,318.234924363606,277.801660390372,331.408873601693,245.789906512426,297.018176574082,313.087139876355,316.749490865143,285.229190846291,264.986808897728,284.066348495106
"ENSMUSG00000015290",372.512958990362,438.031904223913,427.607202635131,426.842213421608,426.680136882389,416.136974653302,483.03412586941,498.558404563503,433.337640908002,431.501064301973,420.88752094291
"ENSMUSG00000015291",1254.34038698853,1407.91093687198,1247.34802049886,1093.86575790912,1332.68479048849,1268.10005852272,1493.602053537,1288.83295775757,1164.91084906472,1345.16589671488,1321.3729418543
"ENSMUSG00000015305",535.587100540593,472.559586995833,539.645566056166,562.434672500944,1160.15016949505,278.000381818782,698.716183439462,611.412807605714,371.32993124127,882.061281374503,223.110404919596
"ENSMUSG00000015312",43.7678398470726,76.8638864815736,23.7448101829037,64.9780175150382,33.6516940376766,52.792593770353,23.0149672484795,29.8994182681415,37.8402236594925,44.279215946032,48.8870523004242
"ENSMUSG00000015314",15.5790208066765,41.0981573460368,5.1008960730341,5.7788091354105,3.06527208642393,37.5895645037249,5.55413970481789,6.58586025057433,1.78881735858044,9.18524558981117,1.21817706979366
"ENSMUSG00000015316",2.74797826385653,5.35999298114318,0,1.09581008993041,0,16.6406843756826,1.02789813529684,1.98088953057379,0.941879668946732,1.89548350052146,0
"ENSMUSG00000015335",178.725184422588,205.011821686586,245.398427957332,217.707400693063,167.70269103486,245.504192157817,231.504762891564,228.400936283941,177.455576396896,215.698668825644,181.888135501965
"ENSMUSG00000015337",160.228811887798,249.006840609345,161.230634719958,281.945488345964,155.716406985323,232.328539527755,189.865678135246,215.838559348425,178.919470457317,178.931594989828,213.509467041688
"ENSMUSG00000015340",166.888180603965,212.756617078566,156.920081239268,163.930651605698,173.46142404716,182.107983876318,111.204282236121,142.05285823334,151.030585363996,105.021478146479,116.994779106279
"ENSMUSG00000015341",321.271079615231,323.568053140859,300.748958344619,340.728014344872,337.863946955624,346.718224557441,348.352514679401,350.963214842046,365.186085550494,405.732578924093,415.990696725152
"ENSMUSG00000015342",21.4337548225294,21.4663726965508,15.9646782679471,17.4554059216037,24.3427436371182,20.3954146174819,16.4059034524629,33.6076804771068,20.6993064775036,16.0352446274516,13.7709707935892
"ENSMUSG00000015354",14.4247264256825,11.7874194675171,16.825261806632,22.9555114548325,27.4706862208361,24.331918154211,5.12238359212713,21.8012748547805,17.9199900545734,23.594152278423,37.8786895443711
"ENSMUSG00000015355",40.1696301184039,77.590277042947,20.1554284177504,29.8528536253979,38.8362178444046,88.5354180602147,26.2603495182616,28.92526550156,25.9685719878746,38.7319816937949,27.4769404821658
"ENSMUSG00000015357",7750.27051469761,6954.7637695903,8401.70090108992,6471.82542879379,6353.29510516194,7044.80184269661,6725.11434646688,6701.73585844812,7053.16794667849,7919.8811845578,7369.10653599449
"ENSMUSG00000015363",1451.28600584578,1697.86082986154,1197.52157950181,1840.6789968797,855.508221517608,3344.10965915524,1399.39641250738,1852.39345559137,1226.94285583676,1251.75467138348,2020.48437629094
"ENSMUSG00000015365",0,0,0,1.0895783501383,0,0,0,0,0,0,0
"ENSMUSG00000015377",142.400321701303,203.268448616086,160.493973181437,352.020677411963,160.183952662455,316.897399628234,137.429459338015,140.299989448297,271.385498123373,164.656928278132,139.667662622163
"ENSMUSG00000015396",18.0490614712457,58.5248434623624,23.7631295113127,12.1066555140582,18.217361835803,41.1253837495795,6.22912405072064,20.5103353156593,13.9757387365643,22.1533157114611,9.26467153607338
"ENSMUSG00000015401",0,0,0,0,0,0,0,0,0,0,0
"ENSMUSG00000015405",150.855972379426,186.065522610548,131.26843256014,162.091605744283,95.6160247873681,151.807787252484,233.239712580697,110.758349027307,140.713253251502,126.692702867954,318.834138681998
"ENSMUSG00000015437",93.4167130946162,62.6510644334942,96.3750997310162,68.9688928774057,88.1430960407402,71.2134181035287,58.5595171374729,55.2850482466868,87.1711612354777,71.5733950892657,53.1787493193196
"ENSMUSG00000015441",0,0,0,0,0,0,0,0,0,0,0
"ENSMUSG00000015443",0,0,0,0,0,0,0,0,0,0,0
"ENSMUSG00000015452",19.0036959908479,29.6385837597251,17.4128573348716,14.8991086439711,4.83255735699714,22.3304238669047,25.105625523001,18.9525835064485,24.8216295240184,21.7507144358412,40.1584936669487
"ENSMUSG00000015461",888.487394781173,838.648554124743,772.517522623954,802.837213514363,740.845610789558,931.788417488832,829.565853003583,787.590778353013,649.061413779556,721.988051693434,986.206908143695
"ENSMUSG00000015467",10.9045314509684,20.4065813164332,13.2846309807115,15.2867382299055,11.7633548888311,15.3431925093604,10.2967947064858,21.5690308615222,12.1996005877131,15.1764617399855,17.246728786173
"ENSMUSG00000015468",347.142179178459,400.103993694218,534.107807986445,657.177413669875,573.640725657325,716.353044338087,506.488433856612,716.247181868653,385.250108694967,733.07759913928,530.828971508852
"ENSMUSG00000015474",275.652197225789,285.985758591918,289.612986305458,267.571947063785,308.575117187503,343.386022224199,260.7080115862,297.460735744112,274.537397267283,273.129260611982,273.190754550798
"ENSMUSG00000015476",6.72711121537,8.73381943287559,12.2765288346006,1.0818830540525,4.27896760278305,3.90003570878908,0,3.9268895027415,1.89347414465665,7.53614546212374,13.8071566424565
"ENSMUSG00000015478",808.974242020311,989.145305257348,939.669017923634,1003.82381711157,864.139573436159,906.257707378307,1181.2417918087,1028.17579292213,885.558173101492,951.089273114195,977.838307279655
"ENSMUSG00000015484",0,0,0,0,0,0,1.02253838971396,0,0,0,1.14261763418772
"ENSMUSG00000015488",141.235765833071,81.3840062124507,138.818192874291,100.842184145762,128.719364854545,98.9140686845041,111.303276794185,108.603363293009,139.869607257667,136.377081681792,154.646532860291
"ENSMUSG00000015501",185.263168176597,145.678974466409,134.945786709075,111.139649456898,216.918785222649,134.693509651442,113.430758024119,140.939403859944,155.214281285596,187.228749626972,111.880515107626
"ENSMUSG00000015519",110.668522343154,67.2980165549364,94.5064404537952,77.0544822194228,94.6193216212786,43.6416864772461,116.545313288237,89.6747829825771,131.52128894132,72.0203781930369,77.1552529764247
"ENSMUSG00000015522",592.704611168195,513.222386440258,685.472660225345,526.694323377713,656.255730085487,505.804541198114,561.354526881784,581.633463869578,580.206758959718,515.61342227729,591.214565831618
"ENSMUSG00000015533",9.57563499997745,5.40671178326058,6.19953064706346,9.86502834760047,10.5586375191746,8.94911865587928,6.22299979978098,5.89400482299951,7.47732379906473,5.68979370448372,2.28513195059098
"ENSMUSG00000015536",923.626423812359,752.361080793652,720.995764293925,868.080252632434,950.367050387376,708.802439694943,846.574723977231,743.095235175647,810.800781051277,822.083663835576,860.415662667771
"ENSMUSG00000015542",208.530454308949,252.868634488433,226.75752162395,201.663857323916,194.133569816747,256.918130252176,263.150999394253,237.229726096795,235.596968409332,190.134856151898,207.155824995719
"ENSMUSG00000015568",17461.2099870794,26679.4318838075,19919.2475251923,28764.7739496112,15565.9811065996,22796.784244362,20455.4026960901,23030.0944776794,27677.3923054353,17211.0034576677,25064.1368076544
"ENSMUSG00000015575",332.573293837415,361.746302885313,408.178791465974,386.708204101891,366.187697542256,363.179334219819,368.477363350022,337.040447471351,354.452673273812,377.715178348591,308.382816938991
"ENSMUSG00000015579",0,0,0,0,0,0,0,0,0,0.936366945291053,0
"ENSMUSG00000015597",506.093347482436,606.485679028619,568.308342409881,504.882053936659,515.141007261261,468.839284078047,539.567647163652,517.037475229964,615.034628619699,531.218231879666,500.571371316312
"ENSMUSG00000015599",0.899415523731297,2.57227341945198,3.55772187061451,1.28868479162246,1.26102700747719,1.66390847341517,0,1.17033322826622,1.12169101370751,3.74970085486826,0
"ENSMUSG00000015605",549.248064926088,412.015810268896,667.566511536813,496.098278477466,827.000347104381,354.517873644547,802.561979408866,495.42504365474,491.649654591291,793.789012263691,451.533952267462
"ENSMUSG00000015619",1257.29457843495,1119.72264100977,1588.91692275766,1200.27376286045,1590.89473681696,1141.98970880005,1740.03938482278,1176.53275530639,1093.24694967995,1105.54037127225,1161.25020113293
"ENSMUSG00000015627",0,0,0,0,0,0,0,0,0,0,0
"ENSMUSG00000015647",2330.12564690359,1702.20637446118,1520.46596691776,2357.8660428119,2965.73705778223,3746.45927206187,1239.96231064633,3923.91330958276,2305.54891627319,2413.26490022876,3126.84803217579
"ENSMUSG00000015652",457.62965862317,483.084512607028,319.480483014074,668.984565104987,729.174932507375,559.682266255423,476.328895001539,695.882101567141,558.044931000395,464.255724739924,583.317468986999
"ENSMUSG00000015653",159.716798060409,154.785178061089,140.056082793101,227.393964741001,221.760938573756,140.378699415825,152.258824550026,246.958501715955,242.389258794108,183.457035959706,179.930320148312
"ENSMUSG00000015656",26913.2250347546,21441.3637183316,27140.3713305144,32178.1212314559,23295.1608947128,24854.2112276376,19626.2310056589,26115.3457492268,19764.0956902637,21455.2015488762,20352.0519264761
"ENSMUSG00000015659",29.1826551178503,29.7792110672189,38.5317394561445,54.5081626109844,31.3901775168303,26.6230121371374,38.3048961074076,64.0577447497673,37.1469607080911,45.5567026066866,33.4817594275251
"ENSMUSG00000015665",0,0,0,0,0,0,0,0,2.84028865240965,0,0
"ENSMUSG00000015668",152.237958029294,145.876123334795,144.445961476985,168.724135660735,141.14922183701,145.645379979277,167.857696692811,133.322292396849,145.922245772432,139.94218529618,156.396456549086
"ENSMUSG00000015671",1468.74420635413,1571.26374885736,1364.93433637533,1313.43387346403,1287.81543681183,1342.06975658659,1363.64354459446,1357.18408239799,1269.48685615082,1238.56969461151,1345.11713278717
"ENSMUSG00000015672",434.132214691917,359.64760989837,321.958316805199,232.831893456864,165.871514759513,227.97028314166,244.436581543525,239.643356092815,228.492147203275,200.85408695608,166.85101444995
"ENSMUSG00000015697",771.977831189305,748.837075115513,729.594274065656,791.465973646495,813.4095979626,799.863620375163,728.694923928988,764.612673312284,816.7849627483,777.817164197612,828.049467599023
"ENSMUSG00000015702",7.45412049913291,3.20541906617629,4.41099638475069,3.29459656658214,3.16777539337514,3.87568271784744,8.20262786359815,4.95957513013108,2.83388307418386,6.62972761660996,1.14849506482478
"ENSMUSG00000015709",16.0314159155074,0.859043116896493,0.705891624212801,0.871803248691035,0,3.09129555940419,1.63064769136687,0,0,0,0.911190467510823
"ENSMUSG00000015711",140.731072266316,96.5362255133914,127.400005473716,116.949938313998,173.283854579923,74.5586779262963,115.747269620322,91.0314337806093,125.45362677294,112.290902927541,116.90781413938
"ENSMUSG00000015714",904.575911924739,932.844833212012,892.245200681341,1030.08072900896,983.823985078074,968.034090422027,772.819737538691,1022.04369069558,895.579499477041,855.677989282191,890.034338024862
"ENSMUSG00000015721",0,1.18159349371474,0.849012718620133,0,0,0,0.982453060947724,0,0.899416087935175,1.79981451096511,1.2469753432036
"ENSMUSG00000015733",995.544847879176,871.828466722034,919.02278879748,925.380865952789,937.482358016143,878.086692956761,934.956177319055,890.545740519457,920.366528447991,959.588583532796,955.341478888055
"ENSMUSG00000015745",260.300601944396,446.802473631776,291.365060532779,218.595765497238,267.995394001099,394.451577698965,223.114406589065,252.000471469175,271.217602650816,291.012053711556,244.303707868364
"ENSMUSG00000015747",392.366095776779,420.313596334993,423.615850869433,499.868147649793,480.161925463673,357.898573727243,421.55415110276,434.769490504775,378.742159672985,300.111883202046,392.968305856781
"ENSMUSG00000015748",374.642562454182,301.174762072595,327.000982237881,354.84760956767,315.654298403861,413.245702365489,258.033517949848,184.438970002136,288.962182053826,243.936626920879,403.979043850187
"ENSMUSG00000015749",282.234147199083,220.22165586465,156.626630442418,207.349279414574,253.274299759309,240.875310503317,211.31321788259,140.781767861171,185.165924117324,115.483833026873,232.86956547625
"ENSMUSG00000015750",537.898825980988,502.512278131682,586.77278276747,591.26779264076,563.211217743204,510.485033118186,467.51495421128,595.454779314841,488.228554252204,492.835906487227,699.000828794041
"ENSMUSG00000015755",2673.68231717425,2492.77028567951,2773.63249672824,3021.25124494839,2600.0892580961,2493.51256036909,2664.65720737837,2816.63727307923,2748.44299410346,2876.97750454624,2806.03843001451
"ENSMUSG00000015757",286.260705578954,281.876703210044,240.91986894188,236.191397806516,238.333945615038,248.71084019484,262.974976839734,234.187537983803,305.672211890613,291.962622016726,320.39064870332
"ENSMUSG00000015759",113.307185288251,125.857461389958,145.001709478904,114.944295001104,119.007653491332,102.855576090871,133.649600202508,125.737253333077,135.99496391771,125.993991936205,134.914157016308
"ENSMUSG00000015766",54.4689470608006,49.5965674288664,78.9100233802007,52.3623535372463,98.1077939611521,60.3177904936194,47.1315779327058,75.1952574744421,102.857596577608,84.5791230715426,66.2769557460621
"ENSMUSG00000015776",202.251953792855,199.29125392711,220.995982887597,187.884505322509,291.773537114653,188.521560969482,252.198034524262,217.479666524635,226.362330861743,260.315445248647,310.164031711511
"ENSMUSG00000015787",0,0,0,1.0895783501383,0,0,0,0,0,0,0
"ENSMUSG00000015790",829.291449173647,571.301302104819,665.723450908603,683.475658212045,580.410959548073,608.523428894917,766.282279490593,776.885298456094,760.499283466181,590.449868087367,618.432765065038
"ENSMUSG00000015804",365.414532770068,343.353125681467,366.10032655598,309.29393098243,327.750453234801,330.285280447164,347.709218059218,294.293822445917,338.073909120561,338.005694166251,300.091472986007
"ENSMUSG00000015806",493.82704089798,588.322585054391,572.119500134674,601.311642284368,598.321138937306,746.25616390477,724.390952321741,642.35982902304,522.208202592461,567.154205952829,577.566181774767
"ENSMUSG00000015812",3.72804870650437,5.72689582282735,6.27967363081573,1.92475190149502,3.94038264513669,5.66127947404687,4.52437818700541,3.44073261910594,0.82045543153704,18.3065208054306,6.16238261271331
"ENSMUSG00000015829",1.56222970497203,2.44306303403688,87.6232486156908,1.64742824647237,3.98453626134404,5.83267251746777,3.08401776184682,2.25143437964252,4.29923823334858,2.82787382711629,5.17976725059792
"ENSMUSG00000015837",4816.37110138217,4673.17002757579,5913.37015904388,6657.5229347421,7044.24485740863,4690.07911529669,4945.92705590576,5714.25458379951,6166.37577530967,6560.79489111588,4583.26510512812
"ENSMUSG00000015839",1442.07933510734,1129.84177543824,1385.36317359951,1336.77572951468,1537.4299487441,1159.8258172128,1246.45641410186,1154.53447788788,1288.88363562442,1404.71310324829,1127.00010069343
"ENSMUSG00000015843",40.5023081120911,14.8075730165785,14.3373380752166,8.85769203613597,12.6319373025329,16.7454547689968,6.63798164457071,6.16872212946968,14.2773503195766,16.6847212846009,11.3338395426762
"ENSMUSG00000015846",442.688387987054,399.590665707838,504.827504934164,600.899833154014,361.920974439547,471.423492685612,478.899827350051,515.049784693281,513.549227989191,551.723754203337,692.385919856221
"ENSMUSG00000015850",87.1625489025177,63.8454005802131,87.2923929768686,68.3827931767057,107.680669587425,59.8702804090033,64.379680313008,85.7491709080831,70.889364907053,77.5324651049162,74.3610805333159
"ENSMUSG00000015852",47.9945637983532,36.5095331393615,43.3694957191575,20.7740185175503,59.0290568149009,57.8809977614172,26.6179476326339,26.7795040439031,47.2508943393176,34.866844526783,28.6201025601785
"ENSMUSG00000015854",2.71342068141086,3.22287925172004,0.883419423669271,0,0,27.2738586463546,0,5.94106346027073,1.8897166204809,2.8457880191791,1.1487327836866
"ENSMUSG00000015869",354.550252585253,365.029477944332,358.67449620801,386.772947399547,421.011832499501,356.133139010819,347.094957439423,408.077762697149,363.272093858292,358.455403276924,331.633453330501
"ENSMUSG00000015879",0,1.08050858635187,1.77599429299999,0,0,1.28310154271661,0,0,0,0,0
"ENSMUSG00000015880",16.3679281455032,17.7671202113721,9.84712312984242,4.38025759530802,2.07743802875291,34.6640117513569,11.343000745075,3.9059541604155,9.28935960188685,2.82641831041495,5.73083110230514
"ENSMUSG00000015882",72.2458886404784,68.4947819920814,78.0344078863532,106.049102391879,519.75685504824,51.3399730889825,96.8855685613161,78.5166185812775,90.3060396147306,50.5563532654447,56.8101459498227
"ENSMUSG00000015889",599.459819575824,566.362812589212,647.295372657276,590.760043568355,589.520231277812,514.260643486881,541.157413353676,545.879297428098,533.508454477021,446.282992020785,490.574667046835
"ENSMUSG00000015890",0,4.29904250839501,0,0,0,1.2851359811425,0,0,0,0.939129046729616,0
"ENSMUSG00000015932",1736.25312485685,1262.95484597741,2523.50789433733,1567.97054761927,2953.01092999493,996.977766907069,1636.0150335122,1332.76044585486,1974.85335572994,2114.89925230861,1732.46794765139
"ENSMUSG00000015937",779.525956732868,735.538413137197,753.262944900428,754.550781192105,654.852211324915,707.192645384784,654.885040163225,657.952004980686,643.592027211756,683.333686916833,666.43058205973
"ENSMUSG00000015942",248.198646339066,245.853190531413,253.652376515378,299.035533094912,210.403791357193,279.453617235907,242.474388068401,281.86878151514,265.162742061796,275.982197361583,272.304194409527
"ENSMUSG00000015943",104.850793239154,143.037741441391,127.493661536761,123.319433493242,103.75373890812,129.050423561806,160.221704652095,124.905579339523,118.16157058419,127.048654832606,132.181264966646
"ENSMUSG00000015944",15.045629710879,16.1394801197707,11.4738878979144,15.3138555198753,9.53538369245737,21.9730743828139,10.2864102007697,9.82184547978865,13.1478979214764,14.2045160987071,9.15213209239657
"ENSMUSG00000015947",80.5212626169547,85.6007431927595,60.2293042756299,67.7509350887679,57.0340694461271,67.8002454505494,46.045327849991,38.6848262586873,59.4530551464838,54.7566596614032,52.8244950072245
"ENSMUSG00000015950",117.238692147063,203.164590218106,72.3928290987932,71.0195402127662,77.5347137276599,144.0328338289,68.7105371918633,76.0334238556921,73.7184618522011,80.2077362999761,60.427745390532
"ENSMUSG00000015957",3.78522249472846,11.9485280463382,3.26661625496613,6.03588394194027,1.96203358277595,54.4590357931003,6.64363717282101,9.07236991631813,2.60505975847698,4.36502000706561,2.11151825746956
"ENSMUSG00000015961",688.495947592824,582.931297932422,728.654757880509,703.827064604003,816.606827942997,584.633947872851,693.810686625774,607.24924170667,724.948632614896,745.648297207003,597.722869819296
"ENSMUSG00000015962",0,0,0,0,0,0,0,0,0,0.936366945291053,0
"ENSMUSG00000015966",12.4678146722159,17.8320427228488,3.52642303356736,11.6970421860803,5.60194596707355,4.24096900377105,13.8033194837746,2.63313591002879,6.89395398262326,13.3125968507121,8.36878385214302
"ENSMUSG00000015968",26.0083947093132,34.6136924423607,20.3805252632135,21.022189260173,19.3670462722273,26.0754460587253,18.5936168068978,20.8698321509054,29.4630836565969,62.1856511914294,22.0128770937193
"ENSMUSG00000015970",129.26065000229,142.673316461477,120.035984364142,138.130812735145,179.169429207682,160.860411868026,134.059680716612,278.133432039447,180.985034522099,203.259447179557,225.501164738158
"ENSMUSG00000015971",429.285680419165,439.532989746037,439.354348288962,469.017839831962,459.76056318303,509.054844098912,453.936742059401,485.004515188042,480.742359858942,468.586504782387,452.354327273888
"ENSMUSG00000015980",24.796556367657,23.6598153041932,32.5127159148001,62.1276877690256,29.3922935583161,26.2284855582488,26.8207314789616,25.9081627132211,30.0687921981098,19.2407429811931,31.6834297210279
"ENSMUSG00000015981",5.30543355696918,6.67747544669155,3.4225364826284,9.99785001641599,8.23562715460809,11.5265671382396,3.42671215766614,7.65747263260602,7.34209799242515,9.45237587984553,1.27274555470333
"ENSMUSG00000015994",745.270659814442,690.725792208116,868.087105420842,848.657343702409,924.136697018443,749.253792547111,854.272629513691,735.942043151716,790.614954663012,871.963067967055,741.684507570364
"ENSMUSG00000016018",705.868430951175,636.686400562759,623.248756968087,675.922818614408,665.304257926933,633.894823192991,621.856255930786,712.828571940768,730.632644163534,650.448734466556,807.790427487191
"ENSMUSG00000016024",8629.65701282585,3810.83632100957,7396.32100549101,6720.97620610536,6112.71355119864,4787.13473021232,5598.2610309412,5874.44767493461,6030.36146629494,5906.41063900454,6285.03726147906
"ENSMUSG00000016028",12.5503997226983,49.9056290941964,6.90855539559233,11.6940655542367,33.1255101996353,24.0602396447904,9.94811892642896,133.940419601004,93.5753348258116,40.817098328541,45.448248512201
"ENSMUSG00000016087",58.1799363421735,85.8006414184331,74.2763899465966,64.53946862423,95.0619253619695,99.1637056399025,44.0348721538702,82.1891495131877,67.9881114076811,91.5226868220391,97.4026744477583
"ENSMUSG00000016128",74.1240960754152,139.043399027752,46.4209557089979,100.391667413084,71.3258939538357,121.845930564058,80.6808681997711,167.041601096758,126.08986568422,77.0295113297443,105.937463862308
"ENSMUSG00000016150",0.689939267648385,0,0,0,0,0,0,0,0,0,0
"ENSMUSG00000016179",1.09912918770552,2.55462964132841,1.03531671079619,0,0,1.48789719382182,0,0,0,0,2.68749730777483
"ENSMUSG00000016181",319.922379841401,315.872276830304,239.415813306257,321.398339725432,334.462941074768,327.087549238546,285.951831220915,338.960724778535,302.524776118237,334.768700127752,296.683149012989
"ENSMUSG00000016194",178.66137325491,301.892919885763,219.356001567616,208.509432867678,343.267953646552,284.683213283323,176.212383692405,263.381660566716,191.180741658308,210.721988553013,117.719549629728
"ENSMUSG00000016200",0,0,0,0,0,0,0,0,0,0,1.14045445258444
"ENSMUSG00000016206",72.0122229201586,135.301163233294,55.558645238239,47.1519877010102,47.5696075571904,97.1914867238117,39.0391184492192,31.5725159006507,53.7105878028382,61.5216645123718,46.9299905985985
"ENSMUSG00000016239",26.5424643613615,16.9053324667085,33.5770867441616,17.0042300349536,49.5650714611269,7.50269785498443,30.1640203275779,15.3449528149888,11.8822560235706,40.8450018543579,6.63981663927191
"ENSMUSG00000016252",64.8542911589482,84.2900553194873,85.3163019556748,62.1059659578831,63.0574053422181,74.3509098631008,73.7624096265168,79.4085287949095,84.261896688153,60.8638514439184,60.4440859869753
"ENSMUSG00000016253",455.360556675684,482.914463261494,437.477718062179,404.71231323647,447.797308602568,579.920413413307,463.497089158284,472.755284366869,439.544818525108,401.877855482206,553.887155584408
"ENSMUSG00000016255",1.37033002780027,7.5357551450689,0.88327400135081,2.18223035972656,1.05553981786694,1.29061529732216,2.04807868122138,0,0,2.82134560689929,1.140955077488
"ENSMUSG00000016256",1906.49999614765,1903.32776342782,1744.6722772688,1864.86139604854,1690.31771634516,2238.88017073083,1908.14182792549,1937.24498439874,1752.20343527603,1784.5802418227,1817.7258632799
"ENSMUSG00000016257",491.435903844748,521.371271908909,378.341742328102,420.422158010175,290.702947747254,389.616393043338,492.19768358515,361.018613062451,418.163498775068,417.76713371067,533.98969475167
"ENSMUSG00000016262",25.8506249022183,23.2501298534748,19.1184372878594,17.7710765259637,55.5641243574282,20.9186185231322,67.922074447811,26.6610260462801,15.2677502023837,21.3146555365561,28.9141239839993
"ENSMUSG00000016283",134.286006625289,196.149005816688,117.185206790865,9.39261182539379,5.5886154889309,47.1404812287893,94.6176366022259,8.97169032743284,105.219287956748,19.8267219778929,98.5575892687011
"ENSMUSG00000016308",285.891540826956,241.246485869208,233.775005308362,259.87686304243,261.063598636729,226.298831376272,266.854617271275,312.069892412244,242.56349400992,260.565582494108,203.983533330924
"ENSMUSG00000016319",3317.37005671102,4026.4729459874,3432.40545596944,4001.08261654591,3245.73785878298,4556.9402191604,3664.65318337784,4430.33151377806,3465.67109618824,3129.47043571227,3717.52980592668
"ENSMUSG00000016327",1.37987853529677,0,0,0,0,0,0,0,0,0,0
"ENSMUSG00000016344",207.650142315771,300.618295335358,288.120309283046,304.669629959315,270.899350248337,329.866859409283,287.219548696939,268.232485532681,264.790281111161,269.821007105056,278.790174032141
"ENSMUSG00000016346",0,0,0,0,0,0,0,0,0,0,0
"ENSMUSG00000016349",461.720157286519,2.1612210081377,21.2161173782429,75.137257904651,139.607149084091,10.3227692673754,5.12598408666311,0,0.940306318505735,49.7843576702948,3.41683550221898
"ENSMUSG00000016356",91.7457482565182,107.742744725869,181.3216030592,141.631187801666,94.6405302897814,144.470135353211,203.017931724472,40.698200200951,180.508631613481,60.6027372481069,137.772183359334
"ENSMUSG00000016382",587.771326635248,373.414578969273,485.801637547785,348.093632331312,407.203402876644,322.52578619276,387.05002266913,394.093370493264,393.302875408867,345.714465435759,404.895562346814
"ENSMUSG00000016386",32.101076459864,53.917617020788,64.7300081117266,36.0748392527423,51.3038630979523,54.6405179983585,39.3995833281686,45.0571254152996,78.1763407174019,47.1674521176096,57.5428443830267
"ENSMUSG00000016409",117.123969004804,132.721884316629,108.46599336465,143.525247778574,128.53511163648,112.702652318266,139.297222661518,114.552893064754,126.831216378349,122.320206258729,163.252364165717
"ENSMUSG00000016427",586.923588895714,701.618875167474,675.015068914513,625.385798642403,494.479785825751,612.761834445021,676.172992707377,706.577804112253,656.784977238444,623.511739305688,526.664690718736
"ENSMUSG00000016458",0,0,0,0,0,0,0,0,0,0,0
"ENSMUSG00000016477",64.4637910373245,55.2980532409994,61.9985109485984,58.1564216819461,94.7758582644518,67.269583055644,59.3117042302052,70.9446152023588,73.7492943811448,76.9551832018653,70.1675365874403
"ENSMUSG00000016481",958.017136285271,1041.74365109795,946.172042410289,921.542846233804,966.215310956956,984.058789773532,1040.22388277449,1056.03115522422,1007.21859772919,996.142717842904,886.95118481805
"ENSMUSG00000016487",1452.71178920946,1520.42332756572,1867.11842877798,1192.24511573905,1782.64006785456,1044.57579737813,2246.52488669664,1808.03911868314,913.630348219778,2341.38987935023,1245.6955096744
"ENSMUSG00000016493",12.0602034467989,12.0770812294888,10.611826144806,16.2979227474495,7.24086729527775,6.40489527465449,10.3337178344648,6.77816602381902,11.9417797891477,12.3267023303035,12.5774776512644
"ENSMUSG00000016494",86.9764970002219,57.9953559256586,85.8519738665543,76.6244438531484,156.080459504672,69.6297073430086,70.215411093767,91.2552282086435,88.6323906831569,66.1369845334737,163.29293238189
"ENSMUSG00000016495",80.5487284676422,139.106424064585,505.024025515231,117.046414250109,184.516493639983,117.861896868248,88.6031535729657,103.821648052272,101.449337658445,118.281701241375,113.716374767987
"ENSMUSG00000016496",27.7809075874594,33.0189034915574,20.283878263076,19.7779176794996,27.4900829231305,36.0658384821166,13.3385296202417,25.7793606187637,28.2941615149878,35.1647123080544,17.2707617246556
"ENSMUSG00000016498",0.671435305068147,1.06933710109733,0,0,0,0,0,0,0,0.959386140777395,1.15585769883565
"ENSMUSG00000016503",220.596724139424,228.391952086226,207.839868491726,271.618208904675,215.957397537803,318.910229965199,227.712064806223,303.093095716529,221.183404581842,195.417119780823,207.730481897733
"ENSMUSG00000016510",195.570478038634,161.897245101986,217.319555795425,231.35462525936,144.0364672553,198.006025832915,187.732874395316,156.315141946027,243.297950144595,169.722230247036,206.370424107004
"ENSMUSG00000016520",309.112252678545,231.184627105811,284.424788781339,227.389541392803,286.244113716875,230.161615772121,281.245475337199,253.275637994096,226.636590015219,267.76632299993,270.035227183622
"ENSMUSG00000016524",0,0,0.888711478704946,0,0,0,0,0,0,0,0
"ENSMUSG00000016526",465.18210494082,485.48242350566,643.511786476664,557.236612253248,563.958333421743,615.589538782907,494.683481147511,585.761785454906,366.33493973217,605.529151697423,611.078643701179
"ENSMUSG00000016528",616.94955494718,511.703571000579,629.238046833504,573.756436774445,731.520590041553,487.69171845025,544.410219365595,459.05825890474,573.851973462076,589.301991495817,546.750086578844
"ENSMUSG00000016529",0.6663946533824,2.11027174716581,0,1.10109976964576,1.06973663398834,1.27869025223265,0,3.90657712252189,0,0.96470728851526,2.32533015835616
"ENSMUSG00000016534",1460.34353096916,1164.8946872231,1713.14922187864,1665.48734361995,1598.66636501936,1274.9565167436,1515.58105676081,1580.87377153807,1785.77722601606,1613.7342151145,1638.3397683772
"ENSMUSG00000016541",313.364253925519,287.238226965153,268.854454825401,277.582119221436,248.791073734464,273.418136678372,302.601702914502,207.237227239154,331.631597747026,244.559429752862,285.4853529183
"ENSMUSG00000016552",133.966118226787,138.301857561371,211.60647759467,207.19837081931,121.510316036614,139.481275285955,122.917055539288,171.781043307948,244.636958333446,236.519456451352,222.40237638108
"ENSMUSG00000016554",1637.03318936896,1647.56849891761,1534.85812288618,1698.75376121275,1427.43150089867,1674.07176971451,1431.40786615223,1547.43529088137,1629.96526180835,1477.65350270474,1740.50383930501
"ENSMUSG00000016559",3056.53227534739,2694.88215193285,3053.90424532113,2961.22211538972,3430.37557313395,2583.62435071295,3001.3454061201,2678.49798909701,2715.54946249472,2914.71313331368,2778.85034114818
"ENSMUSG00000016619",513.51219646242,453.932070374768,417.785173696186,466.647936051475,489.969002685901,485.009569442689,488.027046032334,430.03924521203,467.739302922253,492.291243480684,533.864171816625
"ENSMUSG00000016624",4.92617222110792,9.61086914245774,2.71863886494209,5.55179532132472,3.26443934428461,11.3715368104326,3.03920734488974,16.5043462484966,12.1011920721806,7.42575012287558,7.92291503667088
"ENSMUSG00000016626",0,0,0,0,0,0,0,0,0,0,0
"ENSMUSG00000016637",56.1692541497177,82.4724534460362,62.4070889587422,50.71905311651,38.4055657349738,43.6926006911673,38.3102243710784,58.9993908769386,59.769222079726,68.4245390285262,49.9533750801787
"ENSMUSG00000016664",937.566513921729,1101.18460221862,1021.63311408391,1399.30864822928,766.92791679072,980.264442766892,887.723455250931,1053.22143676172,1043.61022324326,817.768609174198,1394.21199180289
"ENSMUSG00000016756",21.6677509818213,48.6306990915883,8.34902762929184,10.4399382095755,5.65060096829104,39.5923871011809,4.85033347292045,4.64342849904748,11.4830094481028,9.79309416670539,5.39712385491765
"ENSMUSG00000016757",169.477987828003,169.605521549283,177.528634976504,143.71676950068,167.806779756076,185.959479976506,146.381881191255,160.645147991828,161.412823939772,150.949558619078,157.76356000076
"ENSMUSG00000016758",19.150476823112,18.5786209438072,58.6260780750802,15.9396380594523,52.421016099304,28.7021242198433,61.7329791661294,19.4676862131202,39.0493166340419,40.135514285196,23.5671868152529
"ENSMUSG00000016763",39.0945337574961,19.1208219173345,34.3541121057568,17.0654999311624,15.7472614603574,16.380674946596,31.266806679297,36.6646324193333,20.3460932680276,30.3389223312232,57.7555236941253
"ENSMUSG00000016831",612.72839736906,537.854213360929,631.706515164271,646.440725532047,544.216801651354,514.911226860575,553.789271865121,555.31147925091,603.76763297913,556.20181130072,672.4313466809
"ENSMUSG00000016833",405.981786319385,438.653797143196,445.575000185598,407.214187547745,385.974446892859,401.825513518945,487.579010276934,485.294321896387,438.395381134499,419.710658845593,385.18691182275
"ENSMUSG00000016918",146.786181449751,124.583210497195,142.184344171499,124.113784100021,222.940936326062,154.20481529942,66.7461379819374,117.824829027635,99.2899608722901,155.147381054924,187.263289649469
"ENSMUSG00000016921",2331.56840217727,3179.25442696824,2565.89645470673,2132.20851722129,2774.10061940908,3308.03843370096,3213.25900239079,2960.44254615226,2279.31080059656,2992.27432159464,2483.94153453476
"ENSMUSG00000016933",1387.1123404907,1078.83260141395,1239.04720856054,1160.04480851674,2000.30558807588,1652.76680020411,1085.10478809911,1548.14933037582,1268.78144402886,1591.89276645166,1284.25047956093
"ENSMUSG00000016940",162.32045419513,163.992014047532,148.013205745903,205.634743829902,199.923913228807,167.064210885892,167.800296784355,200.899059989122,172.693486274154,178.53697736992,177.797906658576
"ENSMUSG00000016942",50.9483706623039,66.6556993584263,129.33080249265,162.772390840768,111.564730383395,119.841024372411,41.0819661634202,132.484139169726,69.2551029543508,77.1316849841288,146.737514912146
"ENSMUSG00000016946",109.722958266015,123.065056739501,88.053598691969,78.1527678909816,86.1206929236483,82.1866398131401,84.1137255948903,89.1171838252539,125.844813794336,106.609840405996,122.124948217533
"ENSMUSG00000016982",0,0,0,0,0,0,0,0,0,0,0
"ENSMUSG00000016984",142.75323425929,157.031613406864,156.506316528044,230.090592108038,218.454009793965,168.993817809222,172.973474495554,231.918171202213,180.582073559199,192.025522567623,166.480371732731
"ENSMUSG00000016995",11.1921007665105,6.70419571794285,6.79181032029186,12.3511833465,10.1630628086665,9.78919960068134,4.89535003813707,14.1254076106606,7.48467179968486,6.27506932452021,3.8927023114837
"ENSMUSG00000016998",0,0,0,0,0,0,0,0,0.941042210106919,0.942059197996193,0
"ENSMUSG00000017000",0,0,0,0,0,0,0,0,0,0,0
"ENSMUSG00000017002",215.764254972346,190.189939958864,175.24663935545,167.777202032799,288.730540437485,254.21178592117,85.6670844299046,68.742906650279,103.455098463684,145.140026216191,86.0611608517929
"ENSMUSG00000017003",0,0,0.88175246464258,0,1.06726552855901,0,0,0.990511184711967,0.941641247759428,0,0
"ENSMUSG00000017004",0,0,0,0,0,0,0,0,0,0,0
"ENSMUSG00000017007",0.690609458917345,0,0.888340590418448,0,0,1.28120291487612,0,0,0,0,0
"ENSMUSG00000017009",975.117262189575,997.21532950002,1106.63250297321,1042.44443177127,1232.07448363835,853.316118627757,1074.31409064639,1242.75399429996,983.654644086679,1213.87014448937,1083.27852076214
"ENSMUSG00000017049",0,0,0,0,0,0,0,0,0,0,0
"ENSMUSG00000017057",14.1918469273927,22.9831090669354,24.840531912586,19.8131404182234,29.2773986094948,15.4278074308982,13.5289420204103,17.5768262968689,14.8336606218968,18.1276755009378,19.4784059341217
"ENSMUSG00000017064",0,0,0,0,0,0,0,0,0,0,0
"ENSMUSG00000017119",3533.82336440832,5935.7738164719,3722.32506355829,4171.9990743445,6262.93885328802,3587.86659072637,3785.80047852791,4551.30808907146,5950.71946110487,5887.77636441633,4081.94822188045
"ENSMUSG00000017132",480.849378975053,561.851911129348,545.471166986292,572.4740235569,554.667821212415,517.883666140988,462.285113891785,522.153799713109,494.022993035577,621.319731366426,589.70112746307
"ENSMUSG00000017144",35.4108590249802,39.1918897289745,34.9674216548074,34.0014643775159,68.8497741112352,44.4443336818528,18.6733128143769,26.1448178313838,33.1403967364607,30.7088037578702,33.2886842628583
"ENSMUSG00000017146",31.5668242505155,28.2041848172058,22.1832898081154,19.6973128195127,31.5115706077564,21.7777287840447,37.2079518674506,15.7752738385819,29.0880975631805,15.1082256090126,21.6356608556432
"ENSMUSG00000017165",0,0,0,0,0,0,0,0,0,0,0
"ENSMUSG00000017167",106.321491245874,67.1505375684361,62.0505405223963,77.2858141801184,89.7184782528123,149.774560805977,61.3506741598768,99.7803382819791,80.3908015492125,71.0509203414508,64.9007135671789
"ENSMUSG00000017176",183.082553345096,166.310804526148,191.712522598706,144.665543486721,165.061086227775,223.111084823158,172.254958342977,201.028825317003,170.49436865413,166.132455922556,162.317188758486
"ENSMUSG00000017188",260.843154613213,287.636325827584,242.187874762097,274.64448552538,245.868527838332,275.048704747645,277.400742096476,236.116886290626,221.335795455987,229.407027427914,242.031277158339
"ENSMUSG00000017195",17.736929959435,21.2262491151489,35.2525266202409,23.953480831096,26.8819698734336,26.1577977262221,22.1374453466731,22.2130871299769,26.5322758059628,34.4290270888967,32.9775873689998
"ENSMUSG00000017204",183.000289057812,176.279009368378,232.728385486855,108.085019214392,205.150844405627,150.5144916704,183.34346016422,82.9640527839785,111.251416400021,109.312216376778,82.4252617998601
"ENSMUSG00000017210",739.677637766821,820.107573455322,748.521779244549,678.727092525343,893.598079922079,835.644170164609,773.08684648435,784.047376353527,699.901439836336,680.020101247073,773.421503955031
"ENSMUSG00000017211",0,0,0,0,1.05095675570364,0,0,0,0,0,0
"ENSMUSG00000017221",2054.27799839034,2049.33778106936,2167.94558397161,2037.00599846205,2289.9374749188,2247.75841870053,2282.01979241251,1995.53212373028,1891.73072375394,2057.35351131975,2339.85364383824
"ENSMUSG00000017264",730.120916825708,688.327150124396,595.306071461158,618.420673063395,585.437835159454,746.553723162418,628.555277053284,656.088104091128,653.786885050987,628.413927876307,885.351048123267
"ENSMUSG00000017286",555.069679062942,564.028516789639,572.42044950937,576.348773324072,500.133823520324,515.23004550513,581.567295084656,636.254724935195,606.05180368914,493.984126047243,515.845788946973
"ENSMUSG00000017288",1281.79788741381,1205.26936996798,1071.59704573279,1098.36962594267,914.321877411155,1122.21196181686,898.424217972124,1174.12233219572,1010.27732990258,915.023246836477,1039.07387999934
"ENSMUSG00000017291",167.595553664718,116.15047888938,197.070899927289,161.555524624457,127.361954694945,97.7885796963593,178.013089035043,110.627623920111,181.505122392454,129.265847701653,133.179265393156
"ENSMUSG00000017299",515.688125691851,565.217944325551,599.905851532314,666.142892843727,658.843509562928,540.408443399654,590.303073909809,662.671304909745,548.882210057066,683.244339200211,487.934860526438
"ENSMUSG00000017300",1619.08981793581,45.5852127347632,38.5727030016345,171.325764220193,346.333500134417,21.8591059536564,22.9949470236086,0,0.923709300427434,142.056950645148,13.962600902017
"ENSMUSG00000017307",272.260581257885,236.445086123794,280.710361846346,284.275869126713,241.913730433731,205.662785635164,294.056053117018,248.819200936515,316.531173311467,264.25139155407,225.559072678751
"ENSMUSG00000017309",299.781640114055,369.525847658941,427.016851114333,414.222745351351,475.810423113742,443.570065469038,414.844232967355,536.976008108628,415.995697947275,481.392258258386,532.7251493604
"ENSMUSG00000017310",0,0,0,0,0,0,1.0244779114794,0,0,0,0
"ENSMUSG00000017311",0,0,0,0,1.05095675570363,0,0,0,0,0,0
"ENSMUSG00000017314",58.7788107890234,68.1259470117032,87.9640286307449,79.4041425812363,53.2792601804974,90.8016459380885,68.6070012869868,121.77288891329,68.7613866752217,74.038309793594,51.4696412630318
"ENSMUSG00000017316",0,0,0,0,0,0,0,0,0,0,0
"ENSMUSG00000017344",44.4588209904461,89.4908676551427,36.2303324662249,18.5835057447768,55.9541771296186,58.2764872462315,39.989721624215,36.5291021442013,35.8671371970979,50.8331664063142,14.8390428849088
"ENSMUSG00000017376",127.167906423989,213.18662080941,98.0201063170598,256.665119384296,94.0079391066625,120.813218475156,166.128079689514,156.905215453488,175.896974381947,179.797826121283,86.4569163649117
"ENSMUSG00000017386",1011.00548147804,795.175321704034,919.635165929706,684.632812086063,939.61097761309,819.006242114242,924.400906877321,849.706346550063,871.321926704437,1008.99895108338,966.534046324897
"ENSMUSG00000017390",7188.16954967579,8697.65559601397,8400.95291564641,8912.20634123957,7665.74648727188,8682.94746011104,8976.11711728912,9943.42080397452,8342.98956694473,7788.11948776407,7257.51132558407
"ENSMUSG00000017400",51.7025551922954,71.281273580335,62.0703942262559,46.8471012367727,83.0514102363047,50.0205868052616,71.8217004193036,55.9014045588199,39.4891736488923,47.0373556258939,62.9123574082486
"ENSMUSG00000017404",9244.31819549772,11567.2387198827,10593.9817545904,11865.4418607476,9965.22887553786,12073.7142604,10715.6439187411,11208.5860432134,10085.957312468,10030.8600482494,11348.8899301167
"ENSMUSG00000017405",61.2547042425871,49.7492244832328,55.0290969181321,51.1200589108215,80.6446268905644,71.9080629356576,53.2704618535425,63.1059849122061,66.1013592264337,80.6407121244009,62.8054349095986
"ENSMUSG00000017412",3.43066058042092,5.91251181171724,7.32835929259841,4.54290181361026,3.2864287017254,5.30457252268944,3.20593580032111,2.04747519577267,2.92117131506063,2.60802255573845,3.56626565591849
"ENSMUSG00000017417",24.8425843145291,15.160045044357,10.6242653538636,18.5146488398365,18.003841837365,16.7826636903713,11.2875738243961,10.8024466499102,21.6449265813038,9.3938363757891,14.8132366315362
"ENSMUSG00000017418",31.7512552875683,44.0390210831548,34.8781050339829,22.9407032324126,25.0137393308289,17.3737211057222,37.6783612562824,35.6979523026623,30.9803427034634,22.8887312723397,14.6159283825964
"ENSMUSG00000017421",892.423469471966,920.13288522439,654.20813786363,684.877318169891,1005.25062255539,974.578521536494,1022.71284606845,1008.06980562025,1046.99880184271,673.349135508764,781.512755633303
"ENSMUSG00000017428",1224.92108439767,1064.17563634711,1051.64752602684,1163.67909831613,1110.29023360196,1234.34873804628,1076.47884554767,1018.08997288474,1210.24877979232,1139.37455085475,1098.26958783316
"ENSMUSG00000017446",41.5283213625246,126.004953112458,35.9284280002964,129.603312513832,58.2047973920919,25.4911616893154,36.2303018747076,39.3232826907618,38.2435781683721,40.7397503207798,114.784135115151
"ENSMUSG00000017453",2.74274433717642,2.14368235423005,0.886774097259588,0,0,1.28875615209441,0,0,1.89575505293688,0,1.15196451731644
"ENSMUSG00000017466",788.538604645303,986.1694410734,843.965962693694,1256.71229398035,1056.09220748108,961.190754597463,870.307418614439,1056.41936005444,1218.30728819017,992.286651536678,1110.35683223545
"ENSMUSG00000017478",939.447429919124,912.238334303598,1205.56946036419,1068.48412852521,1095.25530576738,1104.1185234333,894.847346258819,1114.85324187953,1098.84844968545,1038.6473812639,1077.08313906806
"ENSMUSG00000017485",1869.70142532976,1596.86919472775,1710.38265072753,1538.63264473737,2004.25892894698,1576.7191365865,1643.28923365234,1683.28742924152,1776.69630482934,1776.39177608279,1613.38123309459
"ENSMUSG00000017491",4.71452627502321,1.21832258947519,5.22204437374199,0,4.16034026446781,2.52448645496783,0,1.94567072079936,4.63171534461393,0.929707322857952,0
"ENSMUSG00000017493",249.594234617877,223.748332736676,159.969291785961,234.951613551425,211.108040411255,238.526252160354,168.098388055592,176.353215311691,170.711129860727,188.273018069907,185.450609499523
"ENSMUSG00000017499",6.96755278012621,15.089274373001,7.14260040228609,11.3838017564056,4.24557936661455,21.5814877745481,9.23099692605769,3.78046220163656,3.80974143370728,7.55710677209055,6.92530970202657
"ENSMUSG00000017548",452.491267626626,420.046855939221,374.381763532279,432.711967234377,377.320176815779,309.773153738037,441.819355584806,393.849672049733,447.895334325718,405.36370918758,496.078539214752
"ENSMUSG00000017550",27.3766026938915,36.3452959315237,39.2220453017889,29.5268433031079,27.1838261368822,32.0759868067555,21.6326442044649,16.6780492380086,26.0589682359555,36.7079155383539,20.6266956166135
"ENSMUSG00000017561",130.166866817815,206.12518967614,120.429316485117,93.0858814457258,96.8641619097964,182.228179226244,91.0987681231247,114.961844745879,121.588443972385,137.487266173693,77.5381222095851
"ENSMUSG00000017588",0,0,0,0,0,0,0,0,0,0,0
"ENSMUSG00000017607",69.8111389694041,53.0861070537448,59.4184201919087,47.8621458534787,84.7682053877825,66.9575397146324,63.503041503691,54.1177890499832,48.0941726228049,45.8919407946768,71.8099540189738
"ENSMUSG00000017615",410.969278792382,301.168459334821,432.05721970499,402.090388536637,450.144641144462,346.257845562047,357.11617001536,384.410993116549,328.390260763243,400.357120266241,358.457743118908
"ENSMUSG00000017631",371.313205362587,563.852572764437,336.014282124615,473.496930900962,306.69916716707,438.739415839196,263.946643749396,573.318676740744,364.893877758768,282.662283262548,699.413334120747
"ENSMUSG00000017639",305.396039815853,343.760246902246,436.283090147313,287.26627579183,203.582814356752,220.249097840928,352.939051858326,274.786159810303,349.193517669225,402.138355369191,478.302213010221
"ENSMUSG00000017652",16.7843229733714,49.9845848423278,2.46536125054707,4.08786718931449,7.05607503609506,35.3051764850393,4.77791453703439,6.45407372304177,3.50901713626131,12.1792463501877,3.84011178770785
"ENSMUSG00000017664",1030.3578761052,1247.2250117713,1636.15654658941,2168.39028569525,1419.90607051517,1292.02329880787,1622.21938850441,1911.42090583274,2046.24977136056,1597.32741523842,1986.72440712245
"ENSMUSG00000017667",15.1398244088332,14.0610016777444,15.0730834028193,21.8154436457676,20.0957972463676,16.7174176914061,19.4929864605668,17.7429658808693,24.5065647916682,22.5330890655405,20.5418545730354
"ENSMUSG00000017670",327.797198073574,342.755838838411,316.721289735327,265.7947606242,410.700140325604,383.248856959609,326.280877512498,343.781429498935,355.06037562974,451.308272224969,379.606821433159
"ENSMUSG00000017677",360.39820517117,382.155268668113,617.410676338488,361.047617154206,670.084402616163,367.883035866885,413.216854881383,443.211874965115,326.207341606287,594.624347779768,304.691783967615
"ENSMUSG00000017679",30.705327824134,45.1198025323331,30.4450502057851,27.1851879232183,40.5108798121217,29.3371728617025,17.6867892923992,24.4458459775584,30.5027601235765,46.8548444136606,50.9403966959341
"ENSMUSG00000017686",443.727546164314,378.477640593833,392.251734586277,428.869193623295,377.536784789046,378.045572870854,382.048858220727,402.442691961614,451.446376920782,346.830840546534,463.331065166048
"ENSMUSG00000017688",0,0,0,0,0,0,0,0,0,0,0
"ENSMUSG00000017692",21.3892872339629,6.48919032833717,23.0244462780131,11.9825188908785,15.9416897380652,10.2960797322615,7.19183483670072,11.7507278365863,12.2052715742782,8.47551832093029,7.99235623848051
"ENSMUSG00000017697",143.599833175355,172.147348458901,132.430714219769,171.738797771653,133.387131776983,202.960395672464,157.235569496431,156.421076809253,163.623816739182,174.942203628788,202.469381396821
"ENSMUSG00000017707",20466.259102895,19072.9100574318,24429.4452255581,24717.9185348673,20974.1082941818,19914.5030625688,20104.4949315891,21515.1211636545,25295.9785244007,24278.9766314677,23659.0100043592
"ENSMUSG00000017713",73.9439430930294,51.6505595651445,40.8973394839019,72.9466396695667,58.8658724383099,57.2210984423413,53.3359351625342,45.2662860194998,49.0098241199679,86.6930878140362,45.9753469829238
"ENSMUSG00000017715",927.311397128198,870.634866638284,840.743066122714,989.827733656008,906.370331547126,902.408655250392,804.359501871447,783.431846208252,803.27047052108,925.103518016411,1017.20391957083
"ENSMUSG00000017716",9.13326349640612,20.1188412796883,10.4912846574004,18.3828530613973,7.57244993339009,20.6109948157084,6.2717600598388,5.78650082668431,7.3440221522445,5.74447840319126,2.33441833193935
"ENSMUSG00000017718",40.5456781618154,46.2105909656546,45.6846147896743,58.5593867516747,36.2949136994165,42.1796647250352,32.6630210621433,52.8310549925223,41.7202087781549,35.0376100605983,71.6031034504202
"ENSMUSG00000017720",0,0,0,0,0,0,0,0,0,0,0
"ENSMUSG00000017721",1345.82733920345,1342.18937726042,1346.12404919076,1502.83293479367,1351.44580704731,1307.53635410843,1423.13854134759,1410.19290257815,1397.06078710982,1389.64181318689,1326.72324228069
"ENSMUSG00000017723",7422.72623677415,8059.82105463844,9506.40755869306,7178.92461499474,9897.7881789111,7386.64273039832,4645.05081233731,4430.1888791631,6537.0963991749,7214.62421898316,3340.86022877485
"ENSMUSG00000017724",2.74324204553104,3.23954062898526,1.77551408194083,1.09273630871267,5.31219361224857,2.57695719645737,5.05184479760949,2.96789719363594,2.83834837009928,0.942785955761187,0
"ENSMUSG00000017733",0,0,0,0,0,0,0,0,0,0,0
"ENSMUSG00000017734",108.37689585597,88.3378768649345,125.330350474402,145.987181579166,114.224930828794,89.6099676008436,128.571200509971,94.2451844905061,146.400836406219,131.005815933954,88.4106381069866
"ENSMUSG00000017737",29.7759137414907,41.1755234794484,32.8525692047104,17.3907119073695,38.2234038643592,35.9464493399238,29.6858831938538,24.5840443539961,32.0602137208551,19.6495265822031,19.3919434870981
"ENSMUSG00000017740",22.6504845574022,12.0343902990326,14.163053874357,23.1583075746104,14.8843299328249,50.6035969938072,36.9338520809579,20.7893382661269,37.5350933076517,20.4733871372961,15.6078959074277
"ENSMUSG00000017747",314.189649705546,339.463112742573,306.455694586548,370.912892675913,297.320691259143,382.461713056336,311.477623124713,337.854155891023,299.485021704222,299.258884589862,396.966400321204
"ENSMUSG00000017754",354.467419895116,302.349210289549,318.78205693477,218.388478787016,303.306640090494,269.135025828187,227.826246325286,235.188597987166,300.447954990253,230.413154135986,337.221763628952
"ENSMUSG00000017756",270.584732568876,324.148112881212,194.616620068731,199.639313048466,233.850686976544,293.306941782637,159.015325236924,257.698738713859,225.611097200175,283.773111669631,290.602993826079
"ENSMUSG00000017760",3185.62710702394,2656.52173764026,3210.6786249443,3031.33871156518,3110.47428510445,2676.95589787749,2384.54141007642,2597.65899111804,2962.28392489423,3005.93492985369,2768.60794070828
"ENSMUSG00000017764",140.323565735803,99.7831077535234,94.8943107248567,88.1514745191033,72.7845806883458,108.172996620362,107.096706129087,104.562929268529,104.084375278532,102.145258833004,91.8950397471755
"ENSMUSG00000017765",130.848043944388,123.596180193781,118.872884518018,100.048454765888,182.041266770033,114.587184628338,106.404204928538,119.224656223847,111.424179436376,111.223418688433,112.768728904834
"ENSMUSG00000017767",0,0,0,1.08768394566825,2.13154176614653,0,0,0.974091438848478,0,0,2.2959483787489
"ENSMUSG00000017774",2370.93673836542,2086.68930331308,2176.43883746308,2461.62264443031,2060.10750055871,2349.93637364902,1995.19435099534,2494.17629643976,2022.65296311918,2550.46211821149,2947.64545998238
"ENSMUSG00000017776",765.924074202875,535.937192912182,703.832122143307,555.027116625689,668.538594867616,499.199172175263,589.581303649326,620.220740448652,669.197467305604,593.925366136567,1018.28585402917
"ENSMUSG00000017778",253.740833644633,276.752526414201,264.684526065761,182.204980806244,213.780678088009,216.241904258214,234.51420230783,294.524775230116,251.435427257345,220.07566664681,184.255047042916
"ENSMUSG00000017781",2922.76299743784,2114.37358937299,3463.47728764377,3332.70681936179,3238.83634112212,2269.89166200388,3337.26756318047,2178.18209062716,2652.79165805697,3097.67132866569,2918.37632036606
"ENSMUSG00000017801",487.162482421967,433.182389925663,390.534366815852,346.738406744853,351.141065101013,531.575200370139,476.840566906017,382.654017508714,472.441951051437,382.364772321489,578.4598638647
"ENSMUSG00000017802",764.083859809657,803.62518120337,867.200971131702,809.694657982865,1023.51355886544,837.337306683465,846.75529458227,890.425935496134,878.77708182272,926.707251482098,817.413398509334
"ENSMUSG00000017817",359.65110127586,66.6173508568904,94.1920277690418,107.356031222811,118.313596434371,63.4506306543039,52.0911580635025,71.2635891718807,71.1852567482028,101.360138044409,63.8969817112123
"ENSMUSG00000017830",302.059611368743,249.4571391219,133.72067786018,226.700420816911,207.050954890403,269.534730388347,181.222227754434,131.257563991121,169.872621653865,195.21866785,243.028428425164
"ENSMUSG00000017831",554.525498755849,439.134414719803,548.128889107778,508.891168421279,521.98513962456,458.707628758914,556.667857559306,569.123070491027,638.530219774063,515.24329728099,492.829769992986
"ENSMUSG00000017832",0,0,0,0,0,0,0,0,0,0,0
"ENSMUSG00000017837",211.483346608891,203.747048212404,242.453608730023,246.096764873471,224.713773917173,229.111208620593,230.460197512429,229.059237330227,237.861253675204,220.770010019807,250.577412925042
"ENSMUSG00000017843",981.755135282909,1211.22249963097,1569.14191349382,735.839850183456,863.241736324438,925.682239737479,1252.53314212007,1116.81260676691,918.968694316097,935.17878346266,966.405877499551
"ENSMUSG00000017858",285.77605880546,351.417868983733,271.756447459869,222.899223517884,250.209759300369,242.995509241847,232.486356915285,281.125597683064,372.329891280712,289.924751420172,224.404616599192
"ENSMUSG00000017861",37.3169044699458,82.5147259111824,56.6249563918386,49.8261933425418,40.4694965487632,69.9693601708187,37.1253337891748,40.3683500216755,28.7958520472538,55.3876928981138,59.3104321373367
"ENSMUSG00000017868",72.9427336376039,162.868987979601,69.4124111479737,84.0746671559065,97.8069453890754,233.381332201705,89.7955110432307,131.00980401135,85.3784556149833,103.45977978863,101.792484915052
"ENSMUSG00000017897",562.613506925728,367.020617818187,497.112189140344,424.178316625581,399.79840006172,522.386941294584,294.032508074732,279.738419518654,482.852723478015,307.147387525989,845.699170553083
"ENSMUSG00000017922",0,0,0,0,0,0,0,0,0,0,0
"ENSMUSG00000017929",8.56621240442699,36.5908086037895,5.0865216365707,9.0983129478692,20.6223134085309,32.6684634617597,2.68283611335475,5.17926251024428,1.48213727429795,16.4349227309703,20.9549087491125
"ENSMUSG00000017943",26.7009972701282,12.8650384873153,56.388727645245,47.6512427382593,39.1194762142275,21.7645956567632,27.6015989964506,18.2116817073889,41.1050332591911,49.7284405716128,34.1112886949591
"ENSMUSG00000017950",0,0,0,0,0,0,0,0,0,0,0
"ENSMUSG00000017969",11.7228416167885,7.55404009250882,11.5263529803661,18.5243780998349,14.8533870559251,5.13546814545324,6.14717904233238,6.89179233060483,6.59661031061461,8.45659444613888,29.7243796285772
"ENSMUSG00000017978",819.447192593158,862.817025368703,845.342725523008,1087.81539798883,987.867791731257,650.896489806993,847.559508559178,958.429455056236,922.981869136758,719.167176562435,970.986680174732
"ENSMUSG00000017999",783.460003595969,779.192981380335,674.313275582484,790.881823190893,659.341878725988,937.224445779837,674.414900609804,658.073949736634,815.36540478694,620.682062596178,1011.73390491948
"ENSMUSG00000018001",155.407491438002,150.864387249801,215.999808737762,246.160019269656,202.762455297628,241.268859944387,133.710983472061,212.650936056058,164.871865954268,193.857608763908,196.250479685703
"ENSMUSG00000018008",147.708232252619,165.73555655074,64.2092066026914,58.2654392976969,94.6149998219437,183.290979906915,57.3815555841736,60.687792288804,73.7660546998844,125.34608767972,93.9772149315917
"ENSMUSG00000018012",21.0264536736265,10.2905218201064,18.8902099529195,23.6333049439288,25.2257225536499,15.183466284542,24.3932364293304,13.2837727684663,15.4326392178747,30.2466395269768,21.4100369700319
"ENSMUSG00000018040",379.029937690393,641.90181552135,664.991861406894,516.789070188577,465.531106454691,321.711025725207,645.635262832634,578.194524363808,598.789264765979,504.648999584351,742.85533298142
"ENSMUSG00000018042",1659.21919711381,2042.64462009876,1796.54963264429,2191.49394543593,1795.70397374726,2480.78710114211,1735.30986295691,1173.54724135225,2050.97256540036,1750.08569210853,2034.75763811024
"ENSMUSG00000018068",145.141897388193,152.62830042168,537.730577796838,230.703243958515,95.5769909850321,131.335277736224,288.196633562675,132.303242305906,122.254082570673,73.1204071244516,195.65888309818
"ENSMUSG00000018076",897.060713792979,781.276557714421,880.468556396385,965.950232103361,1116.0314060004,780.155738491124,879.639784084582,1005.25898165145,822.803510113637,1056.41679325713,950.360498474156
"ENSMUSG00000018102",389.578495681319,585.537635811691,475.168096947694,218.403902991267,286.130986358748,631.19370941689,545.168722053975,676.711549211487,396.480575926539,553.334469850009,280.861594969907
"ENSMUSG00000018126",1.26451035542093,0,0.816854488908795,0,3.97080012139964,3.57968377511898,1.89016683205105,5.47473955253099,2.62722410520819,0.867774681820223,5.29609873398157
"ENSMUSG00000018143",221.433261085885,248.930900591201,452.902656545925,465.877981316894,379.953884591236,258.407036234678,338.246623061636,274.324662574738,238.493796435081,335.249369185779,260.15252440279
"ENSMUSG00000018160",541.534533745391,512.260545191833,470.902109112083,535.674868363506,496.07648169717,446.793867791736,400.898574547738,471.630031438402,482.749271036405,436.5638815689,626.509168135715
"ENSMUSG00000018166",2054.56775698412,2217.94163969057,3329.91244322535,3097.94409936926,5265.82632643433,2160.20780655765,2964.25247236898,3418.79355817274,2044.89123649137,3660.31957730774,1807.70764282295
"ENSMUSG00000018167",330.353529113963,283.320718349612,343.586243028951,320.531339442188,305.24431640573,326.420616344521,333.403208601582,340.552894264321,262.316977603518,344.02469399165,260.454937274
"ENSMUSG00000018168",27.4713478422694,103.117110183671,5.31030452107204,8.73976849004164,7.39097323949266,75.9172383010893,8.1867663875091,7.92387001771642,7.55658508225544,35.7698224614158,4.58006743990097
"ENSMUSG00000018169",81.7002616852304,140.111297115439,91.1496406446808,84.0426853607748,87.4293574912412,87.3333174237773,82.2962477023886,81.1949419918716,78.7464421446135,88.8616319158195,75.6166130048912
"ENSMUSG00000018171",538.711985281064,591.999176335816,511.05379613079,618.219534132021,519.278073713535,580.051961793198,580.22034712709,633.008599046043,567.721020806648,517.366270123517,606.728202347037
"ENSMUSG00000018189",385.798950468791,441.483704121447,400.103445951535,499.6017893726,381.045236721655,421.436957223579,452.794319618582,568.822272684976,434.018605598279,400.58769569589,410.696294472528
"ENSMUSG00000018196",180.553959165584,193.378247085781,186.355810545535,213.654115568414,176.991458605602,207.14789686009,226.472760278981,218.516539368069,212.543854024218,162.683346902538,162.746245066196
"ENSMUSG00000018199",15.7633750714348,11.8603092387196,22.151395926475,17.5283019707874,18.9848726477393,16.6135652392094,20.6694079353715,19.7012481146019,21.545306430687,11.3772673332589,6.86353070619273
"ENSMUSG00000018209",246.24720127382,272.423075751105,213.499642358189,173.697939288979,226.385388571601,248.076711316454,247.20641903022,215.174212559184,191.196091278284,219.180243180818,173.807116736208
"ENSMUSG00000018211",0,2.11469355726769,0,0,2.18048670815952,2.49894320789958,0,0,0,0,1.15275107647834
"ENSMUSG00000018217",97.8493013147179,49.9374834318238,37.7806231415393,54.282560353933,79.5237705794005,52.8372973087072,40.8552247454544,44.648035138925,34.2539220243191,56.1754307352616,45.4802611654242
"ENSMUSG00000018238",4.75567708270014,9.66305119593113,3.5311098669457,5.48094051758832,1.05486888530522,2.59076168965184,4.0997047817023,1.98166166973377,2.83652574296335,4.71740410917912,4.57773836893967
"ENSMUSG00000018239",73.0589219281106,78.6544308876149,65.8452034338545,67.4250085730052,75.6965184193613,57.9997154333803,72.0337938328764,59.5547951357085,83.4467307441329,65.7731202737775,67.4047554493237
"ENSMUSG00000018259",0,0,0,0,0,0,0,0,0,0,0
"ENSMUSG00000018263",0.687685384629125,0,0,0,1.05714682342127,0,0,0.987404379162901,0,0,2.28697101704731
"ENSMUSG00000018286",1607.07233285134,1760.81775258005,1626.33773300368,1575.28487302607,1486.13535214582,1625.95996523765,1624.26044074456,1552.3033304838,1404.27815523013,1383.96481613849,1426.83940875274
"ENSMUSG00000018287",415.413057015828,491.767141317449,437.808043044797,445.548576033958,433.998225764593,452.608585196842,478.598738216235,489.682899703844,441.512086694868,381.234491667786,363.420954034571
"ENSMUSG00000018293",1787.43046836958,2225.65016885278,1704.80606485254,1731.46149674127,1756.78171175239,1986.77995117275,1683.46053756375,1486.19287668776,1516.59426837491,1924.52363787483,1715.31548026096
"ENSMUSG00000018322",158.083725478632,232.807239894389,169.665164982027,177.367776999555,215.998053247993,237.342128592495,169.212533601117,198.715964941247,210.869299616862,214.362498218672,142.607242618253
"ENSMUSG00000018326",995.397623070603,939.683069266672,856.974544641586,924.525375974778,816.874473259875,882.764621624493,918.418017166024,845.471503878871,838.595316516057,890.059293064845,980.612183334702
"ENSMUSG00000018334",183.054181148763,83.9779224906645,23.3727140977563,24.6905662204444,45.5396207081715,53.1861926558727,27.5979326560455,180.288534460919,35.1566157626501,18.8908875964396,17.382414413676
"ENSMUSG00000018339",6364.88698789157,1739.70796464266,7838.36403817322,1890.30748984068,4346.5826642873,2046.88195062422,6324.59067342421,1368.30535545296,6136.11334354832,3337.70707868531,7563.63102131085
"ENSMUSG00000018340",3652.60472872198,3486.09488491206,4374.37246953829,3705.99801481078,4950.91176035107,3676.68233779255,4319.31600507128,3780.56874661679,3857.6506516018,3679.48074377371,3539.09090181197
"ENSMUSG00000018341",3.22162089251067,3.37517531152327,6.01199749418052,0,1.39445529260919,3.3721048892821,1.61165625783898,3.08698136703077,6.22190433508208,2.48715909819656,3.57400740574086
"ENSMUSG00000018347",270.849170310382,332.612506976332,415.274418254559,322.170304272158,387.371689101754,357.520360483645,390.412924531919,273.037411915658,371.792869513579,367.997344920491,377.375657229619
"ENSMUSG00000018362",369.167532719382,311.676143175456,275.018740213757,486.938804355419,256.21733874921,321.293093552158,302.967594638477,303.187536761053,410.377099876753,43.4103387517309,373.49055928441
"ENSMUSG00000018363",354.730091771607,418.708173644962,452.106531444714,346.191036061374,878.322124504987,231.066793857783,357.434914131379,661.495990874755,482.524969880798,396.036393091356,295.63827693322
"ENSMUSG00000018372",204.26895131046,325.374448237337,176.618556089831,124.965413283404,234.794692332641,333.823677315513,266.679112903657,124.971144987253,182.409339042936,193.116016881729,244.122663010139
"ENSMUSG00000018377",277.503238790466,243.993248014269,306.338475520975,319.074381661884,364.194249312792,240.858029306113,283.022659390901,261.044146691163,303.417599394534,296.480126527718,241.592558957643
"ENSMUSG00000018378",180.473274833711,133.953055464994,173.301202819906,343.710324827612,303.833262477624,193.724513905643,192.230058760934,229.522142509403,227.128959107713,213.284533533365,240.336439988223
"ENSMUSG00000018379",774.35460888786,695.330437387263,722.746827395472,616.658517701796,728.756045466706,719.819551758205,785.008600805493,732.494947560242,858.259730943266,814.559130260124,884.387413260357
"ENSMUSG00000018381",119.42374080938,177.212067340041,106.724974335599,108.201129117146,99.469432647926,136.794959548693,74.5241435676207,90.253038456661,115.935769893021,89.5095583690247,116.735494603387
"ENSMUSG00000018387",1797.02002374104,2154.51136774708,2219.97613030517,2531.0523847157,2076.58825536017,2302.19096053347,2188.36570522806,2629.53541444749,2293.04736864003,2266.63198620871,2389.71296637318
"ENSMUSG00000018395",253.184172520099,223.734652961081,200.031879349626,172.110353841584,255.768758052611,179.568946113155,188.320973243348,195.702169076517,184.127974773858,186.575032974493,178.089904117509
"ENSMUSG00000018398",175.663548842828,147.819189100122,119.729432200294,127.652085789525,166.053540291479,126.122307731916,101.683832329548,143.319066583099,123.968823343255,114.483399715255,212.674111679175
"ENSMUSG00000018401",1142.44109924885,476.839140977184,616.578584302989,379.89503282983,415.290060177387,457.509142377397,417.034772888858,373.759622132554,406.881059915327,412.514105165573,947.02027542296
"ENSMUSG00000018405",27.8493933860066,30.2255015181216,28.26921150625,45.7871912786206,18.0651344632704,41.0957628698079,27.762726382816,33.5065008324683,33.9395980076447,32.275471382727,27.4612132893793
"ENSMUSG00000018411",18.1724952685998,9.46948500503962,35.7328622339658,18.5156359987297,22.5939615247323,19.8436161189592,17.4611983959328,20.7965580078611,5.900619672729,10.533539900068,4.41036634926104
"ENSMUSG00000018412",640.750198047403,641.112193880314,628.855252167868,862.657543913823,911.029076795561,918.257137817791,867.813686042016,586.041594661453,947.032347166399,801.687566383746,755.535628136033
"ENSMUSG00000018415",161.896884007277,168.184615166278,140.601634654939,229.168008239507,153.74913613514,201.549998397737,158.557526244291,238.958110623364,190.695254401354,193.017333936417,138.037612721646
"ENSMUSG00000018417",278.489404180287,139.773121558478,204.426360137303,169.461955896296,228.987081878901,142.424552339183,254.964125214144,135.945333246804,187.649995196317,199.955367923754,179.23634180556
"ENSMUSG00000018425",373.358964314651,439.393600074863,478.588852707215,430.832830724363,483.093249902116,375.610697440037,482.651897249951,468.214393375357,436.578584634464,544.583642674371,337.914028766297
"ENSMUSG00000018427",83.4934411143527,114.284336340959,147.774132799872,110.529367258976,157.160235387945,96.3800776855518,148.406868615539,116.29917649573,66.1565473646214,133.173588905486,62.1724345230593
"ENSMUSG00000018428",1628.01881351843,1370.10696146121,1915.49442895297,1819.41320708619,1643.73245442719,1474.8388213087,1612.66069864772,1735.88573486387,2012.53397166931,1980.11608910127,1984.30699219458
"ENSMUSG00000018433",173.577269266478,162.326152775102,149.881242682438,115.430292610108,145.293683004587,197.478218738152,164.488168978173,134.072445016197,161.224034740311,173.404758391232,192.113814175545
"ENSMUSG00000018442",579.660451208881,576.934555503293,613.753991588353,399.817161141019,396.153677449995,672.0464573746,754.965929990639,396.861085821631,447.112888170336,724.154405718082,495.049421285687
"ENSMUSG00000018446",423.714561090496,531.421509592045,510.054959511223,655.242021719745,576.569805978381,625.366022984784,574.288486300957,548.338725585106,617.65344124963,480.463950467981,572.894312590318
"ENSMUSG00000018449",176.567003072175,190.507590726833,254.270065579504,266.329743181947,241.223004864368,173.447328833476,157.949883985785,206.052619091621,267.136437538553,308.518312478517,147.440410549986
"ENSMUSG00000018451",0.667754041980965,1.08413496097523,0,0,0,0,0,2.93242962446871,0,0,1.19272820357587
"ENSMUSG00000018459",36.4722331864901,29.1175043200948,24.7336867605276,30.3554401305035,13.7430685721289,23.0650088036569,24.5015402983629,14.6813104784624,19.3518938622748,14.0090545275484,47.163868877518
"ENSMUSG00000018470",9.57968492805148,9.64590924962547,7.96235758517669,13.1221397250222,5.28385154753667,8.99686535138327,10.2377828395105,12.8860962876095,26.4528657230052,14.1573037525592,11.4681103657923
"ENSMUSG00000018474",6224.43989614296,5791.82362140521,6586.54624727229,6518.51901690844,6530.89332524579,6520.25612209894,5395.45970099903,6722.21342656757,7367.95580479914,7924.64345270125,8484.43964409789
"ENSMUSG00000018476",1123.25752451867,1325.68672802936,1600.74180406528,1107.25633754475,1372.59372238447,1345.30369708687,1364.99146223732,1159.13740447184,1079.72836265839,1523.02299868301,1119.3702041337
"ENSMUSG00000018479",0,0,0,0,0,0,0,0.992606609936369,0,0,0
"ENSMUSG00000018481",324.598689565357,260.379104323006,285.049336396666,325.10398903699,265.698954281461,241.830874035458,279.413000801611,261.362239118656,278.17550419882,269.605268100482,250.789968597277
"ENSMUSG00000018486",0,1.07409590603906,6.20632131740385,1.08773501005621,4.27166057163057,0,3.07517457269544,0,3.76272086738496,0,0
"ENSMUSG00000018500",2.03663906227305,2.13840850933976,0,2.18994865727124,1.05812008183311,3.86121697068717,4.10207142847525,2.95898118247578,0,0.946592404229515,5.7338385654665
"ENSMUSG00000018501",2066.42094183076,2644.34365607316,2484.49147604057,2936.92617132909,2568.85757785042,2511.44825463736,3037.63042734202,3153.92935682929,2755.03785582892,2626.42635847796,3006.47857526099
"ENSMUSG00000018507",65.7937558812456,119.829384737707,86.6931112739987,49.1404836955489,53.7529113274159,91.939608918111,56.281367304248,68.3021016798745,52.9922704925663,77.8507772408066,44.4685509003271
"ENSMUSG00000018509",163.440570148184,154.464775378124,202.123937378273,229.703759681638,181.934360234497,220.578389456115,223.322091543231,192.592585011228,210.278565543633,186.559005865483,170.937832660907
"ENSMUSG00000018537",291.311231863691,254.983826761436,440.296474184149,459.370722573933,392.846520915159,327.599897741958,335.970230777469,437.075946801498,367.343791262223,451.39962646382,351.032043148446
"ENSMUSG00000018541",162.991346939768,160.720762864903,160.473343267832,184.672464804787,166.821915301394,205.353142140741,175.2582102576,128.853960016981,184.102074826138,191.727591675419,170.291866105534
"ENSMUSG00000018543",0,2.11822398649122,0,0,3.20379965998544,1.27907809173306,1.04745274439097,0,0.917047788719764,0,3.47662981144513
"ENSMUSG00000018547",235.596210780511,208.04185382325,157.432197034652,188.116645290608,191.296345864758,195.603820270852,199.687600447524,230.647337171179,226.571730483876,197.196881878759,280.812099144849
"ENSMUSG00000018548",213.267113409522,188.676457335903,231.937437683571,230.585068704657,255.79588831102,189.421840798741,196.530210425721,221.379106605598,218.891979722459,202.499883387723,221.326722112141
"ENSMUSG00000018554",19.8741121620079,5.61782420686469,5.62908024035742,8.10984196475211,3.94753947287645,7.64506380479802,6.11381844447826,23.20292333896,4.9485658760297,12.6147797768091,6.04335048000397
"ENSMUSG00000018559",610.343318720527,648.634727493056,608.307552448062,838.360899575629,743.009142329857,676.962127329893,616.80322199947,656.360631830125,583.009434818825,755.751723061717,719.237282787923
"ENSMUSG00000018565",586.383501992917,585.528734878754,596.123253268435,579.264816680572,638.409377574236,528.682456184024,617.016757322307,512.815859215821,632.149404247797,494.461118221302,689.736105804743
"ENSMUSG00000018566",294.073325861703,408.885186817364,135.679137628596,121.480115948084,961.227970012843,148.443222193751,122.250177459083,354.271894610275,107.146312334543,178.136317559068,90.1086930311635
"ENSMUSG00000018567",2533.12770551058,2919.7766144269,3106.46139159941,3408.2466408036,2770.30074322908,2777.69302148995,2952.08041085837,2917.41162472748,2886.61809711753,2874.44914566462,2902.43836020773
"ENSMUSG00000018569",1332.59028182472,1027.41681961212,1408.66894004896,1068.77180620267,1922.11114687728,811.894027502835,1319.90725702429,1144.73695270062,1206.34032149138,1649.4965275276,1321.33372498346
"ENSMUSG00000018570",54.5753212241134,61.6184133557765,35.9776510731604,58.6255900807574,70.0838094318812,44.2886484208111,46.1965176390414,54.846177893884,26.4502998763796,48.8187918871075,73.7680807507255
"ENSMUSG00000018572",746.836048410761,850.427978454767,887.363583973585,825.21390464286,835.683565777348,965.514701513954,935.549406672048,755.276156288605,791.917528393062,932.117579968238,844.756118834479
"ENSMUSG00000018574",2652.52970319471,2690.88259786294,2730.83604950563,2798.84195952485,2572.34303139408,2663.76293955481,2790.29573153795,2947.40931290374,2692.21582228414,2686.07956257937,2510.65438010793
"ENSMUSG00000018581",234.750876229616,257.315221633127,353.715685621074,205.181450252359,289.257331738285,123.99982788558,409.945044630103,233.10760738534,175.264809164488,200.892202461808,200.510052515748
"ENSMUSG00000018583",1007.97658394588,891.741196147205,688.261765182006,692.806982217784,803.749181881281,887.344321288239,769.11324709205,730.173181943853,680.76996016149,824.886035217993,920.206781734438
"ENSMUSG00000018585",140.832696873591,139.964583307038,154.950115873017,138.950944105817,131.763955260519,162.201580611254,124.52469791483,133.506988122125,146.206267182789,129.363339175734,145.439034169664
"ENSMUSG00000018589",0,0,0,0,0,0,0,0,0,0,0
"ENSMUSG00000018593",1880.44644329997,2237.00040548753,1980.07232406542,1617.3532497823,2780.37685466235,1336.65846755156,1782.00501899586,2089.80354921963,1933.52944330826,1846.48135508765,1293.83805649379
"ENSMUSG00000018595",15.9231842947068,52.5549490968536,5.32345235334767,34.9122535118548,12.6947845245401,24.1665552015768,5.12901461744208,69.2234974618911,22.5680945006808,3.77582240364644,6.8897222837041
"ENSMUSG00000018599",161.383695302598,156.170815409622,140.593983395997,146.903304592008,120.968320880863,163.904641845881,174.157394384471,126.931035186855,161.237098306595,150.396028034438,165.455142322013
"ENSMUSG00000018604",46.59863317682,22.8466508441415,38.1856490502995,38.2054006678157,55.9016028537017,23.2225068372804,31.7221337940711,32.5409772189798,47.9921616212251,43.1164945078204,59.4099668427079
"ENSMUSG00000018620",0,0,0,0,0,0,0,0,0,0,0
"ENSMUSG00000018623",0,0,0,0,0,0,0,2.97781982980911,0,0,0
"ENSMUSG00000018634",2.75297454030355,24.7703531608428,3.54281342096183,60.0711609481627,5.30032612669734,34.7473473026392,8.21067853767711,55.2064325719275,12.2497853873812,0,4.58046321078875
"ENSMUSG00000018648",43.4801134536991,6.28001245142221,32.2995784957482,19.1825374831491,15.4689954783466,5.34444927686951,9.77102245879739,17.7134008948779,38.3180439423232,13.5721442179782,41.8382143695561
"ENSMUSG00000018651",168.516584931552,164.806474269053,168.581562976864,215.396474637075,189.365012254388,163.675040313031,160.046778567945,191.128539531576,214.414687579977,189.34590542951,146.408360565525
"ENSMUSG00000018654",237.012115947685,367.470590072727,112.268622428193,156.14163607429,82.8906862345859,206.125660059287,107.047452812419,274.610146611247,193.396755866586,251.275588192509,337.181246579433
"ENSMUSG00000018656",0,0,0,0,0,0,0,0,0,0,0
"ENSMUSG00000018659",173.743655527344,231.42206340365,191.683079478398,259.454931306962,202.507699613286,231.969787828132,216.474975829317,246.663984385591,234.793764326991,206.447007911069,246.192563469996
"ENSMUSG00000018661",420.571102158823,644.512187888008,475.990412122505,555.732546654122,439.667578980811,528.578760703061,591.99702319011,571.51110975714,633.123640802036,566.980608625452,416.430091456983
"ENSMUSG00000018666",648.854722791116,653.082968372949,657.645734380433,654.769635569757,665.720302772155,737.718741741159,765.450873756496,600.565829304882,597.036899492834,636.996433870385,718.269703089147
"ENSMUSG00000018669",712.799727140376,860.817322150804,584.284977591467,743.548966450181,673.33209983241,842.872540244939,708.862571430285,1491.28197681277,635.838103715818,1565.75191335124,1169.76803216333
"ENSMUSG00000018672",278.909198238,422.636263276791,301.833855313318,371.131378488335,352.050712990825,433.733311185841,420.368075688562,431.687375528277,326.318341392748,354.603632250636,336.497583225811
"ENSMUSG00000018677",1890.55576205075,2331.47030981947,2319.04784476259,2570.545727109,2233.63687489248,2467.75229600263,2531.11233566112,2263.99823343947,2190.43084667141,2278.87498821414,2104.30108059815
"ENSMUSG00000018678",116.582138680896,115.619129959006,131.396677734083,111.031836507281,165.841716719174,124.324089867677,118.741910780365,137.825493274799,143.377253146005,148.093607688626,153.22419431241
"ENSMUSG00000018697",205.162905871725,214.781124462326,235.731040037696,198.961084229172,238.986104378986,260.292023913332,198.465091960071,318.077771902086,244.319937704771,176.730686108384,254.634533850433
"ENSMUSG00000018698",0,1.08064173486522,0,0,0,0,0,0,0,0,0
"ENSMUSG00000018707",7275.19349785284,6645.07022245758,6643.12645301929,8713.93841192321,6929.27736509834,6647.70431243199,6779.02513884874,7372.26979469099,6883.2155577995,7266.05176034253,7350.95636732773
"ENSMUSG00000018727",78.9523550337753,76.0404835005271,93.5480691887669,95.5756112950787,169.714727678985,66.2975780091134,119.806578338135,131.156763338839,186.114317235232,246.841671646153,138.888652340357
"ENSMUSG00000018733",65.6955506330309,52.3274788348438,380.234184010742,65.4539835270243,65.3176224900213,63.3928083965367,78.6107078041143,59.5287982377636,78.0881801225939,75.8615958265429,71.0562098943837
"ENSMUSG00000018736",468.997406948787,360.67214813649,465.944057159791,479.036992608328,529.971767158731,459.025271618453,463.118727958516,518.24036901621,403.014807326085,524.16876692363,440.670363918631
"ENSMUSG00000018740",204.271981616399,204.762687076315,189.871048747704,187.912244677711,207.483862207971,288.860572420924,231.849560515942,245.385512532963,229.3994345895,223.569642437388,250.605979781199
"ENSMUSG00000018750",525.460305450295,485.214331171959,336.527718100013,481.19822650813,210.876152049852,570.892538887921,513.853717716923,356.373912621213,545.169028818378,259.860181044621,521.276307979493
"ENSMUSG00000018752",141.854356526213,151.988681792071,123.112850861083,175.403018608126,123.08731893347,142.369084304337,162.076366313588,187.816191780954,130.784240847894,140.356043472489,173.266184170605
"ENSMUSG00000018761",890.277901103802,1014.36979342997,1094.72828286311,1069.4062003342,1059.44609237416,880.682270034946,1161.40689380245,959.64161511689,973.900760860014,1119.2418425874,1030.03243477045
"ENSMUSG00000018765",1200.29689977699,1187.49807358733,1269.24295933904,1209.25801942567,1226.3153486986,1387.39484405206,1139.98887317323,1407.11328486087,1316.10825825114,1337.58983717481,1253.37796311167
"ENSMUSG00000018770",1416.99547317315,1900.16919160782,1585.77408244787,1536.55919394266,1573.02189607191,1636.11897501719,1840.86286629255,1799.29861875392,1490.58846428954,1504.89041247649,1521.83866686836
"ENSMUSG00000018774",178.945779749231,159.061907093485,138.331511795124,124.042940120523,162.944003595231,166.429090736132,113.816663646058,135.518686232164,135.686441759014,113.910924464943,135.626491675656
"ENSMUSG00000018776",0,0,0,0,0,0,0,0,0,0,0
"ENSMUSG00000018796",7969.24352525392,16093.7064134242,5571.3554731663,15865.8999246151,8551.76418695567,12253.5539313064,9932.76999172346,20371.8931391932,14936.3895594934,7143.95019395428,17143.9281129891
"ENSMUSG00000018800",179.355078941161,120.255942233023,243.543142940533,44.8184995770366,97.9981449826957,74.3878397370916,190.625380658608,111.700468638393,174.158590491404,163.782132275984,175.536978312363
"ENSMUSG00000018809",116.328271994358,143.445866188602,149.076957864849,147.043763630657,105.522128302163,153.730968498957,145.343664140864,176.143041974793,170.83217624989,172.642837367504,138.248410648391
"ENSMUSG00000018819",170.835302973109,557.896685469328,122.257040639003,92.7521410423628,201.777000388977,440.376145687983,66.8691907701805,96.4540009084577,112.784333370458,207.312492952601,155.996781136214
"ENSMUSG00000018820",388.710952518285,411.513475307646,440.543966530271,456.479577803059,455.789012520299,413.029793334434,410.740162335837,502.050731084283,408.889149253115,525.924933840895,446.024745832238
"ENSMUSG00000018821",80.6314013707431,76.2972708047389,96.3787045995632,82.0079687650697,56.8127413793582,113.47096403315,127.483683347639,103.078326180478,82.8193948226552,74.2225616804664,112.39559274173
"ENSMUSG00000018822",4.74832089357099,0,0.883025444971614,2.18508520879867,0,2.58069646440789,1.02984633971673,2.96135424259107,0,1.89994992764858,0
"ENSMUSG00000018830",9650.88542397398,10275.9496990136,9195.48391773663,7398.87682650001,8615.40894162922,5916.2104282335,7259.16917550581,8052.82302046521,9364.91899419073,6542.08503696683,7295.92123968971
"ENSMUSG00000018841",80.5084852781983,107.629844549224,440.410513807815,78.5242766595085,84.3000025726216,117.573426630613,98.4353595074032,88.7068713539459,89.9796357359063,82.4622025913727,80.9296467981634
"ENSMUSG00000018844",0.67475865034347,2.13525010451499,0.881240760374197,3.29909524768251,1.05540819803159,1.29442380427418,2.05187906388837,0,0.944928330163117,1.89720786866498,2.29728527823095
"ENSMUSG00000018845",194.68011261209,72.5978948055804,88.6182984332127,101.238080583966,123.583916340808,102.056253724117,94.1491932791805,85.8165480517237,98.2502685824707,94.4716185702792,101.329141744745
"ENSMUSG00000018846",215.66023246841,147.701736394097,200.628649958842,272.574997039429,92.7103415285359,63.3116811236907,234.144487103163,116.835987363188,229.23974413391,146.6835426361,244.899581900625
"ENSMUSG00000018848",2674.8758559994,2760.04890107786,3073.24501941488,3633.46836912463,2583.4717893842,3280.51335874371,3331.99319725564,2320.57371337775,2409.99311386325,2544.37115159124,3351.57327071037
"ENSMUSG00000018849",1203.70286588707,864.024253983428,957.940992128768,1043.57731340223,917.464341473208,949.071144754824,827.030498538553,1043.51157419399,864.937489945631,997.120718021049,1062.79670942862
"ENSMUSG00000018858",418.974346208564,451.972138693508,456.435559500565,446.297770505243,444.985743605006,422.637420209092,437.994188800152,450.66500761372,453.70738779159,435.880190476387,421.545314383555
"ENSMUSG00000018861",145.465510614147,237.56033596758,248.818168971879,273.070387954716,193.104296570705,203.02477106082,249.993153263973,199.485567198993,157.332342159515,251.599586936411,198.151180709525
"ENSMUSG00000018862",0,1.08064173486522,0,0,0,0,0,0,0,0,0
"ENSMUSG00000018865",0.689939267648385,0,0,0,0,0,0,0,0,0,0
"ENSMUSG00000018868",1.37091672751466,3.23652271246593,1.77598847273572,0,8.48399031302288,1.28419152126483,4.09579302499073,0.98878474735773,2.82787657393154,0,2.29677199977148
"ENSMUSG00000018882",331.593983767811,359.938546513287,333.850879937085,358.762803885003,289.500401073565,315.793690994017,342.668862454134,285.493506990648,285.932022493007,318.489370055633,299.47506393446
"ENSMUSG00000018893",69.7436234935823,43.9631145510207,72.5360526032359,80.6575635464848,84.071051850204,51.7295643554178,58.3936717643367,17.815212082037,43.1493569209184,46.0856555681221,89.6980735848427
"ENSMUSG00000018899",433.251902675415,567.180026369585,519.559760212801,358.902379236946,411.483088663092,486.179666101509,848.958493529999,312.465402785024,344.558593763569,624.661947807854,394.305904771885
"ENSMUSG00000018900",158.233837794715,197.892564518978,222.082401761678,189.994169993574,212.751536100616,177.622252589971,188.293192893423,187.24000179787,186.788581390986,185.031792994049,213.083992418255
"ENSMUSG00000018906",158.283566514632,158.054984119994,79.0138492408948,282.008402725724,118.806644386189,450.525731180052,115.099743871011,292.989069126232,157.53657345586,124.283252549869,379.290938701591
"ENSMUSG00000018907",1.38025973459989,0,0,4.35748047450152,1.05665672261728,0,8.18741633988944,56.2459277043914,0,8.43713974157092,28.518843710944
"ENSMUSG00000018909",75.894916780946,102.637412856555,100.836986616095,69.773354670939,81.5387096898365,63.9561380521535,51.7926931799505,96.6865587928717,88.5009856771703,82.552452535514,102.536817007305
"ENSMUSG00000018914",0,0,0,0,0,0,0,0,0,0,0
"ENSMUSG00000018916",0,1.06103066686152,0,0,1.08776049242257,0,0,0.976747993477338,0,0,0
"ENSMUSG00000018919",1.3427405118087,1.0664435088145,0,1.09966396198806,1.07304878131943,1.28653627215516,0,1.95132863483975,0.93199797409856,1.92082267722988,1.15707762954913
"ENSMUSG00000018920",827.873382721591,567.479601494837,1024.61606241257,614.641554821087,971.386474486871,534.173047412811,714.587031075707,457.342783868371,612.952161419893,791.653864136507,560.004813116273
"ENSMUSG00000018921",469.323042360529,590.091144814748,463.472786286422,410.75171295133,426.255121848614,542.930253633682,420.067041073672,447.890878657262,510.844290572958,497.106270525223,420.398737073006
"ENSMUSG00000018923",80.7160561673862,92.5328216262846,84.2254171829903,61.6806092939366,82.3716182682373,69.1287941850318,90.675311472974,52.7011721468498,59.8534857146567,74.3771056880811,67.9222423726691
"ENSMUSG00000018924",6.16932690116498,0,0,5.46111788430358,1.05378967319296,0,1.02291761828996,15.8487499905308,0,2.81945977617635,12.5611540873907
"ENSMUSG00000018925",0.693474889384052,2.14716263128093,0,1.09105766669096,0,2.54521366402597,3.07740932300642,1.97984191194605,1.88284990537744,1.8865672507059,1.14856134161922
"ENSMUSG00000018927",56.5322534944353,50.0860585377057,38.1230210767738,34.4982756730947,74.7715565841501,49.8747767853667,25.112564778412,33.870300547992,36.9211362860278,39.2331725813334,44.2627885492067
"ENSMUSG00000018930",1.38650302267512,8.68663722780366,5.35786789920087,6.56885502860532,6.57970578725408,1.2880664121801,1.01067990562106,4.89618928630995,7.47209255885562,3.5653726723964,5.83775415155239
"ENSMUSG00000018931",22.7990804467573,23.6858726115434,22.1773053517737,33.1203322042073,25.7495404073259,13.9978114427519,32.1102507798471,20.2338681465228,24.9148813382246,37.5601921368786,28.2406176372683
"ENSMUSG00000018932",678.386703913279,571.510312411992,722.355791964631,774.508960072094,812.023480827285,667.196218742142,654.707968829074,546.995390884784,674.979964782199,694.850981091716,735.997669540432
"ENSMUSG00000018965",771.032148153515,651.992424806921,747.941956373214,700.558777367263,899.182242241905,633.092715548742,721.262075108823,611.507263002169,601.189437622049,866.932464862946,692.754260031643
"ENSMUSG00000018973",0,0,0,0,0,0,0,0,0,0,0
"ENSMUSG00000018974",519.015390758365,526.138751294267,464.006630121857,460.261962312653,491.81612121374,580.92407871771,488.658798681369,509.429693569277,499.102558568493,547.234519594384,603.255756001828
"ENSMUSG00000018983",8.92064799095369,44.2379383397748,5.32009813277883,5.44867768415772,18.0756954104935,29.5118651679781,4.10161292195868,5.90729368032858,12.2560140691265,11.2876644386343,8.01066942360744
"ENSMUSG00000018986",13.7934696188385,18.4748453185037,9.17814857603923,6.5986419674476,6.28990695958089,7.26219905011626,5.86713170434746,8.30758414060246,6.14138208072403,9.83931960677629,7.49382171011323
"ENSMUSG00000018995",179.299200893733,184.025885752751,181.247625384969,244.762493100232,173.527330001766,217.40588896947,195.978442967923,171.847284116994,200.825850773244,219.027739215332,207.426725591796
"ENSMUSG00000018999",66.214458724482,61.037527827072,51.2656435136215,42.8146435321837,56.1599767951922,42.0918166295088,54.8729335825231,43.2362169589235,75.6220671818889,59.2154924833734,68.9926210772418
"ENSMUSG00000019027",2.06763399022459,3.23585298157363,1.77323157380589,1.08994961764528,1.05219903853287,2.57853322681945,4.07929513246393,1.98870049855755,2.84749745409256,1.86900869850193,3.42240072888536
"ENSMUSG00000019039",716.823496167575,591.723636593299,943.18476430197,674.714097919078,613.206738439061,897.135409697312,738.170950542173,1001.40235252187,567.981612035986,751.208624337703,703.932713591803
"ENSMUSG00000019054",814.803055230393,1130.98851440486,978.436974279299,1038.93646897916,962.748798935407,990.612394586726,1134.56417749808,689.536395611789,919.531199959046,885.564302132077,1013.61285498138
"ENSMUSG00000019055",341.864388185242,308.293724748814,402.703871449065,305.294551521959,457.983427840795,284.610930350017,315.245811951111,340.993259672391,311.642929385829,343.128060774864,276.028008011073
"ENSMUSG00000019066",300.838654198292,317.802498949977,249.802152315883,291.039528316882,279.554358506283,315.184133676182,274.04740125926,373.016537675833,276.442367926326,308.215725328059,375.887558618629
"ENSMUSG00000019080",77.8805492433684,77.6861402058573,70.1341181602747,82.7916557797156,81.1449339815468,69.0037367363658,78.9689423544614,72.5574752212644,75.2178672148679,69.6017874331722,74.4927681002066
"ENSMUSG00000019082",306.390174609246,243.939541661603,179.231906082511,166.936269456636,179.392686116758,154.667148964486,242.816542052753,171.471109646534,248.354902575605,161.144403198791,259.080503391249
"ENSMUSG00000019087",2966.41726046502,3350.74367018806,3128.04033635171,3285.77400730269,3016.31840960979,3446.48197443311,3289.11920415488,3686.216234595,3088.83023103447,3121.57898282099,3023.73296569466
"ENSMUSG00000019088",261.206273537752,214.722580563291,278.489246259866,317.440023741121,236.867598970248,246.509635755614,206.104824350318,202.744418655189,211.112716478342,254.951741076441,242.195633127118
"ENSMUSG00000019102",2.73499562843607,4.28774552710273,0,1.09386176281176,1.05470606475507,3.86448745847201,0,0,0.945496511917733,4.71043904312331,0
"ENSMUSG00000019122",46.8791574457739,26.6538896919259,49.6121638154901,43.2619214202936,76.5254063492867,38.3370685235345,21.9030515713052,33.9257702795323,27.7362018014336,41.5035963783478,29.3390191577223
"ENSMUSG00000019124",29.7500495148873,0.246022669431577,2.44476781369446,3.78853967022026,1.94309288354894,2.95069525174285,46.046078138551,6.7287612467841,1.05885842339038,11.9821308788997,0.52778932574348
"ENSMUSG00000019132",896.391644308499,1084.7521263766,1241.54555609727,1081.48363548398,1307.98570293835,1047.73251585261,1113.6132825971,996.762645387476,1008.02635567974,1279.30169086844,865.024475636143
"ENSMUSG00000019139",608.206396718103,374.673470117791,433.633057912659,308.178200359049,484.739756124742,503.988023248498,373.391410919909,327.124680905271,321.128391451122,452.545087139709,332.200219553263
"ENSMUSG00000019143",325.310774054948,392.13619138747,362.938108560287,369.515537999619,326.868228655511,381.347844550615,341.123690910519,387.629353524788,371.483182508013,377.149895093857,391.484625321349
"ENSMUSG00000019146",0,0,0,0,0,0,0,0,0,0,0
"ENSMUSG00000019158",344.125414709632,447.992697378483,443.623573123343,480.788228939438,370.291018930977,416.817549165353,467.94725234436,403.346455432906,375.193465610798,402.025488316658,417.513792074336
"ENSMUSG00000019173",1373.84685207569,1285.8600215175,1296.94391497164,1386.87446111442,1404.06126744229,1552.85536952984,1313.43931854164,1225.36858971644,1251.0131154894,1216.47654549023,1451.61645676446
"ENSMUSG00000019178",1.02688515777735,0.560362137533758,0,1.64381016183676,0.553454173385879,0,1.62694244473309,0,2.88290679972393,0.496598693813866,2.90089087836705
"ENSMUSG00000019179",2010.18192193623,2306.60536468694,2009.80802262156,2089.11789992404,2028.95743908959,2194.5911861842,2090.28670985623,2234.85941736553,1986.96246062609,1897.65449282733,1989.65065227861
"ENSMUSG00000019188",1502.57431880631,1934.04292232933,1554.40244885326,1804.81491472525,1328.57971241084,1846.11371358526,1757.05853034511,1878.20847327632,1499.79866027058,1501.65385261849,1611.21592840362
"ENSMUSG00000019189",2648.52355527923,2874.31328505423,2749.65434578942,3218.53250012582,1728.08054187047,2387.38928938968,2848.56200051848,2659.14488764633,3476.23726736946,2141.61632748655,4255.07560078612
"ENSMUSG00000019194",135.317097774207,42.4789916397725,50.081092100562,68.3621656316547,43.6136459256955,63.3160674160528,56.8498235997467,25.5666859809693,39.3064531588638,52.8025824083062,83.2267575117757
"ENSMUSG00000019210",1246.33212819928,1362.82298170344,1386.83578608987,1618.18893854041,1309.80806923214,1276.45312066276,1327.19808529845,1405.25984025801,1315.80358613533,1307.23589367254,1261.4413155661
"ENSMUSG00000019214",21.4637367132409,25.9620369143471,14.2226734509237,22.8298262522688,11.711628476612,31.932135628047,21.4745743798809,13.791364075397,12.2658802101995,13.0860651373915,13.7224637818701
"ENSMUSG00000019230",0,0,0,0,0,0,0,0,0,0.919776091616739,1.16102588634696
"ENSMUSG00000019232",0,1.08064173486522,0,0,0,0,0,0,0,0,0
"ENSMUSG00000019235",38.6628808840696,23.6361831088625,39.6435353803288,11.8756413642,29.1266059936937,16.5655578884573,35.3159930565987,14.0687915360314,19.6395935159544,19.5693578297151,9.06826722998422
"ENSMUSG00000019254",1242.36552539192,1329.58233693982,1466.26712191654,1800.90100623648,1318.5714929951,1489.93467945489,1445.80587528846,1395.09287474866,1353.03716216153,1484.83475696362,1546.58101198527
"ENSMUSG00000019256",135.229645833552,52.5944399471515,92.9153575976718,75.3862592921655,144.692625440803,55.0326440812396,91.3023831582594,86.3655895076799,162.480878750683,90.253561348115,81.2237851434651
"ENSMUSG00000019261",133.539331801293,175.407992990915,125.001505959894,131.391791281348,124.899573984405,197.02005060425,138.600663831667,130.231280978574,140.867711469115,208.5612212498,102.298941937232
"ENSMUSG00000019278",293.830410408262,280.344540094357,256.08297828037,198.204802153887,296.782111026884,231.506520330077,197.926754272615,197.736843073233,269.916601013847,203.907654497329,191.133741412629
"ENSMUSG00000019295",154.205573081892,169.174364027621,134.877787588894,179.878299337324,163.486270382583,179.978832667833,122.987606776379,132.629645031322,190.579774582449,131.066798955181,208.948948172766
"ENSMUSG00000019297",469.719444179496,442.311906425355,364.12547674842,427.229852152615,379.283738211486,494.396065142158,387.674722072439,356.985362197663,472.59028790594,402.625700452154,542.457700677104
"ENSMUSG00000019301",2.05606104442318,2.15411392180969,5.31743080274406,3.27228955673133,6.40168519238615,5.12256319852846,5.13835670604385,2.94263706003423,1.87913896315292,6.61042063455591,1.14674132817609
"ENSMUSG00000019302",1371.18414979346,1497.0071080728,1357.92911776669,1362.69765806106,1657.46211046041,1487.55785221252,1819.2078555925,2036.38163616838,1571.90228385606,1769.35307933028,1871.86744590745
"ENSMUSG00000019303",11.4676335717384,16.9961690900088,13.202548157337,6.60175363891865,8.50584021762546,19.277299129433,9.29783080582302,8.85234060233809,4.67650362858074,6.7201287200168,12.714358565018
"ENSMUSG00000019312",176.936338171708,243.610656723326,345.978629271731,470.805339892714,738.323146315318,176.479959566102,317.584784326143,469.43276583668,248.945009233069,602.559463263534,283.590779013387
"ENSMUSG00000019320",128.418742072227,74.0294497949211,85.7339473802542,129.304585808318,54.0922059859924,94.0993719305521,93.3538946869542,81.9683229998316,79.2527683867866,95.4095701096649,68.837184243032
"ENSMUSG00000019326",365.814900425235,255.448916763942,249.200638162193,227.427045184157,340.223091116951,239.418007896646,212.403461709522,248.30101168688,278.468445529194,218.603918432937,223.716453527034
"ENSMUSG00000019338",573.621951784369,381.805103554731,745.278612405117,441.149976659598,386.967824099036,421.553275265995,397.990334557987,444.531404785178,479.169253661823,766.419043772411,1299.71402090882
"ENSMUSG00000019359",913.936727513987,673.665703291278,1446.1506940945,1211.36045655824,924.571017745031,1067.10096347678,863.352426055908,772.691067874747,1071.07629897046,959.915756323668,732.111232203493
"ENSMUSG00000019362",743.250742890883,794.200601723077,728.960328662707,822.040545915817,727.587058494028,882.657257524602,757.887905286951,801.605284091576,639.752348514042,741.402793323525,727.848854768747
"ENSMUSG00000019368",0.68829859944105,0,5.30952728726148,3.27369336846137,2.11667907294163,1.28071059625367,6.14956158425017,3.944215487585,1.88083209536667,3.77277895177329,5.72926697725573
"ENSMUSG00000019370",494.384214569467,490.182488416012,453.061725863924,400.872405290466,414.077009718029,402.219112930575,397.337401011852,432.745179572032,360.346365601111,464.297922103613,379.129871003212
"ENSMUSG00000019373",462.079120114843,561.199729738883,506.633076468551,541.276611530208,435.656159947912,488.147612292238,513.083047436475,523.230585125942,518.579934182722,464.46934824069,540.711312511374
"ENSMUSG00000019428",2159.3579243985,2837.70305182628,2743.7266573926,2693.00948700828,2244.01052890592,2509.11581232814,2235.05115512411,2590.02388012578,2523.15179767097,2354.27524383866,2180.27295498222
"ENSMUSG00000019429",0.683890128340689,0,0,0,0,0,0,0,0,0.944649290452155,0
"ENSMUSG00000019432",1379.97678466988,1683.38643180876,1260.65526892696,1281.68517367779,1472.96195245469,1639.74128609333,1219.39210146254,1233.81177022715,1004.6286018299,1399.12728415385,1402.48285273866
"ENSMUSG00000019433",800.648637856847,757.207052007537,886.822418570003,669.02480760591,949.669134593659,643.549776222365,818.40758492131,696.663142419228,865.813262337808,775.640107640374,936.816449115276
"ENSMUSG00000019437",321.062683731433,448.872204361034,449.940259428649,432.389284243434,463.436510352911,628.726970101975,498.193152091147,482.530603533489,401.07492475123,488.441372119997,468.369280737041
"ENSMUSG00000019461",209.61639364536,181.709742858948,180.395287696088,202.289609217681,267.101012484175,215.949015179529,199.523278903664,179.630574957599,217.950193408067,238.71001604207,151.319374305608
"ENSMUSG00000019464",6.10196431257855,2.15824728594275,3.54075199438168,3.26016189452926,5.30107235624846,5.14013911241731,6.18352580640032,2.96621543677212,1.88853497223355,1.89727319207477,4.57023273981818
"ENSMUSG00000019467",416.868398579449,441.540611017293,520.750617340642,433.308812458422,455.154744159834,433.870690769382,463.047455566932,507.575266310057,447.220126989951,474.44731236621,443.190467164761
"ENSMUSG00000019470",1692.54050394741,1735.3682702783,1597.50517063659,2004.78035812807,1373.58257610502,2276.94994019519,1529.7424965049,1813.57186324693,2006.02217926039,1862.69792531443,1945.49635794097
"ENSMUSG00000019471",2243.96890942029,2321.79654088538,2235.70383757615,2451.59396941086,2184.06715441463,2587.15997748331,2308.75333073591,2360.65976648667,2139.95885971879,2106.26217120178,2202.68022163057
"ENSMUSG00000019478",402.824990647937,549.479195738659,542.855672969245,838.136988250581,582.625609582647,559.717792245957,554.838975003499,739.697680181634,650.953725895844,756.504921841297,700.409312140302
"ENSMUSG00000019487",1014.11020863224,747.613019322943,1011.76461843457,1063.78154660921,1013.87513812028,851.33343414475,952.218510944274,835.886056812996,926.671077587409,1098.82278464733,953.849918444363
"ENSMUSG00000019489",0,0,0,1.07682950635828,1.05817576256495,0,0,0,0,0.940989177844922,0
"ENSMUSG00000019494",1651.14866194085,1618.35474379039,1676.22691684415,1593.3880957352,1670.15773069422,1692.07567194733,1687.78456606436,1760.13918535773,1618.99429033972,1676.94561608196,1725.97570524011
"ENSMUSG00000019505",10378.5549198424,11060.2355425747,14503.670455351,13060.865907212,14127.9727130827,10505.0875473538,11499.9398734967,12934.2005849275,9060.19744686466,12750.8862794645,8064.40086054816
"ENSMUSG00000019518",261.236590175861,191.744581553903,283.053551225739,253.951699112007,309.992504724821,281.594978151529,238.352881397488,297.972018799365,268.983388303545,325.512855674785,256.536171013598
"ENSMUSG00000019528",287.930398782952,238.638226127606,207.230232324192,264.840822717926,259.426104536605,276.793304538537,241.026813376178,320.130480785894,228.301005128466,269.265358294932,223.170657256269
"ENSMUSG00000019539",142.454776782492,159.052172786692,110.073264867444,97.116727114965,144.685483477452,129.870095508733,110.897706149058,118.635135008635,132.466628445352,124.670322418882,104.708553050239
"ENSMUSG00000019558",644.44714911207,656.319664770121,743.891228222614,968.605036757661,642.672681372876,676.644944610353,562.7199044477,824.092711053225,942.528354529826,852.691397409083,829.351915379849
"ENSMUSG00000019564",44.7117346264707,56.2834691960541,79.6497791919127,49.664068804598,40.8767991196117,93.9984123209903,26.1912874716765,41.3915354481188,28.4576647980154,39.3966101663303,36.5915578622122
"ENSMUSG00000019577",149.037654775111,124.614046549794,336.984875152718,446.230637567969,696.570649917763,123.966462188631,195.367175105046,218.376425006355,218.966808992766,323.241260184148,462.361310136705
"ENSMUSG00000019578",1216.4225126859,1220.57419066474,1437.08041828577,1499.44655134623,1409.39180754845,1362.1165624209,1387.22627727494,1332.46587746118,1251.53824228657,1356.22848397484,1352.77855741921
"ENSMUSG00000019579",856.956972371923,1010.69424409548,921.395381644048,968.482643898451,834.52780304893,1041.42549195523,1028.65054605484,964.586048271247,797.057921276736,828.823302297783,900.844850221317
"ENSMUSG00000019590",1469.95966069956,1291.72664315022,1681.08042530653,1675.99672641435,1448.51847620059,1327.28809933795,1472.59459611987,1299.56003217476,1578.01385337809,1670.87188181384,1611.82127630301
"ENSMUSG00000019647",89.9126501375063,67.9479446435069,73.7324085976924,79.5106379387997,82.8066282238002,169.950241990087,68.5432051682043,97.0430306825144,118.944387921192,93.9959895534062,81.2836191756925
"ENSMUSG00000019659",518.600776950161,621.517405240063,581.638098498658,608.62317012587,559.857985011039,606.543180163793,571.138710178277,488.225816134678,487.954379623478,614.537229025753,560.206348466258
"ENSMUSG00000019689",90.7208840076165,90.3575823908709,126.357123718441,77.4819750119561,86.2881909303636,101.664143449961,103.882726558347,109.067074641531,96.89687022779,96.0880753878013,85.4653744017806
"ENSMUSG00000019699",34.2395715439099,33.0870535274133,27.5137798567798,19.8776577292893,40.4338204892726,31.0054086233464,26.2047887406772,25.3375923737614,26.8254004642807,27.7837927975506,21.5921833112185
"ENSMUSG00000019710",691.752741391156,899.817463559074,1068.28668159693,1008.78257978916,742.255118360214,685.8787572566,832.660052719528,920.344975304868,784.536895246866,848.113537149614,925.524548114395
"ENSMUSG00000019715",687.163565094749,707.69064220517,806.449292894397,808.161503651918,720.429827126404,669.05608602307,796.27040965073,819.907329632285,783.090811989651,831.941823085923,634.445788979147
"ENSMUSG00000019718",86.0717922842581,45.1072406869511,76.0851831250656,57.8359281089847,49.7524881979634,60.3177515725804,63.6649471377844,50.437715457296,58.4706018433401,51.1401858761501,40.1037254589298
"ENSMUSG00000019726",1237.95714110896,106.419177717857,533.789659415742,127.210707710785,539.809558163965,78.6487028853465,532.8642558943,513.538254543639,952.707706253046,916.92122317624,83.8145038106922
"ENSMUSG00000019731",302.422547000412,262.988853481539,299.382746763419,330.110914245771,288.449136137655,351.480147107918,311.492813597178,314.367808054845,294.595493527806,307.874433873896,431.125858026305
"ENSMUSG00000019732",65.2016568897859,63.7474596964266,73.6600751023612,30.6454570578742,73.3604188396234,21.5202037364305,49.4270269409062,20.0106511772728,44.2898442444514,18.1650934382589,41.8279899072114
"ENSMUSG00000019734",2482.70848623854,2363.610294003,2601.94479107227,2411.33168550221,2583.31195543275,2128.18347822212,1946.66136876949,2320.95602860914,2389.91314745438,2575.76255226407,2576.92150224799
"ENSMUSG00000019737",1250.89082370134,1063.37570971548,1062.22797358704,839.765263146523,1030.39851025971,949.270991665246,951.865471586283,1327.20606964863,1402.66940543163,919.014148102282,1525.29670695695
"ENSMUSG00000019738",321.044576093181,391.46973747458,384.423076900459,408.239783235656,291.983883523369,422.898720740921,430.262189907368,385.214068436557,427.59324966288,345.745272824343,409.014756075161
"ENSMUSG00000019756",0,0,0,0,0,0,0,0,0,0,0
"ENSMUSG00000019761",32.7737353427417,68.5539656603747,17.9685754950338,41.7576511401771,105.972159226932,32.3230973104459,40.9143100944795,25.14681420953,47.2297228940455,42.2221547205158,71.0332726113688
"ENSMUSG00000019762",0,0,0,0,1.05095675570364,0,0,0,0,0,0
"ENSMUSG00000019763",269.03191455161,84.1156149188079,257.827439533494,303.526675994024,208.068716687697,158.052952194356,431.405422002657,311.710695690904,220.515875209563,299.470088078862,366.547251135474
"ENSMUSG00000019767",4.15826232760801,2.15127050789208,0,3.26958380999967,6.33325770545955,1.2777207426671,2.04679028751295,0.99119515999135,1.88799813695319,3.76130395536425,0
"ENSMUSG00000019768",271.090937901546,269.715110099827,157.391326776133,324.158162577764,253.089475809929,151.743903463888,198.540017214486,345.312608307148,213.558993320344,175.198949903049,239.261657336169
"ENSMUSG00000019772",0,0,0,0,0,0,0,0,0,0,0
"ENSMUSG00000019773",35.3865928808495,54.9024426920991,40.6584868354286,34.0648928867919,38.1082801781529,34.5117551103027,31.172046028688,38.2409228552974,34.4940293532922,32.4338852320932,32.0975744585192
"ENSMUSG00000019774",75.4217556673851,92.5868631653668,69.0730983763997,65.6823089437337,55.9142930271064,66.5321067705843,49.4476447493064,82.8576477983011,74.180301498816,54.030969839454,75.5467124736936
"ENSMUSG00000019775",0,0,0,0,0,0,0,0,0,0,0
"ENSMUSG00000019777",631.556649913836,580.958730380247,678.731861965485,506.013170074647,667.980851321312,658.296303810945,672.315688703575,626.285424082086,566.01193070083,570.597385458016,544.585567257804
"ENSMUSG00000019779",201.690851767395,141.663000684274,232.061119249652,156.2614211042,233.37781929716,119.760238278644,178.055667536711,171.544030291835,169.622858108945,179.123665322122,153.743390879118
"ENSMUSG00000019782",414.060222628616,518.808237149174,383.744896304892,485.038780431393,431.822112244162,473.563483430905,487.67370449171,465.357165820922,395.021740575477,411.169592483133,427.047921828424
"ENSMUSG00000019785",0,1.08064173486522,0,0,0,0,0,0,0,0,0
"ENSMUSG00000019787",389.866314173379,28.9355262220112,12.48557177212,39.0509720942148,115.359109924547,1.94206405760629,13.6871328369387,0,0,38.9383121788144,12.2430189298737
"ENSMUSG00000019789",21.9065459206537,19.4088204215895,9.74196399575054,24.0703551813705,23.3559738305491,8.97547276698554,18.5503972338953,5.88484299993793,13.1244855112358,16.0949322357677,11.4483359997829
"ENSMUSG00000019790",330.833146960906,306.34261802343,395.2759307337,379.572153698229,400.544049502527,314.713144045876,343.519622906264,366.621622650664,398.102169000273,442.898162582997,402.843339313246
"ENSMUSG00000019791",308.137343807777,397.052368715656,336.552323337942,344.936482773763,304.653275355776,361.480868851633,348.701407102635,355.006625565552,302.826496507184,329.205946635812,297.102406663973
"ENSMUSG00000019792",67.8364578810869,47.3183396297701,74.1451957171042,49.1600179878625,105.697210727708,90.5213179737125,65.9102719873836,47.9843021772714,83.047898443175,62.0183374933385,113.875170051845
"ENSMUSG00000019794",366.449079766008,370.236643688864,387.540587416865,468.353786609959,518.775346914304,456.015942571757,339.355590917145,404.145852904945,387.820703517162,383.563639801298,273.526796973115
"ENSMUSG00000019795",447.056101446089,406.407740580545,473.180575656788,441.250817716504,455.96572943644,384.010700801635,473.175156153313,394.625408314877,455.835521377606,488.509656078273,395.263445878423
"ENSMUSG00000019796",13.5776771700354,15.7290126710531,31.2934854086314,25.4677568375034,12.5092022998674,12.7533678715908,9.25410429583365,19.4461320464158,8.97371495653883,13.5989624102039,6.22179959346791
"ENSMUSG00000019797",150.555544840565,161.469013351892,166.712564674585,171.919320303878,175.935986685915,183.082936202222,170.294541448014,190.066211919176,180.479391435421,156.756857364467,151.139234840404
"ENSMUSG00000019802",2753.22184967963,3244.21884749071,2700.17157979218,3045.34283952582,2837.61095646324,3224.86790736272,3068.36576963987,3330.81167269199,2885.97258745466,2857.97851169284,3199.99544518454
"ENSMUSG00000019803",0,0,0,0,0,0,0,0,0,0,0
"ENSMUSG00000019804",712.539559946338,919.977982486059,631.081612908525,879.846106248901,761.039788952316,1002.0382457022,818.801822281779,939.043842435278,753.659450498365,756.931792687811,813.200441569075
"ENSMUSG00000019806",183.907337927992,259.735736232443,253.452646483715,298.556394434496,279.597337053135,271.04610987519,261.512584803584,321.225508669046,265.478789025414,247.186879304772,256.215725155763
"ENSMUSG00000019808",28.0825925265422,27.5293276162834,32.5138544297174,23.157192851374,25.591788066164,29.5902832407616,24.8605263953992,37.3408456783025,30.8134984183898,39.5040395768715,25.5260808003167
"ENSMUSG00000019809",228.356101026187,209.412682070623,254.275601632903,231.652642103266,217.164491815223,211.787522011317,268.129692850038,220.102919975303,256.188655984331,215.349113293183,208.543891230859
"ENSMUSG00000019810",1030.47055429145,1258.009305132,1229.90196130001,1186.1792749012,1010.67252266347,1086.47274990981,1214.89655675629,1219.12288393448,1276.49285579427,934.41652654339,1115.50195665604
"ENSMUSG00000019813",30.3237925435783,23.6065676263517,34.0172417409372,15.0886730583615,13.4225649537709,23.5086203195014,48.2562502721944,20.486767145827,16.3320446589172,21.7855825392391,36.7367041447822
"ENSMUSG00000019814",309.66017039744,352.533869363119,262.313366003203,262.138207756919,326.450734147355,337.131242513647,363.192522192062,294.682373874381,308.319579452193,221.22101275095,388.717347102135
"ENSMUSG00000019815",0,0,0,0,0,0,0,0,0,0,0
"ENSMUSG00000019817",9.03138294656443,4.77559303178887,25.7763504972571,3.20772302135111,41.3523717125739,8.52721791065313,21.1045715358839,7.26731454174382,30.4584009505839,8.2821460740951,13.4504663258256
"ENSMUSG00000019818",611.595643853711,520.709405592723,599.027265226889,608.454215651156,611.384717943801,483.227762109317,693.593134251415,606.084183977029,577.159663654593,572.208824320213,606.813297047345
"ENSMUSG00000019820",874.080253605836,772.27047476084,853.528225708134,874.070835616686,861.124419211381,640.772757085785,846.009533318763,1151.85619692251,1154.61479990771,879.569127894152,1167.89204957868
"ENSMUSG00000019822",321.483313024942,338.097673450797,442.805187124096,561.197298432046,509.265182337764,298.274276099345,373.28991318142,363.031365930962,388.972878405333,456.377243243685,309.351184992818
"ENSMUSG00000019823",87.6757427550147,3591.863596083,74.3329602298443,52.0948433843922,71.5460968171843,144.464905409811,60.9214800690172,59.1302651456965,3065.30922456934,88.6282338458241,64.0582540980492
"ENSMUSG00000019826",204.311022459073,227.63096803405,283.474762140917,239.072342873397,279.298139184924,232.901351369013,260.898136527855,314.717462993214,174.812350629665,273.885401331717,186.518504693253
"ENSMUSG00000019828",0,0,0,0,0,0,0,0,0,0,0
"ENSMUSG00000019831",38.4139937985583,42.1462483051484,58.5602941824679,78.6170602995501,56.082927551683,51.2569074359433,52.4280191650466,40.422681329534,51.7916705633029,58.3866035230314,47.9854333164847
"ENSMUSG00000019832",56.2442567087953,60.4582303761594,99.8943689790621,91.0583907807985,79.4859786633667,59.9364726695458,90.0329492194808,83.1163030398026,71.2933750379817,81.4822086202633,48.2929193685509
"ENSMUSG00000019834",0,0,0,0,0,0,0,0,0,0,0
"ENSMUSG00000019837",330.982992699119,443.651857907995,292.158265273665,293.632553613287,334.023272471479,371.007582211877,346.207108310533,315.803761258828,307.080944138606,302.28883730433,322.006627286143
"ENSMUSG00000019838",26.4800317540143,19.7170171876117,21.065901933213,10.954508638136,32.8424666231594,8.17487285149214,21.5260880156181,16.2871715354241,13.7958691253937,9.45799103523112,18.6055640464889
"ENSMUSG00000019841",453.882952434153,286.08073914709,561.928847158111,1724.87877640953,394.036739752661,279.703936450892,577.743523882709,472.800647124116,547.226203594979,473.92638169435,413.658199603242
"ENSMUSG00000019842",385.008302770758,483.466126766028,509.446054995065,554.147524211125,515.687795504767,463.333239619864,612.419063070427,524.485757060481,568.273560682587,494.370409898508,564.144095575442
"ENSMUSG00000019843",157.383465779972,330.809879848795,119.6730963253,94.4590567596848,185.253617640916,170.680154314168,129.352329099296,100.952699440063,236.67751593779,191.385868041101,97.5469629083137
"ENSMUSG00000019845",10.0143178351853,29.4382968399458,25.5518827794516,8.93139090705165,15.3058774548145,12.7181923385093,25.2266317496473,17.0238285425141,11.9274934721844,23.1956110355181,9.38014580440906
"ENSMUSG00000019846",374.670035091603,348.036946308092,334.621187708109,231.358748934728,490.536594180071,289.339208983633,279.429361145512,400.61991301159,388.19271540344,333.791434946459,338.85484413827
"ENSMUSG00000019848",7.04983069695882,0.73021299252764,0,2.24940382315993,6.35382530457282,0,0,0,0,0.651931991729276,0
"ENSMUSG00000019849",317.19859990249,271.857822467593,247.547957334911,269.256776791535,350.002649455995,312.480825705307,301.056326180711,285.27885890272,256.591292076289,271.033949157327,247.292148021425
"ENSMUSG00000019850",55.4086880279423,87.4774277579754,78.8702114819654,37.1252888391354,47.561059269736,116.802330232469,121.006874515547,108.237049922787,31.3850863267638,50.0492382162693,21.983440038698
"ENSMUSG00000019851",133.467116989711,151.028537329837,126.556845517164,193.930190647304,178.771244515585,134.172389202479,159.816274568134,204.298423134162,159.413332932974,166.456504102774,218.815321503149
"ENSMUSG00000019852",38.6490054848991,41.0202950361273,33.6645063371986,63.0155969309968,36.8607772047145,50.1208246185768,57.1020889619738,69.2009543838409,35.9120076432181,46.6609281849462,54.6354080357256
"ENSMUSG00000019853",29.4693859304535,14.7091898372133,20.8732247145958,16.3700805681096,33.9392047551354,3.81355847265313,17.5029973818478,9.71392352807754,14.7760086543679,17.1699217394524,23.9882370817808
"ENSMUSG00000019854",544.279901742233,451.843881046563,829.487523701138,467.428102735031,1004.53252037545,401.235203216993,1138.72391101717,670.27867041788,585.583455953819,619.545325093952,599.065372018351
"ENSMUSG00000019856",3.12826980872855,15.8744203020576,10.7556319080847,3.30505312109267,10.3715146145742,8.55402776524904,5.44056508215099,12.5624810812117,12.5486640110842,1.62772196051421,9.52068445745198
"ENSMUSG00000019857",172.857092140582,201.409005592635,233.255038951419,219.028809381659,252.053827392767,151.54328583966,223.010435593108,193.945497170839,230.882878569212,262.190876979275,167.969747055566
"ENSMUSG00000019861",236.535308067064,179.622305614108,145.632127195853,145.025615412757,346.896464179056,152.132409445936,173.373600342277,190.54120544534,157.229414610709,242.4835569444,186.219078111505
"ENSMUSG00000019863",148.214081079377,137.154647648972,108.110428782742,98.4311453836937,112.762622438673,138.562710601317,128.730454606615,118.352945838719,125.919165126277,99.1782398194801,127.935319063715
"ENSMUSG00000019864",131.832295823498,94.0478303768064,102.068249443179,96.5529348029646,92.9787281097497,195.79428100274,78.6087025879753,154.896499433915,117.223123930107,73.4258711725843,144.824775425871
"ENSMUSG00000019865",0.689939267648385,0,0,0,0,0,0,0,0,0,0
"ENSMUSG00000019866",1510.67968069486,1249.72662497036,1567.22770423976,1655.7533652866,1594.73660136164,1047.37026901798,1649.73909876745,2147.66388183971,1481.70741868073,1565.582602613,1353.33842842079
"ENSMUSG00000019867",0,0,0,0,0,0,0,0,0,0,0
"ENSMUSG00000019868",397.132970912089,479.386149936493,399.557413945995,395.429739127172,375.82732508474,407.897950887245,395.39641180127,376.795073505176,394.896564610961,373.547021075204,411.115309554512
"ENSMUSG00000019872",1879.64206416438,2042.16161396008,2261.13303218538,2636.07318198347,2194.00945427816,1879.37047209484,2345.77087091595,2632.72556946958,2764.3978931636,2393.16891404387,2048.06377798302
"ENSMUSG00000019873",253.631709875265,190.961744715983,241.17798613289,183.630235140405,219.146943330373,148.773624659131,199.342199147084,152.821602622444,224.584504462667,204.612973346312,211.249176454218
"ENSMUSG00000019874",0,0,0,0,0,0,0,0.992606609936369,0,0,0
"ENSMUSG00000019876",3.89304219581134,6.91885576814849,2.24644706389967,1.41381742822032,2.84104736733535,4.92449936165169,6.55067751056323,4.24709781908938,0.590626263208965,6.83444836518922,1.49983109907312
"ENSMUSG00000019877",1078.38941415585,923.960129888488,1168.46265701277,1132.33749068722,1232.02112781243,845.78206372902,1052.94393204515,1107.90346997883,1178.17678461113,1059.42184382665,1076.78658192891
"ENSMUSG00000019878",135.808463645476,128.768658427175,147.562485402019,175.783753648917,119.774873477592,87.4406973577647,138.146665286939,133.142473859407,121.52747245473,129.268631415219,120.717704419747
"ENSMUSG00000019880",0,0,0,0,0.772026131345465,0,0,0,0,1.27467339124413,0
"ENSMUSG00000019883",1513.24432331186,2103.96767066163,1718.65726493712,1882.62012293806,1669.86423722106,1968.51730863661,1954.77404004297,2464.68607370029,1767.22996345479,1645.21604996771,1533.46156790999
"ENSMUSG00000019888",0,0,0,0,0,0,0,0,0,0,0
"ENSMUSG00000019889",1722.01919678344,1260.56940586443,1721.06558830169,1551.16250439291,1638.4427670419,1224.02602702826,1447.13257493685,1675.94291348243,1460.781468019,1797.34027606755,1491.960861286
"ENSMUSG00000019890",0,1.08064173486522,0,0,0,0,0,0,0,0,0
"ENSMUSG00000019891",113.253164119346,88.653051060139,134.961250243458,87.9649297839206,103.061362867094,144.584400420702,74.2469452166342,136.657161752315,123.796579587593,116.436612523872,84.951544515996
"ENSMUSG00000019892",4.47499850357326,12.0352807705732,6.57849791616486,13.8025609269564,3.59814984083082,11.6855293660064,1.60089013612122,11.7621291446977,4.41387357551555,4.34862725822665,0.984723802532897
"ENSMUSG00000019893",0,0,0,0,0,0,0,0,0,0,0
"ENSMUSG00000019894",4.00040832720658,4.8647964421321,41.1712834116718,17.1773609586065,38.3773786010086,8.59649527241268,3.88730048525104,5.79558241400906,5.5079962393637,18.6089557169612,5.05010537480695
"ENSMUSG00000019897",242.42154961753,262.956544083934,221.207094399515,256.750052453918,227.932872655092,250.690157932609,266.115307449278,230.708336255237,239.79795793408,257.902816854741,231.995206429131
"ENSMUSG00000019899",372.160729556485,326.67691896513,332.413571185534,235.974692554061,444.356297808913,251.558810851948,222.479826705059,309.239110607921,354.116571254453,238.465680293483,193.568844989192
"ENSMUSG00000019900",0,0,0,0,0,0,0,0,0,0,0
"ENSMUSG00000019905",0,0,0,0,0,0,0,0,0,0,0
"ENSMUSG00000019906",0,3.59415164404403,2.95392436686788,0.738792984777598,1.42297566001562,0,0.691211572071061,1.32611726584188,1.89089306483746,3.0748805284896,0
"ENSMUSG00000019907",741.783232371383,793.643966103919,631.949212796723,636.882455433365,712.267104670135,600.958208257682,661.864525059235,561.077937963727,705.504128157025,683.792723156665,697.838732090173
"ENSMUSG00000019909",0,1.0603081990326,0.877029735488907,1.10070614848163,0,0,1.04733534406019,0,0,0,0
"ENSMUSG00000019913",0,0,0,0,0,0,0,0,0,0,0
"ENSMUSG00000019916",283.949411181404,298.262711292181,252.342772741144,241.035735191316,248.301970745674,240.913801068486,290.360305710786,280.182866356489,221.5355818503,208.359701082867,171.091162229228
"ENSMUSG00000019917",59.0013605774036,54.829163955186,29.4311116810002,37.1885627240886,44.4765722366862,51.8714919564076,44.4911609801005,44.6856507139023,44.3218030348258,62.7666180153007,36.9177117432671
"ENSMUSG00000019920",205.914033412701,167.663748618259,209.715370295176,187.112013922638,147.440226449223,123.00378963293,198.986741267693,185.219643849574,176.377334956159,183.544866536244,189.400588461232
"ENSMUSG00000019923",547.730265108255,392.770280458115,510.977241127181,430.194650326695,603.728857048948,407.021695618205,531.022812284308,408.314759110415,584.288251858414,537.049590864834,588.081789762357
"ENSMUSG00000019927",59.6333429587835,50.9096736344241,41.2706185095324,51.9944417154209,69.2464288729084,34.9009943767447,44.2980338310333,41.6137898479529,51.6917103495966,57.8402132665187,47.8044040189432
"ENSMUSG00000019929",1733.46266651587,1500.58256241283,1471.49997445298,1021.9367418297,1873.66007440352,1236.21714955666,1153.31446002852,1182.81693936845,1640.55006302776,914.654339373993,1228.47849706624
"ENSMUSG00000019932",0,0,0,0,0,0,1.0244779114794,0,0,0,0
"ENSMUSG00000019933",0.689939267648385,0,0.888711478704946,0,1.05095675570363,0,0,0,0,0,0
"ENSMUSG00000019935",3.96561512622413,2.79879279292604,5.90820106134084,7.18117894305579,5.53093951289795,2.10423853036739,3.36697153021327,0.815132266700321,8.59781588501559,8.64231718564209,2.82829374263853
"ENSMUSG00000019936",2.71792762901258,3.28177475971801,4.45516636696093,0,1.05195001521824,0,1.03934790274523,1.96143543766705,3.72489498913673,0,3.46852615510672
"ENSMUSG00000019942",29.9479590967209,35.2683891307829,15.0130321391745,17.5636827066877,20.1264917480291,53.8056772604319,19.5850541807777,30.5833137254323,30.9560788073131,16.1826427007173,11.5074428714738
"ENSMUSG00000019943",583.937277742962,536.544974376868,510.781239933374,457.642865839125,575.519568021994,353.123405563498,471.100318392455,427.849768931353,568.347880005556,518.694348995635,501.169826732171
"ENSMUSG00000019944",45.5308035053202,29.860003563948,44.0848058179853,58.4374110052402,48.0091789888783,44.744076869818,45.4437413777283,53.6300001508836,40.1174537058157,50.8152704451421,27.0316826588976
"ENSMUSG00000019945",4.98761244973952,6.54600377323877,0,4.96210758169757,4.80766064889589,0,0.844285610688441,1.60050546273534,1.52076433865753,0.779005609369932,0
"ENSMUSG00000019947",251.406773747146,192.467197653017,267.308887747911,384.430339402964,631.422395040939,182.005140829268,259.154914485437,270.100050303552,203.20011788833,297.922027891991,163.436997954953
"ENSMUSG00000019948",55.6963536905406,55.655964500417,44.2188756728166,50.5341394519088,45.9755818779142,44.5362718834701,52.554705611498,39.241664317533,47.7274430691278,34.8041001588787,76.9973492424898
"ENSMUSG00000019951",688.195376865252,681.567342761904,705.489483344885,818.129209088828,724.608855852346,706.921043890991,926.117668758424,812.56824577237,1070.25619649132,973.118883807751,939.190098679317
"ENSMUSG00000019952",102.300568740641,80.7154040632459,104.276256110561,92.1634544166321,104.909577945846,105.777630345952,117.233942961658,97.6792635087126,81.8183729501784,100.541493989131,58.7255423574474
"ENSMUSG00000019960",316.199639331147,296.528978660193,305.434621534249,251.88973353105,415.793949516208,228.697874976856,270.107194497654,376.405039949134,237.7538080074,207.886284614665,184.104881876692
"ENSMUSG00000019961",551.859022230987,407.539036085551,505.446392376469,413.877391302635,420.60203578363,477.057786323469,441.548490210658,425.580632907682,477.625427154455,511.671499559837,555.444416114415
"ENSMUSG00000019966",37.6162824953148,24.053896940839,121.204400292328,85.9649952355704,53.4519962308091,15.4952333164171,56.8903340385425,23.534757739232,151.533423058447,18.5683768332666,26.5146121956728
"ENSMUSG00000019969",621.099843550697,492.565386837316,586.281344784083,581.829897537346,743.765314913198,549.221416827967,621.927569542429,513.853615069422,588.861047766339,639.929684021852,563.192560820347
"ENSMUSG00000019970",1210.11927998836,1002.45941742813,652.323077680054,1602.511978844,483.483829587638,1857.89228980321,464.427904579929,1687.50111029529,1175.16223818208,884.752793718214,895.285736523043
"ENSMUSG00000019971",132.889094971618,135.632168772529,133.710884808636,125.800150358821,138.317100616549,115.429688049639,166.142995579632,139.693968813441,149.764012482469,147.067732921091,135.55654098091
"ENSMUSG00000019975",105.640614651023,112.013522156841,128.559036228301,94.0887996705293,107.818251953108,87.1333887402916,153.341725808553,143.133732753468,125.152669435888,116.056354477806,92.2996699973389
"ENSMUSG00000019977",1043.62677615605,1069.30147271516,1040.38812156748,1184.34791345973,1068.35629646798,1014.41319275994,1067.94868392732,1288.42036057266,970.159365870765,1063.83350825429,1193.40635268355
"ENSMUSG00000019978",319.823599475508,481.634774943203,373.0769202928,368.712481874491,527.481994331873,397.449674730926,280.882502718248,464.186913916466,431.677212795625,331.902823169424,328.473756406802
"ENSMUSG00000019979",138.625772387228,121.158270901864,159.745070379641,114.941469265102,224.983360790407,74.8613402238646,127.816689244726,111.364217852109,118.824193349996,193.969892578201,111.321417390743
"ENSMUSG00000019982",7.3677988962352,28.9304814417322,1.96968849621531,2.93554253077424,7.57626033179641,9.47918623313988,6.81512281610031,6.23618373426622,3.14936003820277,5.89472146609182,8.91135351185626
"ENSMUSG00000019984",413.90525939702,379.819362700958,319.896674467283,316.448372331434,396.508501467086,378.036343120585,333.385251333214,361.050945546665,321.459995731636,310.927584531713,337.762576545834
"ENSMUSG00000019986",13.2920460317609,42.7786372152886,7.53773734928092,11.5996947257736,14.9127519954688,7.22477814638459,53.7417743166929,8.04691958697386,39.9556927557819,12.6982771234714,8.09584006287702
"ENSMUSG00000019987",208.31129427918,130.265212076126,225.368417017934,94.2241436013026,418.599628255973,65.4778408535841,217.144963447638,193.379104624307,141.535937967918,144.846882649861,97.7486698166221
"ENSMUSG00000019988",180.94890675697,128.588510576489,150.83734853298,105.988734637239,175.26678594758,111.914637285445,405.357787339095,144.654136402603,173.676486430258,159.916416488346,148.05367421261
"ENSMUSG00000019989",770.45798562317,993.224052335263,936.154261525458,988.881819830768,1130.87761422804,728.162680049287,1219.64599963004,1249.95236306249,1013.06823706599,1355.47940989473,936.642714993493
"ENSMUSG00000019990",47.8854773025248,62.4534166535937,66.3676261677412,71.292848103334,78.0482069173455,42.3659844973449,88.2049680294455,72.3668583309941,83.6618457465182,40.1445309822888,35.8889749818135
"ENSMUSG00000019992",11.5503830916474,22.7349267109016,11.5147945236518,15.3840572979034,12.6018473749607,26.9771984846083,19.6616153101837,16.7205909766002,15.8908601915044,13.3111388583448,19.4574989588226
"ENSMUSG00000019996",1451.28406165219,1541.13964984052,1470.86809478936,1666.43144280551,1699.33932364345,1773.74635188127,1470.63148224252,1897.38967753937,1809.00853394027,1712.88949064089,1808.6886953898
"ENSMUSG00000019997",401.352645191074,296.331042220227,282.38694437633,779.006908674105,636.925989086881,566.719024826933,371.433322416524,326.249035102778,399.585883397213,577.397666971196,640.466957877038
"ENSMUSG00000019998",739.385633038014,762.563041110126,848.287353743033,806.443569848669,741.832325300806,681.238675754688,843.474109166952,810.945865107535,775.618895992213,783.263801751455,707.392334431398
"ENSMUSG00000020000",45.9553988536481,28.0447973530784,31.0124643097826,33.8890885283348,50.6768018627181,11.5340738228863,30.8674870125103,17.778431551667,17.8789244481017,21.6919034143461,22.8694711037756
"ENSMUSG00000020003",241.438895200886,210.909971514912,248.868304022141,239.061587658551,220.435228710224,179.134022071812,293.849584817967,256.106237129839,210.772073400793,258.677753491882,276.028246449989
"ENSMUSG00000020007",0,0,0,0,0,0,0,0.993947355878543,0.945485785819823,0,0
"ENSMUSG00000020009",3514.45279586128,2615.59775245763,2544.86262953352,3031.3167062816,2935.72174895851,2938.47824186088,2459.19533628612,2381.14324764499,2748.85511108231,3019.087276301,3298.39852777077
"ENSMUSG00000020010",13.6959566884536,19.365180312895,11.505281055367,36.1268636699299,29.6111546031364,24.3415473295399,22.6706206596662,18.7344132465403,21.5938173124723,17.9741992271169,18.3325007638526
"ENSMUSG00000020014",12.8550943617166,6.23660628444989,1.12770318660116,1.39276039856668,2.65559535860819,4.89253909553388,10.7420262791464,6.10056396210278,57.2699305818197,2.40552412047433,4.32406399510733
"ENSMUSG00000020015",192.422558402239,89.237632545193,142.55939863851,143.370067290413,203.086926090425,132.0266054766,87.6727123197621,174.71316051691,95.8264155773895,106.138178193633,197.437107577243
"ENSMUSG00000020017",1.19406683909517,36.4696238376464,0,1.89763104484882,7.46189736613194,46.9203799979736,0.890191051791159,34.3856289068093,29.5172258550593,26.968364579856,27.8294563602227
"ENSMUSG00000020018",41.7903861507897,43.2888560458292,28.5748691784985,41.6021278881216,41.9109272959798,42.0545891379573,40.3174163791035,37.1099921899553,38.1904859137622,28.3007137744269,24.5872948314561
"ENSMUSG00000020019",31.0100408622136,22.6341033600458,23.0717618643484,34.8960567415714,46.6284000638854,29.4502715749075,29.6971947611983,30.609942017876,20.7560960969659,26.296742836183,44.6326348611342
"ENSMUSG00000020020",0,0,0,0,0,0,0,0,0,0,0
"ENSMUSG00000020021",255.510839854235,191.566341208014,257.835786224023,219.766820676233,283.82243035622,232.932572951213,267.711907320176,241.151114856227,258.77001050481,313.898863568841,238.140703058335
"ENSMUSG00000020022",500.111553637925,617.526019192806,441.746780868166,459.334910891595,483.746242349759,586.490016343742,556.626535154209,545.100738650052,460.231604653864,458.720529796099,460.001112728827
"ENSMUSG00000020023",586.760906886361,563.165535128051,702.211463192582,1081.61534988376,731.854475676486,291.111633573962,641.673645801547,705.600494597545,908.953742795616,642.618320075854,452.702001622271
"ENSMUSG00000020024",330.287926635166,370.541807566936,390.024439428628,280.076985391285,397.255239611563,383.281505532912,323.502263492166,351.405749077586,411.774620422085,461.253971065936,274.298054900858
"ENSMUSG00000020027",69.4804182922149,61.4014060939721,78.6086991983597,104.256328055136,452.609598068953,132.483419750789,233.151463444883,190.699330499342,200.39479814885,95.9395888717767,113.24180680971
"ENSMUSG00000020029",516.15856825407,383.179842692665,641.868371083641,679.673560404899,786.773602477105,464.515581786863,602.901968632548,670.7787839595,809.977762470667,862.979057147083,613.649997513572
"ENSMUSG00000020032",35.9032131212631,27.0691602547229,24.8093713904048,20.6996388596041,49.718595497907,33.4883629745313,25.6581520713701,27.5433372716147,22.5906248344579,25.3468451860867,30.7800634612131
"ENSMUSG00000020034",412.760128528793,554.664180273599,740.596461582515,764.60757970226,1036.01765302396,574.935592036873,802.605929488066,760.66859489637,464.724103494349,813.860721357479,339.919105789149
"ENSMUSG00000020037",0,0,0,0,0,0,0,0,0,0,0
"ENSMUSG00000020038",226.381868838721,179.754566955117,189.828286647119,124.435371555047,210.192820581734,241.39561844494,205.281367127846,176.027993975374,122.386028913979,141.256671504701,198.111112959504
"ENSMUSG00000020042",34.4348348973091,44.2632003241221,35.0706804280096,46.8631408790921,20.8926623765559,28.9592898420912,31.4072075085946,50.6399698977028,31.5917205301298,32.2717153802003,35.2087344006229
"ENSMUSG00000020044",153.068995970596,97.5501543607053,152.830979288975,194.181616528594,159.516709999847,138.24557138861,150.842082603026,188.144719276388,192.055392803267,171.933372813304,179.346009968637
"ENSMUSG00000020048",7880.47543764646,8995.55338040221,5957.36896056473,6671.35660795281,6448.72837353721,8429.35496459373,7987.02836466651,7432.63181379533,5624.78158367336,5240.18215112001,5724.81207680031
"ENSMUSG00000020051",0.689939267648385,0,0,0,0,0,0,0,0,0,0
"ENSMUSG00000020052",3.36136532248542,1.08973635216071,0,0,0,0,1.04009546715275,0,1.89813048821817,0,0
"ENSMUSG00000020053",181.573388216911,124.859509483215,117.029754907826,101.171945434017,193.161009172709,189.392572962913,82.030015481473,221.819771053301,144.588773125761,96.0306932911772,154.793095715581
"ENSMUSG00000020056",202.208132291981,193.820178934712,211.555357591026,171.93903300595,186.124861823743,199.396989521941,184.340227621297,204.642724366481,248.741694857493,166.954957953326,157.667599709452
"ENSMUSG00000020057",32.477293283131,19.1484445691655,14.9783947844888,8.79796585500346,30.7695123601001,25.6935277801019,27.8471692889912,20.6911743381672,24.3576911686861,18.188877825623,19.6212254195642
"ENSMUSG00000020059",68.4963517967101,19.1184717209335,35.0475631269568,1.87544023427825,32.4823445653838,19.0918714740639,106.139839150152,8.26351049104652,37.0781848960404,37.2623880684014,40.8188215327955
"ENSMUSG00000020061",537.27985740408,1.80734343782716,46.7658546251494,158.650054943297,445.820555332772,6.38965387342487,18.796587860796,0.826395257148271,1.57723807974248,40.983490378815,6.70700161626747
"ENSMUSG00000020062",395.498821984331,34.6005015747553,293.721917917607,133.45942833142,357.998197720759,20.4695411529718,244.137579425571,50.2740870582359,126.616865787735,255.106410695048,103.020544132499
"ENSMUSG00000020063",182.851777026669,191.509692198945,213.753456906155,235.730631610435,236.525977395388,167.650485187551,242.92394316281,213.743929039784,220.322016816464,238.921377407703,217.026212804847
"ENSMUSG00000020064",782.798454823664,663.782925805322,744.991630340879,736.214826934181,634.110416688143,639.45752309315,1079.27569283713,677.920622859659,958.415825689308,893.035691448812,868.776829289018
"ENSMUSG00000020067",91.3419841879445,0,4.38526860174889,6.92714103950678,8.20077093776226,0.910255238980363,9.07873021722539,0,0,8.60227997527561,0.806151330070683
"ENSMUSG00000020069",447.943539810784,479.841921306063,457.550849285969,452.113663555562,595.424797932214,514.51940560857,585.97904327077,703.64514505292,494.721849228721,526.872634497837,405.664569341314
"ENSMUSG00000020070",61.4649765382209,80.7129236858773,91.6479411797205,80.7256664570205,85.5525373324815,59.9036941258267,95.6933895723319,66.3838875071826,97.4812551054975,68.8205755134933,96.4046563205421
"ENSMUSG00000020072",12.9757476648838,28.3145221510146,36.1099494438757,31.5267039697112,28.2434194001516,22.6899384076078,19.9758552900969,27.2005748709157,19.2877429235729,39.4366169678268,17.4844826369685
"ENSMUSG00000020074",1465.10518085213,1627.39297992105,1729.97907522744,1772.23135685514,1460.18279865833,1203.36575122854,1773.96649046765,1399.44933864982,1509.27241223763,1484.42052461213,1712.41479168824
"ENSMUSG00000020075",1243.47740573285,1121.28525582786,1129.48790170902,1199.51229565014,1287.13709281337,1223.23009789525,1155.98391104053,1151.57314503899,1154.41723659917,1182.86261747022,1621.7133849485
"ENSMUSG00000020076",1169.72219493767,1361.15901586434,1205.63807860624,1409.28866645734,981.814263135051,1167.260893111,1477.6348210454,1199.02145779261,1340.88175870821,1182.87817195289,1365.94113346395
"ENSMUSG00000020077",198.303598785581,331.046436807305,197.732921977549,192.299960794111,249.717535051209,319.419208018021,178.700438288941,208.350019265817,222.790689521283,276.704248322468,203.773154415325
"ENSMUSG00000020078",333.238040797052,316.122014846359,489.81262321547,483.918159246419,387.370998614756,316.199619413783,442.938830145788,381.394202214777,436.444779409988,461.944050725801,467.420908673249
"ENSMUSG00000020079",248.544141899284,220.825958183043,194.168255023259,242.649035955799,179.220130775985,233.847901023259,214.175185682772,211.042191454492,235.660682263413,205.441126845784,286.706762231383
"ENSMUSG00000020080",0,0,0,0,0,0,0,0,0.946102805342217,0,1.14125012700354
"ENSMUSG00000020081",0.683348777270484,1.07781791726735,0,2.1894699573494,1.05819338310996,0,1.02725225503697,0.986337973554002,0.943069189750769,1.88809871474309,0
"ENSMUSG00000020083",60.1127349442787,48.1300901932239,77.2037988334818,63.7114208804822,80.318616261913,58.8129796356402,82.269813968974,86.1721955185685,77.3617265068934,73.9159871519936,67.9582546485237
"ENSMUSG00000020085",267.974746652972,193.018264611815,222.430995626633,234.745930219063,238.291697257825,225.810386745434,232.099779992069,216.438204945667,226.725628902661,228.147423550215,197.722540663436
"ENSMUSG00000020086",12.2769498296244,16.1489446371885,14.1227355129993,15.3226462225981,24.3203900702072,14.2487111947074,21.5696513589744,11.8233719811354,9.41958630720405,10.3898097438742,6.85834818127279
"ENSMUSG00000020087",467.18511206829,402.672733585083,448.87046460557,529.268213409693,385.842473582956,516.984534513684,472.556963168783,434.301167020254,455.49676932657,469.059514464129,430.130321941682
"ENSMUSG00000020088",696.338124797628,759.682121296101,655.925510889966,825.53075604702,670.654110245926,729.656239496407,772.760164304235,744.375498414549,725.225019964861,662.560489084704,746.248821049765
"ENSMUSG00000020089",764.572868297278,807.997483683701,729.490502915981,681.933228547799,754.808949544714,858.201636230601,898.90416842679,772.538611503319,625.499566426697,669.677155652559,827.272519697748
"ENSMUSG00000020090",0,0,0,0,0,0,0,0,0,0,0
"ENSMUSG00000020091",201.91320052243,253.712035814491,269.362032115397,411.496338927415,330.895473058312,260.897427549919,314.66770454405,315.881516068292,249.923517203469,376.786925984201,301.73265713923
"ENSMUSG00000020092",1052.68652770807,883.604989753645,1062.46394939769,1104.52523634397,777.038255295026,1062.54548521821,678.677646297029,874.715211879296,1091.61422284993,1000.7092669251,1412.71366707187
"ENSMUSG00000020096",0,0,0,0,0,0,0,0,1.8935257682731,0,0
"ENSMUSG00000020097",415.430577282367,380.944394122719,490.416831240587,542.833942107468,632.754531616547,464.377145019395,628.999191903225,488.80371214776,756.470370648686,398.294399043273,440.988220378813
"ENSMUSG00000020098",8.49247017993704,10.4999555655037,18.3593252415474,9.95110643154285,15.3694698196033,13.5369985983562,11.6439551626218,7.9289850389962,13.6130100319383,8.88418109863765,17.2129510318907
"ENSMUSG00000020099",69.7006233781133,56.472541879421,79.9859787454336,62.8751047211829,78.7551789464114,100.630989264538,57.3568636894602,103.223860030792,63.1298361149255,73.6964055951055,90.2848875531282
"ENSMUSG00000020100",76.1710557641614,49.6474729440825,55.2040261624979,69.9989088360955,44.4204313756041,54.0971238505824,65.0616901406968,77.3034126463013,61.3169021699303,55.878345898648,107.673578461994
"ENSMUSG00000020101",120.032150010758,107.662241799457,83.4348231217527,76.940327760413,61.6334131137526,106.169538031543,82.9016991904312,64.4248431610224,76.3436346801213,79.1107323353119,66.8812772812843
"ENSMUSG00000020102",6.28912908495731,91.3865423980756,10.4493349904083,11.6310936786358,11.7134161518506,11.1737395759985,7.13035780660968,13.9451086116706,154.852127163273,7.12596788717901,2.83791229321192
"ENSMUSG00000020105",281.526132275968,293.518354183056,338.16844558983,337.483502309062,302.064172424866,294.931592223154,280.993368856147,393.232858150643,387.766863230455,408.120198425162,362.186191357991
"ENSMUSG00000020107",189.955512828586,234.725233133522,239.540415608181,270.949790263449,200.014470779279,266.84122835714,242.46930129488,179.669334749696,213.982507474376,192.932939732852,244.211669851654
"ENSMUSG00000020108",814.153404628329,1803.50535194511,1083.35896963907,3461.05958306198,1469.13163088097,1257.03421666318,1225.5945475981,2090.87560688769,1205.75475717265,1470.11595479279,2123.54620343334
"ENSMUSG00000020109",389.212886130102,400.971199455845,427.408713800598,453.117886633057,427.956233781471,443.53027792506,377.494892545314,525.304608042958,387.382293451788,467.647394554468,387.639127866986
"ENSMUSG00000020111",543.781095659263,560.740263927057,562.813943239663,524.365337659216,506.089692685895,531.478983170447,527.123378253532,583.374054878329,469.238776853563,540.810038298282,503.852247924819
"ENSMUSG00000020114",927.140051982372,754.767328767698,848.704477255839,743.35714580686,869.340940919113,741.3897699817,813.921244575979,866.269256559007,981.804840416684,840.778516573674,935.07692994624
"ENSMUSG00000020115",1111.91801122177,954.841301966534,1106.49906530826,1175.86374733879,1175.95941599996,1011.75890521982,1061.39342824946,1334.92770225398,1350.35185126025,1253.14638929145,1202.17369892223
"ENSMUSG00000020116",341.404531505465,326.259800832422,321.286874587533,359.122669842279,352.714276503016,394.904486480555,343.914391037914,345.777017253387,329.621748462946,279.752143640503,373.243241187829
"ENSMUSG00000020120",33.5444588741257,80.9869605677627,26.8145876915059,11.6837357056379,30.0349631621282,59.7377896665713,27.6379378056974,32.9077396461723,36.5919296273093,30.69101643228,25.8560681321436
"ENSMUSG00000020121",9.06828950936434,10.6326246848489,9.61392458828844,9.91129843834757,19.7664699548423,9.07247038716026,22.2041202288466,13.9833553624166,17.1569486322213,17.0626347991115,9.12500243037713
"ENSMUSG00000020122",489.598846343611,283.057662972679,426.261226784988,318.714865071928,368.582412888842,371.99951281645,330.093859468613,319.508798317243,292.329734792974,261.915327333501,365.923426921325
"ENSMUSG00000020123",3.43880544654419,1.07731573038847,3.54704209260135,2.18152929613836,4.25167392537321,3.84854886854642,3.07862031317368,0.985680296939286,1.88511253470655,0,2.29251384819588
"ENSMUSG00000020124",1047.43988436814,950.911614974273,1036.05896934034,1111.09979539981,1027.39323863838,873.584479002883,1021.64672716903,941.129559196036,1133.26627231602,1077.58288294143,1023.31771939313
"ENSMUSG00000020125",5.46137229758993,3.22507407607915,2.64823109271915,4.37713620753029,1.06594600593803,2.57639845484185,4.12531408237929,0.976961310798445,5.61275394496732,0.9501435592493,1.1470925322717
"ENSMUSG00000020128",1296.64020555961,1370.51516719809,1426.46178680999,1440.9664212324,1309.93326619473,1331.30411689986,1409.65509827127,1531.84680787767,1468.55685878396,1376.63367013666,1668.92699244701
"ENSMUSG00000020130",775.638177811086,682.644696558803,820.575484253572,935.365829062711,1059.76338655488,714.553697266605,929.084191502574,910.708172363382,898.102621463944,889.058837120949,775.918631196073
"ENSMUSG00000020131",38.6879715055317,56.1787264559522,63.4193992115873,57.3332337987594,74.4132647584737,98.7657431189243,58.0566810156851,71.8236459496168,73.4050880808728,51.1236336006614,71.9249064836782
"ENSMUSG00000020132",285.519679590593,305.102574437724,324.074419034148,300.650422486467,344.620772030523,255.398180995854,368.259275672395,374.499673322986,331.849816494292,309.184356974823,278.40743917805
"ENSMUSG00000020133",106.451279058323,117.176747095415,100.335533827977,123.57375221882,97.4838544238211,114.23293887119,112.809739600183,91.8234981499245,108.189497533754,90.5847966791257,129.600740616059
"ENSMUSG00000020134",464.850309237938,432.332081231897,506.598953514081,361.221226087697,479.300831577398,433.310369342963,446.978548092816,455.684802470954,371.662862534363,410.742658192399,419.613953187798
"ENSMUSG00000020135",6.92890202474008,9.66295224419487,3.57336674151648,5.43705664857841,4.26517719347354,6.3291539088287,5.06632489400979,6.93934371459105,4.74924410783388,0.93823909640112,6.87137906882142
"ENSMUSG00000020137",32.018655668709,32.3313610400124,23.8668498304779,46.3924510651192,27.6964864628037,29.3058610700264,36.19580178655,77.7667088190005,52.0589932169527,40.9299551222822,46.4923452338966
"ENSMUSG00000020140",0.681146287877458,0,0,1.09227637168319,0,0,1.02939264537108,0,0,0.941594705360593,0
"ENSMUSG00000020142",529.667936274838,587.062698257721,316.167419869959,559.023728359473,832.076020681156,658.894436788369,463.540692147948,921.340303170025,708.980598325728,519.57693655012,531.550231375221
"ENSMUSG00000020143",229.969999194995,419.335169436092,69.3118112254988,91.4086998122658,106.528760575357,343.447139714561,56.2080298786567,99.19883481399,114.345190885114,175.042944987338,83.4672654506114
"ENSMUSG00000020149",2879.30151816437,3239.92508266666,3088.64559584979,3154.95977181783,3253.1831794053,2951.67677145955,3124.61223689433,3318.89550121836,2856.5466518601,2918.90952123454,3053.19762024323
"ENSMUSG00000020150",66.1079786418677,61.9602138122779,62.6065936846239,61.6079634208897,57.3954978665725,55.6304631368169,72.363433725097,65.8624906556252,41.1521615420297,57.9577426343303,62.2065516893783
"ENSMUSG00000020151",0,2.15278318073649,0.884703402860624,0,1.05486010322433,0,1.03049590679554,1.97136637210264,2.81548554889743,3.78784923971325,1.144356012049
"ENSMUSG00000020152",1582.55381472082,1511.6285189291,1577.88496499226,1527.03594652783,1622.36008147445,1207.34751802507,1472.39529226117,1332.13934340561,1541.51571833265,1539.87427192012,1621.90427648215
"ENSMUSG00000020153",882.890578514877,1149.23500293742,952.127218285839,1157.62911850666,928.355991858569,1143.79136778499,1131.7373152192,1162.0461207416,941.100074001997,1081.93505134192,978.940778497934
"ENSMUSG00000020154",343.878930946744,245.676453960038,420.738411807627,368.831796274308,389.31912552862,228.605919948281,409.5425554831,389.033907050437,530.493511386051,302.07741672337,506.559885955775
"ENSMUSG00000020155",19.9724039603864,23.2671722082455,20.1924035929296,25.401367469101,21.3322957784793,3.8703984375108,14.4951010852319,16.7063973852818,18.7024687601187,7.70636765042161,8.12981730694366
"ENSMUSG00000020156",477.766978662156,562.452065516211,485.389874917708,452.199474587288,472.839945082697,648.588336707492,503.067037505719,478.043302711975,515.227387526236,481.348972668164,560.102130532215
"ENSMUSG00000020159",0,2.14563259979416,0,0,0,0,1.02363171204466,0.9924459215301,0,0,4.59963625105777
"ENSMUSG00000020160",25.8020693861437,11.2232012382211,9.23313369391877,17.4611422295548,19.3093321267499,13.352037675929,17.9587824892322,9.34155632037051,25.7953187941494,17.5644935340711,27.8508153064275
"ENSMUSG00000020163",327.721152132983,439.821186090145,406.14114576816,342.127601943426,316.337983466794,403.802355290978,398.521907565487,459.576860400539,366.397236160845,327.728430851868,370.647697089943
"ENSMUSG00000020166",386.820602892756,552.217883248834,459.78109263431,578.505885681791,879.875017815456,547.62766665847,450.745532069588,505.516882845179,708.364591380775,830.602556399618,886.157671461694
"ENSMUSG00000020167",562.58560886616,671.49890038186,611.174969658096,696.776317840711,590.085190134067,784.213602101417,564.284568663544,573.588089860127,647.790108353406,809.401843373868,732.460416283217
"ENSMUSG00000020168",0,0,0,0,0,0,0,0,0,0,0
"ENSMUSG00000020169",8.27504682726693,6.46867790744205,5.32711012974336,8.71367536253711,10.5772487930621,7.68472034709652,5.11277961338149,20.7842029245,9.44982358712265,15.0100312247305,9.15479626513067
"ENSMUSG00000020170",129.939693768136,113.26249329327,114.275425807906,127.053686809849,149.441466151762,87.326357466587,105.017038070802,154.251640944844,133.637711837409,142.596299300832,157.66874814717
"ENSMUSG00000020171",448.40476203585,447.921663727824,568.029519711534,1231.43553407157,603.87661884842,538.104550356218,552.37915656859,507.891382596399,508.036744891746,609.489542093573,582.816888399731
"ENSMUSG00000020173",666.009445361898,483.561008244359,744.441164260844,675.019775486017,702.314247588307,796.074881801823,605.614955870815,953.839921615185,729.647299367933,759.875613339151,810.931003033717
"ENSMUSG00000020175",1.29280998729145,1.36052762213026,2.22430471075426,0,17.277840593175,0.819051188737694,0.652739779277022,4.81774718519858,1.18469844675497,0,0
"ENSMUSG00000020176",29.2041472917672,18.0768632041359,67.7852731888437,137.439122957141,28.9701192301162,32.6390246585827,59.9037526400015,30.012868230876,52.0523077861934,26.3774911012006,71.8071871704225
"ENSMUSG00000020177",0,0,0,0,0,0,0,0,0,0,0
"ENSMUSG00000020178",43.2529926076327,50.6563673565155,31.6901308785867,14.0959760470021,89.2634451660572,20.7893928765532,89.3043695955894,60.8630901392859,17.2534237305696,26.3984477455966,49.5987610813025
"ENSMUSG00000020180",310.593440141409,364.697131182397,305.860980983004,292.538984850947,293.650943249922,348.666355674227,321.581370532931,305.022401568993,350.150163845169,274.06252089553,330.766571965232
"ENSMUSG00000020181",116.75846990049,58.5327383337827,90.6221250765479,41.9895696869232,145.056679836394,52.0817061763222,74.2588814987261,93.3174025937605,83.3716738090408,116.994725152436,81.7814071113305
"ENSMUSG00000020182",1.17958556501427,1.8367517651323,0,2.8015660075113,0.903855390075387,1.09697247166024,0,2.1660932951321,0,0,0
"ENSMUSG00000020183",6.92866576475034,11.784953167631,1.77476058154231,4.36086528487691,4.22636819606859,6.37144100476537,1.02194859266417,2.97644396545947,1.88751692020898,5.64819668161737,2.29626932985412
"ENSMUSG00000020184",573.043977929165,549.992231947871,539.615916138676,525.862976888776,630.633607572224,578.244012873359,551.182501789413,551.779310351629,494.025532644144,580.30915094822,513.138160864491
"ENSMUSG00000020185",3.70377736789754,22.096332373651,3.80181042763784,22.254191930327,2.83028750074876,2.75204976338459,3.83349315686012,4.2375891016042,4.55585721871506,18.7079600517468,24.2979018155443
"ENSMUSG00000020186",25.4878442416499,29.6926582833848,28.867328820552,36.1672092914866,35.2931962254462,24.4888957867192,13.4826209365377,33.4655429083603,23.4313195568348,27.9910035942948,34.5594789229696
"ENSMUSG00000020189",170.18810003736,124.888931846487,160.656923479461,133.788007507737,109.238533868406,96.9346300359123,158.736725160003,108.315576749624,154.084019071501,115.131537579544,140.763829942943
"ENSMUSG00000020190",3403.43359545795,4334.02523133651,4790.8370218315,6444.65075963075,2905.95169055597,4086.79795814147,3989.35961131648,4148.4612990855,3825.90183313473,4324.33652602886,4931.27818784661
"ENSMUSG00000020191",3.59999993859577,2.92085259241053,0,6.23004794303109,0,10.8529312960643,1.00163817428017,0,0.441199339921291,0.915981076500757,1.61911668727349
"ENSMUSG00000020193",2.73613907276318,0,0,3.29535410014251,1.0531513647639,1.28922577520839,0,1.9660712227402,0.936636065298093,1.8975272162598,0
"ENSMUSG00000020196",1234.97314010316,1249.76147334286,982.835911630292,1147.6942515908,991.908228413213,1400.33612259673,928.996317672351,1006.7905339097,1159.10405167613,1088.69349951662,1612.99872799921
"ENSMUSG00000020198",3240.12918021473,3657.66793844744,3872.52278431606,4017.93673924712,2664.46299476938,4303.53342810271,3507.28063638672,3870.51948904871,3563.0512226168,3494.52277966573,4050.9022178842
"ENSMUSG00000020205",552.419976628344,216.975760176966,395.372197697424,92.2500849642259,726.278694378796,144.213746332234,446.658348905834,207.579254821262,118.995684677955,225.028899211466,94.9796304129049
"ENSMUSG00000020211",474.433824714045,326.163464331262,234.394248733606,492.315720319076,411.62991135808,458.304848232759,286.909134717448,336.548377076118,310.322502866864,328.944775867835,293.024362613588
"ENSMUSG00000020212",41.3601954656123,37.5068350604688,48.7023693610964,21.9202331495196,43.6190878931305,31.325939223518,31.7187580217431,29.8645112189208,25.5974422981345,23.6803093025372,26.9463221812461
"ENSMUSG00000020213",0,0,0,0,0,0,0,0,0,0,0
"ENSMUSG00000020214",0,0,0,0,0,0,0,0,0,0,0
"ENSMUSG00000020216",91.2708817350412,4.89526076867903,4.96624941800179,9.17424347259258,27.8495237233656,2.92078797118299,2.89414768287251,0,0,7.11872471228535,3.91174757940222
"ENSMUSG00000020218",4.07967579055737,3.17923051620551,2.7650573501765,0,3.14145353080787,3.80925273945504,2.02688168923139,3.92406868916435,1.86864902526041,0.983859075702554,4.54893678147718
"ENSMUSG00000020219",459.881067832875,496.226822273349,486.457042503324,530.092844773023,484.696470471388,519.189662427847,531.087212081428,469.353368001042,421.038557895318,449.941703921682,454.169800592515
"ENSMUSG00000020220",1057.31849571924,991.179130885525,1039.07357108432,1170.83973704738,964.352771546742,1041.0676734445,884.058378202499,1128.81026807635,1155.30843821268,1008.78918281552,1101.09282547687
"ENSMUSG00000020224",429.748102397873,508.889473522714,454.404301418157,471.251661750722,557.358837512562,447.810919326558,460.517061387947,409.719362105115,459.54184530597,479.567677637332,491.080800103188
"ENSMUSG00000020225",690.80190185432,832.969588944565,821.535172886601,829.613145051399,677.628982490345,590.240380526459,768.521661662664,723.324706881037,858.676154989921,716.691236804488,660.379585662506
"ENSMUSG00000020226",0,0,0,0,0,0,0,0,0,0,0
"ENSMUSG00000020227",39.2190651888418,43.8473314937292,30.9661724225912,40.1614598495844,52.389263002657,34.0843272342411,42.1683080876373,23.8045931634177,38.0628895942482,30.0954053076365,27.5408161454964
"ENSMUSG00000020228",182.609406350748,190.548130527911,205.81945359792,218.555793095624,244.014648515303,156.708797697106,211.687711001665,186.710574261779,246.647956100678,172.267991475036,226.08625832209
"ENSMUSG00000020229",0,0,0,0,0,0,0,0,0,0,0
"ENSMUSG00000020230",126.412695594556,142.571894010109,180.793985306915,130.774228098328,136.029881354373,109.889617381237,133.007780668888,138.218116303397,108.647686428842,159.778730562014,80.4021885570092
"ENSMUSG00000020231",392.487106059307,375.872720938087,440.762086009562,351.437793606242,474.123397793494,413.490931599276,627.224885990043,442.05397301459,525.742255694952,610.23368345471,403.693760600253
"ENSMUSG00000020232",751.482694915672,719.788733059863,883.738524460118,788.340903564456,838.199902717784,867.950077722739,807.334410770038,761.000137584482,660.667596723557,823.452427490741,797.732037208386
"ENSMUSG00000020234",0.448152423736781,3.03255191686438,0,0,1.59499564006388,2.61246244337457,1.55480974196448,2.07238689264854,1.36797393475216,0.652988965592394,0
"ENSMUSG00000020235",607.478058266439,512.944716441193,572.271741926584,561.138746083142,421.30069891121,593.372245076024,541.419448876494,607.80341604959,528.17652399104,565.342503077439,655.439538136055
"ENSMUSG00000020238",573.281511982118,743.081421351645,569.545457165883,623.080734695605,614.379800285428,1229.96097878182,636.315605123323,801.743660291511,727.825236108956,564.052989380698,762.430511823988
"ENSMUSG00000020241",826.411570236856,957.621982857961,749.295986158153,558.574211526849,1315.67327906284,448.687640678365,556.25688928952,816.371116229214,761.045509840751,613.72428237909,515.137455490518
"ENSMUSG00000020246",416.609480358084,395.361499659491,393.670016213181,401.187750214703,330.205797267627,373.95767643394,449.158377862344,411.054696114402,378.710964187318,410.850339010359,365.13255348627
"ENSMUSG00000020248",113.627439856477,83.845744050632,85.2113840904368,70.2896927936475,108.053347021535,87.2916232888954,111.894957504776,80.1968695005885,97.6343678321874,85.4066489722656,101.495030486577
"ENSMUSG00000020250",1558.31995389678,974.054294781125,1142.74976263452,963.287845575733,1554.46010581902,942.947101325698,1148.05092821988,1042.44217559618,985.728769114244,925.426558156726,1350.42703804159
"ENSMUSG00000020251",1.39109435778189,1.07352627390548,2.67400886388103,0,5.31982980714444,0,2.05726488458911,1.99252470207205,2.8407868097585,0.900449311809975,1.15708177379314
"ENSMUSG00000020253",743.29439910431,1033.26681510212,793.159723030583,1217.14403140983,691.911733114842,1276.31075117399,599.788925233693,1141.76768449175,735.125177417718,939.021349507389,672.181610024718
"ENSMUSG00000020255",56.2583171599925,34.9077399143216,29.0028711679207,39.6765449013686,53.5229588556606,32.0901321076355,49.8022456945898,31.3319541825465,56.7613917761615,49.1933709375522,31.4039093516154
"ENSMUSG00000020256",132.629443612934,148.380706767735,121.557999054408,192.164789609971,186.404128191847,168.848935425304,174.86167436224,179.304909696977,100.467246434827,105.90002824887,325.468245265973
"ENSMUSG00000020257",223.665493340681,144.312705065154,243.016900586647,147.220162458309,179.402914289466,340.092891351722,242.197839482938,133.550623477473,199.384882188322,350.597367056131,235.727711355741
"ENSMUSG00000020258",6.58455835456873,7.49282179531482,7.72341120111491,2.83262629179095,6.49565088065308,6.62766362635862,6.21865361869899,5.12006345203455,4.09142963331689,38.6342864538743,11.9475935069274
"ENSMUSG00000020260",359.988654768065,398.292233898212,336.474759437574,322.643346664766,353.675988579636,505.410494459999,335.015863477002,426.119303567708,381.983887353535,418.541789525278,387.475333673468
"ENSMUSG00000020261",83.8130721967377,62.3408792809576,83.2334673292901,72.069916976089,79.2735458686457,89.9967323127759,64.4709500292146,78.1660952492468,74.6173333795129,81.9114731257805,78.9811269495995
"ENSMUSG00000020262",29.355835814427,16.4727919028853,69.8150120644018,22.3954497120221,22.5029229873676,57.21692340558,26.5624783896688,29.5279864205662,78.8895673497511,55.2061943300186,70.0678116820613
"ENSMUSG00000020263",1420.11682030656,1522.30926240166,2202.18223005611,2616.51528055223,2129.8735007244,2177.47973701282,2181.60158581582,2578.62986815133,2296.70474241569,2869.03144517852,2504.26168051243
"ENSMUSG00000020264",298.396144612174,145.123137123041,152.953947931046,145.577509481486,222.953281561198,202.83119141354,227.388363576415,155.461923205521,172.110838763838,163.855078359297,119.014665766487
"ENSMUSG00000020265",266.596640173093,264.06439829877,324.820735436103,291.538071194012,365.117147236831,427.659218250452,474.753225900923,346.680300580388,243.093464874374,291.839425691276,250.466982604294
"ENSMUSG00000020267",643.05993172338,750.254589165082,824.049510956218,742.193167342193,725.096132979693,788.265554215931,916.706213694267,682.604920923304,788.490707767771,797.570027571008,827.533265076386
"ENSMUSG00000020268",7.41234881247651,14.4591752252096,6.22816954170311,5.16655376184878,14.2400207556802,1.96745695250588,6.38189586440773,19.8819702960821,7.16158620485255,3.54147416974003,7.31964530509452
"ENSMUSG00000020270",0,0,0,0,0,0,0,0,0,0,0
"ENSMUSG00000020271",1837.25492646302,672.044057436014,189.210525656564,199.696360215578,700.91727545466,163.288358728391,1622.62691095416,1143.40197570285,174.000727298568,187.376384713873,1275.9239186067
"ENSMUSG00000020272",99.465302143005,201.582687794679,42.5311769658621,60.9516988717425,94.0108355682133,169.246989585435,50.1562687630537,79.8527328036198,73.6544506776553,95.4441069647904,62.6072356713124
"ENSMUSG00000020273",160.09189340282,147.54113347747,195.911254974822,172.317960011798,162.511921071109,117.353668525778,206.571917967387,247.380173509256,165.394568983794,166.493734914682,164.217022530182
"ENSMUSG00000020275",37.4639378039435,25.0538538663264,39.0484130769226,19.7670177701346,36.5773114961956,19.2518828111162,33.2435428674123,31.4195807807259,35.4595771190429,48.5320967395178,22.7651725046442
"ENSMUSG00000020277",10885.0952227232,12261.8228771793,9574.25616344064,11739.3071270314,8442.24609031594,13074.2004835145,10090.7571736984,12259.9750681674,9343.01188792702,8652.79365460494,11235.3929749964
"ENSMUSG00000020279",4.11235792634612,10.7702425237831,1.76826347019976,1.077699787348,1.06143420948544,18.0640259884998,1.02874597437887,0,0.947289321113617,8.46909687300871,0
"ENSMUSG00000020280",328.145878227381,288.820617943803,348.509246918686,343.223645029749,260.477371210311,290.96946700821,310.55707293382,320.505342918931,388.149701721564,331.696360718964,350.667013952809
"ENSMUSG00000020282",1213.62049462986,829.924641422985,1564.2554745009,1441.59733502688,1212.80642972764,699.814172236487,1037.22612740431,1298.10436513985,1264.3301200377,2299.53262538934,1061.74096721945
"ENSMUSG00000020283",477.871331135324,438.17960369739,565.124082579418,518.75214957117,503.786630470501,448.007887145601,534.002717087743,470.235682828607,524.492616064453,472.047343777162,340.354106874042
"ENSMUSG00000020284",144.520662054784,175.187038253965,174.132555520029,160.671483754819,141.704008146698,167.888318311465,175.741726250493,181.439622860274,142.149960887604,146.272417586063,141.836430264481
"ENSMUSG00000020286",0,2.22307992856081,4.59056872302038,0,1.114939148491,2.20560012431987,1.09174398148598,4.08395078648622,0,1.65315074691047,2.430670824264
"ENSMUSG00000020287",309.714817439351,400.532956316995,340.177051941895,489.784471501915,310.496998203265,356.401708612023,388.824189070488,419.314209407892,454.711927296056,442.717975990217,430.740969600444
"ENSMUSG00000020288",478.660720506636,535.793515646224,491.372613274979,518.173336603287,425.220896952298,562.860252451388,527.036097346941,548.57200357615,457.869338727553,439.886910382707,422.184844221619
"ENSMUSG00000020289",292.623660659893,235.424354354099,214.884622756075,259.901143372378,219.909129460143,285.143179183364,212.179359986395,235.42927337174,270.850046570104,217.798111380868,283.563649175036
"ENSMUSG00000020290",1289.70478980692,957.904492680116,438.300919715413,500.414300973876,978.904278414575,467.443357491457,445.582022921264,487.718779042208,551.065805630003,442.687134339801,1040.43428447256
"ENSMUSG00000020295",1.33955924610407,0,1.78410129482102,0,0,0,0,0,1.87110912490895,0,1.18440506945019
"ENSMUSG00000020297",5.94786367175538,22.6425108287283,0,0,0,14.797221504577,0,0,2.40779059903082,5.83577977415788,0
"ENSMUSG00000020299",0,0,0,0,0,0,0,0,0,0,0
"ENSMUSG00000020300",524.140385588052,430.675167492764,683.896086706149,639.927581252035,493.213399617701,224.687440084109,664.426779342252,439.469960611785,506.282293421494,486.570733625084,523.402128754549
"ENSMUSG00000020303",657.365067510206,462.105874284195,810.087447397891,447.087235524822,519.735349914357,529.208889621739,633.111492404238,422.428918990069,756.522205603311,494.576291945029,722.283012659244
"ENSMUSG00000020305",90.5820608744618,101.033733801747,81.9964758584769,89.4060862834236,103.942321488084,88.1727173108721,117.438707641688,94.1287886386122,105.22586440485,92.2761902263179,59.2494904562843
"ENSMUSG00000020307",1277.0282292247,1567.25041407394,1155.03070380538,1477.08074101197,1124.68406292668,2134.24543588737,1345.23388532448,1409.34686399231,1174.28341116649,1440.83234230307,1544.72235059686
"ENSMUSG00000020308",254.427408473244,244.446787491633,320.26493324919,274.57505714552,225.886873139695,300.266396187386,261.608548651089,303.378546540943,236.566757141366,286.25567098561,252.472586837103
"ENSMUSG00000020309",26.3617338126779,22.1484925439173,43.3620918213745,32.1585972706478,27.1317487619314,43.1454840194198,32.4684080932837,35.8444589176292,39.5611290576287,31.6728305498923,29.9826004013892
"ENSMUSG00000020310",48.5287830020791,52.1170315727707,66.571632509823,37.9328927567461,59.2745540412809,106.457246126395,93.0661978507478,54.4210977296317,76.6879963015814,62.4329972784006,54.2335092287077
"ENSMUSG00000020311",734.52710369135,1000.89817108035,797.410260270594,899.281123644064,833.521457942957,1014.73616271256,877.492568760289,988.726697919441,967.324854347068,858.003532425919,869.885496525312
"ENSMUSG00000020312",14.4825837961045,5.41432157058402,12.4196440933228,11.957330992684,14.9051819958968,7.67568852460692,3.06666385320914,12.7886154464386,13.2198041469015,9.37334872620369,14.8911308052601
"ENSMUSG00000020315",3409.41137202987,3028.63324877773,3510.34862233159,3674.88603327433,3734.92841694987,2609.96369503197,3572.36089633498,3883.45097317982,4111.72397063249,3435.44774260573,4022.0221448659
"ENSMUSG00000020317",0,0,0,0,0,0,0,0,0,0,0
"ENSMUSG00000020319",150.665139060036,66.1207785699707,82.5575982106273,79.0470683451668,85.6862854413739,81.2328320750776,158.935069448618,72.4710111322068,135.167641778741,76.4657653197585,170.93198504723
"ENSMUSG00000020321",6839.31910761337,9390.12709710736,8051.23393598737,8556.45768002713,7766.13783741744,9101.91845117233,8683.63780571836,9277.36909919038,8248.08769280376,7712.14135428374,8931.029346763
"ENSMUSG00000020323",0.516025298742254,2.43106599829155,0,0.824633982224142,0,1.92837453539402,2.32929921086194,0,0.706663159675048,10.3691621947955,0
"ENSMUSG00000020325",8.05412346281329,12.8843512715988,9.69848554122889,9.82704148417588,21.2784558238051,10.2935104040117,21.7362454388233,17.7243110273731,10.3365683925922,12.4553635223855,8.03240684697005
"ENSMUSG00000020326",1178.159361081,934.513772427716,932.739197745465,999.296834291735,987.333870873244,1089.35929419411,705.835666074563,1040.06232511633,775.773307658385,921.012378073292,731.784394917349
"ENSMUSG00000020327",0,0,0,0,0,0,0,0,0,0,0
"ENSMUSG00000020328",126.49572514443,148.654671635648,119.891400845674,131.738786332293,93.4306718823624,147.164096335564,129.857195394033,122.103829769913,114.515820674433,104.982268165822,193.201475364158
"ENSMUSG00000020329",619.330279026183,627.135123368892,572.097274510922,588.970401540109,530.909414337473,691.405894889532,604.548488883919,543.480593752332,609.494490342772,603.257746561158,722.68542077515
"ENSMUSG00000020330",18.5189334750086,26.3546191940487,13.4020878136155,21.8818392801109,14.6225961595401,46.0526421664072,24.7138607503418,36.2719195167013,21.4586304827712,12.2568536029315,17.1712549978884
"ENSMUSG00000020331",10.344989341941,8.66945167851961,15.8844686864165,14.185313485704,14.7424871462446,21.9773217208114,11.2067731238961,14.7802778812391,17.0492535989929,30.0181679701367,17.164856688748
"ENSMUSG00000020332",0,0,0,0,0,0,0,0,0,0,0
"ENSMUSG00000020333",59.7369295577458,296.939533277317,247.553006443201,498.881352627989,197.496136572607,574.336582258342,153.351559373412,510.474006596561,352.692457973435,308.544434012928,276.693018054414
"ENSMUSG00000020334",31.8379535113444,23.6129893101606,26.6360463784057,22.875878067403,27.5031465490708,29.3659302414727,26.530059005004,13.8892256485034,22.6977190099724,18.7710991710719,20.6433134581136
"ENSMUSG00000020335",9.51852890854348,4.380419962692,5.33373092352804,10.9781756886638,6.28456666808677,5.13135046723258,10.3698567567401,3.9114938126234,12.0865677092111,5.69130151325241,3.43591571679313
"ENSMUSG00000020340",76.1761629650127,196.567660415241,12.8872761402069,34.8344490040924,50.0591915836186,221.88217745916,22.7694500998017,37.944984174979,37.5950192767202,56.4020559861316,22.1081591280647
"ENSMUSG00000020346",799.964956915545,824.317602787985,734.156582500037,799.352665425319,821.224543090825,1067.29827637147,817.700929854292,940.549824788785,795.796384240299,891.617293657638,663.861074934159
"ENSMUSG00000020349",1616.79440094222,1405.59605675356,1716.10879356001,1607.37222890598,1837.25388742344,1503.82880309437,1580.86424589273,1616.82759846245,1641.64744500089,1708.31773162382,1751.78701875902
"ENSMUSG00000020354",16.1123525109312,10.2143846761794,11.7902617604796,4.21289341321267,15.1691835678112,7.33478470245714,14.9499794532126,5.60208922752554,2.66060693192976,5.51035814953725,8.77305745546869
"ENSMUSG00000020357",36.7695482132283,29.3132787606907,42.6155790045305,51.0538876750582,49.7441282323837,42.4910382312313,48.0663324558605,58.1086058305982,40.608458396969,55.9942539984304,62.5881786486206
"ENSMUSG00000020358",3724.60365263537,3397.40810662831,3278.70838906495,3503.04282076148,3659.42778638071,3703.87576342525,3881.96782861455,3289.78716898606,3335.23794492511,3564.26442765391,4105.53271018417
"ENSMUSG00000020359",63.6442236726438,102.526144298299,69.9456200780018,86.525902926483,66.3793819802345,89.8755748812234,67.4542806303141,82.5868885465083,79.8386948835938,77.3405712313666,65.1268554460245
"ENSMUSG00000020361",3305.25391718035,3036.90406832842,4075.98862882548,3344.70488536972,4507.57449595777,2898.62054395472,4300.60678007565,2807.52121020127,4226.09310597432,3769.93891259007,3943.95317798322
"ENSMUSG00000020362",403.272561866203,402.916233502552,377.94202093265,367.921266430033,438.054708547827,312.691619114114,447.682964304355,259.62638107426,412.370519500292,373.869869713978,426.805270780504
"ENSMUSG00000020363",20.7330575987794,22.5511682511107,28.3843654784163,22.9043776388327,45.3861174404083,20.455790009091,14.3173671332565,26.7830979436715,16.0545929559292,12.221701135831,24.0645267339567
"ENSMUSG00000020364",42.827595532148,38.374800431987,59.7436840267305,51.5483905362993,66.0329084760019,64.0651314982773,62.2320515138199,64.5567212547668,51.1475352797035,50.2082339788781,58.28830273451
"ENSMUSG00000020366",569.891752861039,622.933451773406,659.277689973625,702.677244469312,589.279769946423,616.227496939655,781.780292828037,741.208477895327,701.992134232435,719.67471807012,577.429414555628
"ENSMUSG00000020368",3008.60502932112,2916.32332009817,2668.14783625953,2672.34047035337,2839.50565484555,2622.76012072948,3049.56828185244,2835.71528872374,2608.80755242775,2468.79970682334,2582.84506534199
"ENSMUSG00000020372",8729.84830655804,10920.6618895476,10277.1354730639,11087.4505789645,9515.45008989244,11012.7883930833,9963.86769342514,9877.610259033,9989.25979334794,9109.46835762601,10354.7118051345
"ENSMUSG00000020374",3.31953612169544,1.18555000583055,5.1757809377639,3.18344405668918,5.16144408819299,2.82675860179124,0,0,4.5887333952709,4.57326109859104,8.9154565055607
"ENSMUSG00000020375",570.299915531216,559.358039224406,664.461053338405,648.824173504946,617.960432722795,640.607835322786,617.808035979991,641.291343792777,670.891536217579,674.474088950874,647.933040729035
"ENSMUSG00000020376",2430.8300927596,2866.94609571715,3639.43235832778,3772.71468425264,3777.86598920363,2716.18664547128,3963.72603325316,3394.20466859904,3611.74247137057,3592.0353737111,2528.14092224413
"ENSMUSG00000020377",23.6495638837206,31.6181238500764,14.5044589599902,22.3669687369191,43.7438709531596,39.9570269419433,28.7556268940017,29.7002455554952,21.3027098488269,32.4610753927432,19.1567516725226
"ENSMUSG00000020380",274.976358116368,317.272181606881,290.412329903329,284.199941875736,306.058622245063,227.703956890204,262.081452058662,298.164319529351,327.499067967526,363.028534081052,348.801705916724
"ENSMUSG00000020381",24.9025164512903,37.264132015899,51.8351824852427,49.2334828684142,45.9008925896586,43.6520441111798,37.6333234978292,46.4775314932305,52.0702779198813,32.8206193528471,28.6812139136353
"ENSMUSG00000020383",0,0,0,0,0,0,0,0,0,0,0
"ENSMUSG00000020385",715.04334590017,893.311284387576,695.690158968142,714.08800251983,734.381395036685,631.176693455828,804.823311807227,750.120205587811,693.389358643702,830.677358569445,790.828290061524
"ENSMUSG00000020386",618.225410894155,620.300667668945,589.191456234495,652.257589336616,642.97632156911,655.149088280225,595.712687307308,703.184759371847,610.56862220692,590.123117829088,609.937116895164
"ENSMUSG00000020387",31.1236012700327,68.1914505799169,46.1686571226051,38.0686510047809,45.6300302447357,69.3188050296494,41.9544482946637,30.5215321185245,35.8561534414999,43.9869449473768,51.3591724242869
"ENSMUSG00000020388",181.678460228442,156.935513941533,202.608982758097,141.47888566821,208.294598031692,86.5855064937673,151.696112732325,136.952744505903,182.738052034376,117.838737410106,198.293825077242
"ENSMUSG00000020389",9.80616525507009,25.5417016304517,6.30815506127619,37.9043293486324,16.8896707570088,3.37748019516908,11.8316371512504,7.11462325793089,22.253887665167,3.56312350039733,9.05350849434511
"ENSMUSG00000020390",462.82991021346,525.443817649279,549.874541338032,494.756140239604,653.853026321687,455.753778942069,603.722218521668,510.686690774975,501.889159300281,574.733039957375,373.43304430994
"ENSMUSG00000020392",57.1597602262294,67.7705937587612,49.5046476651678,53.0667365636897,42.0511561596665,73.2722602442157,64.58814273547,47.2130563660972,56.1969199475044,67.8273283043216,67.911835186918
"ENSMUSG00000020393",77.0322686687694,58.3096841517888,51.3726098174981,57.7916656919547,68.8658561153496,70.8520761836026,45.0969852368432,65.0101033606427,105.605974778976,83.6280796728986,85.6489150023676
"ENSMUSG00000020395",19.1190292958525,67.1035080844023,7.90484709709783,1.08164293645846,4.18172104440159,47.735720799389,10.1449378372755,5.89330078364907,5.61333179657264,16.781270893587,3.40357794504853
"ENSMUSG00000020396",3.44760511437117,8.69419441597494,0.884929011274056,1.08608433740103,0,5.16726163449089,5.09919037193113,0,0,5.6006186570429,2.2863961049224
"ENSMUSG00000020397",152.466171489119,211.794926335631,183.115067335217,164.530125252694,162.918304510227,76.7548786902487,186.006269015302,109.883640733633,139.650566629323,137.073485506958,181.331955123606
"ENSMUSG00000020399",14.3292809037621,13.6138494460996,23.1387104709318,21.5783065246179,15.5073395270548,13.7502662365337,10.2364051726921,12.320863338261,13.5073210450481,10.3576647837626,11.1867095560369
"ENSMUSG00000020400",308.095359322425,347.938284950214,173.799196796432,175.726182675475,251.557594832866,391.197795393661,156.228215375921,215.940387038106,187.137820749369,268.536194852681,151.63550156552
"ENSMUSG00000020401",6.89697325217424,9.69641143424222,0.886738305665539,1.08850040918773,3.16686212965723,17.950839284849,0,3.96917227515946,0.946763711685045,1.87694752737783,0
"ENSMUSG00000020402",1742.4192092171,1866.57168485841,1892.55473615505,2126.34852243504,1770.08693575061,1513.31353169244,1809.84376113861,1628.1569476383,1695.08392993757,1660.51301097179,1716.12598343911
"ENSMUSG00000020405",0,0,0,0,0,0,0,0,0,0,0
"ENSMUSG00000020407",62.2368491297203,58.9975158621625,31.8443270123744,35.8128550549177,64.2025580662884,70.2888306000506,64.7085377932913,85.9275739578684,56.3864508234071,45.8557857345661,49.7329057530997
"ENSMUSG00000020409",616.529943388168,617.779292597594,653.633845833211,587.414718905932,585.034397404506,621.687881130354,627.940829503502,594.892994958332,617.36027022186,551.541958555234,698.716695039722
"ENSMUSG00000020411",1.37472809212078,5.3612670068492,1.76942137952984,1.09253125177958,11.6276667858331,3.85426662094598,6.14417567735061,10.8797108282938,10.3729727732682,0.943969969330809,4.58579291528489
"ENSMUSG00000020412",336.154036809527,334.400122218172,289.2418300609,366.728497778687,359.558601109877,320.633827039454,310.925012138077,288.537799497899,329.278353070011,314.068589452416,382.741659397058
"ENSMUSG00000020413",20.6824511734544,11.9188541950009,10.5804172237174,17.7403768569616,24.1577681390255,12.8846254794121,24.2305168533186,25.306707881182,31.4145679671047,13.5428294674832,22.8166555934267
"ENSMUSG00000020415",99.543015219248,123.210991386757,189.622637847724,102.08393830694,113.28146003856,27.3168342736741,226.711767432523,117.84215149874,121.99386095464,13.9549995015071,196.212307843743
"ENSMUSG00000020419",0,0,2.18270973210104,0,0.342893714995053,0,0,4.95481313667994,0,0,0
"ENSMUSG00000020420",39.7508863344556,40.5049265545644,62.8922200564037,49.6354488090078,37.5721837742758,43.8120492303513,42.9716123422251,41.0095616582712,53.8247876475737,44.9784073228495,43.1411668640685
"ENSMUSG00000020422",1384.93575635288,981.214489366581,991.740775827862,994.375287034291,1104.9700707145,1149.00969327147,923.188256955278,1410.53412054116,1186.63565279385,1154.82656405661,1304.12823463332
"ENSMUSG00000020423",975.422345410907,995.346168835571,1669.0115996519,1237.16728503247,1385.78065959841,524.805902156216,860.519374507082,1516.74054929819,777.330734421269,955.729584813423,669.601412016608
"ENSMUSG00000020424",15.1126056329188,23.7521140485711,18.5539667797511,19.6524112954611,20.1711296856803,21.9560512975757,15.4383333644507,21.531183443671,19.6889701777227,20.7913090859427,12.5642461360482
"ENSMUSG00000020427",31.8039211333019,45.2816137688686,30.7360990798588,35.0283009169055,42.3949289649297,55.6845112201208,29.7099439711078,48.3113711905003,29.2676506424169,28.4010423827623,81.7028012405449
"ENSMUSG00000020428",0,0,0,0,0,0,0,0,0,0,0
"ENSMUSG00000020429",0,0,0,0,0,0,0,0,0,0,0
"ENSMUSG00000020430",952.959910419695,1079.04705619899,915.437634388407,992.014272352733,854.595027422325,1022.70059912322,1088.00403443306,875.829931040842,1049.39506202174,877.983442044308,1322.20453466946
"ENSMUSG00000020431",1.37329632434562,1.08065442108814,0,1.08929000591404,0,2.57835295920522,0,2.97322793164334,3.79085127357239,0.936295911041426,0
"ENSMUSG00000020432",6213.94833318158,7952.87778213221,9714.19836279482,10111.6667457716,8285.88557790107,8404.44899912617,8297.39572914528,9280.21149470213,7703.91377527987,7430.34931773551,6783.00813219739
"ENSMUSG00000020434",1.32227559406822,5.3007943962078,9.66410516407505,0,3.22337841330474,1.29165217834665,4.17541769980138,7.83376516774647,8.37353387744771,4.83943887747022,4.66683265694514
"ENSMUSG00000020435",22.0254699229084,3.77365838036397,8.51112330027537,9.49685944614267,8.3021817092962,13.4775925969022,7.13790107744724,9.4803279499839,9.89764395345722,20.7117034100263,20.2110507591784
"ENSMUSG00000020436",0,0,0,0,0,0,0,0,0,0,0
"ENSMUSG00000020437",170.177807661533,482.934580844335,77.2854971077209,74.5864263423232,89.2182564262694,346.473552169602,65.16352246837,160.654040220144,78.9174004047346,155.322206991771,56.7079725545918
"ENSMUSG00000020439",1211.18512455445,1199.18084233799,1396.1405297076,1249.07925746381,1599.61475579654,823.104779923409,1170.08714641028,1041.8773896012,1430.60746008099,1376.78622204796,1841.30006764258
"ENSMUSG00000020440",889.100073720946,1001.80646474675,1028.54304783708,1126.8367304808,955.162358861392,952.428436372126,1048.12978873903,881.833943993189,908.730408276363,1071.39630839768,963.862831281451
"ENSMUSG00000020441",237.113226327087,242.211445944826,196.766908864362,194.713259771189,182.859026521794,266.267908480446,195.195412512019,156.479752982457,241.299447544922,250.147805629708,226.247993293808
"ENSMUSG00000020444",453.270775210091,642.597562186399,631.881911034155,597.740559031709,522.22809372315,574.537844408526,705.223784320815,615.993858983521,545.627073350811,509.648430022289,619.626718795912
"ENSMUSG00000020447",2.75755565406294,1.08058657797358,4.43252797100644,7.62675797506612,2.10872860767007,2.58004746676945,1.02136335438358,3.96327061871592,7.57829121157159,5.61008258014485,10.2596732834867
"ENSMUSG00000020448",176.947701638731,197.792090051556,183.255331865262,220.640021088159,253.124080171647,131.91428693374,191.967414939641,176.19781646224,155.99709033627,203.815551459937,238.293998252621
"ENSMUSG00000020451",414.358607636234,491.775073765381,465.280145086119,424.818783440681,392.518306081903,431.194268264006,389.252861592914,407.058394828894,462.874506820201,449.042292029818,401.745153077175
"ENSMUSG00000020453",77.9005673485244,149.080389707422,49.4820041789109,45.1104092727023,105.517799367161,38.7136004437151,50.7640970539462,51.1162500166592,70.1349816548657,73.927233232797,78.2377068377813
"ENSMUSG00000020454",772.454254151536,742.549332904251,674.578509259632,604.045657118174,809.726471327112,679.091984283856,702.198585756561,791.594759424977,681.242504877037,709.992197024773,773.516640336816
"ENSMUSG00000020455",574.055839078894,450.903350278108,439.678763219915,437.37856668919,590.079816209344,468.221150182961,444.775946215654,407.812904435111,406.984189536975,565.445856791521,475.683488444509
"ENSMUSG00000020456",2479.43183275513,2405.68053231608,2106.58487883753,2365.13639333877,2252.24762696233,2590.34766329393,2184.8772332536,2524.51945286822,2096.17291482263,2066.15017013539,2514.12914600611
"ENSMUSG00000020457",469.83438922381,463.381874779699,405.327040894325,491.245023824642,508.00812213757,355.859609219938,451.700038066891,394.938504833041,496.219066789979,498.394481137905,483.726422639724
"ENSMUSG00000020458",1320.45110501716,567.986048314575,919.415730490071,738.816917210421,1079.45765201652,547.096366428714,717.418112061961,681.724592150708,712.797939776833,833.629944613855,669.929155604127
"ENSMUSG00000020459",458.250508582751,491.858941633435,416.510104881204,475.601032747292,430.350849664102,530.626361015629,497.239160463333,474.408194413969,494.113025453061,407.38607843461,439.555774977277
"ENSMUSG00000020460",5730.3030451896,7179.21965584108,6622.13558317314,7027.57828601111,6533.16655560395,6761.19224841401,7483.16705880011,6374.87903147741,6551.31224917908,5832.19554060652,6584.7947342015
"ENSMUSG00000020461",2.73420509465859,5.54742055962978,3.5795302478038,1.09201344496537,2.08688083792124,6.40574113793967,3.07461643955363,0.975917653145028,2.78176774977707,1.87728987552184,4.63791645183456
"ENSMUSG00000020462",184.078690734188,187.009317334418,181.812855058105,162.39691277634,169.907143710922,136.458166008432,170.420447499945,142.350906191738,136.050982819643,124.346907550442,186.839663173198
"ENSMUSG00000020463",396.174030123348,483.300911680205,427.635033300232,457.681409729108,282.560602429176,318.515334801027,421.285513836021,296.091950288811,411.212884496832,370.466032562169,559.831477158738
"ENSMUSG00000020464",493.997510153813,500.57915019894,389.745201960829,424.632044797181,396.905069167277,452.890047063751,489.458325314734,420.637198584615,404.870304155138,381.427011102599,539.958523882602
"ENSMUSG00000020467",123.930475569373,41.2734583724533,74.43591563177,64.5949889000264,189.970063635536,59.012076425416,58.358452140824,110.956086222531,91.1365641247518,56.1566074060595,73.431553078218
"ENSMUSG00000020469",0,0,0,0,0,0,0,0,0,0,0
"ENSMUSG00000020471",215.158410375194,261.770548298329,197.557635649506,281.050659770042,166.462267040388,311.756502264537,263.592679629344,184.717795899233,208.081179662746,198.252487175293,292.033599649689
"ENSMUSG00000020472",349.690119536265,298.805260912474,406.377729449364,410.182908979294,445.335953329576,280.633151751489,276.757412232055,353.842652764098,385.598400977831,399.342809906717,403.850144797958
"ENSMUSG00000020473",527.585656584003,280.213602795295,465.955177325642,234.078858471157,396.466298053042,391.135817648427,270.860759622252,310.292012017744,463.567415833641,255.658440601604,518.745389241006
"ENSMUSG00000020474",99.0829912010834,119.064474505601,112.520093208505,101.430913089569,66.8140618404646,144.995180145834,93.5474622153789,133.908504560751,125.205124684428,134.451834028699,128.787908033249
"ENSMUSG00000020475",551.003312924009,7.50053345699347,12.294085736475,66.6257324423953,125.037567332829,7.74294067220697,3.08829887927503,0,0,55.0488987973043,5.71014399138538
"ENSMUSG00000020476",1033.80068623975,1034.82893808774,941.214156666283,1044.01574847164,928.984663944951,1152.51517233139,912.17201655866,921.818978507539,904.302304216439,909.268540937596,941.72485951857
"ENSMUSG00000020477",559.318916284471,648.740657212062,577.251106737636,624.201328191921,554.320842199581,677.654017346933,643.789114829373,680.176572336681,540.187557067488,595.683002079623,530.446102193422
"ENSMUSG00000020481",8.83515695915348,20.6814937468505,4.68223692424855,8.64360480009346,6.47358825289347,7.89175374922433,4.80577288709946,10.0107502245002,5.80719094813769,2.77131424406818,8.4251479535631
"ENSMUSG00000020482",220.472874675606,216.87140546446,185.669224059306,176.172920153906,211.219216089366,219.7695580711,179.8127048064,207.106195839525,184.07250616078,191.111145988275,191.148221204234
"ENSMUSG00000020483",637.993730506747,606.667453665027,722.456996741801,719.896281654013,680.451889146238,605.379854606745,836.35974038868,680.944621505534,745.686038817208,840.997180854139,806.265601163649
"ENSMUSG00000020484",10436.0971950649,8123.47601146522,8987.46514373174,9510.67472482512,12615.9272136006,9187.73629362089,8929.7900064255,10882.0051865785,11417.3250066816,9269.8767346583,9286.85142082387
"ENSMUSG00000020485",327.800284517579,356.041288541273,382.826029243814,387.38391443996,417.66514007097,414.22854814419,344.410067470027,380.220675235568,395.213837170913,343.360461156967,319.264499128804
"ENSMUSG00000020486",116.165729272256,135.875118512322,144.33326624032,119.119363723365,175.930646615292,149.694687226054,122.388480809272,153.012349867288,128.097006461137,170.681906088405,113.014255732495
"ENSMUSG00000020490",0,0,0,0,1.05095675570364,0,0,0,0,0,0
"ENSMUSG00000020491",92.3124045320699,40.7204849017057,30.6288066504532,28.7956592421058,19.0845802466336,30.5218313988325,72.0440928664357,22.7846449076918,72.3734623585953,41.2148758102007,34.8476738605779
"ENSMUSG00000020492",11.8331520389895,8.59166994636979,7.94893893902531,4.42655510150187,3.27419774246741,5.15132876873492,9.46872295053895,2.89710091140515,11.0531910106559,7.52552918452761,7.02708968684143
"ENSMUSG00000020493",4.09235470329614,5.4033206639934,2.65949899768121,1.10160387211332,1.0578245832537,6.41780995465563,1.04035783761328,1.96842615017985,0.935743495925369,0,0
"ENSMUSG00000020495",312.139976427788,285.595176811282,306.803211862032,297.676014792333,323.86798942424,318.865482603609,289.285139469251,309.58648508983,304.225385492787,324.76982771899,317.47583329281
"ENSMUSG00000020496",614.88067540889,670.700208156615,644.932744274775,767.070839305624,605.934666147739,769.657849200329,728.504952141426,710.591447876162,618.232511863127,689.500956592409,675.734448316412
"ENSMUSG00000020513",82.7836259311413,74.1104354378184,68.9423966276631,66.941678644816,65.4888226366714,92.3612683930709,77.1172146204772,66.6500818938708,80.6021703340475,49.0759633649728,74.3520251978437
"ENSMUSG00000020514",232.182094089316,217.624846383568,265.08208935586,210.312823868532,193.017803685333,231.16777623052,267.751307655754,255.793065435328,270.734357891607,196.576194943549,241.053448908341
"ENSMUSG00000020515",401.793247755841,361.247165266408,433.194418940025,324.456249656592,512.886340982305,492.800343395237,522.579763502482,378.680484931883,385.602500249695,438.127643698022,391.017416214878
"ENSMUSG00000020516",512.135546397474,549.717196279725,456.76392359414,511.326352060424,385.013911501386,545.523566402332,543.877902511898,556.538954840004,485.444764074857,429.043733255194,651.695995722955
"ENSMUSG00000020519",184.637104507873,138.012320371705,188.925693222643,163.114162591486,207.814780317005,170.081489459918,215.845167762307,172.223489677618,194.798460479279,230.080182438274,148.517165524636
"ENSMUSG00000020520",1104.47059223891,982.968009354924,802.221905042653,1410.58980247004,677.552213115414,1162.37296857312,695.23911854644,618.262850504654,860.813164872787,779.117565875479,1056.37947590878
"ENSMUSG00000020521",471.715495994306,464.22779445003,535.680954680431,472.541165264428,507.807387523194,407.103718322611,519.336503786219,493.609981990076,576.269727740424,597.824658258192,497.305036418852
"ENSMUSG00000020522",101.780421427933,52.4101533557506,112.100459152812,52.8357448281991,46.7378595573162,36.0457412988773,56.9379237521253,74.7788603544851,69.5954943339697,90.0906866091891,123.087860803505
"ENSMUSG00000020523",738.509085820507,835.745389981336,1017.42605342594,904.550362516092,939.686268392622,871.698360951561,922.380528613376,1013.74393899554,988.247729331118,1002.08617732916,880.141553114867
"ENSMUSG00000020524",0,0,0.835498823540965,0,0,0,0,2.04823907343752,0,0.965356072865832,0
"ENSMUSG00000020525",225.534286592333,266.693989886963,324.582846749364,301.903921286024,330.298683946678,227.618137269836,279.943536029165,296.522380469334,260.926318692045,325.944597888248,265.567073728868
"ENSMUSG00000020526",46.5752285007149,45.4835577311009,40.4761365301451,48.4933840643457,61.5151816842106,67.7688108018554,56.3687519424475,66.2341832742285,52.7080906904561,51.1511310931573,65.5258828301826
"ENSMUSG00000020527",218.118444002647,155.601535662105,152.436506396994,182.960958451524,137.525245067059,219.719870772494,164.547333994169,205.960927140372,186.278440718953,140.103343466531,251.25736144879
"ENSMUSG00000020528",244.188950297833,284.060619445414,253.923398735144,230.472478654107,245.602018199526,262.55588172346,249.248953864705,213.746187171747,264.077046547641,265.538048094716,194.614541513881
"ENSMUSG00000020530",1784.92557036858,2051.37186163652,1877.92681087237,1913.27500602003,1977.92430697801,1529.55650264933,2024.34319144051,1996.65595083428,1980.44959954158,2315.65015493146,1956.72613252031
"ENSMUSG00000020532",15093.5415571842,18999.6611371827,12105.3523287105,22430.0221565395,9860.56509863576,16349.7370499571,14333.1181548338,21151.8467797779,19542.4249598895,13301.5142250869,29695.869513522
"ENSMUSG00000020534",229.380340354946,319.335725851082,212.909987388549,319.616723080916,278.46084937424,326.210219336763,262.644045047997,263.663653698299,343.442819101386,306.369690144668,280.403600918
"ENSMUSG00000020536",941.658236843377,786.007327578385,711.813366028878,783.596270639798,712.654407649221,861.099216031701,670.637198633761,832.893675372551,782.511654609464,877.51127349624,1072.56558166762
"ENSMUSG00000020537",416.530691712359,469.892097657825,387.019996189254,466.661475385765,395.469125829293,537.859521970446,454.222021798803,501.742927100412,519.480129849634,429.42182778267,518.942298101553
"ENSMUSG00000020538",4524.67186589611,5141.39755125352,3238.84206409539,5459.44664021906,2646.58238558388,5618.90000274106,3829.99093691488,3897.55149205499,5033.20432460854,3280.63963642489,7077.50803255803
"ENSMUSG00000020541",618.15638470664,556.599350202901,516.372607761556,588.877492635918,518.968026346243,501.359571779458,587.16755248968,561.294829057517,623.392341178752,606.880101115438,674.329181703155
"ENSMUSG00000020542",0,0,0,2.18177533840198,0,0,0,0.990064552489177,0.946956207686161,0.937452964179016,0
"ENSMUSG00000020544",244.188096660315,196.524195975086,212.904124312782,280.570800036766,170.662167763325,238.365370301304,278.258668434851,223.896684702998,240.584003957374,213.399951227936,239.613723109118
"ENSMUSG00000020545",0,0,0,1.0895783501383,0,0,0,0,0,0,0
"ENSMUSG00000020546",21.0720125291403,13.1309607857062,24.749663590169,14.2653304408189,18.9419028114176,10.2366926991977,15.5809340455283,8.82236215865136,17.7112246332969,7.60956061027995,12.5416127832467
"ENSMUSG00000020547",1338.76958658808,762.929289899835,930.659310852365,651.910358054525,1442.40102632744,990.82219328112,932.572165992863,881.17160279612,883.685953201861,865.187600834579,999.361257979785
"ENSMUSG00000020548",0,0,0,0,0,0,0,0,0,0,0
"ENSMUSG00000020549",480.589229364521,549.796506506583,431.626837165778,563.360814301465,509.50606626324,642.607732878093,515.191409359148,513.304476904684,551.037045279481,516.58531359814,573.51508534358
"ENSMUSG00000020553",40.6314127036717,35.0482164885973,40.4020781018134,40.8697174982539,30.8631469833336,44.0955468977927,44.4779846731248,33.5061156215014,45.9478429109602,23.8804154909005,32.3725882100345
"ENSMUSG00000020561",105.896547471925,119.167860074946,107.027273670212,120.428282305986,106.178726625227,86.6877711486464,125.840754866944,102.609742836593,125.429417513539,115.357136285181,90.6218539356888
"ENSMUSG00000020562",0,0,0,0,0,0,0,0,0,0,0
"ENSMUSG00000020564",222.372328834114,224.339035516705,363.410997917377,294.804144782278,291.806205171598,261.015101016908,252.577080627777,270.47368892982,257.20967765091,304.443379263655,291.130239437856
"ENSMUSG00000020566",66.0185046685994,53.579181942719,99.6718523485128,107.384990907118,91.368775007892,90.2682571072348,49.2667478376559,94.1516535825428,67.1253516912851,31.0800283211137,66.2890005751544
"ENSMUSG00000020570",469.233671677573,419.366373108903,460.536224565167,438.387714697542,415.507519014912,496.806974604074,474.288614585931,537.92235444213,480.76882771367,489.711769626409,436.863851174936
"ENSMUSG00000020571",2957.07167416308,3741.93817268921,2483.09952315015,2846.49850302159,2971.59391439131,3420.2035892112,3288.6768748643,3961.49344671408,2437.27714428137,2454.3272106654,2319.6923926096
"ENSMUSG00000020572",1870.39697484234,2225.70226874853,2207.56633379975,4223.19399340304,1524.51215955322,2049.8999620653,2631.33699385478,2100.1206373772,2753.07501569751,2258.50849149272,2673.47149675877
"ENSMUSG00000020573",32.9882317224553,78.6661019499927,44.308220003591,29.4942780692645,53.7805769052313,38.5160443208509,32.817117320022,34.6652158677706,41.5316615246489,39.4833358160339,21.7189852155607
"ENSMUSG00000020576",959.971061121291,1250.40814559167,982.31357501897,1093.73069998279,950.975254647449,978.732474117595,1240.85925873795,1294.70136505844,944.178661161233,1022.23951393025,1037.12097193746
"ENSMUSG00000020577",176.008660063373,259.207243512538,203.578770881116,177.877767866761,224.731140985314,204.948614701944,269.268341860498,268.278486427817,205.595501148856,174.035394794119,177.655535455061
"ENSMUSG00000020580",558.586530141667,449.549480983017,542.673852175457,456.348493013405,622.935690438675,494.980423226358,429.888465496758,592.15339071784,506.042464500948,575.242637304495,436.512676779775
"ENSMUSG00000020581",0,1.06882259328134,0,0,1.07832068632323,1.29710586770485,0,1.963500643574,0.932208856733869,0,0
"ENSMUSG00000020583",0,0,0,0,0,0,0,0,0,0,0
"ENSMUSG00000020585",2712.22414343577,2691.07400159375,2673.60167028875,2882.89441669409,2752.29108390193,2484.88432846809,2748.50776366969,2788.78745852871,2961.89287814291,2582.84005893237,2233.92106612984
"ENSMUSG00000020589",33.1797234398583,29.0032113590425,23.8323253795752,12.1171247716638,13.7540963215808,37.1052994431438,28.1263561127527,13.7066303825214,17.6708750745068,17.2707752049113,29.8388434415661
"ENSMUSG00000020590",2229.96500338511,468.61121781167,1216.99510995613,495.446141231315,478.574383170276,398.016428040397,1111.22834767196,484.134717456192,540.029686552972,480.374323988767,518.092653620979
"ENSMUSG00000020591",4.70256671922433,2.12872802460761,4.35049420354689,12.8574385745616,9.37472703682911,7.60316255870294,8.44733430237872,9.7149374912858,20.4441151956943,4.64666837528594,7.85761991098909
"ENSMUSG00000020592",237.126555511801,217.218278434102,259.677888051313,171.454751446302,241.859527310095,191.638984477347,195.324065396986,148.745892080521,204.440566700642,235.483474071568,182.729317011185
"ENSMUSG00000020593",3559.92475514971,6269.90146344012,5271.36202307963,10094.2587459578,3503.14871581898,5125.77360290591,5110.28688055351,9481.67535750351,5616.79894946781,6163.78189779301,6329.56350637378
"ENSMUSG00000020594",1173.27454610049,773.902174771264,952.749192891652,1076.83740196453,831.72171998369,545.725338586513,886.185993895788,917.784342109648,878.872115945961,927.974988220514,1358.35970092292
"ENSMUSG00000020598",1.40232440668245,8.49070528578341,10.5528383776066,104.093512121055,1.61292901239326,1.62934461432712,1.30916268309721,2.01188468558695,1.59814387554023,21.6828735421504,1.39423491176558
"ENSMUSG00000020599",0.734578332699056,2.3082612657445,0,1.17113178093712,2.77310766344403,0,2.20063027919062,2.97813664520582,1.01356032295485,0,2.46019308593412
"ENSMUSG00000020600",0,0,0,0,0,0,0,0,0,0,0
"ENSMUSG00000020601",26.9170332840813,67.8166517650848,44.4193659157619,12.3824612081274,40.6511249716074,34.8660909486431,48.0208304266662,30.8997593965894,18.827429115124,23.8199057717079,24.8362845034242
"ENSMUSG00000020604",47.9959292685475,62.3330750306836,70.6156976275531,90.6583740117081,39.79001311138,52.80790770663,67.2802330544718,43.9572736562928,89.2952335179332,83.8733143821921,62.2709523356657
"ENSMUSG00000020605",69.3728925356508,98.5150467192185,141.28503260162,98.7413994898439,74.3121529603787,62.2976514146327,77.5331143325413,96.868398764645,88.969428191969,120.186733810896,53.7227965973505
"ENSMUSG00000020607",38.8963535673527,10.7269255793326,22.2930503646631,47.0812170232301,184.001265052582,88.8682830146295,38.4694430672343,45.6929556121142,7.42223792334254,31.415063088508,45.9889700252754
"ENSMUSG00000020608",1267.73073040565,1114.99383379003,1353.14167563699,1658.13445741785,1324.76019794512,1589.90385699903,1542.69439426315,1543.63906891183,1659.68044988602,1544.70087397601,935.778599687689
"ENSMUSG00000020609",0.460021372735199,0.726920925027573,0,0,0,25.4059752701357,1.38765647368292,1.31906932499984,0,0,0
"ENSMUSG00000020610",296.623644991004,315.473779610816,288.012988520349,293.319286440317,280.702578048419,301.372060333037,311.292836681855,373.785314701025,328.196780418598,308.495692831102,267.562202135839
"ENSMUSG00000020611",180.959465512704,176.534392210306,266.789712978184,182.322519479257,199.294803647409,184.557406361014,267.848480272018,192.332864839751,233.906777385144,243.970304724087,340.577946607498
"ENSMUSG00000020612",1816.9332910022,1737.10198230627,1912.01249454601,1738.25965254604,1913.48131288272,1686.30123553325,2021.95838062788,1881.22232168327,1863.98482469917,1805.47683835046,1668.02024328284
"ENSMUSG00000020614",3067.29016647897,4918.95175549395,3590.45618263996,5803.30604820498,3354.39053076148,5825.00415701755,4340.38695172092,5502.12694308736,4492.79769175495,3342.60850869209,5139.06370020995
"ENSMUSG00000020617",283.394662169875,299.784783606495,244.716054814146,302.374609537753,185.618768439893,302.26235558651,253.203827297827,391.056551696974,239.390976058804,214.55948849896,257.445941844789
"ENSMUSG00000020620",33.6327808784401,36.4653684196066,70.5626907480371,48.5361663405505,69.4865618124962,45.4835287072938,64.2012011863839,45.7488801586117,68.1408473848262,58.7092017040807,58.8160127577729
"ENSMUSG00000020621",194.220684386547,254.348780489454,205.769864895511,255.624703553424,246.650267716721,256.779837569387,223.276978471627,277.399454394474,231.970032897101,250.777864671414,206.38453091384
"ENSMUSG00000020622",0,0,0,0,0,0,0,0,0,0,0
"ENSMUSG00000020623",135.820271116655,168.545464812511,235.20569928958,223.767501029209,100.457568824783,131.980357879621,234.25622654028,228.466775839165,232.359453953887,181.530955296638,158.365151559297
"ENSMUSG00000020627",57.7416995244994,45.3645316895361,46.0696821648344,85.8450127094746,33.1975451595002,39.8421545514506,34.7561583716981,63.188416154653,84.0760378341519,41.179844355959,140.112810265612
"ENSMUSG00000020628",391.513823865564,451.018295080836,406.491620815209,473.569039817601,424.447564929911,466.32539656181,388.249478795569,431.236451917085,496.630669288509,433.181029816897,430.455320843624
"ENSMUSG00000020629",300.712457030592,407.456716256324,331.381237125896,489.569588466574,356.191134504582,403.978660000987,330.463663939253,393.749972322418,423.980283236934,383.567613664196,365.209363002151
"ENSMUSG00000020630",115.407020057337,104.757034355247,101.002416793727,116.8689301874,112.066265866493,145.518035876413,131.376853259664,107.561578016627,106.522428155996,139.157390358793,131.142071403993
"ENSMUSG00000020633",0,0,0,0,0,0,1.0244779114794,0,0,0,0
"ENSMUSG00000020634",969.06581997265,973.52734920427,1090.92428199936,994.756819541866,1123.98614325087,778.958386079664,961.639107187924,1292.22180415373,1105.23776823623,983.107823101774,1257.45504813273
"ENSMUSG00000020635",3.33769554712118,1.07381498534231,0,2.22554002077253,1.10399282315325,0,1.03195125348444,0.973184858902384,4.64119065191147,2.75413680831426,1.16472900997562
"ENSMUSG00000020636",0,0,0,0,0,0,0,0,0,0,0
"ENSMUSG00000020638",426.504603739595,505.557665406342,391.261016763033,353.157092853585,404.805262877842,479.523641344378,548.393654801843,597.391817256015,367.89766960922,568.080222358086,370.645187646937
"ENSMUSG00000020639",0.67666095323563,0,0,0,1.0601798739979,0,0,0,0.903446112616702,0,1.20798614580807
"ENSMUSG00000020640",1180.20345762299,1072.12523662992,1226.96070550461,1154.8292194995,1040.93400894067,894.474903150601,1107.64241238318,1271.85730932235,1167.61474007893,1232.09062559516,1073.25676368446
"ENSMUSG00000020641",206.986258221967,117.029348265321,154.70088795999,176.451415088593,177.892114275715,57.6928139545571,127.901341513264,78.7423531482659,92.815372435119,188.950383663713,185.817218400595
"ENSMUSG00000020642",23.1699078864231,23.5618213672375,10.0275139337876,23.0926504266061,37.6267577724043,16.6607102069092,16.3841225925407,23.6884164125338,17.1960331095312,51.9265904665646,14.7857983314721
"ENSMUSG00000020644",553.883160593787,530.800222181965,442.658895157202,296.968299070376,331.456218387403,293.641010519276,830.764484648181,317.753704694396,699.188962123809,493.281052062543,641.648258387874
"ENSMUSG00000020646",5.48229846314024,9.7658690914702,2.94882986974284,8.64763600218267,7.34399866272255,1.45289496226677,0,3.18960274990554,5.45390083142658,14.8276611967151,5.2137408667491
"ENSMUSG00000020647",341.756207244739,296.539348539226,659.420672057909,420.236416084665,339.354476260974,372.693807420625,753.306720366283,732.36582641759,581.530849547003,589.885423928106,559.768994332118
"ENSMUSG00000020648",53.4912013211637,32.6517534880847,45.9228092174033,40.9602743427396,37.7083042569114,46.3962454657084,26.2965956281955,47.7153809607045,43.4481177339237,47.269435151042,41.0340639359245
"ENSMUSG00000020649",45.116238485216,63.4038594789335,42.469384853382,23.0162512692241,38.0531025850597,72.9639294352598,48.5093341814463,62.0622006552001,27.1852926384681,42.73121319243,14.9017392927379
"ENSMUSG00000020650",90.0338287288029,57.2380834068692,76.6902581340882,63.4955985933754,79.9120163613268,62.6905232093426,71.6441689938689,58.2587744343968,62.6039349843372,62.5334945737305,75.4445864720998
"ENSMUSG00000020651",1.37299212676644,1.08606182454828,0,0,0,0,0,0,0,0,0
"ENSMUSG00000020652",39.7355085649345,54.0571632304968,63.6110957653847,39.6847949554879,53.7494243705406,75.4457042394729,32.7196855335813,78.9294313895003,59.7650306128347,37.2162978074829,69.9683209371889
"ENSMUSG00000020653",74.3810411201107,100.999077397629,257.788944257295,223.24974240875,246.656887079463,53.2814861523338,177.642042871494,165.701768365705,71.6866725899502,179.767650051666,118.122667239209
"ENSMUSG00000020654",83.6375631866051,52.9440473596824,55.0434524639012,60.9471565802974,95.1199791927323,47.5682160320176,48.0491630184573,72.18003192361,70.935713595718,60.7611628546633,76.4566720363142
"ENSMUSG00000020656",654.638597220297,708.794062031743,806.366084737801,653.322015117585,763.133704785567,563.494028490762,718.473195678511,890.102228695294,745.075922487178,779.215706462205,771.97476736287
"ENSMUSG00000020657",17.6702680177304,13.8789187132498,9.70672853485816,5.49754253352493,13.8034801481557,6.37959463341441,4.14832580979989,4.90557438442179,11.1822318499364,6.71464331910945,8.06982233639253
"ENSMUSG00000020658",26.5671544356996,24.0470673587727,13.7268927445907,19.046831182107,30.6728260220718,31.3141610973235,23.0217798098885,37.9495743874516,20.1856281489475,12.9073830282118,22.1229607271493
"ENSMUSG00000020659",113.254024601912,107.787801336135,130.75270888097,120.66955985911,94.7542571950092,127.440600620027,130.613315177298,106.463023633934,105.210642173805,115.08801148363,118.656413032621
"ENSMUSG00000020660",1.34144010752935,2.14428507216468,1.7691534700852,0,0,0,1.04021784257692,0.984891799196765,0.939575305988528,0.963286306354249,1.15496616816964
"ENSMUSG00000020661",250.127713713532,170.716210339282,185.288071681825,405.569248060821,201.980413471884,128.229378914451,74.3804552181829,202.132121411253,314.209485129674,431.446235018545,238.599950024261
"ENSMUSG00000020664",2291.97012019153,2457.0507026131,2104.07298437201,2406.40636477751,2075.25540343014,2430.61597148829,2548.5330825603,2681.06790775939,2317.63789353756,2101.08351106984,2374.81773710309
"ENSMUSG00000020668",35.1708794381507,32.4724166503913,17.6766112518693,21.7498628086045,29.5021160815766,28.8385602134385,29.2901911532843,32.8629755798031,36.773862629363,34.301235743055,22.7568435853642
"ENSMUSG00000020669",270.530349382855,254.914352263661,319.216577255685,303.151259394694,312.856469046467,218.809651683164,334.550338838492,254.497168791615,298.795444263028,379.450502611272,196.035246485252
"ENSMUSG00000020671",532.623468851457,567.810128441442,543.264027639182,587.530379391036,619.866340520492,498.38644181116,539.816947137272,592.928794960321,594.349695559349,559.284595826879,524.508710550707
"ENSMUSG00000020672",14.9785379495086,30.8482450298003,53.451738032488,26.4784480175808,43.6971958205959,26.4220711926875,55.0554450817351,34.9085220233115,40.8811958752085,56.5057904693817,19.6276108255846
"ENSMUSG00000020673",0.57392299064212,1.79856660908374,0.739742706912252,0,2.64250954072072,3.21990253050562,0.852427776995676,1.65481046978605,9.67539159254471,3.90842918955238,1.9066775300516
"ENSMUSG00000020674",391.874137608447,280.716383897603,369.710546266494,248.981915920917,511.199785285932,256.385062216589,358.265141930935,450.242075282696,429.728687567091,499.35307302147,394.059085227615
"ENSMUSG00000020676",22.2819962730483,17.111739589199,30.2662887396139,20.8258803156757,35.7176259399761,16.4157883542148,13.2237060518491,25.3910740307724,29.7593719421749,16.0732255406282,22.4891172058133
"ENSMUSG00000020677",269.912972536392,242.93172032108,253.246194530357,236.302798508791,263.639994801053,255.34992258113,211.107019093918,198.314714031775,249.671298217072,262.566308649578,238.895641999133
"ENSMUSG00000020679",0,1.15496848944626,0,0,0.866266351427063,0,1.09621029495682,0,2.00874562437669,0,0
"ENSMUSG00000020680",1858.22313784275,1793.80449464274,1501.58894397668,1554.58881077802,1439.02747446002,1912.72441767959,1606.03012571881,1534.36182770053,1489.29598929215,1580.73754106718,1751.99417744598
"ENSMUSG00000020681",17026.2071399969,12415.9024958803,28566.3131366754,23742.4631075982,18156.7343969508,12470.4463916165,16669.7310782034,14148.2283037139,25399.6961773574,38091.8571936593,23459.8251622238
"ENSMUSG00000020682",104.864505244551,57.9537078957338,57.5938710055003,52.0267764316434,50.4425991971401,94.431021844472,37.455409514378,58.7561211948781,40.3426249740254,82.3566699567573,100.04096455343
"ENSMUSG00000020684",0,1.08064173486522,0,0,0,0,0,0,0,0,0
"ENSMUSG00000020686",0,0,0,0,1.05095675570363,0,0,0,0,0,0
"ENSMUSG00000020687",256.20531351112,234.294396694494,280.718129797952,218.413013203448,229.837684720754,201.859049348449,200.52486992363,210.58696392445,239.081760477557,195.416078677238,259.315976620062
"ENSMUSG00000020689",40.0371137558226,57.1337540867758,72.7488013042208,43.5744552326936,57.0763760421461,30.8156742330037,37.7889091400122,36.6407349736591,41.6323449277786,73.0601311816207,32.0044389606987
"ENSMUSG00000020690",5.49887015142493,9.12071307215698,11.5036720397941,11.4103442033335,2.31790916347606,5.7997460112662,13.8752770410872,0,4.17969270211458,0.776872588059643,3.82028648292572
"ENSMUSG00000020691",126.191959699766,133.41677532208,114.116984871944,131.633475033856,112.852185020845,129.596897903764,120.75851802904,129.168743387009,136.987602744006,119.606726589967,148.8051680423
"ENSMUSG00000020692",107.676691232181,143.604175493173,104.88063090661,136.032138928567,129.239528785735,147.983567190555,124.964474388602,112.885814742195,146.869182561311,138.891697612594,199.40567057951
"ENSMUSG00000020694",641.840771678442,401.120203995523,672.415964847617,472.621506214943,591.121286851894,398.59731053456,887.323466173267,816.265950183294,800.232697288595,483.817493110317,439.711885146164
"ENSMUSG00000020695",98.3895114367871,75.8740243247284,73.7043387470339,56.40248175292,94.3198871577887,52.5596727645748,46.98364904618,76.7621858675198,64.8416054327128,41.0258459453035,62.6215624452429
"ENSMUSG00000020696",286.049808368042,184.712997450509,264.690017678634,284.037927147326,488.619169115628,300.279428955647,325.438662611232,223.666035412183,282.978843472031,441.050419597448,362.91203472467
"ENSMUSG00000020697",824.517695523909,654.704116536089,972.986915383253,782.845701630291,1384.67160716577,852.166072174891,806.763342025967,1005.84393808058,815.935624037753,977.037468511009,927.705207935943
"ENSMUSG00000020698",7.12870795067828,13.2649472655817,12.9732353039049,13.7731973703097,6.59562156456989,12.0683438293971,15.1835296524117,6.484508776035,5.28394383179599,11.9730459238449,11.9566378925136
"ENSMUSG00000020700",498.170654973058,551.824835323177,603.209340569509,592.501023894578,606.129327672855,533.535838461456,580.656544749579,704.39360501789,524.581496686751,574.721945952231,619.580230128236
"ENSMUSG00000020701",3.93216592848708,3.35561358062173,0,1.12153396917218,4.38789893262639,3.96902592036097,3.17318441271464,3.75958849566857,7.21139479774376,0.967553312637046,1.08762111822696
"ENSMUSG00000020702",0,0,0,0,0,0,0,0,0.879940622719383,1.00747419410435,0
"ENSMUSG00000020703",0,0,0,0,0,0,0,0,0,0,0
"ENSMUSG00000020704",0.651139392765017,0,0,0,1.00171139824004,0,0,1.03875835072745,0,1.98938037132909,0
"ENSMUSG00000020705",1517.72563243094,1504.22545278575,1419.62041814114,1389.85565793016,1350.24065999207,1478.47362216075,1486.74732211984,1292.39548044001,1591.23809059451,1573.41321520083,1595.98400988305
"ENSMUSG00000020706",1046.86306436077,940.004443532309,787.606944010069,914.899872446853,812.01895220117,989.910867145772,771.437533204089,674.922593571418,1101.45960555948,753.739978354423,1474.17647868833
"ENSMUSG00000020707",132.531215707253,130.008706488222,116.75514916354,122.471443301363,112.285223315896,139.100809466268,132.261875474149,108.647354595166,111.314453774736,128.26311290998,134.071638459324
"ENSMUSG00000020708",1906.95723647189,1975.41487579962,1731.58763450459,1853.20902784179,1703.42470167849,1901.66354706292,1875.3846316876,1739.99837325429,1719.19114254157,1514.11747601199,1870.26859686728
"ENSMUSG00000020709",39.0466254876992,42.7476117114582,40.6878845012049,33.92021817263,58.1042391836613,39.7820307377899,20.463922964314,49.6114438845362,47.2198250761268,34.9659687457758,51.7021284817826
"ENSMUSG00000020712",1.48056410324718,1.16803562714781,0,0,1.14691739943975,0,0,1.07411770059425,0,1.02554475449333,0
"ENSMUSG00000020713",0,1.07193999299062,0,0,0,5.16927393315588,0,0,0,0,0
"ENSMUSG00000020715",190.963394262439,143.790719725752,143.239580537546,139.43292183708,140.741283584627,475.4735665274,141.237439433327,176.326096458757,135.57550726801,177.06459699196,588.439560303554
"ENSMUSG00000020716",437.875963444757,281.060024121297,339.8709887804,324.928961931718,424.286043286739,201.226547652694,450.060146014842,399.346657425124,309.844661894281,407.628472411614,275.021263106278
"ENSMUSG00000020717",521.996788384311,666.797480914175,680.925697207617,590.901939886281,871.653439128497,751.593976695411,593.941123922081,816.752307363097,691.48189842223,884.969084646134,773.650240614596
"ENSMUSG00000020718",64.1122382694338,68.423801744535,59.6098772886917,68.8901540343407,58.5642322137864,92.9795177522536,70.6627417658389,109.042612542451,65.0891735961122,90.41787295088,116.745637184727
"ENSMUSG00000020719",11459.7427424855,10964.9884896149,11988.6211482156,11431.229200218,12886.8619677959,10368.7172530689,11297.1599494747,13229.7482197169,11897.218987932,13946.6225736892,8786.39843732272
"ENSMUSG00000020720",1198.31746446203,1257.6663863794,1131.87111091067,1157.68139272388,1019.79696971403,1205.09264725234,1105.72914368041,1130.30707021558,1099.40619569226,1013.83462478637,1275.29593135027
"ENSMUSG00000020721",502.765523063642,544.415174630005,511.849094997909,514.281578053724,553.876986401871,454.44997520785,493.465859528839,538.768094480468,458.977068965298,616.015205027505,441.971749150092
"ENSMUSG00000020722",43.4583245186126,1.06489497254796,0,3.30841510568236,6.3765781413821,0,0,0,0,0.958032871340843,0
"ENSMUSG00000020723",0,0,0,0,0,0,0,0,0,0,0
"ENSMUSG00000020728",15.6110775813801,10.4178150806027,36.3446901022842,11.6631202895189,20.849909002839,26.15036910972,53.4576559448482,8.58485741593502,27.2654950259853,55.3182251737657,10.972768594396
"ENSMUSG00000020732",5.97207136707002,16.8573583754481,1.86540555143277,2.18988480536977,11.5895061614414,14.1226104003617,6.14807458393095,3.91256866255516,0,11.4225729072447,4.58527215187046
"ENSMUSG00000020733",3546.07770650568,2945.5804318013,3546.61185250715,3823.1815566338,2690.440299619,3740.36978956337,3750.47910701151,3299.50612967881,3569.10821328584,3275.87445755608,5321.39930962465
"ENSMUSG00000020734",1.37580449242204,0,0.887791063676713,0,0,0,1.02387720268866,0,0.951108594433102,0,0
"ENSMUSG00000020736",434.062575352393,368.90233083674,436.520504646117,326.784092963094,366.179126573642,345.08427281339,428.934874948858,277.73819649142,397.725864158053,313.734264148006,320.511552581626
"ENSMUSG00000020737",263.707230822396,296.63850937958,213.884434686629,179.277025725354,226.371668436245,222.611994774737,283.246050442034,227.922502241786,158.440895752534,224.904876917397,186.832566748597
"ENSMUSG00000020738",475.038509600453,540.93547588267,479.7083232924,482.267429309828,522.765443422887,430.78578636346,530.602973341758,438.50424348857,526.612550423075,440.247632974993,479.865145329128
"ENSMUSG00000020739",379.095147728663,393.577103209186,390.562296765149,313.459671662783,343.374970781719,421.301450554258,375.492988462417,378.838368545497,359.19095485525,379.453544048966,355.371705180379
"ENSMUSG00000020740",330.938840667281,229.431985676368,282.064916267302,189.934879985546,277.202292377112,344.474195911446,151.347443861987,277.827273441091,230.985912120314,284.539667890665,284.526351494323
"ENSMUSG00000020741",1757.2294191829,1671.09146777137,1462.52362043271,1759.30455352552,1395.2631154643,1869.94252810585,1544.56108558579,1562.10108824155,1715.53600526224,1468.9618233813,2495.82566389717
"ENSMUSG00000020743",409.859187693432,508.16415852303,454.469276359767,526.639605500649,496.849830283527,585.257298648711,487.412728353692,464.768328270404,384.086002911077,569.216181900223,468.836389249761
"ENSMUSG00000020744",589.761286467885,501.216216056945,712.988779598906,93.5592095485304,119.081708304461,120.524115875115,81.4765889172378,99.4153661806852,88.0892025028502,422.201847326282,86.9753180560431
"ENSMUSG00000020745",1439.85848432677,923.776933407247,1546.72293972877,1381.67272755671,1325.31742554213,1117.30441792034,1422.02066592881,1134.9231919711,1254.8919526567,1338.68971428254,1235.20239030693
"ENSMUSG00000020747",1010.28891761083,745.392046794044,878.476996188879,588.509353698551,964.679914218318,981.237323887087,838.190591878131,878.820226226317,1383.3297570481,797.319788380335,927.170020875181
"ENSMUSG00000020752",310.312206987853,364.380891335743,304.577699319894,295.259059094565,289.321309864174,334.796916395641,229.063262191749,287.649996206019,291.516020896225,421.067920908497,318.723945076308
"ENSMUSG00000020755",282.322649229575,295.118885269869,281.510550546048,268.981569996748,265.046830900053,322.426054605642,276.581040670082,261.238894843693,255.853207366498,290.129208592131,321.657273774788
"ENSMUSG00000020758",1231.63601782867,733.694749001032,1119.90232394643,878.206532365162,1031.01490671718,1127.33187748461,792.983848514741,930.356951494479,828.999641686261,1039.68135440563,1022.51390684776
"ENSMUSG00000020766",494.639923410521,575.983075075986,519.061127345107,557.872246940576,517.158329353428,617.065437284773,525.826349085245,551.879238385143,485.693918034518,534.637405731297,510.243335525824
"ENSMUSG00000020770",190.251152465757,199.197570486212,193.312177683814,221.652971942262,232.711374226211,245.697779888193,160.761549353719,215.063323903678,168.131817773167,242.974812575614,184.319192288342
"ENSMUSG00000020773",111.827779987537,72.826133459871,110.669040870287,119.196702242354,118.375954729647,130.905241167325,77.5248577878057,111.370491455534,73.8599591591316,95.4080924613318,110.101449504608
"ENSMUSG00000020774",52.9760821548973,11.6715900048295,14.9156733567353,11.6323501224985,45.0732748876276,13.6056062241352,15.5105695678565,17.1658168714432,20.3514919290614,19.3098531137676,24.3160897413769
"ENSMUSG00000020775",940.580230141316,826.648598842584,853.754616887149,939.632327024133,781.910836889776,976.467450033253,966.575134743496,1080.72581875823,779.504892583339,843.947876986206,876.414252105166
"ENSMUSG00000020776",610.901141066477,581.724273114377,632.776244846415,750.794551181941,617.902102057117,817.612840423703,622.679585189345,759.949467074458,719.942567834682,688.77036552382,716.70765347498
"ENSMUSG00000020777",1915.77470379746,1528.775246723,2180.1979327847,1943.42802116912,2155.82774262127,1410.45251942493,1925.63423336555,1566.29574969791,1763.3867904127,1874.96612481836,1826.8381146517
"ENSMUSG00000020778",157.553951397773,189.497284275115,166.401706091933,215.775404811916,202.119910157838,182.096463033443,191.367420077842,160.389953507785,163.164602636703,180.370965900752,182.370231040654
"ENSMUSG00000020780",1949.43863743688,1795.23327305565,1486.19237054772,2011.86973292032,1321.90859071976,2173.25661417886,1805.87967425895,1791.32719861069,1888.46805957486,1487.67620794416,2491.29122523701
"ENSMUSG00000020781",292.196451665101,238.793293430388,267.348113918309,252.925481329201,206.514231544083,289.6914187335,287.81629538739,250.048103835337,321.273489760999,299.511428883842,375.850653742251
"ENSMUSG00000020782",937.159024409568,850.764348514185,975.005334122565,1256.5286273178,1417.84389941677,1029.36228305441,934.451514220664,832.3879707785,858.428645777376,1381.29869784558,1461.13739376236
"ENSMUSG00000020783",289.714432823409,273.546552999377,218.967038890343,212.506601760196,288.592629922163,248.362917304797,252.13419622241,263.911732420975,282.944860334612,244.248918146801,282.234851754131
"ENSMUSG00000020785",12.287595499833,8.61223386382612,14.1482833940892,5.46903887250104,9.50876541740556,7.75534092997185,6.14565115349341,9.89262663327895,0.94530877990788,11.2893186323917,20.5782190535894
"ENSMUSG00000020787",3.21051268378855,2.2417832816852,6.66977836543142,9.20958223034641,6.97687194790708,5.42228709731781,1.0749168141099,7.49577308951669,1.98099138253061,7.14013861626565,2.40677141165709
"ENSMUSG00000020788",157.858809022186,455.580757892538,140.213645849537,140.81569015502,154.774658816142,409.76784686155,78.7115315724748,135.243563322319,115.752688727947,216.078548358221,109.655220212223
"ENSMUSG00000020790",456.185906731445,301.019310804352,394.041791743028,337.751566079028,393.30384139916,217.448897576481,359.07022661805,346.122958650153,379.765370510427,398.516053906749,457.849080943303
"ENSMUSG00000020792",721.783481510666,559.625513696535,598.469428682915,703.238720789623,637.697331122735,627.23042559061,635.956786974578,878.332296456145,830.981386974066,696.351791413716,746.763381869968
"ENSMUSG00000020793",0,0,0,0,1.06369873534567,0,0,0,1.8708433432694,0,0
"ENSMUSG00000020794",274.134809150378,370.89285984747,328.218902554133,395.32012665592,231.852060739703,313.292997976993,380.650075295983,377.306085016905,391.59039508333,328.845233901387,381.258308763098
"ENSMUSG00000020798",98.2102467729212,66.037159761164,75.9628076796357,108.693209679844,63.1838536336825,134.278617511866,85.8157400837431,98.9241280919685,80.7896423383157,81.4068600567563,108.177881471234
"ENSMUSG00000020799",3.44013071861591,2.14396961972239,1.77228109185262,1.09319935509721,3.17023400551925,2.56524430966973,4.09335559876341,0,1.89030092947621,0.943105128342923,0
"ENSMUSG00000020801",54.8357632883679,50.1643798558585,56.1767508974935,56.879616708652,59.709267417348,52.8378129387688,49.2865565557595,46.6488847001607,38.5969715820043,66.133755406719,50.196613726105
"ENSMUSG00000020802",430.348505909578,413.161816723502,421.31786374369,384.782994788262,456.965250649986,421.111731555264,367.883322804392,428.533710474444,441.83878329385,511.003223884221,453.619377689402
"ENSMUSG00000020803",511.19874227545,605.670178151692,616.374799882501,650.791603153252,565.850537837182,594.107271117101,517.394108467019,584.643982546095,550.256100656947,513.036453559342,575.965970696317
"ENSMUSG00000020804",0,0,0,1.0895783501383,0,0,0,0,0,0,0
"ENSMUSG00000020805",0,0,0,0,0,0,0,0,0,1.87273389058211,0
"ENSMUSG00000020806",969.894445430319,847.911592376521,1162.50220692133,963.322497548575,1191.98090827117,821.647029797759,1199.24681899283,909.819481803107,779.969655177582,1288.68008700409,850.477904869414
"ENSMUSG00000020807",2.0156097831559,0,6.95675151411954,0,0,5.01969135925286,0,0,3.09907436294962,2.79496727340677,4.50474524921935
"ENSMUSG00000020808",8.05810716238176,6.34970966788105,3.75540711086644,6.51323371815517,2.74194600770533,4.32558742568198,0,2.48462857501249,2.37926898631362,33.5760792476287,0.981805987891323
"ENSMUSG00000020810",46.3624698149505,59.8528970103913,47.5255939493147,64.8240207198097,63.4902433785874,74.6452680066901,47.8243169760505,40.7285150340631,57.5499123618814,49.9678473079915,57.8133139349642
"ENSMUSG00000020811",3.49995266185066,64.2364741070618,2.245308229527,2.06373714571564,3.35907289624781,1.62635138156466,1.94658582677063,40.7429955414405,1.19151252470371,1.78093838996011,0.721641802158104
"ENSMUSG00000020814",17.1278221201137,21.3190856119126,17.6092143797632,20.0071923737339,46.6693211979347,19.696594191126,16.926622901591,32.9779022495506,21.8198238540982,18.7556778299228,24.2304278021787
"ENSMUSG00000020817",130.305970687255,153.967932678271,175.263692853882,123.557165041999,156.613845631064,71.7829136291465,99.3307553552015,134.67038651981,126.339909467738,96.0519244392762,126.251414584363
"ENSMUSG00000020818",636.308713396794,688.620086898215,979.337462693283,1356.79512214632,797.515935766116,704.483287431029,1082.97959200406,1133.2393614455,885.596402802564,1046.21261495858,840.382421644739
"ENSMUSG00000020821",5583.48379061779,4526.01833473265,6007.69506068401,5554.1486348456,5840.49668015465,4538.27089440136,5655.16696004098,4666.95081001284,5090.221414142,5382.59705049704,5967.83566325033
"ENSMUSG00000020823",2136.67270801041,2017.35497088893,2534.03831979476,3291.0523163914,2409.23926518982,2231.39434235434,2688.13264517017,2715.05656257942,2357.82604409148,2397.86305336363,2906.55250579333
"ENSMUSG00000020826",36.6361536070501,31.3399413153483,28.3990786497303,30.4764396706488,31.7307526375459,39.8437261764562,40.8630275827814,52.3934478942618,37.8324841226155,27.1172955955796,26.251305544321
"ENSMUSG00000020827",1076.35607013545,1016.39341848759,1006.43721117978,1020.70208615398,1274.42330210225,1314.01212314928,912.394287611585,1158.63864768498,1157.30975029247,1235.42524231689,1119.31152420331
"ENSMUSG00000020828",449.986918845489,272.323425438211,582.368233021681,412.81812351997,422.960091897235,687.245305181052,252.578522055051,588.010644438912,651.451298729591,602.011927413413,382.636402209351
"ENSMUSG00000020829",302.920519328732,387.078200046711,384.159157410929,330.965394633143,356.505527337053,343.728618430686,351.837436893905,436.12565699006,320.817773620118,286.182434596793,356.67566735114
"ENSMUSG00000020830",0.673645138897738,0,0,1.10012430694922,0,0,1.03919963880663,0,0,0,0
"ENSMUSG00000020831",108.650338326357,148.674316138251,106.432826293847,102.514019079078,114.109299258697,168.450695825519,130.790437705886,94.9970121239668,110.34668953776,99.6990806738078,110.894827800846
"ENSMUSG00000020832",220.421640899559,241.177193725585,224.57493138497,218.945448504686,219.754309694566,282.180464281616,226.250255125449,237.912506989084,196.616326223112,241.485223886975,283.198840586458
"ENSMUSG00000020834",186.60276902969,140.49584728692,164.424443158707,177.418061198412,170.808033958412,144.285540196047,173.978183683457,123.54990403725,134.909002807596,195.162444917101,158.086227946768
"ENSMUSG00000020836",43.1454748025168,33.3860387518653,24.3355058504795,36.4943680896643,52.0168589587427,28.1203622890114,32.6091300114085,29.8521480000002,34.4227990876004,41.0716441349533,53.8750860847191
"ENSMUSG00000020838",2.04793088320003,2.15180857312596,0.88485861877119,0,4.21887899035151,1.29469127359594,2.04886944202622,0,0,0.941924408723466,0
"ENSMUSG00000020839",9.35077546712829,4.29333260389668,7.03476736633096,11.0748976343466,4.24956945850051,2.56592078023934,2.10197441594062,7.78051933807058,7.39071548875179,14.5177925707284,8.04867490667766
"ENSMUSG00000020840",480.232723289808,375.933457758142,368.089947716345,354.960782007706,436.384773088823,335.956396562082,368.70904070158,331.656692966665,375.23812013302,352.861787342846,307.970931789029
"ENSMUSG00000020841",825.441485321708,568.875156172787,943.058186453282,728.925552027067,694.630614497912,201.764298904506,1054.18559921926,447.229891154854,854.711082060885,740.48382351492,750.096197580657
"ENSMUSG00000020843",168.833363834596,205.72023910335,193.046360517278,168.986744706283,172.115758829118,192.254586555195,161.057595387993,167.654023180048,172.24691797344,179.309459377986,159.566489794127
"ENSMUSG00000020844",363.177275680838,336.535455737634,350.212270215947,392.141089330105,365.536816314976,327.667629132769,385.260136070468,352.460320096818,332.107468103513,336.652173221918,335.813550905033
"ENSMUSG00000020846",142.004062060544,150.981351196868,149.635639182416,110.79905013854,133.545087597494,134.10106304444,133.426124349908,152.568002581655,114.072245499887,169.477969804216,124.403760265068
"ENSMUSG00000020847",1169.40830913997,1484.72135849758,1274.82425301258,1858.47734057703,802.690132441731,1548.52986002723,939.837851626689,1453.71189372304,1742.77085188984,1001.50392569601,1874.64564347717
"ENSMUSG00000020848",214.708434008656,348.653658163391,509.47766094738,879.371403967857,218.924839561911,226.923735002521,402.898183337395,361.618042372345,479.367525285706,777.144203798712,521.489117268766
"ENSMUSG00000020849",2548.15328655112,2574.71976364083,2559.57591749473,2675.06812543733,2602.31086941662,2381.3676089502,2575.28756744015,2460.72268279933,2370.24974099387,2561.83514321554,2416.79458741921
"ENSMUSG00000020850",3683.95324743031,3712.3048999316,3240.54392037499,3776.70674756866,3371.61059945533,3829.53735120756,3198.32245180545,3947.00368282327,3529.93436058364,3199.72309393538,4689.40965839284
"ENSMUSG00000020857",1193.49284235394,1530.56801208663,1252.24137685868,1451.9752889496,1229.84187137584,1587.37847979327,1310.95717404696,1506.83351487952,1349.89724153958,1207.18290342818,1279.76703822622
"ENSMUSG00000020859",892.61150630632,665.425055321664,978.062168399516,1075.80405967194,774.429378772154,499.999115427837,943.733641519227,679.738220727183,882.53113759068,966.679245021186,792.443340934776
"ENSMUSG00000020863",1189.01863274298,1345.74669202573,1030.98245512149,963.100242199619,1193.78803052695,1400.04041218116,1530.84900648344,1267.69578270492,1522.31015443796,1254.88154821381,1312.33622298371
"ENSMUSG00000020864",617.057040613818,642.056931734277,589.75388408987,603.757733985012,696.629463233622,683.73912900119,552.239546857354,695.40697148581,612.250299097785,571.920114473,665.880588012068
"ENSMUSG00000020865",114.942087662612,68.0482329568817,82.3829295007025,76.3046763922181,110.69772132101,80.036153909028,43.9438990315233,56.4785488936176,89.0238274064028,61.7750436985558,61.5768127450179
"ENSMUSG00000020866",58.2687688431421,40.9850765382997,29.4670642724,19.6588672442653,55.7696919737593,8.59588264399382,27.525313527424,33.8383744241802,41.5779285905347,37.4648567719096,33.6069956903754
"ENSMUSG00000020867",0.690851373420533,0,0,0,0,0,2.04625066161021,0,0,0,0
"ENSMUSG00000020868",706.029188091458,211.841302693414,156.86620512539,141.734458239606,171.743111540477,648.108905676197,143.609843116999,158.63827872583,492.803194112687,178.370102255364,190.216331821238
"ENSMUSG00000020869",1175.91126794196,1077.84308597907,910.971790922868,1159.57060991141,1001.03402874197,1174.65900164731,1078.25845416992,943.612978492548,889.891879612707,870.459418458316,1390.74411008486
"ENSMUSG00000020870",0,0,0,0,0,0,0,0,0,0,0
"ENSMUSG00000020871",0.674121799547456,0,0,1.08838422610745,1.06290579610722,0,0,0,0,2.84581142201523,0
"ENSMUSG00000020872",0,0,0,0,0,0,0,0,0,0.936366945291052,0
"ENSMUSG00000020873",1181.16419960953,1403.87820129073,1040.64597162552,1155.52439423173,1123.71983511587,1337.44896501823,1256.34801986919,1473.80992844659,1184.13243099745,945.905605858851,1233.6483740509
"ENSMUSG00000020875",0.674455183844143,1.0841317975472,0,0,0,3.90166989766862,0,1.97255300234719,1.89096956023885,0,4.62050602763517
"ENSMUSG00000020876",683.581414498714,443.062701038139,457.658375908747,430.962205189587,320.54558628143,484.833959139604,500.753979844152,286.795292383947,665.304570652271,368.829510035962,868.792696336469
"ENSMUSG00000020877",101.182342120987,100.094707146297,65.8694138677417,103.482849124939,89.0517508658213,142.050233731126,83.9287275984426,115.88424207508,98.8910500152119,80.7705288442463,94.3521529672729
"ENSMUSG00000020878",1.36774630732164,1.07012407195303,4.41643180311315,7.66361217352435,3.17572815295675,1.28627644975665,4.10431138918159,1.97481565573732,1.88257825631192,2.8432680331247,3.44446449921031
"ENSMUSG00000020882",110.522663442685,39.7191151994877,38.3509228952486,29.7282349145209,48.5157816056199,37.6964303440244,25.4463821900678,46.3330936055891,36.5944162012561,55.5102602459925,36.8447561805409
"ENSMUSG00000020883",396.806424221976,517.639851712699,650.071267799102,610.756452048508,877.458738066543,447.423893365675,716.880084657528,917.706444485212,712.146510928391,931.642176228402,441.771483634199
"ENSMUSG00000020884",0,0,0,0,0,0,0,0,0,0,0
"ENSMUSG00000020886",25.285500261938,59.7892045837121,20.724534910063,17.2800242297276,18.5886747085193,24.803078963306,12.8592301376271,26.7430152703198,23.7606180919173,33.0642746250608,9.56057084274305
"ENSMUSG00000020888",222.478209085912,257.948621897184,266.345883406609,292.200541966816,274.800069352635,281.173741595545,278.596877544593,286.525035678739,248.199546468063,312.856984002405,271.372824004354
"ENSMUSG00000020889",670.118081756035,933.546924925229,1396.11453598104,2213.86185054755,705.760961532835,595.240568943149,733.716147091173,1139.55464668851,1047.89353431064,985.217286571585,1206.13164901147
"ENSMUSG00000020890",0,0,0,0,0,0,0,0,0,0,0
"ENSMUSG00000020891",11.5247246226428,7.46445087166695,0.875718541786011,4.32324104185429,7.31129802140131,5.1111321286335,0,1.02701795668618,5.61602291132503,6.82515959232059,0
"ENSMUSG00000020892",11.2604765916171,9.36136229421244,9.36299542617377,8.38064195030039,38.3691141676009,13.6677036406032,12.797617820651,9.48197587803937,16.3378407041675,22.5290569834961,9.65929662118232
"ENSMUSG00000020893",3000.78035293725,3261.78484388157,4000.82961464565,3777.27049529914,2301.99167977022,3428.11203714162,1443.14033600178,4057.77964697026,3663.41959246492,4347.00862503133,2662.48339448177
"ENSMUSG00000020894",124.00319434153,171.522484162209,132.586139399274,105.845528798818,153.753088201602,165.614373933202,175.880098148206,200.869370590994,141.999816507842,149.435212535714,149.444413798271
"ENSMUSG00000020895",18.3236799965948,23.5711583606515,19.3483522296685,18.62644529897,26.1875227303987,23.4480207853231,30.333230218952,22.126054599192,28.4387083735119,25.9821255945732,12.8945043615911
"ENSMUSG00000020897",17.6488534178696,31.0407988381066,17.6460686098266,13.1663056027093,5.2849063417552,46.5147543332032,7.18281457426062,9.89484058828756,9.43406356421902,10.4184638084613,4.58997753192637
"ENSMUSG00000020898",266.875297628844,225.588807724046,298.01245860544,246.964774809333,599.475287755021,238.979654162418,259.560315369215,614.326640653151,246.646829890728,328.987612119293,402.052731571065
"ENSMUSG00000020899",209.637510719783,229.128094143974,169.031466177269,163.106318878314,149.619459277321,336.946526497008,145.971235178095,212.741671978722,232.308460259753,191.298086074695,276.329399172009
"ENSMUSG00000020900",135.465529393712,99.9742374329031,101.509203312022,102.992905287179,138.332696652386,102.10219671062,101.765457426417,143.123715693937,92.0340304517054,100.608381855898,100.590337788506
"ENSMUSG00000020901",38.810222436137,91.0972309289773,39.947220751254,19.5613252403291,45.6083624718575,64.2754834152238,19.4519966196148,30.478259631091,27.342457602816,46.7622307259972,34.1886729310035
"ENSMUSG00000020902",97.1098792044534,53.3956801212237,27.8449905529018,48.0607884901941,41.8586825782807,30.9314692021606,28.0334492570074,50.0219622556252,50.9322163796738,99.4651543434445,154.914659935839
"ENSMUSG00000020903",321.9178873628,345.974380261516,297.434774472074,320.834089650544,289.060789539791,303.61310452445,340.528779065394,330.491853985701,249.970417529092,264.017299501944,284.482909572621
"ENSMUSG00000020904",0,0,1.77496873242729,0,1.05456075175274,0,2.03928051613253,0,0.946966563947596,2.81606615828951,0
"ENSMUSG00000020905",495.930296452567,535.32907931138,755.613644391431,618.20784166597,841.225285972369,639.267218716737,693.191645268203,724.592222678824,551.833853695762,958.7051023516,589.7430692863
"ENSMUSG00000020907",3.37796556972709,0,1.77211553288798,0,1.07648813717317,0,0,0,0,0,0
"ENSMUSG00000020908",1.3827205812164,0,0.887748352624689,4.35359015189198,3.16445245348118,0,1.02003667461344,0.992721023492246,0.947947366479772,1.86935685088043,1.14185601467134
"ENSMUSG00000020910",124.60567710621,146.206398934536,154.607861256981,190.553867867282,146.795717803106,159.008721254686,196.763173758295,172.431492061908,172.334166146135,164.382615424616,114.534203982459
"ENSMUSG00000020911",674.608367754698,240.838285481895,655.814661904872,491.835922093741,782.3217364474,382.75280641068,849.024097906526,858.112378014819,526.666238942504,889.745020775498,1809.82625707057
"ENSMUSG00000020912",0,1.08064173486522,0,0,0,0,0,0,0,0,0
"ENSMUSG00000020913",0,0,0,0,0,0,1.0244779114794,0,0,0,0
"ENSMUSG00000020914",116.122224752374,212.962966894542,51.6287858872777,62.4597378830882,61.5282480157597,223.289380150282,46.600259811724,52.9588342400436,58.7311928914554,80.4013374115182,20.5343065846843
"ENSMUSG00000020916",4.10947269800762,0,3.54296999695881,4.37568500733296,3.1793606933125,0,1.02603925483854,0.987888495704099,0.944874498271097,0,2.2890270299369
"ENSMUSG00000020917",26280.4309548449,36132.6039462965,28007.3648905434,37258.567106749,23671.1630876127,32373.8875963693,29763.9349787241,35212.8534795409,34954.5929107532,27474.9067930497,55440.9692415378
"ENSMUSG00000020918",551.153561715067,617.250564433396,518.754706252981,678.712268547391,515.090964271732,770.160128884772,588.626728783024,603.810123338097,584.90734861473,531.216637626413,712.023288340688
"ENSMUSG00000020919",1115.76391027239,1096.52145513433,1629.28274486275,1788.67049271194,1213.72341870308,949.079517071033,1303.5646960396,1466.00403499523,1452.58190690474,1468.82319223695,1478.35545366383
"ENSMUSG00000020921",72.3821636704165,64.5115838177492,84.7241936856638,72.2117683413643,72.6064214407462,66.9591794673779,82.6026729909431,58.4811239467617,80.2986341892451,59.9305334658139,71.1574717588895
"ENSMUSG00000020922",236.756032429002,209.837747465458,222.733471977696,211.273783155853,274.528874134685,198.159403858,250.224457703598,227.618590444828,239.270849273695,217.580342700427,263.362991356139
"ENSMUSG00000020923",2067.46083357829,1875.16552500405,2149.42667616212,1918.38151147031,2052.25982687308,1970.77534186063,2005.62325617197,1946.99947842796,2187.93002013135,2400.02448239322,1859.53716938739
"ENSMUSG00000020925",104.294744810801,63.6411617941475,90.7426947098006,79.1418704531415,65.939769235,89.7612435787356,76.2559687001638,72.9169622059314,90.8564622965874,95.7914357793059,89.0876729172202
"ENSMUSG00000020926",9.70741367922308,30.1341039725869,2.67396632612633,2.17776403369184,2.1345986479701,26.8794356197394,1.02477352586129,1.9724097613892,2.83718182856253,10.2290917747354,4.54858483590544
"ENSMUSG00000020928",8.26440723586836,14.0231212239814,8.87115953486057,8.8459939239588,12.1366540491165,11.5164971186592,10.2263864149907,15.5974962879385,13.0174825758478,10.6904695587492,11.7699703379579
"ENSMUSG00000020929",899.819357367454,881.19441808645,568.089826776206,649.946939539931,894.675751959246,717.224017567282,795.132321817525,539.079859591728,648.483882995587,749.79739292644,754.020327568018
"ENSMUSG00000020930",2.02872445827746,2.39582942087519,2.6433810052277,4.93512541856294,4.78183738503545,0.960500293087295,0.772762645443727,0,1.40165726635107,4.25373512288601,1.72988683138271
"ENSMUSG00000020932",0.691495920570421,2.15487455375399,1.77021587177736,0,0,1.28622762529404,0,0,0,0.937696014789986,0
"ENSMUSG00000020935",147.630214906505,125.400082587091,151.14749816831,125.334136804642,147.849644716624,98.2772084402017,138.604356803383,135.883820888985,107.493752676938,118.064011638523,170.943313048485
"ENSMUSG00000020936",1902.76859566832,2149.40904489584,1996.57911745309,2001.16646846105,1921.2962424799,1927.19721301079,1988.04682713661,1875.95475940069,1906.64608475601,1829.83782876558,1943.60347699181
"ENSMUSG00000020937",237.141404569912,202.059012708551,315.787418492024,212.841996563954,209.432766880222,204.771654019066,251.190181097929,175.761625425836,166.391943948404,237.69340551113,170.805902586829
"ENSMUSG00000020940",2.71911397165556,1.07896539867943,0.881653559937838,1.08990204604188,2.11926323485479,2.57484239934089,2.05774509016546,0,2.8203577181183,0.949156741541375,2.28262432712277
"ENSMUSG00000020941",142.103876075534,110.588404724247,143.966677902671,76.0250361320712,209.268950233225,121.797953603742,91.0646205075203,116.063759568072,88.6811922912405,132.723787635772,118.624102680651
"ENSMUSG00000020945",0,0,0,0,0,0,0,0,0,0,0
"ENSMUSG00000020946",438.166955717453,371.00868421399,388.063641216245,509.316309754248,386.58065658269,415.76076658641,452.191988096647,397.856966446992,465.938240205514,421.25943795692,557.020099519407
"ENSMUSG00000020948",58.4739774795127,32.5483940269562,54.9051439632959,49.4688397551798,41.995741428933,12.8252756951279,52.0457045376621,32.3702425356771,43.8261536848382,42.89151209784,50.1402402300707
"ENSMUSG00000020949",346.846488407631,392.743910606193,361.175190379049,397.055117349273,362.595302692139,362.888737998322,364.352724605766,407.84815653025,373.272040355801,338.776632488128,340.783783447869
"ENSMUSG00000020950",0,0,0,0,0,0,0,0,0,0,0
"ENSMUSG00000020952",918.792899459974,955.482534771782,813.467513623923,836.53377326477,743.441787703111,851.198481261677,972.325700466738,896.04414166386,867.003387316379,741.221433137592,952.812169790867
"ENSMUSG00000020953",4.08913813345593,6.48852117386857,0.884872915863114,0,0,11.5514982550611,0,0,0,0.950180340649635,0
"ENSMUSG00000020954",562.733602351836,465.587900440973,441.088069909345,468.775545896941,440.878884943829,403.536517656263,435.511341817331,489.842114613006,530.65790905264,484.857763332008,578.35772033795
"ENSMUSG00000020955",104.018467892648,105.808379078988,100.433879284505,162.633644190796,112.951533869403,99.1704520125498,144.576768649495,145.879109175427,100.019269065516,122.522886983182,105.853384268903
"ENSMUSG00000020956",77.8770561943323,107.451565942341,81.5988460699567,85.1049119982011,80.8466824455068,83.0917545279825,100.82323864445,75.826038981572,89.7473359844518,81.2791866570628,84.6832522008371
"ENSMUSG00000020961",35.52801248461,14.6836218394203,28.0548921890444,28.618979843743,33.4216499629537,11.7046854767343,25.9373472507882,14.3138783425823,46.1443591654017,11.8748682632133,16.4593981148243
"ENSMUSG00000020962",61.0101258276797,81.4372304696573,89.4025890786429,87.5565905816011,84.4608594574902,52.54589641807,95.3793332346464,58.4336215950235,64.0772666141081,83.1998920789343,48.2017333980923
"ENSMUSG00000020963",21.2437878265199,21.9187321909168,7.72135142259641,5.27847738936005,42.7066455254432,21.0599849817619,25.8059581352745,24.8760446184007,12.7562082512039,8.19637877933229,2.20725299010271
"ENSMUSG00000020964",581.574996106156,515.006683297312,485.993805749845,482.967499739976,564.85733827284,486.013551724171,551.177161158448,504.040866982714,546.138049889227,432.829316091771,538.889138123104
"ENSMUSG00000020973",60.1658942564171,57.8618523933679,58.3275250104458,46.6042229960635,45.4291866159006,63.3032409824183,60.3032798956438,46.4904220813695,62.5686237034128,64.7418908559075,77.4887109951206
"ENSMUSG00000020974",29.016060993223,43.5842098413128,30.9756081399787,16.5435652385771,35.5735236861678,27.0287565903875,21.9957090027282,37.1618605044478,41.8183820785391,32.5392084999594,17.0369709462433
"ENSMUSG00000020978",573.715950053072,610.379463421846,674.12786593738,686.71729968455,782.104948984835,513.502547302907,643.940291508395,695.892386954494,705.065279793702,759.84862732797,541.600711646118
"ENSMUSG00000020982",741.652847837592,798.530888524138,768.518201559353,789.655973720756,581.716567120296,706.662647264141,728.654902518896,663.161927820974,726.515482088904,624.875377907183,840.179136691338
"ENSMUSG00000020986",253.439499797865,216.448854935077,214.604891290783,195.03534239607,206.196942530415,239.24432279361,278.416544567982,255.905482531445,244.29202711946,211.322460162083,212.330673283174
"ENSMUSG00000020988",195.45946659126,170.617181454608,207.718071227478,189.14399020583,223.962060083485,179.435262275361,240.386460136769,247.939101809996,226.526535766304,205.020416863252,227.583264137798
"ENSMUSG00000020990",1.36919908596816,2.13747657008103,0.884552283398079,0,3.17172792523477,0,0,1.98330862796642,0,0.946188743840706,1.14972819996106
"ENSMUSG00000020993",289.166659987112,319.925274744571,492.487239178833,403.650676880026,439.977535652191,306.928269732154,326.717793861226,331.04120410926,391.807917052459,328.075279599986,360.437192103494
"ENSMUSG00000020994",1708.16216714611,1983.59576639754,1434.70350792506,1211.17660866377,1664.63978341537,2145.67741380547,1817.68090115219,1749.08844761418,1904.10665004958,1710.04663782225,2050.78309054073
"ENSMUSG00000021000",3450.54262954265,4076.31112279861,3831.37823209467,4557.31889298923,4445.7835763468,4333.66141179518,4541.11087034882,4487.05347412016,4138.70043072689,4003.55243781393,4134.36346953257
"ENSMUSG00000021003",455.359090475641,468.006953858108,561.69104404984,495.667526473967,526.905625553723,414.551863187264,555.761862739105,466.749645472114,515.462517188908,463.385324781621,486.9859129073
"ENSMUSG00000021007",69.2085847932732,72.0149632249755,76.3314426988219,54.0059661022619,86.4067773403876,45.2558471168102,98.6601475804315,65.2232675759561,71.421636270959,62.0138771604396,64.3565214795512
"ENSMUSG00000021009",498.129853967729,395.090403493548,427.833791467557,495.205855375357,481.810742717738,401.9729042508,511.717973275016,444.8358774108,363.703799959486,463.458409984338,444.471140140013
"ENSMUSG00000021010",5.5493307758084,6.55894265235609,12.3049570834393,13.9217382009926,14.7472282165824,2.59255313595137,12.1041415164339,4.88013225117159,6.68212057033482,7.59030496430749,5.75379973540755
"ENSMUSG00000021012",966.728433412087,1050.04426542168,1142.59786183948,1227.46255983875,1083.07298747485,1087.52749644409,1100.63939880599,1242.53954394754,1159.42220682643,1281.26199383938,968.457219578261
"ENSMUSG00000021013",67.4047216535703,86.6071642786112,110.748970223917,57.0721953987244,111.202085428616,88.6793909892478,110.598957840212,117.254956153227,101.182932485465,97.7516260832632,54.8490243794645
"ENSMUSG00000021018",65.1769834331989,68.4224925359698,78.9448540008666,95.845763462972,76.2160403827565,56.9638947883034,90.0060065162853,52.20391383235,70.9408239583499,84.8464730211268,91.1550907160213
"ENSMUSG00000021022",277.674190569273,282.393757369115,311.521801848935,278.724186323785,272.136127630649,270.418789990673,254.434128565733,263.21524070513,278.543785475129,264.61411876618,290.724540397885
"ENSMUSG00000021023",176.706302141825,182.968807184612,182.3122896663,147.735097957709,175.009607063698,202.439907660153,121.343269406639,167.093079011014,175.454336426162,129.534504813516,172.336710063097
"ENSMUSG00000021024",1040.86037346828,1040.11610657524,947.367506384439,1055.62819275986,928.782142488809,939.54676806519,1007.3010614746,919.990506370294,973.528361297464,878.336431495882,913.161069611603
"ENSMUSG00000021025",2389.1084726085,2155.54879813174,1987.5213609254,2629.75577366044,1950.04053632662,1856.67751350181,1869.22459518758,1975.91554267449,1698.82958150321,2343.79901983482,1927.69156703598
"ENSMUSG00000021027",546.115637953267,370.152965850442,478.660067829756,605.695461950444,662.386439869427,524.557958741255,453.892456379383,812.647425750425,824.761460999407,370.638886569079,725.528487198629
"ENSMUSG00000021028",73.382289750034,73.3484441182746,77.1892741065679,65.0521501144479,72.037380470125,64.3419070415977,72.9598656753953,62.3767225867264,62.0139233296399,76.6618586429591,63.0186948936962
"ENSMUSG00000021032",2.63030260677653,2.91477886546382,0.777375830492942,3.02459171288154,3.07010776262778,2.29497191569182,1.98053194770796,0,1.73714502449606,1.81653162440713,1.09656801341004
"ENSMUSG00000021033",428.060980216075,320.548456973245,356.577652355244,326.452444510937,366.870418691085,392.562829832465,331.743497142272,307.125761669847,391.126324639179,333.605594676335,319.945451293869
"ENSMUSG00000021036",1265.54592026038,1006.63100891925,1337.47674261546,1153.49952560721,1461.6381761021,870.118954955925,1062.73157788017,909.216317566067,1215.15750495395,1301.35871953848,1126.74468803667
"ENSMUSG00000021037",1143.65943330305,1182.03663811698,1044.96813301059,1296.72048243052,948.786782396547,1356.31974086,1123.00436050073,1097.91843898263,1033.61208071269,972.5764903835,1153.73745598523
"ENSMUSG00000021038",281.275005517703,232.981817635141,287.239187854246,219.39341926555,223.698609556971,257.037172267978,189.204802230952,239.149605286292,263.475647286575,226.012090091989,246.480125437714
"ENSMUSG00000021039",1169.85597081584,1187.45393409779,1116.10453994072,1306.54287486791,1115.17513524239,1207.88030803424,1160.1831247803,1129.3260986768,1254.64111283189,1098.67956262508,1388.53103959247
"ENSMUSG00000021040",153.991867547098,181.593337245582,146.439025704005,126.310507827913,127.047403043595,132.146991071185,152.528904607661,147.529503535012,133.681170574419,127.699334912019,140.586711423208
"ENSMUSG00000021044",209.760274327101,232.818470591933,212.296510074101,223.90522867645,205.001365656355,255.744892492458,235.612606269542,282.478965581688,205.842547690557,230.41025168285,209.045905294506
"ENSMUSG00000021047",11.7096075597772,15.0465564856405,15.0671337418579,20.7574347555606,23.2220219506493,15.3469694155079,15.3964382882321,11.8680360167585,10.3563428046959,9.44018597249771,11.4539705994376
"ENSMUSG00000021048",676.140090585423,841.786833837269,696.804638354525,830.193843170772,665.910382204078,933.678152587638,815.506504029266,732.270174649128,715.939818585316,637.886172802557,937.16465168193
"ENSMUSG00000021051",222.276350940196,77.1366758397405,166.492883130463,112.042858742862,221.336749579965,196.743814197876,187.722665101427,175.40287312597,159.748251251762,254.672088505212,169.990799345035
"ENSMUSG00000021054",2144.46400321017,1796.64655159424,2636.99514269531,2252.2030833852,2440.05116056699,1482.75162905368,2472.01646736548,2058.36912246953,2081.30484790599,2601.97081110018,1952.48449418685
"ENSMUSG00000021055",14.1653699313009,5.27393234222169,16.1557317422125,8.56169883662683,5.17115595826353,6.30952064307467,17.8462450968512,17.1486318748661,11.6931294154324,8.29816570397007,16.595739526337
"ENSMUSG00000021056",0,0,0,0,0,0,0,0,0,0,0
"ENSMUSG00000021057",7.46495580038212,20.5185117151431,11.4235001047561,5.48426033400692,2.11009288023544,11.6351217534018,15.3832164739171,22.9150598097989,10.4414723183073,11.3085118240475,11.3560416256902
"ENSMUSG00000021061",2147.24485520712,1910.65121631596,2700.9222319723,2765.28329648017,2492.48850009707,2490.2341183661,2497.82206663263,2898.6931991795,2497.78348361854,2698.08606594476,2620.07407950966
"ENSMUSG00000021062",760.624233716137,817.791670786112,1285.71460637489,1562.16250091048,964.961855491052,1024.80567146649,1207.34726165042,1143.95947912301,1381.96746188638,1651.49388259168,1728.27829032262
"ENSMUSG00000021065",535.105442484148,559.828416864676,559.68712078041,529.847169323479,500.774226039061,558.522631180732,592.352638681171,558.22176215198,553.680429523202,495.372219763988,486.907220357286
"ENSMUSG00000021066",18.3304888050178,49.5467441067416,14.2866953464062,12.8026816378857,15.1315660442259,13.7796197221835,19.5645891708325,29.9331208335444,20.0958402817973,40.6516069903788,10.2443759104308
"ENSMUSG00000021067",461.197230237045,417.935239598268,445.939792213517,405.404377199035,531.911345667129,383.772134529103,423.26874699217,498.207351765451,516.664046127639,518.225086592476,412.591716376869
"ENSMUSG00000021068",149.162962429806,123.99027344944,93.7439000815035,71.8822146072874,125.709014308835,96.9471254468625,185.374421784427,92.0463856896161,106.387487622097,114.591799208042,107.714748166985
"ENSMUSG00000021069",586.792541981131,547.373599996127,315.411479813473,606.44581463951,957.136705115107,582.447696827745,517.266427669454,721.615841706075,371.561005401646,656.073784435917,461.072325185369
"ENSMUSG00000021070",0,0,0,0,0,1.29096611308781,0,0.9856452070342,0,0,0
"ENSMUSG00000021071",1.89332207298315,2.96921945437335,1.13588130317343,0,3.60566377661886,0,0,7.30319644476528,2.42336840152112,1.73235852979634,0
"ENSMUSG00000021072",381.755724247766,422.069876857916,441.562815508463,388.164917524932,392.938028917406,385.790044948793,446.01990608538,459.709593894333,417.760191218328,367.023152978309,382.670896509198
"ENSMUSG00000021076",1278.9124471646,714.392359468289,706.136819392492,767.562098902465,722.575165342262,766.10018449477,680.640338090396,715.644369605593,777.882513127328,656.071709141995,728.163818057484
"ENSMUSG00000021078",0,0,0,0,0,0,0,0,0,0,0
"ENSMUSG00000021079",53.0039411720853,56.5750007493594,47.4697745274211,91.3457010647675,46.8354013090913,48.5932179842334,58.2520514555447,46.3751897408568,53.0175296038022,59.7319567811229,66.470674793074
"ENSMUSG00000021081",0,0,0,0,0,0,0,0,0,0,0
"ENSMUSG00000021086",0,0,0,0,0,0,0,0,0,0,0
"ENSMUSG00000021087",46.7843185434453,84.9113812933682,79.7885164936308,44.8666114940414,37.4503136330967,64.1250749492346,73.6293990392256,52.6794500927054,79.8356589742122,50.5231813386402,23.1205809920866
"ENSMUSG00000021090",0.526716354724771,0,0,1.07974537054775,5.20150177288607,0,2.628845696887,0.966275679445584,0.790613200550643,2.18886298847631,1.12433569044085
"ENSMUSG00000021091",88.9533127319854,106.93347779518,34.4954569319005,21.8882796946091,65.4105842334531,129.801287982967,43.9703832195752,13.9113858434515,37.8323695303323,36.8127407266026,57.394911483002
"ENSMUSG00000021094",1469.53384361261,1793.69875679003,1131.02011378178,1582.37701728721,1465.99042435053,1423.44550185882,1625.47736268036,1953.8205661512,1440.55822709135,1506.23355034467,1389.04268618576
"ENSMUSG00000021095",3.36242336202503,2.16676109654644,4.3811601487622,1.08976500506024,4.27549181597425,5.179317236393,4.10230981777315,0.981265292763059,6.59622333564577,0.948686122051443,6.92663770882603
"ENSMUSG00000021096",1170.69401122328,985.141687394444,1323.90779727735,1375.30093926926,1635.8784383559,1353.82123360896,1689.34267244089,1413.05936779893,1379.75304159408,1735.91707506409,1454.36406577118
"ENSMUSG00000021097",505.475024010353,308.098022132852,539.108284790764,533.217965461675,435.78833133539,344.301238631153,363.080993788545,313.314831657433,475.732999918159,565.423397346839,604.510656463997
"ENSMUSG00000021098",0,0,0,0,0,0,0,0,0,0,0
"ENSMUSG00000021099",0,0,0,0,0,0,0,0,0,0,0
"ENSMUSG00000021102",457.499870275105,496.648514194106,386.11635444121,516.796297746961,458.983518954251,484.612468607054,521.496566120516,422.981724624072,420.396665960654,411.652950124065,472.697363524023
"ENSMUSG00000021103",202.438304241967,229.151543342333,201.171338929593,211.607975373418,207.931395681826,204.253864639064,225.5676241069,185.016216896253,220.188519176388,244.910931737349,204.824058235829
"ENSMUSG00000021108",385.139457121734,222.257840445242,330.142219572295,316.145486091558,282.32191073362,219.492441447743,233.411422016904,373.910199350737,380.325586069751,279.720638044463,268.316078826398
"ENSMUSG00000021109",866.929074292173,666.446663825591,1008.45582747153,905.491381469031,1532.8570854779,664.841880603145,1061.50112294847,939.386005030391,1058.24605887152,1177.8211027064,961.719611917408
"ENSMUSG00000021111",1672.81080406871,1411.58054532839,1645.49274169733,1521.99742625715,1741.18205803534,1665.17330845865,1743.56871721554,1342.17975897114,1267.76712614306,1334.96568935145,1899.46468520803
"ENSMUSG00000021112",336.339475183931,276.416150686679,348.393769979129,339.236713497857,372.511095120575,218.659733428372,381.002385562958,352.789304107306,357.484190437771,354.493732609777,279.141853555626
"ENSMUSG00000021113",101.790086179866,151.620587366924,146.944585893445,89.1445182554756,128.884304781046,136.564271504132,187.326880604699,122.345539699652,129.631426414352,188.788046780291,133.287304623015
"ENSMUSG00000021114",998.565660835179,1090.34105091838,1009.19964264695,1173.67561599223,1062.54959573164,1069.42636532898,1051.10762646115,1128.60502834538,1082.79132337337,1079.47692115465,993.380248499472
"ENSMUSG00000021115",119.673177263078,151.258387124784,115.052106029304,118.885498193007,112.575876243717,137.736888436155,128.340437748639,119.992720424289,128.438839651607,141.522808436286,103.803336471854
"ENSMUSG00000021116",583.660736971202,521.552362135005,464.528219315115,475.149978661332,456.890118621201,553.497992514959,503.020347523455,480.75106468586,501.687322814777,455.1400386624,607.01626618722
"ENSMUSG00000021118",100.696597403103,96.3155211690333,109.468403044566,72.3822806746522,93.0253356867818,107.016391040776,130.371594090457,116.722833801638,125.352520874801,114.630582863871,122.823392450508
"ENSMUSG00000021120",26.6100880011056,26.5542013165803,41.3761318196015,6.63133413739483,24.5190634880591,33.4073729433389,28.1707377567423,33.3007612260744,31.6396477408737,43.4364861819871,20.8229207452787
"ENSMUSG00000021123",118.157950463148,105.549213270292,515.721205917909,69.6308160432545,673.981219842389,124.922155498483,396.436510471137,206.886074431154,105.476415620711,323.639257314366,17.7828654858484
"ENSMUSG00000021124",802.693022688616,897.809334955159,907.752400490475,769.101025861411,828.312662495009,885.873699583126,1048.56342713031,740.895185695326,769.318667529143,767.396136036146,787.405878421612
"ENSMUSG00000021125",1802.17225896414,2563.86363336816,3056.76613621093,3149.21401654512,3177.20321212944,2963.64729855581,3093.73704579062,3539.31682679287,3329.89071456588,3093.41787531086,2638.45818795227
"ENSMUSG00000021127",731.390407290562,968.284067290183,1199.95814546682,522.473863211864,1061.24856940262,762.774734236584,931.996346785974,824.38048208871,580.006784416567,793.818518686847,637.329118959153
"ENSMUSG00000021130",3.77936613133583,3.79604955654592,4.90168081351308,5.51811389132809,5.84872596083049,4.56730227873005,3.09691021446668,3.99815514698566,96.2795544224585,50.1355911213877,61.1398991458415
"ENSMUSG00000021131",215.719715351087,181.962383961707,161.779977148036,195.839127073872,163.488503227874,176.500562153773,211.307064765927,181.917290213027,131.059508357299,201.384981491319,168.521687003364
"ENSMUSG00000021133",1240.62556513651,758.834038286021,805.082629074031,912.168006271245,1298.1078203682,750.477625236035,759.608658264591,716.573183288941,702.234281838617,952.559181233043,891.057960853302
"ENSMUSG00000021134",5470.14361446153,5947.49465188799,5452.36636342072,4827.92348283839,6282.66511974452,5246.89218137946,6788.41434827167,5932.80742036837,5331.44578912394,6334.32487539448,5583.66112780564
"ENSMUSG00000021135",0,0,0,0,0,0,0,0,0,0,0
"ENSMUSG00000021136",84.323752604366,72.040671378384,59.397174516233,68.5812696540443,74.1172520582629,79.8624375504958,95.5154699138907,61.2266608753595,77.4757160063678,61.0921835002443,80.1047907191029
"ENSMUSG00000021139",23.7228413130957,16.3495270151242,25.3338712097344,24.548751071581,15.7051587289176,15.9437532240052,34.0207421612113,21.3144867468493,21.9899988023854,20.1310445215394,6.41083148387513
"ENSMUSG00000021140",612.342192409327,517.598150974277,568.442887200832,700.438791131934,671.143462906508,666.619291158905,556.072669428587,733.122452574222,715.660936829176,707.350984882144,713.374807817199
"ENSMUSG00000021143",522.390513916006,452.883630407309,592.870543721833,741.620169983994,529.814547385724,554.532964254175,490.813031057586,652.479028528973,562.933538750423,592.462753631438,581.247219556389
"ENSMUSG00000021144",617.175526913737,648.890786970977,653.705051581083,798.122396275623,602.85287149095,678.032218058323,554.048490704925,683.426424483233,619.818702772211,722.060549761967,642.508795127372
"ENSMUSG00000021147",275.654344551244,284.671913612249,157.876455368232,172.127949995689,367.186314572354,182.072256114298,425.864945754716,223.705214209955,259.468256420595,331.822265264307,261.058374209764
"ENSMUSG00000021148",0,0,0,0,0,0,0,0,0,0,1.14045445258444
"ENSMUSG00000021149",583.010012779506,573.77839299321,426.421389471737,488.045767874486,514.580810848096,576.131803081996,506.888328284347,458.55773775935,576.966157657307,480.995091280004,666.453163538408
"ENSMUSG00000021156",881.126897024557,776.989628531628,698.51462001356,1051.39712893648,918.151098397036,641.257566339231,638.067343794246,716.725916063085,857.438733005252,747.846691896185,689.738962579709
"ENSMUSG00000021171",704.759648762776,593.633013035768,802.630697968622,771.342346132706,717.860245803391,422.750126969267,803.791979130656,631.155892625902,686.924052287079,807.016683854847,540.356885123307
"ENSMUSG00000021175",112.242072596589,103.855877003776,130.449158417445,157.51408536781,161.942690235882,153.876355540812,116.296001472458,128.498970753182,195.665294257472,185.977690819084,81.4052435892126
"ENSMUSG00000021176",0.659649043877497,1.07739961228367,0.876669042456029,1.10402098264518,1.07070650645374,1.28493759218572,0,0.974002893933106,0,3.923040110817,0
"ENSMUSG00000021177",62.0603445042153,88.1797951912043,57.5869428321033,63.259906589341,64.3580035315196,89.9700094139183,54.1719534382591,63.4256473624687,60.5031246233093,46.0417779207718,65.19688987697
"ENSMUSG00000021178",1733.4819974777,1989.69562722275,1870.09531367847,1775.8716280193,2038.01121463956,1769.27786370929,1735.2961688802,1764.07470398744,1751.27372576346,1814.7438566274,1709.41943817623
"ENSMUSG00000021179",526.595646800656,456.087285350085,487.74231095808,601.979798153006,538.101085212381,562.848049391956,553.482411368126,513.567261242393,508.999868310339,570.022110885677,560.81182245093
"ENSMUSG00000021180",40.3266461300781,59.6835322769885,68.27911729912,33.9955966805509,51.4271976487744,42.2984674179502,34.2135822743973,66.9065444284405,68.3153406320919,75.8509682489534,35.298263221444
"ENSMUSG00000021182",562.023808649207,1104.45934328627,429.806851739889,497.468358435825,435.540093746018,937.04127709824,509.017471272817,691.96246533923,707.395089849488,636.944221439275,806.720606684535
"ENSMUSG00000021185",386.803496911546,268.69475391034,228.614777042762,155.813124902879,290.455574724822,289.834803867927,107.462669307385,334.961192675656,280.006162389546,575.917346067102,287.773630813489
"ENSMUSG00000021186",108.266389846219,83.4889701230556,117.734480266925,157.560406888049,130.317185297335,104.128942603088,114.459116487983,148.253748952481,152.489367711452,74.4663139075465,127.394475937728
"ENSMUSG00000021187",854.122677960051,1662.79282650235,1267.89172678803,1881.76223009339,1279.01531732568,1354.45165062283,1539.3850241983,2820.36996180307,2782.73426674169,1558.97734038405,1835.8958371184
"ENSMUSG00000021188",758.787487664018,564.457196898312,615.057918775532,667.927747892295,383.235786678726,350.932594919945,729.34824927077,428.329429805326,614.954595188142,466.40067155981,716.128853682064
"ENSMUSG00000021189",108.834011472056,98.6294432824247,124.85414499142,105.312010073647,149.152355049822,74.1829128110542,111.354384502757,79.6941806923399,137.272519093048,95.5624404058153,98.960038847363
"ENSMUSG00000021190",1076.77918549118,779.90865459893,976.959855693798,1137.38270763554,1016.63984096331,737.954796716104,1014.03000214488,738.337566314801,1046.65278397694,815.933964889064,1093.91381733246
"ENSMUSG00000021192",954.444088127686,1220.11399512666,952.936805869146,1001.63783236533,1032.06763801203,1212.42915830131,1052.84474925604,1091.97323469186,1007.62044975789,924.305893685477,1240.49729167706
"ENSMUSG00000021193",517.143075885261,548.784390997523,507.92722051752,547.027252905559,558.273051920087,552.409546102522,534.798026267201,636.151690675052,570.4946582895,618.719424642055,573.01773331959
"ENSMUSG00000021194",0,0,0,0,0,0,0,0,0,0,0
"ENSMUSG00000021196",276.620281225118,423.383426832529,300.263897450925,170.218312533973,373.215055676856,354.67116002842,240.02371966137,374.853391514504,208.938388867272,275.539495365699,198.64136602214
"ENSMUSG00000021198",2.22556187702897,1.78264503908767,2.1994099809644,0.90019984749467,6.95832113747361,18.8077060976092,0.845474815454346,1.63772982818489,5.46201473559145,2.32258680043979,5.35888005818005
"ENSMUSG00000021200",245.464356645995,130.724635824206,120.421465883512,86.6501037832552,120.245963760935,105.542784039862,81.5256192681449,100.218355240839,65.3816096954584,71.3144124889241,67.8056301591595
"ENSMUSG00000021203",17.2842180120813,46.2256637698531,32.7927211892365,37.9977670529682,17.8949036986975,20.9220398839934,31.5526539436346,19.2632104249877,24.857014437471,26.2890099572256,49.7955497153306
"ENSMUSG00000021207",0,0,0,0,0,0,0,0,0,0,0
"ENSMUSG00000021208",0,0,0,0,0,0,0,0,0,0,1.14045445258444
"ENSMUSG00000021209",24.9139512792813,68.2800673057842,35.4057785544153,42.3862049284171,16.127079950663,23.727600333947,37.891414887648,40.3886499873142,31.7758632069288,23.1017132685171,28.8021954037696
"ENSMUSG00000021210",0,0,0,0,0,0,0,0,0,0,0
"ENSMUSG00000021211",0.673654583457413,1.0766460787264,0,0,1.06262330087732,2.56595253350371,1.04833787194084,0.976695337605528,4.6412629508982,2.8906087022488,0
"ENSMUSG00000021213",26.9335128848415,34.3939093369152,19.3862072361552,9.93454195290109,26.5281757478302,17.9305999104754,35.5684551933315,23.41704493646,24.1094676397101,25.9676609021242,25.261443435169
"ENSMUSG00000021214",1.94542964432029,4.12624284684178,1.89244241696855,5.90459183279672,12.1213098608611,1.37123962594269,3.34960345860325,5.78602324253172,1.78182657648634,2.75558366519372,1.09619512451802
"ENSMUSG00000021215",972.519882796631,884.864657455017,1248.14581703169,3041.23234858862,1297.63433385675,803.949197845802,1335.38417255747,2069.7057765302,1660.60925244438,1988.46279551213,1452.42417918038
"ENSMUSG00000021216",0,0,0,0,0,0,0,0,0,0,0
"ENSMUSG00000021217",16.5504332189831,14.0434372768605,11.5266359167889,6.53637415369213,16.9020907946031,9.01549523939308,8.17845285960922,9.88961402711509,16.0786646594547,18.7238285152927,17.1151208293188
"ENSMUSG00000021218",4331.17618996546,3994.20804028636,4483.43367207126,4556.50575497822,4466.60737529681,3780.68651290027,4313.73375612749,4826.8148075232,4207.76793818251,4138.55077233791,3895.7249452434
"ENSMUSG00000021219",6.23736775682017,0.796279152913256,2.90702934869753,0,4.4497042672482,4.52663244079011,0.768459362202616,0,0.500559185105452,0,0.847404365330448
"ENSMUSG00000021221",18.6388128557731,49.3585221516156,16.3249679834531,24.2504583328698,16.7501246859788,11.2502441429454,41.7572401024513,10.6508077522712,29.7408319590847,11.2174945871921,16.0476046884996
"ENSMUSG00000021222",905.199381071015,979.574075501681,1031.41976348014,870.644138667398,1054.37631785761,988.083036243784,1077.07376266594,1108.3561921861,974.902692319754,1066.37179888649,841.308373482756
"ENSMUSG00000021223",373.91906539671,214.561492073549,564.512356871199,240.616815720972,793.833497587365,194.257166786377,557.426765376606,288.663580371354,376.874552822704,431.242299950288,316.75054638408
"ENSMUSG00000021224",815.927337169644,678.704900738515,837.493483670918,1279.45715097654,1101.77512289432,1002.58324771826,630.170337833555,830.53880146675,1143.94296652769,918.521355173051,1143.40936060033
"ENSMUSG00000021226",153.794068370306,145.377633082928,203.023807827183,158.702441865245,223.993905857567,159.237868847879,205.269464822161,157.022748309741,153.530264768365,229.051798159507,137.371240210597
"ENSMUSG00000021228",10.3410701839018,13.0568065717596,19.0301607137574,1.06014920026287,15.5263352634563,14.2663513187792,11.3205837583043,2.98520956713588,7.62226751413313,6.63397136917979,22.3569473107408
"ENSMUSG00000021234",15.1871010287949,15.1332034225978,20.3944986654406,18.5178186136209,20.1153761628352,35.9937272757865,15.3666216981945,23.6542797115127,14.1453680730123,21.57597296228,23.9686533999243
"ENSMUSG00000021235",221.631629797428,264.528932273954,190.818288251174,215.614981396367,196.617809578984,260.728390135877,227.065874226666,243.849859696553,209.633184396636,188.360878641443,224.651171094784
"ENSMUSG00000021236",366.994073742096,376.86721779702,416.617020323536,334.918191747331,400.269127840707,361.493317665581,346.540373262219,385.832195801162,307.712827997659,355.511347649686,344.351253162559
"ENSMUSG00000021238",952.005064264352,843.087653787905,1036.41187441646,1141.48504851303,866.736685848655,902.876076459196,1026.13290450786,955.126365717062,1218.0068005125,985.923768858838,1344.87285715535
"ENSMUSG00000021239",0,0,0,0,0,0,0,0,0,0,0
"ENSMUSG00000021240",367.115352951674,459.833567992438,439.901424976281,467.872759605521,420.698485303617,557.987208557975,495.048479697922,501.420161014065,436.36526640992,491.82638397035,502.361553394381
"ENSMUSG00000021241",211.411607829568,236.353201615356,240.695620611981,175.735128212476,246.621413258978,243.227795673984,350.705006668977,305.932467128075,215.884925626402,299.914860510471,147.908300299492
"ENSMUSG00000021242",2164.45222822379,3181.83889824285,2674.30020645604,3104.76030429687,2540.26822112257,2805.63956740563,2861.94691067305,2901.64041070019,2612.06962117652,2573.46007398239,2351.13079687306
"ENSMUSG00000021243",350.505767515585,429.8481470639,420.600160262776,377.448554235402,389.618102142871,381.527998469072,442.618692492318,413.868854190961,412.949465095673,398.88845771426,381.210698059478
"ENSMUSG00000021244",594.581403637416,716.894849541286,602.099699177664,748.434909992706,749.063596538087,702.891932297376,676.532829477789,756.967160724928,755.928415795195,741.239562097275,688.389939827192
"ENSMUSG00000021245",154.278311611243,169.241405288499,194.928618997157,192.018965687138,156.688323367801,145.382014440807,175.246879890321,175.935816833821,163.171857761161,235.904781070462,242.170530438703
"ENSMUSG00000021248",2090.99544986381,2574.03438276743,2089.66620493041,2639.92009009038,2280.79544448071,2611.42729360902,2366.88014051049,2258.32974000475,2083.12454856362,2056.38684799101,2455.40839271998
"ENSMUSG00000021250",11134.0698363066,9354.60973745886,14295.7427581383,13580.6647591018,10810.421170611,6627.75942824438,9166.53244400718,15028.9114567234,11140.4484770827,9155.35724818421,8484.43605099397
"ENSMUSG00000021252",65.1830852896031,142.222719412479,91.3144487272483,68.7625559759807,73.7083581542173,73.1929594838275,89.1671296007219,66.8252304791164,122.821321462473,42.6036972824206,75.2905907385532
"ENSMUSG00000021253",1118.36834543441,320.922025898317,507.591255927207,431.739704714781,1395.66005922307,226.326464197879,614.576890864532,434.94020139311,600.919479182658,512.196697024546,423.778862690993
"ENSMUSG00000021254",109.790148924469,74.7530662242822,105.274627180097,103.736230560904,115.533958039951,101.720058402015,92.6849492423757,75.1280091958109,119.331856241715,90.8482258108683,112.260152680744
"ENSMUSG00000021255",2.30688510154203,8.05302778728095,4.13145121892943,3.06061426431927,5.93630531916784,4.81873490970377,2.31470525351232,8.28384204566609,6.37403394226379,7.44926796910153,1.06766353006825
"ENSMUSG00000021256",54.2713463608975,44.1772873934638,52.3113732149324,55.6378116087745,35.1679171369681,37.1529340610055,46.1697548602531,36.3326804727876,39.5077617913688,28.2559473128959,45.8423608341543
"ENSMUSG00000021257",180.702415513351,171.794201856437,172.720044334027,178.864430828337,170.195346821933,196.209708040968,174.001417122016,219.254197275216,189.027237048484,189.358670328949,232.753693812514
"ENSMUSG00000021258",418.133812879175,415.067280101562,407.089085344028,426.994105498469,349.586057205762,404.235209437273,377.809609179198,390.738534673664,392.774165493528,416.845750250329,438.949416559973
"ENSMUSG00000021259",23.2393009908595,29.343994871227,27.3544938857959,19.3824157490303,23.7973340407599,37.4117123578155,61.3727642004748,27.6156519229984,37.9008522965154,32.5630814057886,82.8904186226836
"ENSMUSG00000021260",2.06490364879451,3.25947814519739,2.65876344081778,1.08344176707026,5.30512505149525,6.42526818269016,4.08393985668425,0,5.67587091049492,2.80327481363036,10.2613398499234
"ENSMUSG00000021262",179.594353316951,453.769908965319,115.716211188318,138.748521504096,162.954662579456,300.733754832808,109.954172021459,135.81779102824,146.361739117203,221.593130880394,99.4166176827156
"ENSMUSG00000021263",0,0,1.8414608616846,0.957964012294552,0,0,0,0,0.986188462410025,0,1.20197882030742
"ENSMUSG00000021264",615.123388328163,535.683224036225,629.60477324675,644.466792283786,584.539981182978,559.492291202514,602.324514704332,594.597557052557,618.880653838199,719.362724719013,692.991240914492
"ENSMUSG00000021265",444.011113833203,594.618092782496,444.578097659239,647.44108182809,254.150430149612,468.366268964546,426.432566196929,647.236199447614,771.160365822472,616.921088895773,732.499596629309
"ENSMUSG00000021266",296.901584019701,267.022595231993,241.942742517434,245.458238665541,259.93664745829,298.166834948532,233.117975406376,250.674719693504,228.390843221369,219.52978722562,330.283672736232
"ENSMUSG00000021270",4227.01507612982,4015.41143061169,3707.47125500047,3413.23713185075,3615.98831669443,3784.98639620176,3509.93558873058,2856.88786777066,3005.26065206828,3099.76072412332,3302.72536418703
"ENSMUSG00000021271",309.884468302394,303.567043748556,424.644298448642,377.045900297808,382.825460004464,396.057324987589,357.492158725691,448.937909300993,347.096267783987,428.800822113901,344.978597122112
"ENSMUSG00000021273",977.203060305706,1251.66083876932,868.511068557489,810.549140750977,1172.43357400343,1113.70264431366,1041.02963563312,872.805478533332,933.644225178632,792.034308976816,1321.83187844018
"ENSMUSG00000021275",294.98852398351,273.748430653939,263.276979356518,302.668218422469,243.576946274725,356.157558173644,225.861485650356,353.156327779813,264.923383476438,301.989259930673,353.116218243835
"ENSMUSG00000021276",250.84474143351,258.724124304124,256.973352473095,290.556904620509,253.481512539836,241.63824881557,311.061677963019,258.308665916522,199.801620202228,166.715212057375,285.436540939162
"ENSMUSG00000021277",217.959808280921,128.363186860783,43.4182356384862,136.473381817549,59.3402961842073,122.335381466924,92.1371481921548,74.2311356279428,45.0651900450831,55.0565157845556,148.658113184805
"ENSMUSG00000021278",5.42529709526076,6.53110880835966,2.64117726824727,7.60962936713068,2.10196047009169,1.29546711097872,3.08101762645946,4.96031652156542,5.68842532490041,1.89814187089469,2.26801691262989
"ENSMUSG00000021279",1584.35124325117,1326.22673248953,1711.85553571574,1672.09809291838,1526.86905398863,1531.1595053668,1490.4252975202,1656.13852153659,1475.16811605818,1693.72240087596,1778.44092862029
"ENSMUSG00000021280",18.6208805465299,20.294219188706,42.0553234566846,4.9117297156046,22.8780119642483,116.345076229153,28.6664134463232,2.77910757347697,30.5705340291964,11.4650277865986,19.4565066557324
"ENSMUSG00000021281",70.5801957322039,59.7817718317828,52.4306687814707,36.6512332892179,65.3709403769939,176.440715591925,63.2394481483928,55.228819366703,55.6672750899725,43.1906575517917,28.1920880729728
"ENSMUSG00000021282",1999.55802502084,2484.76430081236,2404.04207563689,2919.4402885703,1758.81461031766,1989.7755515349,2766.4597374533,3002.24738437395,2992.54306360657,2041.5480229463,3329.65429613254
"ENSMUSG00000021285",975.928238127172,924.156361001063,1018.32728077421,1069.06525779711,948.836720332938,1112.72312583037,879.765268723627,1244.01994339378,1067.1798182702,1159.17593832906,1214.39195845411
"ENSMUSG00000021286",266.407190247166,218.554151820564,240.455961977731,266.212405025134,254.459758484107,281.543043434322,247.382053950512,226.337604382864,312.061753154959,289.394142238252,348.472608058057
"ENSMUSG00000021287",41.6647273052125,32.9226955508988,33.2634246161888,24.716679564188,22.1839024800048,42.59122149002,38.4006098611918,28.9881111276462,38.0068543401784,27.8646845771158,49.8826924707574
"ENSMUSG00000021288",747.286846617698,698.045152920103,676.994076228275,572.127684315153,692.928106595439,800.686372280321,670.921136933625,774.244486515619,610.269037238931,690.094501121427,733.402619951637
"ENSMUSG00000021290",39.3265382559579,48.628878068935,56.8775346371165,56.6580742071916,53.5987945408854,51.2764895607591,46.101506016573,55.5859701564367,51.1251957433737,40.2637786475153,43.3372691982087
"ENSMUSG00000021294",72.8818757582024,85.6104847459673,114.780184231287,83.3952519855415,117.840440805578,122.710292837217,81.9273404981026,176.152818735404,107.059114074154,118.02882684729,108.400155667988
"ENSMUSG00000021298",16.3072479949619,120.013029018589,11.4724778868064,7.6762086570969,16.9032372017257,45.2527649305256,12.3096091348542,12.864891003152,16.0451047919364,22.7013519935001,10.3184204638515
"ENSMUSG00000021301",0,0,0,0,0,0,0,0,0,0,0
"ENSMUSG00000021302",189.78438193324,178.521240981423,172.98128635457,138.762529755661,120.443026172185,169.684333981124,211.570671143398,192.728904239256,160.524952026955,217.138376797918,224.927047813978
"ENSMUSG00000021303",0,0,0,0,1.05095675570363,0,0,0,0,0,0
"ENSMUSG00000021306",68.8938289560257,64.293264119686,80.5367837704231,49.0660562665647,67.8362792758267,69.9933196620104,48.1660253840372,50.4351715547336,65.1365245260484,56.4010489023955,45.1289140349936
"ENSMUSG00000021311",198.008461098947,224.037857239429,235.049912879731,175.569558863042,181.199084038347,155.551028067217,185.790974745987,193.367746603536,204.357483728629,212.651641684993,156.509748546538
"ENSMUSG00000021313",0.715165492157611,1.67107576942045,0,0,0,3.44414743912987,0,0.51220323437044,0,5.05625108974592,0
"ENSMUSG00000021314",2.06253977337144,1.0787784304338,0.88778460782814,0,2.11621050292102,0,2.04883151948706,0.988799357980071,0,0.939571494120605,0
"ENSMUSG00000021318",15.1057894177025,21.0245436589167,4.02607820576853,6.60373297401673,13.5704857808888,2.92552752222357,12.3707303131313,5.25672724135873,10.7582892985733,8.50248658883117,103.352545458361
"ENSMUSG00000021319",3.9551866610678,6.51053488547176,5.12546278966578,3.97477172357513,33.7797801841971,0.929096956572746,2.07055019077838,7.83788606231703,2.7154000656832,1.92169837077418,71.2542354620392
"ENSMUSG00000021322",6.60699304285304,6.05460201502694,3.55626208137407,0,0.846919144887117,6.15039684553234,0.828811196898051,7.16840538000127,0.751973897716768,0.760446699469242,0.918679583479485
"ENSMUSG00000021326",671.494611774685,812.899930335269,635.838816639486,741.504546010425,615.592799046887,753.921317791449,656.735428176256,801.597378065506,775.597467012729,634.122484957357,824.264440127648
"ENSMUSG00000021327",583.315074142343,589.21354137391,537.546415338567,569.043501119729,466.623720131683,582.782917634572,548.203614167553,542.157045226177,662.29940169204,600.949506273897,475.678241391742
"ENSMUSG00000021335",0.689939267648385,0,0,0,0,0,0,0,0,0,0
"ENSMUSG00000021336",0,0,0,0,0,0,0,0,0,0,0
"ENSMUSG00000021337",0,0,0,0,0,0,0,0,0,0,0
"ENSMUSG00000021338",393.544011265804,360.128198646839,541.837958261935,407.196110597081,431.877822533896,409.86936328231,365.443172663483,391.586422954171,371.14890467254,427.315083339459,403.038843793721
"ENSMUSG00000021339",404.667508852506,393.527433490315,383.03019081189,433.163928442437,353.906681439968,284.701400029209,420.680757645846,399.318487882642,394.213548559542,302.760074064174,447.446561007517
"ENSMUSG00000021340",85.3978944328832,75.3763191086701,107.30959738387,75.2842897465674,88.7751407654147,79.4550004244707,75.7712660421626,63.3597658069625,95.3790405058305,63.8739802929221,73.2342881382005
"ENSMUSG00000021342",0,0,0,0,0,0,0,0,0,0,0
"ENSMUSG00000021345",0,0,0,0,0,0,0,0,0,0,0
"ENSMUSG00000021346",0,0,0,0,0,0,0,0,0,0,0
"ENSMUSG00000021347",0,0,0,0,0,0,0,0,0,0,0
"ENSMUSG00000021348",0,0,0,0,0,0,0,0,0,0,0
"ENSMUSG00000021356",30.3216275382058,39.2362083697618,13.2771175969477,26.6124378231642,25.7043470162846,48.1166633220016,54.9838693213661,54.7473041872616,16.2265115654886,52.9903349106672,13.0984967147654
"ENSMUSG00000021357",210.566839187924,201.354977410026,183.730147710221,203.841522092981,193.732677443306,197.626111830286,199.7794665302,161.376472051393,216.215516360451,211.135707544482,216.40014199783
"ENSMUSG00000021359",601.700945903695,544.830344549993,813.279005091438,578.300002437236,776.69000565837,563.737659425733,776.940878758472,704.147414423738,565.314624782642,860.120878840084,517.760620316005
"ENSMUSG00000021360",13.9784861707566,27.3095891650434,29.8251344084724,17.1898543687279,25.0553054921504,25.2713687032282,18.1232912384809,28.42640896059,19.5716204218488,28.9611428015302,18.3043809842242
"ENSMUSG00000021361",324.735288373537,378.284872360854,364.067278517819,396.398185866865,400.836584155808,374.589876249952,348.776945046078,389.557434680078,321.777697054644,336.743223732242,329.828041286473
"ENSMUSG00000021362",0,0,0,0,0,0,0,0,0,0,0
"ENSMUSG00000021363",0.635537379324725,0,0,0,0,0,1.11217304121288,0,0,0,0
"ENSMUSG00000021364",0.689939267648385,0,0,0,0,0,0,0,0,0,0
"ENSMUSG00000021365",231.321794851589,301.786403476093,403.03017562416,216.26775186335,397.942003691524,254.941826292224,286.748540975083,223.984879536634,186.880139291706,215.743865199838,172.78327255586
"ENSMUSG00000021366",378.324638004131,692.923969419593,455.869566720103,519.816139083999,703.528584074346,445.393186493352,553.696783764932,645.979465073861,608.205560311012,538.443611153231,853.725120410523
"ENSMUSG00000021367",21.44727144028,12.75530076325,19.3330890412848,22.0558289856547,19.2020387940961,7.71740645089702,8.30933748969149,26.4146382342607,7.44513571124093,18.3208566556879,13.8915490055984
"ENSMUSG00000021368",133.293566902328,95.7267752369375,133.707802562319,82.5379384364445,96.139334993292,92.2507459929596,96.2855397500517,95.3626582219483,81.7118471034085,55.1337889018052,123.749706273601
"ENSMUSG00000021371",261.981761712246,295.62121814592,281.783250220754,392.899140051447,346.837344516672,242.606643631368,362.911026686255,359.841191683064,341.776600885841,292.677681320139,320.897982692027
"ENSMUSG00000021373",43.8496766536662,2.57853133694862,4.32686821295258,14.5788617326042,17.6032288911482,9.41472997705253,3.71767546284571,3.54354704065256,4.59874257390053,3.93407346530477,1.37750670188928
"ENSMUSG00000021374",552.217209169599,478.842895045828,437.57968002694,447.293745809473,534.866673467305,410.220338909458,480.209725447205,479.984057956779,518.519923690446,537.225318875403,531.742802509993
"ENSMUSG00000021375",891.305696007592,549.487571208068,553.365527816753,703.274894109774,660.262309901855,765.935427729186,577.413233271771,783.800171392016,800.831853162901,808.606933329524,905.544157682374
"ENSMUSG00000021376",43.2132650064225,35.9009234902429,37.6655732231182,51.2678024817468,18.1358279854896,19.6825935308033,32.7639811367809,16.906139653589,30.1751308973824,22.1468713760209,36.7737946560746
"ENSMUSG00000021377",530.397698222564,673.145159290515,576.663085434651,518.004471368319,607.227046433788,549.454938096875,540.850363607356,585.156170218891,599.702232478439,618.683780296028,582.843154742672
"ENSMUSG00000021379",20.4511449203082,10.6122794531364,9.6523780133004,12.1645707713073,11.7992987977045,3.86010967134906,12.6185440686242,4.87387188177999,7.39804445585946,8.69910525936548,10.4760876223825
"ENSMUSG00000021381",0,0,0,0,0,0,0,0,0,0,0
"ENSMUSG00000021384",88.2506676413029,120.477250909672,114.545798818287,214.907792075573,40.4086052277698,155.105869185377,106.995047892515,106.825940395945,159.64267556059,97.1092420341906,187.38714605906
"ENSMUSG00000021385",267.218201094679,218.662412499755,255.914194747263,323.073510194356,172.086171973455,183.400183886056,260.861733667927,284.958352493364,328.695767260444,262.433092017695,397.204205995954
"ENSMUSG00000021388",41.7698113250625,37.7275900780002,56.5786535639308,42.555271243519,93.1515587345373,43.4141992490615,52.9967491956226,65.2585245498502,60.2302264155753,53.3825541170962,41.9954166652859
"ENSMUSG00000021390",49.2151547360419,29.8970049533775,53.8955735510983,24.0131826380473,62.9531687531369,26.7751363756568,23.3973388665286,34.9937832950074,52.7021667703566,32.8587738170471,34.0326790097634
"ENSMUSG00000021391",4.72702130847739,1.09718898715212,2.68236138720167,2.20218657077711,0,6.39578793704104,1.03390382204466,3.88133736475282,2.77248541623578,2.85777365938372,3.46389817262824
"ENSMUSG00000021392",320.169333432747,359.995660115031,274.358837868953,373.8203453936,268.516289246167,323.790531674754,341.16730866638,238.357027885264,382.241386046391,308.476244137969,469.669279751959
"ENSMUSG00000021395",479.607799301645,341.458802363648,502.067487911108,458.972268647922,515.402811192684,389.164682667569,443.477398479267,386.504475704017,455.510836926782,541.746190493636,408.550187888332
"ENSMUSG00000021396",1.31357145365089,1.0672849403822,2.63755629893843,1.09992482542495,3.25777690025944,6.42735130183588,4.18974361446614,1.93803956379648,1.85108090446099,3.86138459128677,3.49601259296015
"ENSMUSG00000021400",498.298224754748,442.910528074114,511.338672022911,443.820862984067,519.61495068875,468.447176064863,452.690731070363,491.348581483959,509.070093950413,534.078106122127,475.016446565182
"ENSMUSG00000021403",0.674550740433816,0,1.76826930714005,1.10660897864758,0,0,2.10005412626841,0,1.85938320355462,0,3.44117306365575
"ENSMUSG00000021404",0,0,0,0,0,0,0,0,0,0,0
"ENSMUSG00000021408",690.452671879403,639.320898871084,826.482578430558,816.463524683944,728.77645307323,667.440711656601,757.952320048639,663.984630913589,760.666122644648,795.282975608492,872.021693667035
"ENSMUSG00000021411",30.2759569567182,50.347130431709,22.3248312960596,25.8717007549157,42.1434547432846,51.9023312724383,27.3112708373221,35.8646047247089,24.6023083746366,51.9624554185333,40.2624617073221
"ENSMUSG00000021413",1207.53983952713,1142.75202063391,1092.40809277913,1039.63995053925,1244.47090332639,781.217264886861,1182.29673644811,831.300976141456,1339.52154639633,1431.18287657901,1110.05175000332
"ENSMUSG00000021414",2.3120606112734,3.46184679350913,4.83397370173272,4.98317870876544,2.39799180664193,5.83891917572724,7.0706699494125,11.2715313835741,8.4504064710826,4.02446596676545,10.3912813326013
"ENSMUSG00000021415",0,0,0,0,0,0,0,0,0,0,0
"ENSMUSG00000021416",48.2219926458925,46.1452669378191,39.7429466143006,33.006519997238,25.3867122810118,54.9650473859174,41.569560901895,48.0520072209433,33.5356231292924,36.4102576119463,27.5518898875232
"ENSMUSG00000021417",768.965507399979,783.719964796098,1005.17069461728,1155.04334864308,1031.14925722663,770.257694508761,879.910396074062,847.59082519723,1000.51255310016,1113.73437374649,756.658158825535
"ENSMUSG00000021418",86.446791060881,105.585326001014,94.2518280146525,109.585949830569,77.8142523219241,84.553687506006,91.7088201113052,106.610552943536,139.728242168226,71.6718562675099,109.165489323126
"ENSMUSG00000021420",350.045079295381,431.018360137388,418.526124911094,414.94776361476,443.489029963811,510.71245634633,397.780826939271,524.531992140542,530.11498337565,371.742656659513,272.205316928346
"ENSMUSG00000021423",86.7996385146464,141.378119772644,72.9485004293246,70.8680193884395,91.2896827475036,135.296615993813,55.487657986266,87.4082155286752,63.9179586442153,60.9616976085706,53.6109746338763
"ENSMUSG00000021427",1080.7826037117,1202.8421334562,970.741377655554,1168.43063015805,1023.80455181277,988.091112755835,1260.47602897737,934.930504639457,943.609493274511,804.941753086017,1229.30961173527
"ENSMUSG00000021428",273.060130128638,216.799646098293,211.555759357043,183.737225173069,225.916978306072,207.899044075547,278.649013023389,220.37325772275,216.317591389436,221.802852980326,231.420361518124
"ENSMUSG00000021431",196.140994818698,244.248846915878,176.098113563002,207.471409069472,198.680682792563,190.896780430079,206.314536496171,214.836166005743,203.319740365638,193.334822561728,221.794943552364
"ENSMUSG00000021432",344.139995501475,269.923229745427,298.526858607483,261.772813503813,322.220771663492,308.420418844488,299.631974713646,315.897744529128,287.026481327582,305.882914753944,308.244789106353
"ENSMUSG00000021439",0,0,0,0,0,0,0,0,0,0,0
"ENSMUSG00000021440",0,0,0,0,0,0,0,0,0,0,0
"ENSMUSG00000021441",0,0,0,0,0,0,0,0,0,0,0
"ENSMUSG00000021448",0,0,0,0,0,0,0,0,0,0,0
"ENSMUSG00000021451",596.107240032053,567.798392602572,483.477175360131,663.701446667718,493.742117613761,577.045204844553,519.651846170038,599.98053067619,612.624503985705,593.127423938453,618.779983586258
"ENSMUSG00000021453",349.04516154762,920.112025624985,439.353249309212,670.608817733644,247.226851908764,287.790971984626,485.699312991405,424.983475413847,420.518126754126,575.808669440188,315.084544477465
"ENSMUSG00000021456",32.9269197560822,41.6701858926352,40.6940620776726,66.7313057811625,64.4925192820379,3.8435295754275,58.3670652262047,8.9184697548731,49.9793899194801,4.73118648912418,34.4852276559887
"ENSMUSG00000021457",71.1330346410615,166.00594952256,43.118248929464,48.8721208103314,55.639922654535,160.538937149742,26.4768923707968,58.6049129174132,32.6598389670377,62.5615066421211,35.3344554110248
"ENSMUSG00000021458",195.972454778562,201.578776608897,209.133670555444,203.67973287925,273.567007025238,248.586403204727,201.019049335629,297.577953081503,257.771027459757,245.322989742402,197.312127486852
"ENSMUSG00000021460",552.548896039979,677.590252728091,621.706192517535,734.034248897085,645.431850156614,722.984900737708,646.454727330482,743.682909383178,673.392569420471,721.307579990212,560.949784216257
"ENSMUSG00000021461",68.1078665233245,77.5924314566541,69.3099439604046,44.2651935349095,83.4325641066616,85.8337439957713,92.4028120457978,136.678598942648,58.908065692085,90.376002064402,30.4589551718918
"ENSMUSG00000021464",7.61203946422345,13.0101909286056,8.01760274666448,6.52436159607894,11.5284716141079,7.68175860878576,10.2452759320364,8.88364369989378,9.46180683537771,3.74653501926157,9.15347080221839
"ENSMUSG00000021466",159.756158520908,156.549223751602,198.221241538273,194.587092941613,255.520387620019,136.309754274244,164.507916763953,217.301469073594,191.37816226688,230.532599000152,123.54715268583
"ENSMUSG00000021468",684.830832733451,606.940589685223,658.89652127792,665.833659422912,648.035634770245,604.995102084753,727.461545620729,687.458284321202,694.242788598488,618.833916001758,742.661192122873
"ENSMUSG00000021469",4.73826906599337,3.23155495551261,2.64305022631006,4.37171425798299,2.12298650144079,1.29145262092258,4.1209311728732,2.9507226018272,0.940570147468418,3.80819065220088,3.4351464038117
"ENSMUSG00000021470",282.29128789425,243.238607988549,250.12893976251,176.77087395831,197.035152251048,279.180751709076,247.194783108165,248.567415022107,220.793610157535,226.093211114132,252.184601466953
"ENSMUSG00000021474",285.975240880453,266.714766973209,231.883394994356,258.312203991302,304.019728183296,253.278483888296,262.514314694591,252.168760309631,287.257517537055,294.983758658261,281.593332701615
"ENSMUSG00000021476",177.751000407975,216.148433556141,184.703802223136,196.588944500814,194.623547173321,206.49445128042,184.007882365322,228.952903034904,183.564652390353,203.569779989298,187.311643917467
"ENSMUSG00000021477",9928.33437085477,5518.74087485897,11020.3977267089,8696.06469475994,14384.1429846011,4540.13965641908,8478.85494669294,6114.21235723625,12269.2210266344,11016.6668733235,7105.96208353434
"ENSMUSG00000021478",3.41659394585631,0,0.889882346803669,0,0,0,1.02350076816852,1.98783436193221,0,0.94385040011264,0
"ENSMUSG00000021481",50.3016773420428,76.4402351121037,37.749963634596,55.5203949188008,46.9502017012036,54.6405666542146,57.5264430826664,47.5152748462086,82.7302990188028,47.960124102048,87.793137670857
"ENSMUSG00000021482",360.37011530254,341.484309166233,431.286885962385,397.430611615041,477.480213734151,288.332282631225,421.18599902092,413.426288190224,417.1445628514,511.968321741705,286.339355307041
"ENSMUSG00000021483",84.512543795236,72.1653421787067,89.7855848826672,61.7900746522148,103.265553219635,81.5411176169775,55.5226457818515,69.1201609792709,58.8895916652792,92.4795011183125,77.2713072579525
"ENSMUSG00000021484",1410.07211105337,1395.91012626496,1342.98666755409,1370.98279982159,1166.22845605239,1428.1514669503,1381.24845684602,1221.18736666456,1179.15041151139,1136.54019697095,1441.05401294847
"ENSMUSG00000021485",6.04520306716353,4.25928512757379,1.76858966428865,2.19457533220801,1.08080184986089,7.63041516396493,1.03474699615742,4.87776069633887,4.66650183877539,0.958254633161692,2.32240138704624
"ENSMUSG00000021486",2350.58450656911,2487.1995145186,2727.24519130631,2783.70494659359,2457.99523086881,2549.70742174873,2673.82512880809,2396.73787207549,2330.646352174,2491.89802053385,2592.65790259776
"ENSMUSG00000021488",1311.42552960213,990.002738999153,1558.75199182076,1836.70273879763,1398.1991544159,949.025700418726,1315.13587632579,993.781828657783,1604.10631357869,1465.59684600007,1465.59477912253
"ENSMUSG00000021490",0,0,0,0,0,0,0,0,0,0,0
"ENSMUSG00000021492",2.06968426659047,2.1599829026288,0,0,0,0,0,0.986657956351836,1.89110315974056,0.937623797628861,1.148025080228
"ENSMUSG00000021493",388.048045990922,196.254856126941,197.116760765992,180.83275410462,329.150126431984,202.935739196164,168.277140463314,207.560974203122,240.900596880508,217.05363386706,195.321163532466
"ENSMUSG00000021494",594.948999189164,550.677232822895,592.790167160436,554.763000360225,534.90173509857,693.731092220519,495.760467781303,553.594835458049,622.695784785268,651.182200163033,678.107871375254
"ENSMUSG00000021495",1764.41910745973,2328.28149613052,2034.84408407143,2180.03384688756,2160.69490883373,2945.22256338456,2032.15774511337,2513.13369937829,1954.3742634145,2392.38252455891,2094.41535253995
"ENSMUSG00000021496",148.771205715797,189.461199947785,144.121201054679,176.909755117858,125.338101110465,168.796047031593,162.272866256892,178.001932142443,118.882711112558,154.903893984128,152.350240444516
"ENSMUSG00000021497",493.173437841526,522.335819176811,523.809134589144,541.002284955564,499.921129033976,507.657622402862,563.681769389233,559.094090165003,451.151035297817,524.92984633633,480.123828967519
"ENSMUSG00000021499",3.420537656844,0,0,5.47025084134164,2.109648383227,2.55728403107114,6.17271723678698,5.9176930788994,1.87629352752442,1.892507682186,2.2902982926892
"ENSMUSG00000021500",1298.53477243518,1444.01679099012,1192.93647259729,1275.59999899924,1479.64899470739,1305.66793026934,1433.61517300669,1439.52463508638,1495.18743142723,1304.57713643583,1674.96799509027
"ENSMUSG00000021501",294.62202364368,248.823760350535,275.31088548025,266.599199151812,267.817546435128,265.063040599288,265.090298139851,257.832620989778,304.80801345268,312.725295629398,284.015425683228
"ENSMUSG00000021504",161.494228254558,146.54690062245,153.312648925118,148.939744008693,102.95161583295,186.450201921474,147.572263920373,146.07634896341,134.490497316717,144.110935476498,214.066909746976
"ENSMUSG00000021506",0,0,0,2.83495860682756,0,0,0,0,0,1.0796402623839,0
"ENSMUSG00000021508",411.559960046108,282.883838465518,446.752614680585,403.831903860358,577.001737758608,427.610255781318,486.961737970673,391.626813143936,561.830885212682,413.105231257027,578.046612304398
"ENSMUSG00000021509",129.906963489462,116.282571444263,180.056664808296,234.042700222122,105.138823289663,103.356051772405,158.561661565463,108.761848558212,163.16453179202,127.867607020732,262.118231616998
"ENSMUSG00000021510",139.034732949038,101.088628152916,102.84450395945,90.5638880200766,89.5256121816293,83.3717414187392,102.550031166719,82.1571116891071,120.75231869652,95.5719053155627,139.829479051418
"ENSMUSG00000021514",37.9154792561841,47.024977189609,129.955704476529,56.5718866601686,35.4295201086638,17.3316077696127,76.7440018455652,20.8303239625477,48.5324222875779,37.8135124688561,32.3577212767231
"ENSMUSG00000021518",675.914426210039,673.721488493616,689.183980570605,624.367102885222,651.61774701762,616.218701341741,670.153203331002,669.463733590248,704.355673242829,582.467507833197,592.407023759834
"ENSMUSG00000021519",355.897062183658,244.63416894443,250.465622702057,196.863031671001,212.176266409444,312.67191508755,404.949566337735,260.94164484053,254.800301985071,288.689275301637,228.714845941677
"ENSMUSG00000021520",751.443299552013,814.828566537539,722.405614958214,682.580083809589,669.550082564324,751.79309860515,694.531122140631,833.019732175434,649.999848316792,603.97310548703,674.760278055371
"ENSMUSG00000021532",84.8472311066631,116.479236879057,99.0510428468003,159.22555289576,166.172082257937,177.249258139319,200.943628868988,225.251347441807,76.0561093979816,112.289284428566,82.6453389919377
"ENSMUSG00000021534",3.31958988816506,1.05944644297879,1.75591585008213,1.10549340217138,6.42677108944073,0,1.04074638690652,2.93657000753041,5.58472014932485,2.90165780276257,2.32631063471929
"ENSMUSG00000021536",9.6839496603171,10.7716281047473,5.3273539416761,7.63215163125409,13.7027726046848,24.2609178058456,2.0495888303887,10.8996723846828,12.2612636035445,15.0431207613653,11.4392839639432
"ENSMUSG00000021537",293.233470669429,293.263839201708,256.535403217234,249.310724944799,253.330524819298,243.40296598264,296.366858032563,232.614146521107,266.734978110627,286.621509697183,262.169115781157
"ENSMUSG00000021538",0,0,0,0,0,0,0,0,0,0,0
"ENSMUSG00000021539",0,0,0,0,0,0,0,0,0,0,0
"ENSMUSG00000021540",137.310569794462,73.3680112138744,100.988189439829,94.2958225406789,110.605360694935,61.5059472282902,97.069568061051,95.6378621787064,114.40016315321,105.176392577485,123.543541699039
"ENSMUSG00000021541",0,0,0,0,0,0,0,0,0.94676288413655,0,0
"ENSMUSG00000021545",0,0,0,0,0,0,0,0,0,0,0
"ENSMUSG00000021546",4117.21535396255,3680.55224046836,3832.39991455911,2990.60636337648,4130.42699783265,3204.14621772122,4206.47908471335,4057.57088370263,5038.87351291477,3486.28453116902,3574.58918182926
"ENSMUSG00000021548",131.610715220104,144.98684614281,135.25924629104,134.101348790188,135.228598715278,143.462833511847,180.466485062723,157.078021442746,161.35640858157,170.497427355831,125.508699950784
"ENSMUSG00000021549",633.815644858736,615.015857037972,783.6168885051,795.995956659795,742.850119676404,578.372890499425,648.825753257829,676.74069949676,783.821737627246,668.128674535439,670.102634001553
"ENSMUSG00000021550",588.446739523926,648.252040591856,567.083268549614,616.160877005897,579.059096466211,640.242247577926,558.123760786974,635.030920256305,537.612351183655,611.299929501579,555.466207606278
"ENSMUSG00000021552",210.574563678046,216.351959187597,390.789894158119,317.327994673811,362.335715832621,225.212928665692,351.359791376451,247.938453338659,409.178011768485,318.94113198528,217.123427175615
"ENSMUSG00000021553",13643.1024660093,17440.6071135388,14702.9409160887,20836.6629397779,13289.3300509435,16304.6158320275,14809.4476517937,20658.0352649939,20422.8200878522,13696.2034136291,23080.0612727599
"ENSMUSG00000021555",594.047723913418,487.980861757398,573.809174626007,537.489018361417,601.439471818418,472.812681340007,502.237396940376,529.609169024453,642.226462706665,647.03524017845,467.704211326436
"ENSMUSG00000021556",438.060988084615,527.874272846225,639.330231226114,658.394855396777,531.493963072508,493.540373806391,527.19610671476,479.576238127468,608.59193369955,512.169477510485,611.727600001256
"ENSMUSG00000021557",446.443279311585,280.900327837822,1233.65030197369,391.046901170151,331.316649679044,289.704581505662,381.930243457354,244.018987563161,610.24184183245,353.821163984478,633.929262838066
"ENSMUSG00000021559",4006.69770410888,3012.58313166647,2992.39694083768,3435.00552881889,3195.09499895368,3278.27757879791,2436.96530143322,4561.67646223069,4823.09933542054,3152.14881046761,3480.35945295152
"ENSMUSG00000021565",1.38137585460992,1.07947039128425,0,0,0,0,0,0,0,0,0
"ENSMUSG00000021567",1.38974539416755,8.72723464681118,0.866243639692497,0,4.15480256121989,5.19959168896666,0,0.995419134769616,1.8417517964915,1.90362947523042,1.15810462999178
"ENSMUSG00000021569",18.3581445237283,30.1571503373544,19.4431190327703,8.79391988556639,21.1483363892403,21.740866645361,12.4800054567976,32.349765244165,21.4357547445701,23.8763403062165,8.01791440175725
"ENSMUSG00000021572",6.53079134351281,19.9718679560214,19.8706734634078,12.5512498702905,22.6515919483749,16.087510239341,6.08775953264448,57.7123339017866,13.4570529785669,20.9146621466538,6.94407695173807
"ENSMUSG00000021573",5.38097425037867,4.27701901543989,9.66751482507635,2.20035495409408,3.19374114680983,2.5936024740886,5.17590236103063,5.86857497338473,3.73657591084489,6.70060840233999,6.90295200546656
"ENSMUSG00000021575",0.742785688098936,1.16845470881373,0.756313716802515,0,1.79994507012516,0,1.11218835257983,0,1.0280093685134,0,0
"ENSMUSG00000021576",640.762402486805,779.620346175396,661.533088309049,747.236161885679,655.588060884545,809.810655383462,695.505083135963,646.348748705752,699.224592629287,696.4011102403,637.17514633287
"ENSMUSG00000021577",4964.92255165416,5143.60928037079,4582.63387347836,4522.95520893979,4703.95181676437,5435.49663061185,4756.77522390971,5696.84019898592,4630.07294503677,4670.68174458076,4766.66288071606
"ENSMUSG00000021578",181.463606509795,204.877591648319,163.338116142003,199.227744853325,143.834046514877,173.127745388796,167.359646098637,214.87592756007,168.29695835108,150.251270845902,207.773306545004
"ENSMUSG00000021579",20.5837623350477,4.30826672907294,4.42460260354475,6.54502147931549,4.23235834728001,3.8605487449684,0,0,1.88579712826723,2.81900721435877,1.1426676104451
"ENSMUSG00000021583",847.227709332716,769.192184788817,813.631261779522,885.401438349075,843.680178433314,680.675407757693,821.785583278494,745.363216415588,829.249198909165,773.751310161393,836.064054003985
"ENSMUSG00000021585",731.113905890385,693.111414861612,734.075468455357,578.772666020103,867.431922938216,644.604052546089,626.559590400674,748.298969443758,621.158393232099,710.775552970741,766.051656441581
"ENSMUSG00000021587",2.84341430067876,2.73052019061034,4.44965492949815,0.919792262733404,10.4256608069695,0,0.8700781445223,1.64580266232356,0.782630515111331,0.795082834884389,0.951335756224744
"ENSMUSG00000021589",60.8770333635938,70.5950947318843,73.8546181037107,74.0276036052892,76.7916052146827,25.2694538438955,71.6593290785902,30.8318501419144,78.7477548205714,29.8395014842684,73.3099868164036
"ENSMUSG00000021590",6.31775581984564,4.04880198958922,8.3003532403497,14.9613683827664,3.97085319158886,1.20922061734002,6.89616551834679,0,2.61938952540825,0.91012968551828,4.3197081899231
"ENSMUSG00000021591",118.978364871201,242.345724152551,96.7786029668167,189.763780127989,98.7389312212975,93.4724195945951,158.386945501568,109.038705407365,157.198311559237,48.4053087953107,167.569424191979
"ENSMUSG00000021592",96.9981547039337,120.200450280327,116.774226938601,115.192359960169,123.521473248372,60.2884952200875,103.895106934795,91.2312236543338,121.153897090993,57.4406781923586,137.374502894942
"ENSMUSG00000021594",9.48763045844421,15.996479457988,15.8779737061162,8.779977133387,20.1990278858524,16.707649127491,12.3533734499724,19.7003080111292,10.3281013638205,16.2091546357328,9.21861504352981
"ENSMUSG00000021595",1522.57810401755,1537.38046841728,1464.07512855038,1653.92319757984,1490.04933794985,1792.99774179256,1577.73108356601,1630.93013699856,1562.26414520133,1367.93597440607,1923.36318350001
"ENSMUSG00000021596",19.1998437801824,6.97919066616065,5.51009377873101,2.6174014056309,9.48208924175478,1.14387165473266,4.64898722551262,4.34850161867705,4.95906084595684,2.54604707906489,11.605503100886
"ENSMUSG00000021597",61.1336286893845,95.9490099028931,58.2093421698346,35.3412289528074,54.8014734000661,52.2132329764646,54.3800377052803,66.7148886289844,83.9286176953305,66.765106178645,45.8782991618881
"ENSMUSG00000021598",117.933359203996,134.46141287916,119.083643302299,125.671584067308,134.97908908432,115.588513990323,135.418422769368,109.440826408828,121.204875845973,160.01061075749,106.431869283481
"ENSMUSG00000021604",59.239476382809,55.09507024048,79.9630673222762,71.7901250772726,69.2656748419708,65.1868296164226,83.0032348675833,64.9170401552952,70.7017681318114,60.0837758100665,84.6921698015889
"ENSMUSG00000021606",577.62692519132,690.117461767716,547.169949250346,556.904913677603,516.715539802715,656.323937081154,586.281037601529,622.661237453206,615.766579544466,533.062601067784,567.305019773961
"ENSMUSG00000021607",72.4937296280577,59.3411206254657,64.9599853343367,60.4641806414177,84.2598326577878,93.8844677311782,76.9832140199799,74.3242200487011,68.5104369792415,55.7926469023081,82.4225040875686
"ENSMUSG00000021608",39.3870816852551,57.1363420248978,22.6793457176994,27.0554384428646,27.1287286603372,29.7700689232687,225.040629508666,20.1529060797587,22.7352761447059,31.7597505284639,39.1792421554826
"ENSMUSG00000021609",0,0,0,0,0,0,0,0,0,0,0
"ENSMUSG00000021610",3084.56438741275,3759.93528506115,2994.92637628286,4054.25410983052,3137.38210844288,4122.2483275321,3709.63111272191,4476.02648630458,3188.90358694761,3162.37751846143,3712.53799506105
"ENSMUSG00000021611",32.6252695047582,36.8757602315014,19.0913316383623,28.4121704774075,35.2342291702562,21.1409720466235,28.1006345983506,28.0565517570468,409.182304980348,40.5132033199993,27.9997403650955
"ENSMUSG00000021612",0.672588064694798,0,1.10513395175171,0,2.53305182783462,0,0,1.23733649122024,2.54227945544976,3.44670566870316,0
"ENSMUSG00000021613",0,0,0,0,0,0,0,0,0,0,0
"ENSMUSG00000021614",26.6500409973637,11.1987996514402,18.2101318924511,99.8946527148854,88.8328249638149,107.809867801038,33.0209347156204,80.9385963369083,17.991738316757,25.9266870383918,22.7566616303162
"ENSMUSG00000021615",71.064336645168,59.5644375201072,58.2310415523496,59.7366312857361,50.3950707138284,70.771766726025,49.396705891883,49.7509780502106,49.0975093783357,35.7131399545401,50.1347944598223
"ENSMUSG00000021619",39.8030819238517,76.5129261867811,37.5955651358382,40.8414229619916,24.6210893008557,51.1673107312263,36.5973390819293,54.2942428504664,43.8910198490759,39.2310578728003,56.4942734015082
"ENSMUSG00000021620",0,0,0,0,0,0,0,0,0,0,0
"ENSMUSG00000021621",177.765694580082,146.679284142203,164.19313297133,170.235926141784,153.604017999213,159.03876469446,217.550576219183,176.103570359438,172.679846209933,160.44003719662,174.307389874787
"ENSMUSG00000021622",110.979503530397,0,16.7916447742966,25.1228854806364,54.8609479880956,1.28330936103143,2.0456224458668,0,0,11.3137683849965,0
"ENSMUSG00000021624",49.1167097308123,63.0638468433192,65.5897912921252,27.3520910817231,29.8894967287362,78.0003218284908,23.0966387039423,25.180311406156,30.7815509864185,28.1139657319047,26.1140830367949
"ENSMUSG00000021629",809.297212473993,770.114603223702,734.155079638052,743.861833985691,757.120675725849,829.727397113677,793.438986796818,749.86891496338,743.059451213556,670.783215342247,875.597755270549
"ENSMUSG00000021635",223.950079905159,273.316934743324,207.891421287455,197.570058260003,210.547335006297,285.031944170818,216.176309175643,249.50664082101,231.818520264985,201.707301581683,243.078887216937
"ENSMUSG00000021636",240.079239559152,247.615307519099,284.004651429958,221.343483650656,350.53140470065,204.714216755135,306.321251180183,268.432377350166,211.238102309306,278.526953232964,207.574176886421
"ENSMUSG00000021638",308.001635759117,234.533927981667,404.819099719835,330.884398779378,423.522123281443,232.543926051578,352.495579363537,282.514931690778,341.530177675319,359.119656954028,243.419836487111
"ENSMUSG00000021639",97.9249224659153,154.475855025934,110.532421633453,81.3458627875421,181.802160957846,106.695286968805,129.154196152444,108.912217383298,94.6634716325991,137.121544117881,98.0337148324576
"ENSMUSG00000021640",0.687495481941972,4.3377410448714,0,1.0921177890762,1.05082719651521,10.2395513547508,0,0,1.87852105736141,7.52388101033032,1.1438161884349
"ENSMUSG00000021643",52.1419362342017,88.0416762071375,79.7107222439204,80.4915256568256,82.5811799568843,52.3095623948488,78.4076028178764,65.6580036718768,53.406665672873,55.0259626707911,38.2672796079203
"ENSMUSG00000021645",154.759333686942,123.333628857871,142.980121871628,127.128487675713,129.771146902173,133.769685378354,127.119696191081,138.957569230677,281.505401191933,134.327394737542,127.541258477064
"ENSMUSG00000021646",714.914596934827,921.699323764086,837.843899096952,857.829771427455,748.126321100601,754.923074822577,1006.16826748746,750.951366471421,790.959256329675,837.098969907898,745.095831808393
"ENSMUSG00000021647",0,0,0,0,0,0,1.0244779114794,0,0,0,0
"ENSMUSG00000021650",312.521470603326,337.640302655475,265.150221971859,342.474088472519,207.186451185101,370.1776863989,249.717285738319,291.787051277582,303.870082135678,298.23618296497,358.183725353632
"ENSMUSG00000021660",1691.49780554006,1904.70792473967,1839.93915728575,1921.225291308,1854.68260179267,1652.12862870569,1900.4685492886,1613.51986780736,1636.34814973053,1732.32054790506,1681.27999874659
"ENSMUSG00000021661",110.925607115098,114.662686276952,104.531201258307,152.81742784669,160.420962075424,139.680586299439,109.91225069194,119.509083735525,192.989122695106,151.40796968889,176.163613824501
"ENSMUSG00000021662",132.069629621178,90.9000800933717,129.660385174363,107.963229234875,121.100664853511,102.15017301639,117.278002226784,161.58078787826,138.809839807811,195.746620382078,131.124763861393
"ENSMUSG00000021665",620.367811479032,559.958723412406,514.233878819105,482.73632611947,608.936113461496,523.140147227982,433.572976620121,505.147628540264,514.781747160119,502.988067277203,381.427043173403
"ENSMUSG00000021666",506.810380853408,456.843992196162,500.233220435668,481.782768608475,428.149115046563,508.749815849202,458.818690632852,567.240109877066,465.452064017647,411.171022714716,498.127471196444
"ENSMUSG00000021668",146.997332104995,99.5069774660348,142.834315034596,130.833371054646,147.848162384535,115.153067369261,102.338142857311,140.864561490785,115.066446664966,136.266014492175,127.959232736771
"ENSMUSG00000021669",351.384139399304,260.65849565372,335.46833397541,351.982220481429,265.837305223727,230.718641497536,338.095748908748,326.804784075222,362.349573488957,339.191923322211,320.200051757775
"ENSMUSG00000021670",516.034829929467,765.77915375277,248.114070821486,250.775859043419,364.027561134627,409.715273009213,440.341075048183,433.14235943846,420.551202423722,205.975257501298,623.282691006116
"ENSMUSG00000021671",95.2554834614936,87.2412593155463,96.4885780124143,83.1836049137953,78.2644683135701,96.0637388967307,68.0583489503368,89.6454816093438,104.148584700131,99.3132905860338,84.7309312398392
"ENSMUSG00000021675",0,1.07200242142654,1.77001713745924,0,0,1.28093195341432,2.05722259489347,1.97778516920093,1.88145006080944,0.947565260147375,1.14869381772987
"ENSMUSG00000021676",465.509795207858,559.339912634085,562.319847783134,538.577240328625,461.783455339385,363.784444445599,670.078286030298,717.355858367106,811.242051772033,662.087820350941,655.269973052363
"ENSMUSG00000021678",25.1688387042027,35.2864007393129,22.0825413376516,18.6401667883865,29.5321045387157,49.0143343558239,36.8458782157031,40.7445856107085,16.0853330889235,37.7874738209853,25.2487885810338
"ENSMUSG00000021679",0.704860568290596,0,0,0,0,0,0,0.997043543242973,0,1.82493228804953,0
"ENSMUSG00000021680",0,0,0,0,0,0,1.0244779114794,0,0,0,0
"ENSMUSG00000021681",541.383591621157,575.231539011503,499.624362538369,488.692781155175,514.23272982293,493.867208147858,534.71328775118,494.556060600891,503.035699431707,556.522981875615,535.181437489602
"ENSMUSG00000021684",8.33836368201055,20.7815101036673,33.4009050108979,36.2985580071121,39.5087947177215,25.2472572817283,36.2175897180206,13.1221733167766,26.1559177506635,39.6301453923184,31.3115871269502
"ENSMUSG00000021685",0,0,0,0,0,0,0,0,0,0,0
"ENSMUSG00000021686",1177.45587238834,1316.51279536092,1169.08896466121,1332.06652755085,1194.42583350368,1205.70260306536,1226.7485598947,1194.4490581317,1261.32033816471,1254.68063337404,1200.48067621928
"ENSMUSG00000021687",359.878443177428,324.398047918166,408.691297760616,487.901174575185,388.612030233052,251.753760198445,416.475245264851,423.946921378198,473.483887246308,465.409702488727,414.567788902061
"ENSMUSG00000021690",701.862383638825,541.915761869955,709.477983923435,869.545134452407,422.784662866022,300.014857774055,748.096665235527,504.923296606,716.48951247872,480.309998078118,763.456423616147
"ENSMUSG00000021692",59.1440783388829,55.9282480628025,45.8750304232907,35.0280122616038,42.7696094055772,71.5056824744381,32.1322017565472,101.731470294344,58.1074592717584,47.1024373468507,49.7099416718321
"ENSMUSG00000021693",238.566127019984,269.152803211092,243.418969791937,287.839782054321,268.137441806066,270.050885780373,264.895449304695,285.173266261486,301.862784898291,320.926698178259,276.835760534938
"ENSMUSG00000021694",132.740662726932,191.828049406335,163.279064297399,213.439062653666,164.53513150215,143.816085690509,183.939343038609,111.617562795081,179.262099555736,88.5191824383951,208.569670933105
"ENSMUSG00000021696",161.316490336768,190.643239340214,189.10436756169,131.996089679716,139.180818809777,81.0647590039851,111.903867648879,96.0612966912546,118.499170457356,143.771073910462,145.206198853669
"ENSMUSG00000021697",7.13129941145399,6.24360464056073,9.48572675920023,5.28690309072676,18.4741828575767,3.70545633438992,6.94285091528983,1.92673804009327,4.58141811328041,4.56527662798334,3.93757651526818
"ENSMUSG00000021699",57.6798796901898,32.9755502715253,50.1174019345459,43.949077245927,56.4019306640984,24.1269146789859,262.715326155204,40.1540099882594,23.7585112742016,18.5564912344571,21.9438243736405
"ENSMUSG00000021700",0,0,0,0,0,0,0,0,0,0,0
"ENSMUSG00000021701",305.430146052305,153.358265939709,216.465683219503,205.467812602492,266.295040201393,128.005621107798,248.034445888253,201.596577768746,273.73935756804,196.209109512328,222.629151422607
"ENSMUSG00000021702",12.376880061715,28.0071664855777,8.85698612737357,29.4622219083195,39.0080082643375,30.93990139323,19.4165532672082,8.92546892866651,4.73337393593154,15.9413222004378,19.4215410632087
"ENSMUSG00000021703",225.39698454132,159.491230511927,203.097164132916,140.696394216526,233.304027029952,127.703795984261,134.742676758204,169.927788619099,187.190885592601,189.163081578139,130.878720551191
"ENSMUSG00000021704",24.0268253811995,20.3120276012768,10.6188496389846,18.6187894241843,28.589185466745,10.1917613429716,36.0553475290244,21.6922972476045,26.2298741052567,11.4229102610433,19.561703629652
"ENSMUSG00000021706",377.105706832868,377.181186230937,395.975262645038,337.286420907514,377.219086675947,281.563290751069,377.598165381984,368.818182072974,378.695304627084,380.509295529689,343.466792764852
"ENSMUSG00000021707",10.6394538238329,12.7433801192825,17.604840717314,9.94868905838924,12.7947255620878,23.1287747399722,19.8281834780059,20.5648041106043,10.2342392323742,10.6217071117912,13.8843027153001
"ENSMUSG00000021708",9.89913219701219,23.1621005288273,23.9146284914445,15.5560157925678,12.7914903304636,10.8621414749264,16.4960317255501,11.3858350499531,15.6515586158561,26.236877909518,40.6050553069272
"ENSMUSG00000021709",2346.14920543508,1955.36555400918,2547.95847189441,2580.0348383723,2917.51402290443,1281.45318076909,2773.3976158333,1908.39945084587,3113.93313983515,2947.15358543261,2423.87457642226
"ENSMUSG00000021710",498.801264981933,581.131334927351,513.72194710686,578.927347649707,604.290484802358,424.341099353208,482.748093451549,678.106311140587,791.745183075683,704.454344502494,727.148119583278
"ENSMUSG00000021711",433.97094480496,435.360934024861,400.225022012011,408.073414320323,349.301690729168,444.18970166106,385.085734720491,398.604311791689,407.474820036181,341.606981325952,520.651399549125
"ENSMUSG00000021712",116.99639071641,104.165567318541,146.762560098799,117.336355315754,183.193385644123,92.2804246788345,141.149444858403,134.42774173557,150.131976030924,136.415184184045,99.0046044435716
"ENSMUSG00000021713",189.51317755504,197.090133638988,174.6937671023,183.295970591671,214.74459206092,149.900411896865,174.251402132972,169.813560960604,174.251659832992,179.093333573573,149.441366319014
"ENSMUSG00000021714",11.3870775458688,18.4653306678842,14.1498752231133,20.2922562289355,15.3890598406132,30.2209159439839,18.8623620050367,23.702171992669,25.3405987250327,14.6543047251983,12.5730967685706
"ENSMUSG00000021715",198.113160178261,242.270536696146,206.034191079838,174.099993776244,247.713832092897,202.487084902441,260.458014762403,209.097403671301,198.850801397925,163.4586280736,165.713085929044
"ENSMUSG00000021716",92.2308388093472,135.297099696739,82.2565819173202,114.325070398973,111.140992633872,112.579264108338,140.114736214266,103.72928270835,86.8127695985218,108.612166032214,110.503766647136
"ENSMUSG00000021718",0,0,0,0,0,0,0,0,0,0,0
"ENSMUSG00000021719",0,0,0,0,2.11877702702206,0,2.05480407925595,0,0.936554351418936,0,0
"ENSMUSG00000021720",20.7971881573546,16.186194877333,14.1869504256582,14.3874318353626,12.9314184875332,8.46762777494418,8.66440697776459,12.139541197662,10.6988135079511,10.6310204195042,10.378278974832
"ENSMUSG00000021721",0,0,0,0,0,0,0,0,0,0,0
"ENSMUSG00000021725",115.567186201168,129.834918586534,87.7114294970383,49.0269603519717,121.695151821898,99.9693868535686,47.0127632562946,55.1195164101965,48.9243934611178,69.8468576653999,51.0247492848679
"ENSMUSG00000021728",52.2853820178737,88.0813387723585,24.7425936188468,27.644377116919,40.8041843032043,55.3852878411407,26.2342135806246,31.2087629120944,22.2175219476021,30.8538758283441,28.51258871874
"ENSMUSG00000021730",0,1.08064173486522,0,0,0,0,0,0,0,0,0
"ENSMUSG00000021731",412.946078466488,383.355808683275,384.113409281645,407.189413580542,438.235638209347,438.084487356057,429.837099600958,390.656465874899,417.602537754386,451.555417514044,445.118264672643
"ENSMUSG00000021732",4.15185740713706,5.37620723190592,1.75727605560701,3.28397690923155,1.05245129455586,2.55101228380453,3.08776491831824,2.95347251947056,3.76812651251516,1.9124114733952,0
"ENSMUSG00000021733",159.288208822677,181.833495859631,158.446524821241,188.568706911587,101.080358659544,73.5230211655418,181.043512950791,141.358679957615,206.525076169928,162.45288731334,183.355081102874
"ENSMUSG00000021737",950.653338921562,962.078348196165,952.689687111363,992.945770424442,914.903579462997,965.148938601412,909.123992089236,1016.49904743307,985.064794659427,883.495654036228,1031.88698737402
"ENSMUSG00000021738",530.647414341759,478.052357285098,637.855951979321,556.132224106771,471.496932384662,413.243485041772,606.6567260236,540.535726085765,531.048649832918,513.61631152859,545.38922010187
"ENSMUSG00000021743",0,0,0,0,0,0,0,0,0,0,0
"ENSMUSG00000021745",94.8583983927848,93.1003845846261,86.316624644559,43.639945674156,119.676289915996,78.8126498719093,103.838377354595,129.772579202437,79.9808698196811,69.3499839467254,181.123824582194
"ENSMUSG00000021747",0.681247838736435,2.16965493161443,0,0,2.09892829449025,1.29509707845206,0,0,0,0,0
"ENSMUSG00000021748",5824.9305022053,8888.38614463186,5536.00321498053,7014.93732660114,6584.73549881836,7781.00448560937,7194.70453527354,8257.27040669437,6390.38431945784,5387.75030550014,7333.27495382506
"ENSMUSG00000021749",1.3654990623569,5.3169685806003,0,0,0,6.41382508342333,0,0,0,6.72655039316085,0
"ENSMUSG00000021750",2.75510553735378,2.23757781997996,7.33107859290342,3.8029018268133,1.48772505147448,1.35867472624695,2.19493813588685,0.668697384435472,3.19731995858013,3.99637035280439,2.94686297613673
"ENSMUSG00000021751",160.842340285763,220.433110835185,162.058048249686,171.455112397027,177.18176949776,222.588165376803,155.459022781323,195.35421635716,134.275337185008,133.445376068224,138.417134226323
"ENSMUSG00000021752",230.656960347673,209.206134276161,239.415407374861,295.982861220161,253.013013096853,287.585968247812,296.510515774538,340.046669996714,259.18938059677,275.355245682639,286.873692923206
"ENSMUSG00000021754",1913.77671330687,1374.34069389066,1869.9557124577,1741.38608693343,2659.38383145857,1049.69921204564,1905.35678321151,1643.8346612857,1230.70697716881,1810.43445785913,1619.34832252803
"ENSMUSG00000021756",2587.09444691349,268.172632221523,1760.13875376049,994.408417855764,1776.2410586856,274.112233480274,994.465689184837,1330.09172796368,365.300844243735,692.947668945315,768.489791823781
"ENSMUSG00000021758",0.673643138089236,5.48381778916049,3.54434731921913,1.10384029519369,2.07689118478943,2.58189951300695,3.1503818598908,3.91175292295093,4.64522462084686,1.91613902879195,2.25852226948339
"ENSMUSG00000021759",177.139351089445,355.536542055552,272.145401922727,152.243027555981,274.420752787135,285.079588232785,236.86587145824,285.304415282655,225.651559433848,295.843428002994,165.530100812028
"ENSMUSG00000021760",119.84026878218,82.1188665751899,76.2723186581788,100.158084819921,87.3299276235474,59.5326586678738,100.500677395648,74.1114478838754,89.5764109025599,106.425827179608,139.323704883212
"ENSMUSG00000021763",21.0650243050189,36.6559177926868,26.8990579703687,18.9588161295137,23.0617715676589,19.67982309291,26.453833551201,16.8419898831655,36.7075927737694,23.1535684564154,15.3407881131253
"ENSMUSG00000021764",889.50146523285,930.228118584386,886.052986846525,910.47639834424,866.097343253766,836.463108045153,963.339619749485,915.679472417598,849.740907921412,862.473644771116,861.910508429453
"ENSMUSG00000021765",23.5942962581641,34.5558835973581,8.0209026845792,12.9129292483244,44.9309193618697,16.3117753722299,23.2312803715407,9.00660258934897,15.4330503060608,22.3099009450733,13.5657839591214
"ENSMUSG00000021767",613.698163988322,519.334700389434,786.12047413178,357.971199063224,318.488464518396,339.891930693456,308.008333530265,949.849304561048,477.235760895073,689.052095048687,570.6823458279
"ENSMUSG00000021768",69.2917753543335,1.30966629802001,6.4559338354818,14.1055462433579,5.64024277603304,8.50474385607501,2.35823909984047,1.79652044510539,5.50593211908242,6.31272341416227,1.41425089808703
"ENSMUSG00000021770",52.9453897645888,41.7320591029475,120.588434619065,74.8226792996992,62.6885919031826,48.1607685588446,58.5612858104715,43.0706329948327,57.2491311368747,55.940430395878,50.277391508495
"ENSMUSG00000021771",2461.44247423075,2383.0369414714,2367.70071657738,2657.23786146183,2552.74779077676,2241.46491386869,2517.97006237598,2617.04093178513,2321.39811124368,2255.79457492806,2347.32432134584
"ENSMUSG00000021772",133.296188911932,128.341777808517,153.96977066873,130.530870202355,138.567377998938,190.996217561505,143.061637689148,163.280926254211,135.199337534331,155.189889096529,96.9641342637123
"ENSMUSG00000021773",129.977310110166,98.5832735805543,164.399044691734,159.413481487362,170.884246419783,147.319701358392,181.973529157387,154.362307093063,117.362675755674,124.233335627151,80.5409752208679
"ENSMUSG00000021774",514.36241863584,582.390424451123,536.210301476517,556.424071767096,466.418604287039,523.996071313065,525.167959879857,616.28181458603,557.724827058667,573.484703759689,621.694648597747
"ENSMUSG00000021775",337.976154826799,336.600759163193,426.766133941318,785.171927959503,290.877498499212,166.229798942706,426.273243433141,344.634491359522,688.985057529921,493.36109794785,495.360788872686
"ENSMUSG00000021779",171.150000013736,83.8563124945635,150.566299978054,60.3405282490262,115.723081631048,169.878197256436,139.304023539088,195.400916973421,62.1057133672893,169.515081767355,106.457429946348
"ENSMUSG00000021782",140.5540254518,104.759267749073,134.412694193599,116.778872596339,164.775237939063,134.422936321514,123.58939789516,158.42934553919,152.473588322742,145.005580089522,141.314642573596
"ENSMUSG00000021785",722.41072851919,748.206577049723,707.493623413212,740.596620902311,783.906567699402,740.101258706102,918.149346710423,888.063312681888,769.507429190533,829.927095694163,787.106508314155
"ENSMUSG00000021786",109.01941182989,112.533176556277,112.423151464642,119.230913074557,117.169159354683,111.56324288335,105.52616641963,121.990769037809,124.599723129163,109.464012239681,123.884745741105
"ENSMUSG00000021789",0,1.08064173486522,0,0,0,0,0,0,0,0,0
"ENSMUSG00000021790",0,0,0,0,0,0,0,0,0,0,0
"ENSMUSG00000021791",0,0,0,0,0,0,0,0,0,0,0
"ENSMUSG00000021792",1868.22784192067,2228.92724502469,2295.17290215968,2629.65537726785,2252.56145042168,1678.82544026451,2096.66565123529,1974.89333800266,2445.74108047621,2157.77854770739,1733.23853891537
"ENSMUSG00000021794",1046.58237608556,777.635915637482,939.423502207548,915.109227853655,1004.04772450643,874.841022445856,893.460718840592,769.548829824487,917.929526579019,848.939777310884,897.48803939427
"ENSMUSG00000021795",492.621071164527,442.806720767961,341.523853798365,582.12939163617,390.690961183461,649.091422533847,681.577079400631,391.437690020994,544.965165072898,307.360072237912,711.869654305989
"ENSMUSG00000021796",575.845751566194,379.837248308974,462.74107976835,803.72287091733,662.892526982902,516.226399014693,815.974804665879,667.319665637655,613.479668031553,614.097256331268,760.522770150278
"ENSMUSG00000021797",2.00748722375117,0,1.77921636401405,0,0,0,1.05522227000656,0,0,0,0
"ENSMUSG00000021798",624.543851702572,69.5772878757636,90.3049935826043,138.74743106037,208.829607837489,79.2741641319054,96.8177151039862,85.9937783640449,39.7556206774848,160.024569722869,125.467019238739
"ENSMUSG00000021799",0,0,0,0,0,0,0,0,0,0,0
"ENSMUSG00000021803",1263.5093716698,449.240134246945,533.181778011644,6.55093438343041,53.7120549431642,113.329861343341,449.115335368413,277.436632080978,285.363779985878,156.675160060534,263.059451041699
"ENSMUSG00000021804",11.3145240435248,5.55654876577173,3.6012410389281,0,0,0.974448175607544,1.97373369618833,1.2595774774465,8.37324828080017,0,0
"ENSMUSG00000021806",173.621794065094,493.815759191887,126.620973883013,348.161527677943,151.562462893366,432.623858183853,188.166590024152,490.821889454341,307.812398379415,185.38612072107,622.847144477602
"ENSMUSG00000021807",1063.89119843303,1484.80644061897,1218.3050326686,1535.86214417149,1179.01443578773,1522.66489939897,1379.25207153179,1315.20705779763,1361.33887610875,1155.42509994512,1521.87251545944
"ENSMUSG00000021809",136.579765357111,139.344141201986,196.907252687574,168.756656958103,135.636073624027,184.519331935366,133.470591174516,201.449924542102,135.099115869618,163.909612663697,157.616361123712
"ENSMUSG00000021810",423.31003972853,453.413734769972,448.64772663751,509.433652277724,400.480611232383,506.022019917692,536.220176905051,474.348609355813,471.350792291909,491.861292391722,525.533291507475
"ENSMUSG00000021811",103.958431400132,123.611207623913,80.1785092246254,61.8613665402986,94.1805783106328,80.9761303217677,77.366793746061,96.66957353625,81.6972358092068,97.3409902322076,88.3263429785534
"ENSMUSG00000021814",860.842042242988,888.856398365861,760.48584539989,947.286950867024,982.24652913027,846.414168189071,808.72643320453,836.195165809422,1132.06764017334,1091.50759452654,1340.16067854082
"ENSMUSG00000021815",49.0360216442269,51.5116582211592,51.4339706869238,79.7344387041081,46.504138338436,52.1842350434958,55.5145181636935,37.5323408358355,55.398564079278,35.0196163081802,73.4392520158377
"ENSMUSG00000021816",637.166695286996,572.44621302053,585.480877135619,644.580256503357,624.446466584936,541.851827288559,612.633197523944,669.371278732991,590.931241026233,595.702647527394,626.205693888406
"ENSMUSG00000021819",2208.4278890532,2454.33956349041,3206.07731911506,2500.71597132391,2551.94092027327,3438.60057977975,2366.79916121878,2428.6376427303,2212.75249048287,2655.16677742361,2424.25791496359
"ENSMUSG00000021820",219.725571359942,259.395770566914,229.069172006282,188.991696232777,303.894393089992,208.862688131987,234.607692369518,222.172705044432,218.013155530207,204.463673687325,221.271913419876
"ENSMUSG00000021822",209.345250067802,179.878683971272,162.032864714623,118.093756132307,245.966656357949,167.92191063941,145.281102761068,147.92949913702,215.404617754116,136.72551906356,146.917539409454
"ENSMUSG00000021823",1067.45377391544,682.750989896537,1117.56632459415,588.406931713682,1539.80722974532,502.710493650558,854.419830616694,730.468977201477,885.470359861025,1075.04110191026,668.148508903635
"ENSMUSG00000021824",378.691359585613,403.899772723833,341.498422467325,535.528558201405,337.523030585301,454.920594168412,446.331727955505,435.849086578711,410.597030489164,393.224914930199,426.226643399046
"ENSMUSG00000021830",333.140964297552,444.446969326794,416.339749886619,506.458468720232,633.902808030301,397.669162924179,495.580722623547,765.64193031081,528.47291895091,490.076135723354,574.960434262383
"ENSMUSG00000021831",564.319343556793,591.316994241068,803.064812711588,763.378193711852,726.950071242748,717.602421959211,659.246218220418,624.343182475731,600.061699659914,761.933871562187,756.053179339968
"ENSMUSG00000021832",1169.81358449143,977.263318572746,1267.2481869066,1155.64444039539,1092.99477767092,966.286251119553,1074.8960713162,1015.02450354387,1140.95695125915,1018.06631397747,1130.88872445827
"ENSMUSG00000021835",8.24569999079422,9.71198528308233,13.2765213123104,13.0928059339741,18.0294432084276,14.1743963666639,7.18270407512188,6.88320955511116,16.9447679992072,12.2385873933776,15.9989872948538
"ENSMUSG00000021838",13.8537244622482,8.43537362635386,20.803544878566,8.53919548153275,19.8302982028446,12.6031530536187,7.61618667947395,20.3312257649217,16.341525324653,7.35091972912966,6.70592960550489
"ENSMUSG00000021840",96.7995859285011,70.2480795330668,102.240986165177,101.427745830564,82.3650090367596,78.0754799373326,90.0931705753997,82.2163807427757,81.4475915362328,106.640041576278,88.0990681254457
"ENSMUSG00000021843",1108.64858938582,1042.88149342371,1081.67096621564,1043.65491089285,1160.05753905607,817.417448901958,1116.96552422761,1236.99864705029,1323.75280370746,1269.76348834585,1075.53514584925
"ENSMUSG00000021846",18.9664050337907,15.4291574682326,27.8110009189203,25.0050334128943,61.6017440194625,30.0280305829009,20.7136306799398,16.9699275892648,185.238517457656,198.348280213853,206.851594152004
"ENSMUSG00000021848",0,0,0,0,0,0,0,0,0,0,0
"ENSMUSG00000021850",0,0,0,0,0,0,0,0,0,0,0
"ENSMUSG00000021852",0.689939267648385,0,0,0,0,0,0,0,0,0,0
"ENSMUSG00000021866",685.920202303583,574.206219473378,656.357735205646,632.488425809296,621.419356162287,637.043943412314,589.873261221472,607.255221429096,605.139409068814,719.080153075534,644.424261124528
"ENSMUSG00000021868",61.6418540700778,57.6192878975621,59.8086415978975,65.9604815705227,97.3835484386666,83.7991166505147,78.8065484319747,81.0713519537565,79.2894035647223,73.0168292645407,95.8770315569081
"ENSMUSG00000021870",2842.13657158237,3170.21438428133,3786.04670562633,3914.7397187787,2967.11539429259,2614.14435480669,3349.94895824688,3180.40506136329,4468.9358227633,4103.5079606054,3176.028541865
"ENSMUSG00000021871",613.79043531473,562.583620831899,503.991213921363,391.963309127309,408.674395242432,537.194877032538,442.303152358015,492.235967702223,495.564797618112,343.17428272357,453.085453887112
"ENSMUSG00000021872",31.4358440622924,48.9491784218743,25.881714098636,31.2211245042481,37.4023039522845,52.8150887573783,29.2672155784934,59.850345465336,21.1101405567608,29.9542859724792,27.7870045029452
"ENSMUSG00000021876",115.615777064399,88.2686125722352,102.124958069341,95.3519636995302,120.597990920182,88.7996340422542,57.7301242906605,90.2523960115184,114.77876249293,68.5845795250059,88.8032256748602
"ENSMUSG00000021877",1244.50741125456,1268.59919174803,1070.23510710497,1097.88836143725,1174.38477878803,1210.75054111959,1289.40985943641,1342.1373297931,921.540705574606,1245.87562856767,1141.08252376891
"ENSMUSG00000021879",0,2.19275054687271,0,1.09012126205072,1.03543491364997,1.27759281231862,1.03141689340626,0,0,0.939571149145295,1.13265263537196
"ENSMUSG00000021880",14.6404621733071,28.5614901970015,7.03755109369097,4.41113413964054,12.9868635243692,26.7925272041698,5.2286161657195,6.80187194309158,12.9077121016309,12.5545971375398,3.516454113651
"ENSMUSG00000021884",159.515373064617,65.2139598667831,115.982291803405,129.754855458966,129.270103461354,96.8697251370919,164.501821332598,122.311792583994,164.892176047383,120.416958334978,164.118674454786
"ENSMUSG00000021886",54.2781650782829,68.6744833139594,66.2062780967955,47.3269935793642,54.0338463449811,40.8984491680001,41.6175408863163,52.8928315325151,47.4653762841581,26.8353915796429,28.7132486645586
"ENSMUSG00000021890",175.539450052845,183.304309035639,171.379625140281,155.550934055482,147.217797908155,146.450235646624,183.33484178479,174.454180993613,194.974697469915,164.368397186636,258.743358998148
"ENSMUSG00000021891",150.811152652837,112.289767308749,124.87564949387,64.5422622427261,80.1677789633456,74.1618446777982,170.831286624192,112.271262973892,95.0394834965413,207.492773089801,314.660321253156
"ENSMUSG00000021892",1263.93686152568,1554.12377259122,1278.91999692919,1857.29679762749,2292.62721718355,1581.66545416065,1352.79700785024,2828.50334736922,2063.84652764925,2194.87147146981,1762.43416837944
"ENSMUSG00000021893",664.600938373269,678.586592970015,810.826740376932,675.048011165416,670.062535603674,599.275565029673,727.631965903837,729.442280459872,722.16985682636,639.315975992965,662.425819659929
"ENSMUSG00000021895",292.20703317031,409.554327357092,509.766570018772,638.091211058761,631.951548000506,549.856268518657,480.10244624275,769.079203361689,395.900111453045,536.759394116992,276.038713510807
"ENSMUSG00000021898",22.2037033966639,0,0.870041446999417,2.33248416260509,8.2605068482606,0,1.0943120358237,0,0,1.85203728750698,0
"ENSMUSG00000021900",229.434922795635,236.390198301261,194.394954178042,151.136850832352,246.665364206337,227.813720432078,266.109412045779,193.51112140605,211.164370961311,180.691354539749,164.703505243286
"ENSMUSG00000021901",553.144321377596,520.298842586095,523.675715847997,579.014520926676,496.961396241667,695.731162946548,514.418528920676,549.287439375091,540.02889072926,535.922119182601,726.95603607572
"ENSMUSG00000021902",55.4230385611183,71.2836992667005,63.4670398136349,82.966213992544,61.3067352535774,78.219287966214,71.7348255313522,77.3635613791666,81.7108365442351,82.6736081127473,78.983179359512
"ENSMUSG00000021903",116.910297427324,72.7396848062546,93.686278115829,120.190203540659,167.144748299037,116.173644333805,87.6309734311938,151.706444288512,154.869739274522,174.298851384861,169.371904341832
"ENSMUSG00000021904",98.427567902517,111.533434810833,158.314150645297,98.8638123414218,142.744906063287,125.239633577823,104.334807370817,162.159870707256,117.86724425897,149.584813752113,146.287544081702
"ENSMUSG00000021905",140.852165505444,177.826510427006,107.142760160378,122.135860258121,114.397375120013,136.417369853039,121.334365675028,131.19629996141,99.1233474094141,89.7605019761294,129.824940279236
"ENSMUSG00000021906",93.6320717289538,159.520342531431,148.134212102335,135.097996103621,159.049184498449,184.230271184735,115.63011951719,154.936531804939,104.966426509551,115.737360352721,138.545909793512
"ENSMUSG00000021907",0,0,0,0,0,0,0,0,0,0,0
"ENSMUSG00000021910",3341.32445464425,3690.74770837795,5949.80595074687,3122.48870890944,3392.20959830169,4019.82099512152,3583.82527751009,5372.31156529276,3609.88327256063,4331.05362222346,3377.72377891977
"ENSMUSG00000021911",417.397424514999,422.184090273567,561.976271374985,495.672426731896,454.675734817758,399.50348414957,354.87535366454,369.964318430469,539.553606787668,458.671652366267,420.622446919859
"ENSMUSG00000021913",5.52341823744984,8.66824536104948,18.6082736333577,0,0,2.58637989314017,8.19182330617465,5.92147597457524,16.0636762404036,7.49283960202013,20.502138038288
"ENSMUSG00000021916",115.856629331052,132.69261336881,140.420392579152,137.252427096668,146.525579365199,122.444198950994,143.148759468488,111.152652556429,125.922332716699,127.262576280894,105.690396375247
"ENSMUSG00000021917",759.988189753983,938.956988800407,784.471763207459,808.427515877456,690.729060739062,667.190823793006,907.629114817473,851.322809154341,756.186108246695,707.933046925773,727.427639512263
"ENSMUSG00000021918",163.648955808804,111.991676842973,167.084078356396,164.951932578017,172.479010071252,152.104375865409,171.277737598626,152.605018057726,175.112677263255,155.702855067308,205.495101759829
"ENSMUSG00000021919",0,0,0,0,0,0,0,0,0,0,0
"ENSMUSG00000021922",33.7355057998824,3.20878904928419,15.8478924560715,17.4434132730496,31.4134369993559,10.2527174676483,13.2689452429719,10.0467081371637,11.5168287299143,17.7229538014264,16.07726881829
"ENSMUSG00000021928",58.5387851144784,56.2744418506731,44.8663977651428,50.6505985685959,43.6514857937761,38.5488033567848,68.3045091992129,54.9926620788981,57.9036620971706,51.9418999745742,48.5899379924212
"ENSMUSG00000021929",245.840187235826,184.672932024058,250.332781769364,199.946596976611,226.202454636353,162.967914059089,218.080202675487,186.833094860771,227.700098325554,238.741751740964,222.135777404293
"ENSMUSG00000021930",78.7683638339916,105.72318862642,107.469411400522,112.335017653405,77.4501305842566,84.7865159876285,121.31997244629,67.5792852495812,122.040107212113,101.131229028786,104.762359450046
"ENSMUSG00000021932",59.5983475027195,65.9955111943877,74.9617865710223,80.7767692595679,70.5722606633732,63.0004537778758,54.6209127249009,59.4223158030526,60.1367226932455,65.6134528004418,53.7392883613663
"ENSMUSG00000021933",0,0,0,0,0,0,0,0,0,0,0
"ENSMUSG00000021936",173.400677119706,174.05217612462,169.256669767606,168.850160151071,193.151539010572,158.438890868268,193.552029419443,187.247147011976,164.57482675093,189.220332046079,150.689146032033
"ENSMUSG00000021938",158.428136451544,136.925993155032,166.698521140036,137.076046443064,173.134026846546,217.943039746664,152.543011248922,83.4929969102764,159.908469740748,171.106289143403,175.62067157618
"ENSMUSG00000021939",18426.6546277198,16475.4848109904,24150.2683722313,17714.2947825581,25483.2820410269,14928.1069678682,20211.1537675009,16124.8716506602,19370.7969067043,17869.9526517846,14033.8094675902
"ENSMUSG00000021940",0,0,0,0,0,0,0,0,0,0,0
"ENSMUSG00000021943",8.27229905266901,12.9694915084347,7.98847245291282,9.7945347491752,6.38851427355821,11.5243272123504,3.07445408418338,9.8266502345613,13.188358736461,3.75686696281203,51.4707871022318
"ENSMUSG00000021944",0,0,0,0,0,0,0,0,0,0,0
"ENSMUSG00000021945",832.737051839983,776.569748982707,822.476156872701,789.39423849719,824.519597726925,633.984053971053,795.458525747029,814.519900812832,869.574304555334,786.647067857408,803.597721021301
"ENSMUSG00000021947",172.112222559236,194.50053206927,184.902805071788,180.531110847936,149.801092190176,194.779038479112,186.870079168765,194.433751677918,204.166436196163,144.21336634866,219.192514438453
"ENSMUSG00000021948",1505.96350955775,1305.94702584461,1433.31793882169,1620.47029945717,1338.92500384267,1318.54068777129,1081.38886657235,1231.45738888929,1604.08829465971,1528.62895229586,1784.33825172434
"ENSMUSG00000021950",15.2990278348604,8.51911086417916,13.2649960308033,7.64587390903362,25.3695479136427,5.10152696762779,27.5953295233056,9.90592481838395,13.1831320813809,9.45547251893618,24.1571984352333
"ENSMUSG00000021951",137.475269451887,135.696700454946,119.976173641357,116.347843011805,121.127731800374,129.040548898653,124.492592824318,147.084414794905,140.620757191501,126.303620672864,118.052976067258
"ENSMUSG00000021952",79.9119166137719,46.2695980374526,70.8967206116755,143.661593603086,43.6257627344906,47.0235239511701,67.6386302911504,53.0867064623425,64.4581167360953,63.3439210642151,212.023672952901
"ENSMUSG00000021953",0,0,0,0,0,0,1.0244779114794,0,0,0,0
"ENSMUSG00000021957",12067.4541140605,13133.7658848992,12213.3121446052,13814.4126292088,15994.7032758807,14040.9805380794,13926.7193663023,13965.6431911628,12604.0861344255,13493.7106106418,13074.5322635754
"ENSMUSG00000021958",86.3226099851007,72.0157224256878,38.0103630378725,52.7584015864723,58.0137382147558,67.897390133937,61.1514586022998,43.2716547213334,87.8514576160183,53.4784801400147,103.138791724306
"ENSMUSG00000021959",161.629543252464,137.255797421987,131.162357031242,112.317195496967,214.406430905921,137.785705369748,161.474038479222,216.09658925534,144.209229476395,150.810476766641,305.741793570872
"ENSMUSG00000021961",0,0,0,0,0,0,0,0,0,0,0
"ENSMUSG00000021962",103.399757305503,77.494896946367,88.0792714832887,91.9940389807091,65.4394251905195,97.7248809688731,105.570051473693,81.1146151391419,92.1576081008661,74.0309499260953,105.281165627664
"ENSMUSG00000021963",864.01310801361,1084.23125810463,943.87717549181,956.853153064912,953.187656162012,1045.08695078086,1087.56588463963,976.917121195438,957.533888337488,913.592383900792,964.060520135477
"ENSMUSG00000021965",2.72832297446514,5.44230477929401,3.55272770286037,1.09581429970545,0,2.56280026683892,2.06123559458452,0.981243900537676,0.932650812640201,3.78747346656306,1.15069324007661
"ENSMUSG00000021966",0,0,0,0,0,0,0,0,0,0,1.14045445258444
"ENSMUSG00000021967",132.200469303621,160.779691448231,129.880613675492,167.000759821422,141.062612764725,182.93403142002,182.971925593318,185.714319080227,140.884029229339,145.193918030442,148.321902078159
"ENSMUSG00000021969",130.356197187553,129.86360720642,141.444075763498,116.607788367178,127.187485067959,100.307414168369,127.573308391677,146.237327162346,134.204202965845,140.939083604151,127.70894189643
"ENSMUSG00000021972",141.825369882301,105.494930530992,154.259906329517,124.072948527132,124.24056563855,92.1365953747595,124.168667978396,121.40141075396,116.923507099012,127.004180926154,118.536030807314
"ENSMUSG00000021973",324.648460749947,351.684576910101,322.673802652137,379.299901475711,309.250938799169,363.278581716481,338.410596911244,451.773367897073,309.574685128443,330.702110030564,335.317055497423
"ENSMUSG00000021974",0,0,0,0.621965981859045,0,0,0,0.551722389291904,0,2.95117159604544,0
"ENSMUSG00000021975",189.863116745778,182.638978531117,233.558620138114,230.882443121832,205.253245736258,185.983002553742,173.727254026437,206.928094581234,191.65383054766,228.673548195472,214.58623184521
"ENSMUSG00000021977",0,0,0,0,0,0,0,0,0,0,0
"ENSMUSG00000021978",355.42457755716,338.23906739839,333.27192588883,335.714020887862,413.008664023096,423.080964830934,336.380318143851,432.431527661963,344.5727808583,372.531124891095,385.557354955653
"ENSMUSG00000021981",821.180466612961,774.099498111648,1157.19527559428,1041.76446914407,972.347721885725,845.888846055228,1162.06347979302,1190.4863431439,1214.56222989313,1030.71075938074,1083.0351740185
"ENSMUSG00000021982",434.210175055509,476.881068197819,480.283552514044,501.904498186289,510.229092344592,437.720955063537,489.121276682455,487.191445486521,495.254994655493,482.542784546048,406.111328885287
"ENSMUSG00000021983",5.78339422505872,1.63751805831251,2.02366149125099,84.9211674193493,2.40316393888684,2.91548806553069,3.88894064542199,3.01321219187757,5.02225020156921,4.99165936732918,3.47552818350723
"ENSMUSG00000021986",1.40866437942011,1.11320669608996,0.907794006638942,0,1.08546013098783,4.4958726258515,2.10630171867958,0,0,0,0
"ENSMUSG00000021987",272.717151793979,254.288507300549,244.520682558604,261.492135118204,291.661113717126,254.387574735786,271.37981075558,266.108930261038,312.908602928946,308.837046696764,240.107075343649
"ENSMUSG00000021990",661.019944899125,1105.22669517651,1301.21477140806,1293.53985197634,981.270715701917,943.75200236274,1356.12209347652,1389.2090264427,1025.83543811078,1221.27451634902,1114.1714988127
"ENSMUSG00000021991",7.63448170068838,13.9544507495016,3.0431697977589,1.19389010828725,16.530333876641,4.21356590620038,3.37362407495928,2.14819077127101,2.0678738933082,2.07092338694903,2.50583221878346
"ENSMUSG00000021993",282.247122929812,299.369472580149,278.06921660627,234.340057011957,319.712169235305,262.620471034423,283.201709067447,372.053013038087,272.686255287964,241.236517303419,257.980452359138
"ENSMUSG00000021994",39.3398860446292,25.4869491255118,20.9857093007374,6.95700264167525,30.4297004393486,12.6283696893409,28.3344288880891,7.76140214335619,25.061416121858,6.01885705990295,19.2174454996686
"ENSMUSG00000021996",653.736708475345,615.485950822994,602.86305097131,558.248225031974,657.099811302981,556.177839443771,573.884196113746,588.259825848648,669.505767908677,570.764180708529,591.95148808776
"ENSMUSG00000021997",4.10375300776082,0,2.68915699393872,1.09839472448542,4.18899345923394,5.14067269334318,2.06428009210889,1.95961347798586,4.67760184656348,1.88997373081695,2.28400595181571
"ENSMUSG00000021998",1612.08776257696,1771.40631038245,1717.0732101532,1803.838833087,1997.32978034308,1291.36688707212,1546.06655357547,1337.64214732243,2037.26476242602,1891.67327596171,1344.76839401989
"ENSMUSG00000021999",0,0,0,0,0,0,0,0,0,0,0
"ENSMUSG00000022000",768.149085379107,862.557646253659,770.544619196214,806.894816551462,790.75215964944,907.313851733289,753.388794332932,746.34195462391,830.78883823906,719.469336393028,817.791934693472
"ENSMUSG00000022002",0,0,0,0,0,0,0,0,0,0,0
"ENSMUSG00000022003",69.0447720770722,52.2648958504766,87.2764068490339,79.1358130899045,65.58433642329,41.265275499429,63.7243063017044,82.105189934206,64.0258887726363,74.207653414874,71.3337182471755
"ENSMUSG00000022008",125.268872425129,97.2676944393852,107.726137762352,133.504348018478,102.316313152501,66.758920262348,114.930334142061,111.348583716404,139.202164995417,139.156262851322,134.050303694181
"ENSMUSG00000022009",181.591692410297,159.481410938935,155.143981450132,196.108919697082,160.715100357132,130.800577331045,153.026913388285,177.054855018539,188.102621635622,211.648598534183,225.056959215776
"ENSMUSG00000022010",738.693700183357,588.45628340762,821.771061055176,909.106710706702,938.021027024004,685.487380313678,596.240928226618,590.618210383051,659.048268483618,700.755954891814,725.985773939279
"ENSMUSG00000022012",8.27852387346518,9.4551543157202,8.87576627392447,16.5523704417756,7.4645405089183,8.7814468725371,9.16781432784651,8.87228744236093,5.72869576487813,12.3512360405355,3.46806827815004
"ENSMUSG00000022013",271.510342226654,355.316231215729,287.267114815042,321.762340663813,282.997094857023,345.876142646854,339.449711493262,345.345192618265,276.932488671909,249.137574929345,350.47804532583
"ENSMUSG00000022014",179.932833565588,287.395519906365,95.6558021987695,96.9404046423846,79.1327437408152,225.297696325098,115.29931779577,93.1251803889938,82.1717555283498,138.73711172408,87.4895329474908
"ENSMUSG00000022015",10.9084467818614,3.23068946050426,0.885858609371708,1.09979729287819,0,5.15630957940778,6.20175309976799,2.96234065622282,0,0,0
"ENSMUSG00000022016",268.542716777918,211.358895711821,239.951574859946,241.922637432961,217.260603896213,171.299031171141,289.022273529272,179.074221066678,299.521812482735,216.750832549984,267.602916495441
"ENSMUSG00000022018",168.65664245596,145.51456200341,196.889898063509,212.91950701907,175.899228035339,162.506661672522,190.985986993974,166.966755491999,179.874671202778,189.751888226222,186.993328562716
"ENSMUSG00000022019",284.57014379922,284.617544558624,316.4375296659,264.203347619378,228.155800934598,296.066709996762,251.541700667483,311.25561952904,325.459258544321,272.574363672059,212.24816150641
"ENSMUSG00000022020",230.445353412151,240.754106399854,175.284032226924,233.726869830163,289.964074382962,253.496240540495,263.553410887127,232.952967420775,231.326490550851,239.206960575756,234.699272184844
"ENSMUSG00000022021",7.25967317486757,4.99573923701108,4.73092216236152,2.5003015243743,59.1294970207999,7.80048432821893,3.01515623856518,5.22095690265173,6.38679784911343,8.64129709008183,0.868831563613093
"ENSMUSG00000022022",51.0374777125308,50.8887181977862,54.9116091048906,57.1293022132482,47.2906605891966,52.5775000083388,52.9140998996847,43.2241153074723,50.4245651806131,47.5924867604257,65.1215597633277
"ENSMUSG00000022023",409.692120423415,426.607317751027,386.649638177715,356.84029407181,431.180152908861,346.942220473455,432.154745732753,390.017513840555,412.014530168405,422.311161224921,394.109593399935
"ENSMUSG00000022024",415.347390767183,403.181439040096,421.607464144299,421.931844088832,400.841687335866,387.218075736387,367.224300947147,372.693806739679,391.582769242621,399.464216343247,391.818796385509
"ENSMUSG00000022025",12.2822566468781,27.7389982024569,7.04447093160522,7.73944640940716,7.48090932665282,1.29136789123516,5.06129442561143,5.91168636835477,8.44534515186415,8.46035568663178,3.48617225312427
"ENSMUSG00000022026",20.4779350124956,10.8181915001678,7.97163261494278,10.9684226853256,7.36500569024493,10.2590552312117,19.6725232818174,8.85610642278488,10.297837121426,5.69342152990533,11.4144989110998
"ENSMUSG00000022031",365.334013816398,405.794533251381,328.990286941669,370.515573769282,293.17313778022,368.991437845235,411.399199407529,371.201945501593,442.835881614533,337.747847658812,433.418967753349
"ENSMUSG00000022032",30.9250159913887,18.3650389697774,27.5203927596097,32.6220763218951,41.5314879965046,47.3525835099961,24.6311797736298,38.3611091073255,27.3248445453364,20.6979540080551,22.8816093672559
"ENSMUSG00000022033",9.32867585860295,13.1817682539014,7.07887098001996,9.97823355630057,8.30129105521858,14.234229413785,13.70438626089,11.6707190373999,8.30301206672812,1.93170974238276,6.81156838154776
"ENSMUSG00000022034",4.77460955223652,8.8441347860562,6.25773308725835,4.37897371140603,4.17783824373241,10.2504976603062,5.14784205437551,5.85478667944698,9.28203845097063,4.71117392249963,1.15238964015946
"ENSMUSG00000022035",216.267425649254,191.224794048534,138.368606665109,158.147947397663,160.492258056012,148.430049571101,154.894665248781,159.43529089298,222.755079330255,158.749091316266,212.66316632602
"ENSMUSG00000022037",68366.4742332705,41544.2684026257,47499.6483444473,51751.3662522129,57945.2746198379,37261.9903268929,37581.5809739609,39835.4148173065,44344.1633147522,42022.8130089107,31048.5568139997
"ENSMUSG00000022039",0.679690238441245,0,0,0,0,0,1.03992598391443,0,0,0,0
"ENSMUSG00000022040",459.623691243047,216.76017182513,320.551314780528,257.83026637034,281.998659973151,234.058920728701,395.607979401876,224.079862027886,461.680398717307,247.799364561424,541.444424654559
"ENSMUSG00000022041",1.377612036969,0,0.887295748653418,0,0,0,3.08494719809675,1.97846956828683,0.946529024321878,0,1.14405118522113
"ENSMUSG00000022043",113.935290161231,101.779466364907,73.0404162782851,54.7437424106497,60.0470685397645,78.4912503252205,67.4901005580872,63.0128324550368,59.2132863256559,69.951373287892,62.613548242706
"ENSMUSG00000022044",2.97651377568636,1.17940593991724,0,3.19583988714419,3.15466572058275,0,0,1.09487630033281,0,1.07731491922893,1.3006817517691
"ENSMUSG00000022048",22.6982346377844,39.9979681476883,20.3544292345753,25.0825585682449,16.9084646488531,20.6816525676068,29.723019281365,26.6121615683848,22.6398507818097,23.4730975667449,27.3632910425336
"ENSMUSG00000022051",425.685099200046,475.415008275426,465.157866392047,483.426206530429,435.484126782171,387.672850815841,456.350886473817,419.601921105482,520.272579998299,512.364745033959,384.253925914096
"ENSMUSG00000022052",375.099052970948,428.420570558225,389.687980056795,373.710907077763,674.534343610957,344.965049591409,406.300578206858,417.203468731398,544.048421882891,427.713915719433,391.977006003044
"ENSMUSG00000022053",15.1997290918726,6.44247899271302,13.3005954690302,7.63362647001324,8.44635463431439,8.96197817878574,9.19774737573484,10.9101736096413,5.66893734454215,10.3376404171477,4.58342488972198
"ENSMUSG00000022054",0.486360507368382,0,1.26070463674384,0,0,0,0,0,0,0,0
"ENSMUSG00000022055",0,0,0,0,0,0,0,0,0,0,0
"ENSMUSG00000022056",0,0,0,0,0,0,0,0,0,0,0
"ENSMUSG00000022057",10.8087991694515,31.3824163329986,3.53163680834674,19.8013704353939,0,14.0920719317007,10.4311622772758,0,5.56986887994146,10.5031965005852,5.69883348289151
"ENSMUSG00000022061",0,2.14698693819612,2.65373002668979,0,0,0,1.03612042382337,0,0,0,0
"ENSMUSG00000022064",58.2938000376677,45.2123077621661,34.706361225798,45.0542550288862,50.9969554589263,51.4697174832091,51.9794605897678,44.9292643660819,62.1740721119301,62.6663668630065,57.0924321658693
"ENSMUSG00000022070",45.6454301206074,41.3491698062641,73.489733867749,28.2418370116857,44.0641236825755,80.595447636351,115.620170103097,32.6957943190588,49.8368441758285,34.0853501564994,37.7552340272092
"ENSMUSG00000022074",131.90329374697,92.9794645333745,89.5143831959528,32.7425115170076,141.602628275587,98.3010498916525,65.3848534952898,102.226642137067,54.762896369618,92.4778537442039,67.8065557907623
"ENSMUSG00000022075",85.8470957606803,96.0937539186166,80.6881461656992,79.576874492762,77.2896036685373,135.138705461899,83.8798981523024,86.9876158069714,98.3722687095506,93.7131312548147,78.8222286954743
"ENSMUSG00000022076",0,0,0,0,0,0,0,0,0,0,0
"ENSMUSG00000022085",0,0,0,0,0,0,0,0,0,0,0
"ENSMUSG00000022089",200.743057771474,175.718902662205,221.712889373614,245.448214357055,254.587211663305,187.371686360357,231.876409111203,191.216895697768,236.575680131852,204.48882018345,212.045157451288
"ENSMUSG00000022090",31.1599876192823,74.6902006760733,29.3919454685769,20.7868851807642,47.8259472200223,65.6363848419858,24.8926068560497,20.8475965182179,37.9179509330753,23.4864923645852,33.9165789832647
"ENSMUSG00000022091",143.817970732227,157.530385802077,133.008404391774,126.403323012219,155.686989717233,194.337284519115,134.577126188663,187.629738656517,149.828273655187,174.305978055018,138.253389584462
"ENSMUSG00000022092",149.258238775204,197.117578266332,153.125025226174,148.520038026031,154.403280470578,214.401050696507,162.436261703785,208.136190156697,137.185631235205,175.366878705634,165.274653578564
"ENSMUSG00000022094",1028.88759448425,1536.60583693998,1130.2672425509,2277.13048310156,896.158035754789,1023.16862384657,955.398898351772,2106.34780765318,2108.41949245558,1543.82956784928,2287.63348313999
"ENSMUSG00000022095",351.622198697982,332.275464874764,351.912084239868,329.855985083815,332.429491433007,347.839691608943,322.63904427755,329.807327637939,396.049162216778,419.8998867937,424.154852583683
"ENSMUSG00000022096",153.577603455187,75.6586382264137,134.704685307509,144.972835798479,163.742743424309,84.1008805136283,117.222148232275,85.3110292791651,95.9673659548381,185.213640052721,119.508239207775
"ENSMUSG00000022097",1.9946123068154,1.06446962361556,5.2534345843166,4.40504476061126,6.38928544496682,3.89220596479498,2.07453514354631,0,2.79186242425874,0.960976664731775,3.45572492648131
"ENSMUSG00000022098",245.783485791248,278.522027080138,235.980385721778,416.174644515907,270.126521158659,170.951003573201,189.032812300037,223.319213020415,254.504746482756,171.311292550474,234.159090697521
"ENSMUSG00000022099",147.843982879225,157.231802362154,152.136207870585,164.972115768608,151.790437530401,204.01132713826,136.555175075176,107.002096001585,128.27048582945,149.417545505391,138.050976576813
"ENSMUSG00000022100",623.146846803292,560.796930273173,618.362298282138,560.792629582377,538.206228114018,516.802751665134,536.656942501221,577.749884108695,609.007711868765,540.301192151681,604.249988099138
"ENSMUSG00000022101",4.3338114513577,2.16516265019319,1.78622590615445,3.33659782495614,0,0,1.05032732402333,0.985565861980283,0,1.94325707165845,2.34160455917729
"ENSMUSG00000022102",60.5688421832136,122.909931933995,39.9681894289417,19.6048039119312,41.6677295525413,98.2574361502426,36.9057880805832,36.3220336488525,54.5819542996007,63.9571591461668,34.4119181691612
"ENSMUSG00000022103",17.9287226109641,27.427223029354,11.9306482302363,14.4472853413783,17.3050331344648,47.5678509353281,3.33065157986278,28.8303559352923,12.2439846785376,25.8834413649771,10.5966297174567
"ENSMUSG00000022105",469.277537554905,336.414049225,424.247196658629,343.349310985456,475.996943303692,220.304766635886,368.044672764344,385.957974488898,478.094220894006,466.994047555913,315.062465757858
"ENSMUSG00000022106",469.622162387813,494.982224401458,658.310371946462,569.419263306285,460.158785344753,559.623980815926,382.876211398541,530.711869377825,611.585290918727,558.993111321016,686.47860749391
"ENSMUSG00000022108",9545.84098357474,9900.37644750328,10640.7754337291,11211.0460603235,9867.43045389141,8896.40351954409,9565.93427066066,10171.3699029817,10637.1784555445,9724.95851065241,8785.23831476332
"ENSMUSG00000022109",189.621223522866,225.04106182317,215.342224877919,189.401060746884,224.170362005736,189.458757831613,191.17901141277,188.389413572527,220.874725775897,224.568778847441,224.009141345516
"ENSMUSG00000022110",1242.87888317264,1115.08342941081,1137.81937123411,1029.26388603041,1092.02228732727,1021.3921643783,1187.09088411313,1184.96414248332,1085.61188312235,1133.22067467549,971.516422217989
"ENSMUSG00000022111",279.974844110802,339.345769468483,278.945735318747,240.514886320075,310.540110846319,271.995404416495,296.874921881108,293.100354981472,267.046324728338,257.380394632211,249.685476368398
"ENSMUSG00000022112",0,0,0,0,0,0,0,0,0,0,0
"ENSMUSG00000022113",0,0,0,0,0,0,0,0,0,0,0
"ENSMUSG00000022114",214.99742902819,269.231624349422,321.84201560443,212.335204051139,358.479228623678,214.537353765618,289.787115896918,255.671021631906,250.935001245567,232.013281844769,144.703302120248
"ENSMUSG00000022119",330.173092046501,465.46643901523,344.746886091496,413.83590615198,295.473988538888,487.625678630095,455.939831375618,346.030321336786,328.084936764408,409.993177910646,338.463265958866
"ENSMUSG00000022120",47.5587251213918,68.0452527364008,56.7889119600825,45.0621197650568,46.1260572373614,53.86745623394,52.404725210195,75.2065261569511,43.5772063106567,57.0406901010804,49.0768881040942
"ENSMUSG00000022122",23.1963655208326,13.9652991202272,18.5655898692246,24.1315823060278,52.9415595838407,23.0335692398873,37.2277943898133,38.3604387050258,33.6933009392374,45.6388146591428,21.7981533209134
"ENSMUSG00000022123",22.433462014806,59.595194970695,36.2899570755695,26.3670584226805,26.2889151240371,53.9650633369042,66.4748036940128,54.0367288843059,50.4803959571254,24.7064096793542,56.9929660852311
"ENSMUSG00000022124",382.053074152341,487.016349820792,439.478701116377,652.038416231058,681.644536504005,288.92082999745,655.92563500919,460.506201120406,509.090460512551,567.17037863987,466.985877165065
"ENSMUSG00000022125",199.054571039846,178.372923574454,227.640959155904,206.109178214059,239.137484539501,176.288109401452,223.435884532972,217.935940155372,235.453817165023,233.596853303369,199.987702495744
"ENSMUSG00000022126",0,1.07579883798537,0,0,0,1.29005315363963,0,0,0.943339171462877,0,2.28498130277623
"ENSMUSG00000022129",1.37649978619754,0,0,0,8.43881864196391,2.56198406902872,0,0.991268824163686,0.944279160035426,1.87919721129532,0
"ENSMUSG00000022130",189.931921376416,230.960644756664,178.289379095131,194.196629122394,163.414138764463,201.507275436171,214.81337668171,248.688553988091,197.603159164971,181.220364646691,185.329977417287
"ENSMUSG00000022131",437.554145508243,562.692649190866,465.187794673949,542.343506894262,455.294488900407,555.883369846169,547.554395335699,565.448441692937,499.899828788257,402.450646477955,508.135606856089
"ENSMUSG00000022132",47.5702884326693,43.8302534986437,215.623423584266,47.5147153095189,89.1802673567531,25.6613831472718,112.901339676357,30.2818662400771,66.79736410857,134.206400560451,41.478622110689
"ENSMUSG00000022136",1960.88170723745,2426.39607680733,2024.17287231576,1976.96705854277,1901.60128304085,2115.69585600765,2309.9797219535,2178.35450154511,2004.75197578234,1936.44047770809,1874.15155645217
"ENSMUSG00000022139",441.701285780462,259.169148445808,394.801771233071,421.997121138,519.269655226309,252.30064109526,466.948686123455,356.875351940059,389.461817001436,424.690964460201,390.539785735459
"ENSMUSG00000022141",1422.14464305038,1488.61662685145,1517.40343910194,1561.79299239627,1377.10493623156,1312.60639543291,1555.12185449907,1460.1786719172,1543.57524640555,1536.13215584272,1233.81045231117
"ENSMUSG00000022142",228.048096995189,202.659781104572,201.452678446671,205.660051593404,190.487850485056,150.9139131478,195.189003761528,197.989403134563,222.140831318642,206.815404613297,229.481784528609
"ENSMUSG00000022144",0,0,0,0,0,0,0,0,0,0,0
"ENSMUSG00000022146",135.678121834075,91.4173524996828,118.829584605466,106.477810365152,181.357946792686,128.241769534463,103.970582126855,150.185306607134,146.538739267812,126.328581065003,127.478078704239
"ENSMUSG00000022148",255.132790964856,353.467025388756,206.654055987687,204.263887079686,226.563160588538,304.10741256753,188.242495178984,147.736870506468,140.700234009239,156.009883773619,143.870631386764
"ENSMUSG00000022149",39.1044777073024,40.0182071199288,46.4191220110031,29.364993596691,48.3559196695903,17.1682883633681,31.466711523627,21.7864366772708,29.7948378201251,24.5770462846595,52.1287796592714
"ENSMUSG00000022150",4493.23192407064,5138.26993826788,3767.45512306133,4301.7034160376,3813.30910765444,4004.47090528952,3779.43935691993,5598.88944314734,4575.98056561545,3969.03588251819,4950.01356107767
"ENSMUSG00000022151",249.583280755561,315.745837306815,188.02142694238,275.304395544616,226.789785286449,190.072161572737,206.54353333854,260.587703232177,216.391324955928,199.21110457254,156.022877814926
"ENSMUSG00000022155",0,0,0,0,0,0,0,0,0,0,0
"ENSMUSG00000022156",0,0,0,0,0,0,0,0,0,0,0
"ENSMUSG00000022157",0,0,0,0,0,0,0,0,0,0,0
"ENSMUSG00000022159",23.5463471363559,28.0048072266607,28.8891903570898,23.8944760780157,71.789244329507,28.8401794032522,29.5091752014046,40.287380342841,26.2939890298402,30.4736585071803,44.0095519651009
"ENSMUSG00000022160",267.913758320653,289.930161025841,291.276994918473,249.274737843723,247.22375228478,313.255023512478,227.758482131915,255.533511339041,304.717895797974,286.346078937152,255.689697158665
"ENSMUSG00000022174",734.888114099385,1110.69581591412,873.407704892185,1054.12874676033,935.395913489955,1042.92487551898,1061.59176521026,984.356776829437,767.95518635367,821.560280932331,868.55133011496
"ENSMUSG00000022175",1942.16443843382,1917.05293644598,2059.29114822979,2057.94839045354,1962.12185129907,2046.45569296526,1831.99907513629,2031.75551185702,1797.98239196701,2007.36119543242,2129.52016131026
"ENSMUSG00000022176",18.5154162478279,18.9233518114959,28.5222371468875,12.8078575667509,24.9160266670342,11.3060816113446,19.8426195149205,21.1609538323643,5.51907966401325,13.8508010566513,15.6727525634674
"ENSMUSG00000022177",86.6578404659566,116.525121598292,114.272951121243,57.952754525216,146.038725845285,100.917329897127,123.850348307798,114.739699493993,181.624972444212,125.559906009243,93.6882386664258
"ENSMUSG00000022178",89.1278059716253,76.0908753508918,64.397187614581,36.9734983392115,61.1279176610515,51.8462133787453,64.4587101379022,69.4113816156493,65.4964713655685,57.4535270198248,59.1525093769448
"ENSMUSG00000022179",92.9577838017186,101.269637209816,114.551141621388,91.4863457223461,77.6344985525455,111.183153702455,105.435880379151,101.579607124382,100.020132966798,85.4978342208022,75.6286618940953
"ENSMUSG00000022180",153.577491554455,155.913117534497,189.308763716531,271.037791619035,191.03155060927,216.631007873534,174.028654455701,164.349234513796,141.724984608233,178.830514725101,193.305805150345
"ENSMUSG00000022181",9.80407086146584,6.64968707727106,6.35515180410972,2.23617413140613,0,10.572438266045,10.5293719668389,2.0103122502406,10.5269391003227,1.92966003330447,11.6899296115136
"ENSMUSG00000022184",104.665198667253,82.990123829979,113.130359285145,101.078368478832,121.348080121215,88.4276328271695,109.023661549399,100.126390814221,98.0450034084232,98.3533055192237,82.3633305329394
"ENSMUSG00000022185",2717.8668733996,3138.76082587597,2946.12588029421,3198.40301593711,3234.46740756729,3197.80203526406,2888.08078837792,2873.52074151066,2950.53425977943,3150.17060129108,2876.77256108966
"ENSMUSG00000022186",5690.08060750078,6057.01708404102,6494.79719138323,6683.7024115727,5795.06239556356,5718.9963812698,5614.90656597061,6698.50599832454,7115.24257441077,6017.63103569629,6569.2266091176
"ENSMUSG00000022191",409.91201856194,401.591910336234,346.622185633801,359.381485804719,375.581423551983,384.719601430911,372.466130943521,396.273850786513,361.730988592056,334.789628170988,371.645094523049
"ENSMUSG00000022193",1547.26107811452,1631.97487391499,1517.34102386291,1552.96383043174,1392.19730473449,1550.50402089926,1666.54823896574,1546.71536463768,1386.99229220837,1402.3923344099,1462.1834900581
"ENSMUSG00000022194",1918.50067223944,2311.84595742813,2022.26674756552,1840.54569445549,2726.33686925823,2572.13577904527,2510.82379179967,2689.73159445807,2101.19893585716,2244.88549407844,2153.39478295408
"ENSMUSG00000022195",96.9081763871486,109.179593031703,81.204036824407,77.5727079501671,88.596914736718,97.1945056070507,88.1647557407832,101.641393645258,107.572631343342,75.7697553474062,106.836342020399
"ENSMUSG00000022197",316.179583340204,210.185541356893,248.966375441111,203.541750304189,424.920874300486,268.517768071886,317.808207646662,378.275097738389,275.22490275726,350.348766306913,318.221329998273
"ENSMUSG00000022199",359.877873969713,400.778635588527,342.718694835286,278.244910013482,401.332209676964,562.846599404607,329.357289509783,549.99162681248,358.921906055229,480.709579721633,434.837477726371
"ENSMUSG00000022200",1929.99974236324,1974.5547811624,2035.68687428672,2791.03675455782,1950.49534318978,2258.57705407745,1903.23243033175,2546.45525462296,2266.1321352998,1952.45513374911,2776.31080672542
"ENSMUSG00000022201",786.208985173874,582.328921554695,721.958504746267,848.553410322186,727.983975938478,593.064731724739,688.870376421952,828.390771719593,780.74621566143,759.808291550887,742.63979220088
"ENSMUSG00000022203",302.451226571069,243.473868869932,256.454623528906,221.748976059976,254.301744312508,336.828196727879,259.635585747181,319.946130488835,218.751810934469,291.793400973553,260.984634436141
"ENSMUSG00000022204",404.504484261453,522.484134100082,417.894407761915,400.412485625983,433.466867048769,471.437813737641,459.090037105285,397.990025100759,450.965484544058,434.489834087285,430.513114392571
"ENSMUSG00000022205",755.142438643343,700.152380625814,663.574333263358,657.840405654756,756.02438304655,631.025156675861,779.172282295615,645.844387839633,616.736427956454,615.780581994166,568.88816925437
"ENSMUSG00000022206",13.8689681024773,15.1739444948146,15.0127306136513,25.542660762643,29.6566206896854,21.1334561478938,10.5004267144815,17.6624348095323,43.5995895400906,17.8604008859015,19.7225020131803
"ENSMUSG00000022208",0.682760853775912,0,0.885036893890701,0,1.05826855509625,1.29178106189564,0,0,0,0,0
"ENSMUSG00000022209",0,0,0,0,0,0,0,0,0,0,0
"ENSMUSG00000022210",531.567292442068,391.978756074247,441.336171086677,474.790373134254,425.364667330341,419.338278245438,439.127520745479,422.693660832411,450.125023314335,412.473943228701,427.485509395154
"ENSMUSG00000022211",9.00426286832437,16.2524853050523,7.11708480184969,10.8582454155028,9.56428873161956,15.3548667783173,9.19641809350854,10.8440987849314,14.1790049601645,13.0649303526048,15.9822301703956
"ENSMUSG00000022212",0,0,0,0,0,0,0,0,0,0,0
"ENSMUSG00000022214",1859.18957486339,1612.54427267666,1671.60725773498,1642.12012140347,1352.33709199467,1714.1744688356,1502.81636034963,2102.43973826015,2292.64993678129,1736.11906286731,1650.37948248309
"ENSMUSG00000022215",47.0071967696147,1.07292360932627,3.53643917849574,13.0906226418976,22.4104194964431,1.27805826878354,0,0,0,10.4194089544068,0
"ENSMUSG00000022216",947.303553681609,1024.22465134633,860.868252814432,865.267850566707,826.642224866299,817.359224291325,886.968455482178,675.906692903478,880.64123805482,977.077420603463,709.321404691181
"ENSMUSG00000022217",100.73545119761,131.634184605751,137.037579099834,165.136958654556,100.868439314125,113.082974544593,120.50655054155,108.941065472174,136.088806537345,132.516951782782,98.6159813214704
"ENSMUSG00000022218",803.08250378453,737.298753879109,560.735477105768,801.313823220893,995.128079786483,779.026507163799,758.95154662272,1354.58155209462,1045.13710181637,600.136768693426,835.129200884865
"ENSMUSG00000022219",11.4401160852563,14.9685062257127,14.9361441314747,10.9991418987425,7.45633012005293,27.2285929968798,12.4251731630255,16.6135834379061,12.1345417152014,12.450987394568,17.2664033746759
"ENSMUSG00000022220",84.499122479881,96.8228376606281,114.262804908365,94.8418462030123,119.139717003695,141.603015530129,918.318575598754,134.504135559431,117.304314080994,111.726326623462,91.8369106055599
"ENSMUSG00000022221",63.1721012440678,101.095155561943,75.2464376319674,41.4936375915701,96.1958714980895,111.980259444305,60.3843997692507,58.3579147728575,52.8951837286791,72.4577430007062,33.1828089369654
"ENSMUSG00000022223",254.440104089035,264.957517206513,318.725975781703,316.392297546187,203.657258647137,222.408712995132,339.507541706274,293.289975336537,216.591831771073,221.319765353367,293.031992170905
"ENSMUSG00000022225",17.9765864892979,10.1762294425448,6.45201797768775,4.57891849138403,22.2812107109377,30.5346489804548,12.8757411247473,1.03110201426802,10.778606007601,3.63897974278268,6.02262928387038
"ENSMUSG00000022226",0,0,0,0,0,0,0,0,0,0,0
"ENSMUSG00000022227",0,0,0,0,0,0,0,0,0,0,0
"ENSMUSG00000022228",459.868432735866,425.772579516927,466.01492300746,475.288265826845,450.727835979085,411.758339328691,501.804453114376,513.550235200491,624.311363870683,489.648260127087,554.138512517523
"ENSMUSG00000022229",1405.38000466142,1849.91107220001,1867.90595652728,1901.69299270865,1463.68409861301,1501.970146422,1892.14163827903,1787.42866611352,2186.79396877591,1250.4680852528,1867.29386418535
"ENSMUSG00000022231",9.6164649925198,14.0002951325345,7.97825529591046,7.63834166324815,14.7705655698453,7.72345306055316,12.2529673919067,6.95074235479683,8.53168713450036,9.36619535330434,21.7183949664871
"ENSMUSG00000022234",2946.90423577437,2977.37458318644,3004.4962223892,3212.69977593208,3012.01267029254,3022.91028565886,3090.48650164269,2815.68842353646,2812.08089079396,2577.98402109427,3031.73058741139
"ENSMUSG00000022235",65.6348896424131,37.5874361466923,24.5052954870014,27.5666471710571,33.4301118863886,28.5375156153313,34.9323084353786,24.594635366858,32.8852295913668,52.549011222556,33.1244575145428
"ENSMUSG00000022236",48.9802451988346,56.2288310648013,38.6881322622934,57.3155325499455,35.1136269644952,46.4071415932726,68.1500509355962,55.1363353500769,50.5633478595458,53.7193099189821,35.8744861404726
"ENSMUSG00000022237",66.3366430360432,58.3101084883815,74.9392193648429,72.445897271653,123.86996736547,113.414383393318,94.8477416671811,87.6580535153687,79.2054648460582,84.7694101073642,109.134177402918
"ENSMUSG00000022240",9.15188841816579,8.41467043228689,9.0809860118583,6.01682348404119,5.82908063843196,3.06036303130117,6.29793175437778,79.0532754970867,8.77376796545583,2.95564351539489,4.50538330658526
"ENSMUSG00000022241",1315.51269861238,1275.50124248835,1139.02104515919,1328.2576983976,1094.40990235209,1429.10303238162,1357.00216095135,1164.42616961505,1006.84831120627,919.345574293413,1646.49018598505
"ENSMUSG00000022243",0.687788728328648,0,0.887515112768218,0,0,0,1.02906650081274,0,0,0,0
"ENSMUSG00000022244",160.54765209964,172.751519168013,197.808857805088,200.442546781826,160.703380013993,164.007401610832,193.844139090917,195.874094677676,159.538755299691,174.850224015569,162.721919242778
"ENSMUSG00000022245",0.691656984591975,3.14192369422715,3.56793214135594,2.18761191373626,3.19212793645226,6.51073276938643,1.03159197652106,8.56522404423793,6.7026306391942,4.73975218990302,3.43797945753885
"ENSMUSG00000022246",454.309047042998,395.635243049976,322.455433434548,481.710078564093,560.243441190877,364.143850257048,353.059884138355,440.504128295501,467.978912808679,371.288888858323,462.517250741026
"ENSMUSG00000022247",361.129374121623,420.881232425507,235.985835628013,300.279062353994,290.766426006304,411.784451658188,276.595269778064,279.870409029052,331.823191767215,270.433193054102,389.714558258579
"ENSMUSG00000022248",54.569372676169,30.2783121532672,77.8494372102539,39.4700692726403,72.3294206316496,38.8428014168942,91.2469838608357,41.9844598719809,28.1329434474209,57.69448684772,99.1355779999155
"ENSMUSG00000022249",0,0,0,0,0,0,0,0,0,0,0
"ENSMUSG00000022253",193.526878653982,193.147587562467,255.408848471163,220.854315257963,269.036746305726,148.666308063449,214.496692437299,261.604825738442,248.109368694871,261.468371829157,199.364788132622
"ENSMUSG00000022255",1840.82176831906,2375.89852374791,2291.24212047294,2361.83508575131,2173.94960756355,1934.62636703842,2360.76007317632,2103.92944891345,2001.7545058769,1966.79044537919,2088.33544894773
"ENSMUSG00000022257",92.0162493537127,69.21306602323,145.400524387271,89.0095835457264,142.648488725286,99.7636847294754,128.047560346754,89.1752065579988,142.103504730809,129.591858675037,78.3726445860013
"ENSMUSG00000022261",96.1467471172393,108.459978114129,171.675198615562,131.556240012539,112.641022003116,130.017162848396,147.603606608862,129.359555145416,136.944994610644,89.5958783485839,98.3564616457389
"ENSMUSG00000022262",0,0,0,0,0,0,0,0,0,0,0
"ENSMUSG00000022263",614.677325185612,450.689851506967,575.410586782213,562.127811137209,997.706484810444,647.811373078576,484.59936482352,484.828807140207,731.111764921665,629.50228172553,615.54725947779
"ENSMUSG00000022265",71.8780336572102,36.517682242867,30.9535274293456,41.5538847614934,72.9003975856593,51.5592678824997,39.9384424722453,55.4186448599545,30.2209796493046,51.8289248420568,24.0451760235573
"ENSMUSG00000022269",0,0,0,0,1.05095675570364,0,0,0,0,0,0
"ENSMUSG00000022270",1827.28117001127,2191.17696724388,2184.34448951975,1800.35558711643,3115.99312139811,2626.90427864141,2033.21785079112,4128.9540784932,2156.3000508158,2382.66699019637,2110.65828775859
"ENSMUSG00000022272",1040.69086753889,807.437247634426,765.526826510959,840.413162652483,1062.82043077622,703.372029395007,779.854289822266,836.807561313829,754.639292134685,771.422224476207,834.93475380659
"ENSMUSG00000022280",397.278331200927,335.284557552252,492.696130985892,337.700479692213,513.873805838762,284.614006635645,449.736083636048,380.80359169022,278.968366959085,479.730206102761,294.299071075678
"ENSMUSG00000022283",8931.46515240707,10877.4904616453,10926.6758979643,14177.5903499727,12844.457293416,11562.9069550713,13535.345390801,11960.9029736949,11029.1483229885,14202.0500509578,11538.1621242592
"ENSMUSG00000022285",1423.57120805213,1258.18001316098,1379.12409308177,1184.87957249512,1567.46509300388,1124.88226935616,1303.87907649439,1104.40569814427,1180.59727385324,1413.93139365663,1100.10846841675
"ENSMUSG00000022286",369.002922207755,227.992181844226,230.625355270712,381.961028909769,434.137192290368,418.799089440098,245.612804284831,344.964160544405,356.431001581602,324.770079818797,266.950178581656
"ENSMUSG00000022288",0,0,0,0,0,0,0,0,0,0,0
"ENSMUSG00000022292",35.5365829360715,35.9337300589917,39.0798466304441,150.17249626395,37.256108121083,34.8941771457492,73.5344372563777,45.1602510982857,65.4882035238394,31.0281250252666,33.1955927356446
"ENSMUSG00000022295",806.94656770221,949.844914969588,969.764962419374,1109.72500299012,966.24704922453,712.503992735281,915.808730119553,930.857034134116,1063.55814699312,1067.19970261562,999.414835182559
"ENSMUSG00000022296",0,0,0,0,1.0675956279298,0,0,0,0,0.921773320559079,0
"ENSMUSG00000022297",407.791786834925,400.955840644087,519.896199293516,410.071880557469,776.424919709532,204.936692339462,370.449417246848,301.843652469287,236.718717800362,449.882845541995,355.837305673504
"ENSMUSG00000022299",76.2315919069579,67.6945829396004,45.9015673202419,47.7974818019825,62.3181799120487,35.0640198933118,66.3499876921072,48.9501084444385,53.1837739841114,69.336920245008,74.2348323031422
"ENSMUSG00000022300",349.478004262471,359.248058575394,318.14078982079,287.756044384244,315.353999180412,344.552206189016,367.68169218509,289.459156416933,381.411422627067,335.087335540828,382.143273266139
"ENSMUSG00000022303",6.62816018851754,8.29457633977611,15.8460433920327,7.37408658462725,25.1999774556757,7.72853690282208,17.8911278252587,21.5931394087509,11.8553244705371,16.8682002952723,17.6451867310085
"ENSMUSG00000022304",0,0,0,0,0,0,0,0,0,0,0
"ENSMUSG00000022305",92.6108164354331,95.447310069079,97.3293382253128,70.0053578347266,103.91507173198,99.2699997635353,77.3059601323101,99.8145121547688,127.139452303739,103.807308643056,69.5352715691876
"ENSMUSG00000022306",5.06986304247072,4.52573152514851,4.06671321853296,9.17562627482457,7.7531063391671,2.34790189925889,3.23239177432989,5.20467052823914,6.92588450489896,3.95222088713751,6.29194460524309
"ENSMUSG00000022307",578.959960609637,528.97799040588,630.04404427494,440.149961874428,665.782281893566,540.857376706816,421.684163413892,560.279387494072,529.841921516238,513.64889151597,410.309012561518
"ENSMUSG00000022309",110.620765090814,61.1389054963635,65.5548722227867,89.2994277579112,86.8067067884704,60.472895920445,117.070394506939,90.844841101565,86.2868097714594,54.5327916400177,112.861813315465
"ENSMUSG00000022311",0,0,0,0,0,0,0,0,0,0,0
"ENSMUSG00000022312",2212.11820605218,2516.68772170169,2459.66630997313,2781.54181818206,2483.67962365508,2458.10913826204,2447.75499702963,2460.41507475726,2572.63408268554,2394.74397173583,2503.91863206513
"ENSMUSG00000022313",88.8311831234202,69.4685271203276,49.1163086542888,66.9096458124078,84.3217085048422,108.459024518847,104.627713796679,62.6765615746987,63.6709405863377,55.2027353204452,73.2551866455236
"ENSMUSG00000022314",874.195757104733,804.208471260332,914.766256917328,798.101714871142,1238.18323354662,739.036427561423,957.021190351524,1044.70888536857,921.932104668,1098.46900686469,887.056125508365
"ENSMUSG00000022315",0,0,0,0,0,0,0,0,0,0,0
"ENSMUSG00000022321",6.54193206400136,3.80040884915419,4.64424701005582,0,5.46795892585661,1.12078722158919,7.21899442284498,3.7385363060758,2.44761878136772,7.51006838901884,2.98169457882725
"ENSMUSG00000022322",6.84430642676986,19.1739063999976,3.26047933405402,3.00297362593634,5.71364747148329,15.2421399447872,5.66127131227088,8.9233720698762,11.4778535743229,6.03764091541621,1.0486681918928
"ENSMUSG00000022323",83.6024810562382,93.7144653212851,115.605086817385,87.7012136316827,82.0757066977298,89.3639747888098,133.697261689583,88.2908093277243,96.3853196398424,97.1815094468251,94.9246831793491
"ENSMUSG00000022324",305.613009304237,189.400253433463,364.385143358132,281.757289458086,320.77213141686,104.148071154136,291.131644348325,192.703845036086,266.254329649476,223.899222001018,185.794297948795
"ENSMUSG00000022325",81.6585470070845,56.002712172567,71.0100332665337,51.2228559126821,60.136528114381,58.9689434861797,48.9495650034143,57.5739947495105,62.3382434074583,72.190157834514,83.5158627045532
"ENSMUSG00000022329",155.684442890266,173.371499494164,171.124386666846,140.096383223937,173.794178212033,204.261230029786,161.159144224941,213.408073822112,184.217073571204,159.882093571483,160.489015150769
"ENSMUSG00000022330",5.70400130019356,0,3.29349690682765,2.42654530475646,8.25946892101169,3.57763132577072,2.87860677966691,5.2099918853407,4.16444014366102,2.65227225477639,10.1582281907743
"ENSMUSG00000022332",1863.36910676424,2039.84832565882,1981.11060406131,1748.2529399477,3938.16991748053,1960.923408931,2366.79002064507,2118.39837986043,1790.78918704634,1963.02085191746,1126.82908597292
"ENSMUSG00000022335",72.1848655132866,94.1111504141727,101.733963482618,65.0415189263885,95.6482781014831,74.6107662777647,69.6491525243007,82.9971884462852,62.4203485846061,67.7846622638088,53.5764808799901
"ENSMUSG00000022336",1520.10746505296,1543.55944378885,1608.88480865209,1697.5569463177,1423.39835796267,1498.61785993903,1437.10411849441,1402.68367216933,1630.439083143,1447.26733421762,1792.18677677396
"ENSMUSG00000022337",464.345735820372,547.201647605114,452.822376798267,460.08454123965,442.148761138664,443.993531899688,458.373016100407,485.11991843966,463.119012427153,451.119597727024,380.780570723405
"ENSMUSG00000022338",287.79211360091,372.713561212476,282.591014305058,305.936439130633,306.763533624645,340.999404454284,357.799819795423,317.381228331701,259.037833108455,268.795343768143,315.361093615903
"ENSMUSG00000022339",299.570775407211,409.541270891409,345.39605708079,351.986661188085,321.913457163794,353.028585308996,380.574245484179,375.780542509502,374.871032832073,357.866696124659,329.108775283317
"ENSMUSG00000022340",28.8813715041667,27.0369815565589,62.039970321416,43.5171406815701,43.6056295551598,13.9094583593742,69.9615924984462,9.85016287461105,27.8701017276373,15.2507220648013,27.5655959382121
"ENSMUSG00000022342",0,0,0,0,0,0,0,0,0,0,0
"ENSMUSG00000022346",209.330438469861,320.303109128371,323.136415582011,217.728617165704,434.234259437439,298.850623581337,350.382270423111,286.273502115073,213.834245339605,369.438699257558,217.694099714749
"ENSMUSG00000022347",0,0,0,0,0,0,0,0,0,0.936366945291052,0
"ENSMUSG00000022350",765.883254933719,745.309501900942,924.73871013129,879.195283162236,880.275542466707,702.561397155264,807.515131110776,883.082141034793,1020.03944868151,962.737307750906,750.814522534566
"ENSMUSG00000022351",1736.06081205189,2181.87152067575,1602.77357520233,1959.91400984,1501.06452911904,1968.29283336312,2098.76280181415,1583.77894729594,1376.16657970243,1434.07579880725,2702.98363290018
"ENSMUSG00000022353",967.647575217832,920.738960482374,638.393117185963,1247.78082225086,761.651621680234,968.740084335887,628.45932522435,1614.68357191234,1046.5769652683,909.008333360383,999.925507767078
"ENSMUSG00000022354",1798.61024024906,2200.53760336171,1939.52034506667,1964.57139556393,1586.21014720245,2004.46939792089,1956.51260020803,2322.31972129686,1782.90980562388,1867.79097275529,1885.2615532592
"ENSMUSG00000022357",10.3401878246999,0,0.884782520656213,4.3571447796396,8.45230545520082,2.58199647508749,0,0.98432028457169,0,0.93868324628657,3.41832731584852
"ENSMUSG00000022358",188.318477859456,186.732113446656,237.54451021304,270.078771574983,295.356849888357,119.469841558782,226.188014635868,192.936657539146,125.58945142325,181.592616418694,115.897712064953
"ENSMUSG00000022359",37.3006908097435,48.2511834582879,54.5873116544261,50.1833466297199,50.2036899055431,73.3981264874797,62.5615167623967,58.9201268533529,42.8480507850822,74.0129127796423,62.1094766723892
"ENSMUSG00000022360",178.302894717728,135.921728902591,148.143820474518,141.415676327641,143.732407930992,131.441562180921,120.938132282625,103.370620466497,182.170183502817,156.858315681041,118.073615203647
"ENSMUSG00000022361",401.734501123614,345.416191498821,341.196796509912,372.423465311078,291.632669233619,280.046767523031,379.472034895416,337.220806960194,421.759639041943,337.357428413713,399.989061676495
"ENSMUSG00000022362",38.8272664660266,37.210058721938,41.7123001724649,29.5594597664168,50.6013170874768,55.07707593326,27.6755631863328,35.4005851705182,51.51656234844,36.8331288994772,36.1369751625312
"ENSMUSG00000022364",75.8496962431748,70.5824442387435,48.7496266370424,46.6628379589391,72.8487048793476,88.1598326007747,53.5269359564868,58.138818553212,79.2362273226194,53.3504449774655,35.5601359542542
"ENSMUSG00000022365",521.54047512102,464.809609806578,463.884223715024,427.864889540881,481.739106332856,428.040886187302,507.681700160479,516.24139801748,424.24069337815,426.621046733155,431.758158623166
"ENSMUSG00000022366",0,0,0,0,0,0,0,0,0,0,0
"ENSMUSG00000022367",4.06592348323277,6.50382401245278,7.95927987175541,2.20141511246637,1.05322720146315,0,2.08812282740362,3.91477014928623,1.86118446438974,2.86508213513333,4.56250514146044
"ENSMUSG00000022369",56.6599481811799,52.2268110308654,62.1530030294669,33.2132050380787,41.0174327078462,72.591096803874,52.1592691234186,46.5771598185832,33.2698906563288,41.7418244369975,42.54319922461
"ENSMUSG00000022370",275.28328965888,359.711445999146,274.581684090857,246.928844198432,380.502003378713,331.292166817647,412.511255343784,249.661724513986,260.89833905825,287.803887661533,266.029149572718
"ENSMUSG00000022371",277.889452626978,367.226962036378,263.534452981712,264.485620418745,377.122960371125,194.95958338343,295.717516005614,327.787227793861,245.910989504524,195.330130906544,286.740144603987
"ENSMUSG00000022372",44.2876635141327,81.592030034454,41.3306130062511,34.8353472061791,24.1968478166341,63.608628035594,27.4878258641079,30.4257752267405,36.5635880943344,38.6469721862856,49.2475687144234
"ENSMUSG00000022375",0,0,0.888711478704945,0,0,0,0,0,0,0,0
"ENSMUSG00000022376",0.692570589755311,0,0.888064504801467,1.08943958374622,0,2.56232042578775,3.07239871039067,0,0.94484542568177,0,0
"ENSMUSG00000022377",985.96434142113,523.887635269099,958.566998281225,739.26068583225,1228.34531402228,675.205892449197,768.204497310755,634.622860019247,758.716322736384,1005.77101302561,530.540719720546
"ENSMUSG00000022378",603.07089384312,565.567432239452,514.087411970896,527.430622737419,627.719266568733,571.318507344766,563.052692176466,471.634286484322,481.814126806681,514.489779468683,507.010123804119
"ENSMUSG00000022382",2.48973686654107,0,0,0,0,0,0,0,1.17485101939639,0.836415177262021,0
"ENSMUSG00000022383",36.524480651902,24.6838265636919,50.5132535940107,34.9340368969291,35.9295670851002,14.0828116197448,39.9046896169257,41.6174286758945,45.3012280026536,26.3576263503815,40.1396787290405
"ENSMUSG00000022385",149.317848500485,122.256952875187,133.144757562712,134.925558472342,78.4545333044044,142.580117918477,88.9848680608078,117.296739888779,83.0928094357397,113.20857045741,102.719087356728
"ENSMUSG00000022386",192.293738484635,336.545304387483,119.740766166173,201.046831570471,163.140621575558,204.75464877934,267.082411542777,216.96848942199,208.552480526361,141.229446232224,169.703126869033
"ENSMUSG00000022387",1067.71373598319,1015.93311677671,1027.00244943132,1094.46108261475,1402.09577516452,1038.2131306872,1172.3966584482,1138.05717475391,1018.94268937429,1221.92074246017,1050.07958964846
"ENSMUSG00000022388",0,1.08064173486522,0,0,0,0,0,0,0,0,0
"ENSMUSG00000022389",125.68035466,111.960760017864,145.916012594413,473.767760211653,74.2759130917913,95.6478206595588,106.288470965416,115.622850938227,407.135591601009,138.184673457686,407.604678748113
"ENSMUSG00000022390",520.357761636152,416.602411122434,467.954921004821,521.798645095781,471.124931489992,422.146603582144,416.697035960042,480.815215415079,522.986215593036,469.224146321626,678.745764688375
"ENSMUSG00000022391",806.266055398122,806.136756765168,751.147047465932,829.527774740982,699.729023586099,575.605902468979,838.880839443619,820.02257388707,814.63090992153,809.142617512628,1397.36934841469
"ENSMUSG00000022394",169.852472199131,177.802160091,209.836641244268,180.140599766631,154.887060655083,201.8504917548,232.928101631777,172.984915486435,242.670781590844,162.051852344992,254.277488604676
"ENSMUSG00000022400",370.8364868721,369.619782647974,303.990610854783,399.794767319973,284.184617277578,378.793810801879,396.104919881289,358.356056208919,364.145660060169,310.149831422681,313.668924679322
"ENSMUSG00000022401",92.3882329000515,29.0254733109696,40.9917248846939,39.9975045233979,51.7490088812962,42.3051321974507,33.0047425993855,38.2428776390256,94.6519842090516,46.8652980053079,47.2215149609914
"ENSMUSG00000022403",1581.6413040251,1535.1474717756,1566.3095221019,1699.54940538054,1601.76219054807,1458.63303296779,1486.29987716551,1638.10520477848,1550.54192117353,1455.67996044154,1340.40816794035
"ENSMUSG00000022404",805.187367929894,1189.00653711766,940.30391632854,911.925385570881,1026.80680285293,832.941078334592,1094.55236472635,1248.42168805459,1245.01706226909,1011.58331424527,1196.18327825517
"ENSMUSG00000022407",363.493505425035,457.284256076553,375.017952573246,400.579881474533,307.285096419181,449.891360763445,323.618813884148,321.967920753722,374.045619640286,355.941595589717,406.875790066459
"ENSMUSG00000022408",234.209960777116,207.134602570287,145.374194735744,234.243068832681,100.739745713094,198.822719153542,147.422955557584,154.090417526658,189.883382085926,157.976271701158,332.797554382911
"ENSMUSG00000022412",128.771784702207,207.283629415094,130.021132842756,85.6552560246246,95.4883468228693,184.123609848093,144.631861831981,178.895281927235,122.247525455702,105.555646506392,182.931443443044
"ENSMUSG00000022414",220.557242759196,223.354942448422,225.959024051354,222.580432169652,190.150478525199,242.595984382515,169.791150784936,192.084896282398,216.00964002176,232.110616061626,244.253064851487
"ENSMUSG00000022415",263.217847714327,362.841576292291,306.586819965599,453.235750471621,348.546681919529,440.683416012015,368.474951205266,479.279249735432,384.141393421222,400.582120750363,351.463790875611
"ENSMUSG00000022416",6.74562557210253,53.6177997438764,0,0,0,12.574109568327,0,0,0.841638464808256,5.81231657205097,0
"ENSMUSG00000022419",1184.4462050881,1129.1180496203,1083.59595705775,1291.8378040969,1270.74240273547,709.503392288423,1328.89921245946,1594.21804593161,1237.75361676299,1369.05295783022,1196.75788259863
"ENSMUSG00000022420",85.8276140810479,119.674396790477,96.984473275526,113.885404441662,76.3544303639772,107.015048063819,99.2448578160995,103.813312453835,85.3775328167109,82.8972769492166,68.1708201201883
"ENSMUSG00000022421",2.73593707874003,4.34706897081709,3.52133554535589,6.5256704439967,8.5047749560312,3.86562382622247,4.08000789947841,1.96977045117787,0,0,3.45519201601904
"ENSMUSG00000022422",6.35016319232512,9.09957213034795,12.033295405728,4.6200138666158,8.79575736186504,9.63677274749973,5.11225758380522,12.8514240082992,7.7858666688013,4.70633618336931,0
"ENSMUSG00000022425",247.906300569534,409.854669859646,187.557326528729,103.74385748861,264.399335594443,343.951394327266,188.984270177076,208.536135129255,235.501932828271,250.303079183048,232.343138993407
"ENSMUSG00000022426",269.894863125037,256.104254148568,391.979848172917,409.207861266925,417.599309436946,271.64508140507,341.009923296219,293.383773886496,304.981805603348,462.443578369582,269.067992352782
"ENSMUSG00000022427",367.900892264122,505.943729555482,497.271463888103,630.195872940714,486.889404059356,502.243698310065,579.147513526929,416.400199554429,461.782712359961,481.217651133932,458.440731118555
"ENSMUSG00000022428",45.3085463186006,68.3075493293477,35.9874969097853,40.9765909246228,47.9323816340752,46.4558397552781,58.8848148563488,34.9630044544764,50.4769397881026,44.7321288311063,45.6515197549803
"ENSMUSG00000022429",2.29309015655165,2.7844683051754,3.59335679230316,1.89277647143396,1.2267989557193,0,0.899566626931529,1.14812047042446,1.08915221671392,0,2.66901496419685
"ENSMUSG00000022431",0,0,0,0,0,0,0,0,0,0.936366945291053,0
"ENSMUSG00000022432",1.36536844798066,0,0.898156021805319,0,0,0,0,0,0,0,0
"ENSMUSG00000022433",420.835157319943,295.371137766636,587.238383839049,415.95094633111,604.886021525232,480.81767015591,368.018343290655,457.624103040036,468.643285644393,425.145883236299,407.639540411234
"ENSMUSG00000022434",39.8618907861138,47.1538615043457,38.0621525767227,31.6962040423097,32.8719803788412,38.4088978072555,41.0446549401971,53.2558503982825,35.7332233716328,44.46063363791,51.6740551770715
"ENSMUSG00000022435",0.686975715266601,9.71980715701293,0.884922484874937,7.66468457108354,0,0,8.26684836829376,2.93382203332463,0.937036079413916,1.90093601739518,1.14720900131315
"ENSMUSG00000022436",102.846730088076,228.63260812628,63.4515440254723,58.3099771671558,76.8890883013218,150.732281264416,51.9111664642048,82.6470883970482,62.7933141462939,99.366397063605,83.8085305059292
"ENSMUSG00000022437",3331.40316680453,4339.79685728552,3392.40969384048,3999.97043272793,2966.99476525587,4090.67115990386,3237.39655706949,4632.05101615909,3484.67999113226,3242.75609148555,3830.66755984779
"ENSMUSG00000022438",14.3709043756476,20.4292062328416,16.7872088764522,16.4031300009884,20.1076613208499,18.0693169629604,19.5033759495067,19.7108700498647,13.1823316238285,19.8374600491175,20.5998865355325
"ENSMUSG00000022439",44.9338065986665,80.6831109949836,27.3776784172819,27.5616795596994,19.4516652127956,56.3059561521199,20.8592117046555,35.461141879799,37.8784150370953,33.823021383164,23.2755992186683
"ENSMUSG00000022440",19.7245281906169,13.3141256845137,12.5392700338102,8.79334629261617,11.1881395047221,63.6094097621525,10.8534337950521,9.65071173077625,13.8636363789603,19.772905703683,96.0971712088977
"ENSMUSG00000022441",2.07197987464973,0,0,0,1.05153285834301,0,0,0,0,2.8046321780722,0
"ENSMUSG00000022442",53.5662245926152,81.9529699141113,125.420897250188,56.2100241924111,119.768210344961,155.068829484426,54.0031285966793,120.700158245479,75.5200461113043,100.707572682916,104.649958196274
"ENSMUSG00000022443",9898.08224580962,8935.3148814374,9573.91182493684,8011.23344068171,12169.3403988284,9151.32517455879,8240.17859671724,8768.03540528784,8727.64524543511,10107.4964497912,9015.2084628994
"ENSMUSG00000022445",1.37234272492475,1.07671029281816,0.885583074430606,1.09437824891729,0,0,1.02549647234193,1.980576820563,0.945264140090952,0.9427228419741,2.29100249364374
"ENSMUSG00000022449",9.09401660505361,14.1832978242149,4.85156009013017,2.64536634407799,3.4156340822138,8.41606782421022,4.47343938788517,4.00614892307932,8.26097246030348,6.13866454458378,9.97318390167586
"ENSMUSG00000022450",855.962783438835,977.178226054408,943.820825197103,953.346888898367,829.119201693643,982.598488716271,962.32866776836,946.198099516337,775.564103448476,785.666959758353,812.874451605482
"ENSMUSG00000022451",657.790134878146,641.114090669616,766.116418382455,689.568296362245,722.294087862401,663.336352110936,730.014738837331,690.704682629183,733.44259035501,694.556636486592,771.661672834582
"ENSMUSG00000022452",728.971625290015,871.988968717602,819.58863666779,857.815162944713,791.7223627508,643.944662054113,1012.69382491823,876.906420752247,630.491385031372,663.419538860186,707.031320747167
"ENSMUSG00000022453",1333.36586296886,1575.94526888843,1543.32074205499,1736.81948326197,1317.51012772393,1972.2193803124,1458.75810835113,1591.17295458181,1629.87564611212,1638.23362834168,1560.56439455002
"ENSMUSG00000022454",0,0,0,0,0,0,0,0,0,0,0
"ENSMUSG00000022455",0,0,0.882394918645532,0,0,0,1.02500705221779,0,0,0.942583017996709,0
"ENSMUSG00000022456",1.03069127582977,4.82552317858894,0,0,0,0.640006903285778,0,1.49488280702546,6.81140161042678,1.86829973380911,0
"ENSMUSG00000022462",1307.85567973695,1165.59769032453,1444.96157012171,1147.81500845206,1404.11245867913,1297.95942782257,1657.72910522435,2112.45189441799,975.616099027373,1193.81887284087,1224.92047685713
"ENSMUSG00000022463",1528.143004699,1565.72934927764,1374.03260037098,1118.15843302512,1822.07386611338,1565.6768894814,1461.7759047511,1453.06983103414,1165.44655539348,1408.21066463399,1744.60364012887
"ENSMUSG00000022464",18.2822004346245,0.796750630750361,3.28136602640263,11.8656601022406,17.3076069701024,1.89894649309604,2.28703601371666,1.46574082456908,4.18499658924336,2.10057371706089,0.849370286600393
"ENSMUSG00000022466",181.030229617952,168.363845374194,144.60487579389,159.471446488092,171.854145815631,198.381327725586,171.546491210393,207.497794226547,206.957812872509,190.28081559039,226.629451039674
"ENSMUSG00000022468",25.8139735340049,16.0624337117963,5.86637400230903,9.67835222372765,11.1979177353423,18.2322643021717,6.1116082024215,8.86126624015116,2.81727881073762,5.0050070035105,11.3897565951631
"ENSMUSG00000022469",597.199765732818,849.086551516959,650.995099200642,1350.67538812081,311.433105082924,769.638805549604,770.647221827278,1032.8208221407,945.06404392996,857.966754588934,1289.76712187797
"ENSMUSG00000022471",396.764572383543,540.201450183769,404.429506023325,411.255785421484,402.000689019055,459.013615655093,493.002789880705,424.615178517198,409.604020051771,391.577563424564,371.587699199117
"ENSMUSG00000022472",282.57769106414,294.055992141037,383.401960892744,379.041763616308,446.926774205121,251.224512544953,445.0361423468,358.617450727262,320.312946306099,399.031614111655,258.728588411063
"ENSMUSG00000022474",294.279171892454,214.714589116013,302.820219662807,260.864255894837,316.29079915843,296.938296702826,336.239848303065,243.792819023914,276.347802695829,285.665419156983,240.806216124292
"ENSMUSG00000022475",438.602073075241,404.111625335242,315.131183790921,343.42041700513,434.585909920018,498.843780123569,247.571468756012,419.33050435676,468.624309291329,404.011187659548,452.241905629816
"ENSMUSG00000022476",170.229303969564,177.754095562627,183.382093716811,202.953109711469,157.673437419963,207.53148801285,189.654304838453,188.045746000072,182.125548623484,139.413604201483,258.615202503677
"ENSMUSG00000022477",7975.21202686688,8806.46057970733,7996.49774382249,10171.7586916265,7075.66913840196,9584.971361051,8145.91561182133,9673.59726195048,8627.96239872532,7613.80929331485,9873.36029544469
"ENSMUSG00000022479",662.265967046911,872.962312252149,544.78275082003,838.776033081183,868.31698232066,527.122395378222,496.65868685709,1258.81574257803,1247.7174015283,848.368100454642,1495.37837463592
"ENSMUSG00000022483",0,0,0,1.08267420155715,3.17003545309181,1.28344225154114,0,0,0,1.87670004702676,1.13774194722858
"ENSMUSG00000022484",30.1378588109096,26.8556592691967,19.5276744450564,13.1071530628209,20.3000181520231,17.8328942099708,14.3680176383824,12.7769153238841,11.2857597807978,16.0516566213866,8.04968606715426
"ENSMUSG00000022485",0.672596119748195,5.36424260486425,3.53080979619485,1.09763032878559,0,0,1.03751854416416,1.96573367858001,1.87702103406718,0.961500943157013,3.46127026242564
"ENSMUSG00000022487",0,0,0,0,0,0,0,0,0,0,0
"ENSMUSG00000022488",315.736366351564,522.360414953762,207.523336663881,238.36559768529,208.161231995376,393.263139373994,146.007203528454,212.164823358018,194.410934046959,224.821142463914,158.770230401589
"ENSMUSG00000022489",52.2351520655147,61.7660163008399,21.5459590182994,21.674344116504,37.0688334837834,63.8608294230053,23.0947527546592,18.8092432507857,23.891027238334,35.9815068380733,16.5265800205711
"ENSMUSG00000022490",71.9670293362702,75.9057164258265,31.587318594123,71.5387887014743,77.4604965805524,67.4078886585034,37.5986973869312,43.5388915454076,19.4227307731967,58.786817581024,18.5150170628559
"ENSMUSG00000022491",39633.0882188236,56552.8516741499,23748.4697337108,43178.0582651965,32372.2404159991,40065.5739595962,29202.585439038,40556.1915281231,35256.9051590324,28121.2961663899,40696.6414856081
"ENSMUSG00000022494",0,0,0,0,0,0,0,0,0,0.936366945291052,0
"ENSMUSG00000022496",32.409759415083,35.087325746216,24.5254525878647,9.94934854849313,10.6858440090356,29.8958090833499,7.28811054090257,17.5710585670394,17.6841113746778,17.3787621221674,2.31522494222804
"ENSMUSG00000022498",1086.40625800415,1103.84421846253,817.214145081369,1005.79160914836,673.203832312916,1200.7592590703,840.138121380769,906.640942074275,942.526370297572,751.967639690762,1402.62621600038
"ENSMUSG00000022500",966.752646790052,655.864213847624,958.69672138072,962.151852149969,1128.13927328284,740.271926775234,840.985615756219,830.294054554105,803.773016678944,1028.55987584222,809.866805114192
"ENSMUSG00000022501",0,0,0,0,0,0,0,0,0,0,0
"ENSMUSG00000022503",365.289527220048,276.658020931967,255.372678032662,227.352492378751,261.374530397899,287.193898871366,335.113118704181,244.304192932647,249.085441601279,273.979427314901,271.130095005252
"ENSMUSG00000022504",74.7037768415776,167.855892484498,53.5226911452155,123.292023889701,56.010952373608,156.410080810163,46.0012104107091,38.8756663111679,129.332680614786,63.5992991149955,19.7742015765212
"ENSMUSG00000022505",13.8958196122184,13.7882592201936,16.6507159293694,15.4779799561052,18.2164888244511,14.1710756830054,16.7129643136664,13.6392204741922,10.2215853711984,12.5948068910538,17.4421536635562
"ENSMUSG00000022507",370.068774474807,353.733260076061,490.144722047984,457.278124293267,422.794584973773,325.792440828314,391.078356652955,391.214180922776,444.673438783385,427.019801881799,321.444653944537
"ENSMUSG00000022508",1110.35452857429,871.36735916867,1284.28324954279,850.078434119366,1302.38207444494,381.933002264231,788.915374949109,605.441722976693,563.551646304237,851.686572106069,629.951998055378
"ENSMUSG00000022510",61.8736965358261,54.4570898809986,70.7525003600623,38.8425138307033,61.7543904967358,26.0580602067969,58.5353585677151,41.8134034249292,61.9888832060522,48.189888969098,50.717000335689
"ENSMUSG00000022512",119.618247914675,33.9002751339745,164.666022467253,23.0972444548547,154.242866141629,14.0979540825651,59.8478153765882,9.85025405549213,47.7187061507289,112.377538362401,49.7974848275727
"ENSMUSG00000022514",298.741621966211,209.710182616355,388.231122593538,320.917065408933,536.941215177222,240.143912569603,347.770277947493,244.545834017705,346.840404151202,356.992472187131,382.133990426856
"ENSMUSG00000022515",583.215415038739,576.139509467007,543.002882904981,530.266657623815,488.834599979624,555.012620558411,541.471242398549,516.419627376125,601.72242214803,550.429425578039,530.118110828625
"ENSMUSG00000022516",346.359258300227,404.414527900839,396.292907214707,457.605103302564,324.579117345638,362.155222327448,389.78384720954,401.401423917889,388.228976996307,352.5698736145,449.092384409306
"ENSMUSG00000022517",676.662530817844,594.578897365667,708.883439619053,728.641679933533,697.509201234748,719.869640325452,629.97974701691,776.859493001618,759.611005700222,680.511140673623,715.764789295697
"ENSMUSG00000022518",0,0,0,0,0,0,0,0,0,0,0
"ENSMUSG00000022519",245.265941566462,19.1799941045363,20.3852181699524,48.4847214232848,65.7467244113544,18.8299578321473,19.6673403011999,23.6302541558835,21.3534938051553,38.2026626471564,28.9802672189062
"ENSMUSG00000022521",746.599111296752,938.770927364837,1116.9424794666,1002.13919001024,838.002007538266,788.929564633906,1021.00397218155,908.707960672943,767.337347124462,931.827588931582,821.926551199602
"ENSMUSG00000022523",0,0,0,0,0,0,0,0,0,0,0
"ENSMUSG00000022525",1.72739246480463,0,0,1.15868158418204,1.12340125927029,0,0,26.1024476264919,0,0,0.609534103672984
"ENSMUSG00000022526",190.277038628911,196.107763773703,245.970873851137,246.013791792449,209.636659360512,226.844374357348,195.887684308584,194.989098108936,230.784658526615,247.412199794442,185.61892061456
"ENSMUSG00000022528",123.503558450974,202.448768975265,224.130666656679,136.245328855621,137.110879399869,133.395979585473,355.034250845432,167.316186496217,124.566456671854,217.423411830356,111.257217168035
"ENSMUSG00000022529",436.911808600953,416.405343853513,402.754771500752,384.961496292838,450.054187912231,508.402093515718,431.027500404386,441.624086494141,477.725042549512,460.944333860906,520.402808915157
"ENSMUSG00000022533",1344.44079812515,964.065706710883,2004.98792943913,1399.40550447343,2042.50542191606,550.281874372399,1883.87898018817,1220.59240321674,1500.96415198225,1384.29226015747,2004.59949216269
"ENSMUSG00000022534",1.45153806626739,4.0898473607422,0.932524264901032,0,2.00673665624756,3.65088478359572,0,0,1.98610269509513,0.893580240999081,1.20368698876044
"ENSMUSG00000022536",1579.78980111636,1515.86013147737,1603.1926914317,1690.53174158,1701.6582525517,1486.52581674196,1529.40050979369,1699.75947070133,1568.15632877543,1526.70578204923,1890.01166816952
"ENSMUSG00000022537",532.766722730835,367.580697973771,567.541119357102,470.115037419381,343.672384286529,589.926189681117,608.061758306502,469.359205035379,453.126099070863,723.546851345384,819.146130034712
"ENSMUSG00000022538",654.218469755834,591.817802676052,480.281268966927,602.797235376758,470.079599566927,721.248051568488,501.541400411923,588.674556537142,677.027509963371,513.463235637542,913.795169484561
"ENSMUSG00000022540",770.254346579228,1000.52877840645,771.753722025031,1264.15367978623,677.976323919554,1147.86642642007,1284.56804580727,1317.64761135731,941.057412888472,952.185582247094,1180.04991218983
"ENSMUSG00000022542",0.681157261453736,0,0,0,0,0,0,1.98271230444818,0,0,1.15661514439121
"ENSMUSG00000022544",211.42017849749,185.55841629963,228.624792627242,211.903382675179,221.704691421403,217.579687626457,210.750264328024,266.740174307022,212.40045142612,201.359146050987,251.910274535104
"ENSMUSG00000022545",208.1818497963,223.99117011963,203.76739622526,212.954807200041,179.369031467241,237.453584654049,173.588892630224,212.940835742343,222.311814894159,219.508875600529,189.059607188256
"ENSMUSG00000022546",440.023388493087,447.435664872125,416.3321300973,448.100595711268,512.657409137196,550.317818072961,508.016479766688,488.571197614178,369.533928765457,532.412692457047,462.780232530228
"ENSMUSG00000022548",207.31397839986,250.114670725364,153.038241120419,392.625016429962,465.914248423503,163.607270872781,729.529035898966,235.620816656744,234.734493088922,290.92123263914,827.072168107215
"ENSMUSG00000022550",443.411748222528,506.373358739418,715.948378629545,516.855203185581,649.560288593337,629.066932785358,713.401916677269,631.118590685,425.366044530026,743.859684740109,384.861597676961
"ENSMUSG00000022551",2422.45550772465,2745.4992912319,2506.09998173213,2555.15103411356,2420.73214935005,3086.99056886365,2693.88913609018,2893.71737616816,2217.32909031525,2477.832659337,2901.53798412968
"ENSMUSG00000022552",404.155271293183,663.372166450207,502.509888101017,580.437212135707,466.806142226926,631.216047370628,562.413427343331,535.134723242515,537.213390536497,524.711764802582,521.348435355712
"ENSMUSG00000022553",580.102795746776,557.263937338048,767.442399581364,815.748219992454,757.196368137658,735.909795744242,691.959225173047,725.370416717377,579.564093822699,940.05041225852,730.215311001731
"ENSMUSG00000022554",205.738186563007,296.283861404659,190.728741053032,281.611030787227,154.710323507099,289.357733981921,223.714875276642,253.950302154769,265.11418491235,257.731581335507,428.676076065466
"ENSMUSG00000022555",1846.19570442101,1819.31206023255,1938.92203733992,1755.75849948348,1913.37178943134,2002.94344387632,2114.56846065786,1898.72483473833,1798.08978480631,1805.02044079993,2063.88142939563
"ENSMUSG00000022556",521.398873695584,435.052998800203,356.561018810771,479.232467751103,564.069539791849,550.516049070451,348.148566487445,491.917671788671,435.014696019428,452.361722108078,637.184140284323
"ENSMUSG00000022557",1174.53601995589,1180.37391500197,879.947575942887,1200.55454952048,958.564201292006,1386.78570262113,1120.42136991041,1076.09068934031,930.621486520641,879.447844440112,1351.65684044604
"ENSMUSG00000022558",2917.15353084044,3303.16251830591,3913.9157841848,3236.03648914581,3410.34483841506,3299.27450426186,3091.40497782169,4677.08247256157,3784.2464576672,4152.67265152383,4812.24116572576
"ENSMUSG00000022559",595.915001970609,701.523740636978,639.963541751212,716.321902335474,584.258223980734,730.422401601189,748.637766226297,733.429724258802,674.191990256328,693.199565568715,697.191308380969
"ENSMUSG00000022560",1530.89832804128,1930.5641806722,1555.05445778192,1824.51097126342,1268.08216444086,2059.20590557258,2115.89074952547,1646.94699383583,1569.02952417991,1474.53833429904,1943.19643753662
"ENSMUSG00000022561",702.533303980739,861.658304652138,899.141672428874,714.006279194296,733.422038361883,745.230263631659,676.055088944574,780.423213722647,664.135948459211,701.809643555839,737.19013064005
"ENSMUSG00000022562",1387.02559728387,1791.97813871622,1453.553092518,1679.9121232682,1518.84296746315,1978.91045779458,1490.80308654169,1864.29251208616,1417.12466116015,1638.87898585179,1567.61505370355
"ENSMUSG00000022564",1229.12433539226,1070.67651520701,1333.62210045898,1268.37495437328,1312.4945555434,1418.66654882282,1299.29425859253,1493.79687361289,1553.86806247227,1463.8264396157,1423.34681442235
"ENSMUSG00000022565",2566.36757636853,2692.2712577917,2342.54134843129,2649.59146164832,2688.0437487568,2946.72112558282,2519.96355371857,3376.35733215403,2204.94648371151,2767.89244137719,2522.65129427135
"ENSMUSG00000022568",1476.12174482638,1370.67165683795,1499.93071202122,1447.17763354793,1469.38550721784,1577.95855615943,1421.39550201927,1660.45114909727,1505.52816028172,1510.34996929998,1687.64687758758
"ENSMUSG00000022570",850.290916035193,915.064563049095,1080.01292769988,1152.90605081746,935.303154456166,1049.07309309583,901.172922403548,949.990637164967,944.207613027169,904.994915191748,1070.27913528194
"ENSMUSG00000022571",143.627183944911,167.893965112278,186.29609829205,158.560267051764,127.886952732529,189.384377681568,185.63746587556,139.613903478297,129.057640323237,137.680040385862,145.567032274943
"ENSMUSG00000022574",66.9924358091476,39.5927044960757,71.4223567905831,51.6903107660395,79.0156662964889,39.2847218171439,53.7246036991217,53.5098207501772,53.1685182994388,42.68030131451,44.1327993365315
"ENSMUSG00000022575",116.24104331548,157.481620250204,112.293833785418,41.4445278235384,126.442835395105,296.226596138733,46.6588339010516,194.108129276481,54.0055856488471,125.575286468014,77.2152038092402
"ENSMUSG00000022577",8.59787647194676,9.60348413185173,14.9383244670935,7.70782732203812,7.56947934766651,10.3217300305383,7.32005697998973,10.6495489615167,9.25312003463682,7.71174339316436,19.7602142015597
"ENSMUSG00000022579",540.259425179154,703.994073107281,810.412762972101,771.452262869205,870.061593716369,795.658809824491,904.30375605126,766.386369858288,844.082724170533,921.213631591376,875.270264946952
"ENSMUSG00000022580",7.18109558547717,3.06900812287581,3.48410021156052,4.25338196792848,7.07306104527788,4.98717000922858,1.00185710072531,1.86436868256384,2.85650086705139,1.77429041270721,7.59115722641148
"ENSMUSG00000022582",0,0,0,0,0,1.28191223901898,0,0,0,0,0
"ENSMUSG00000022583",0,0,0,0,0,0,0,0,0,0,0
"ENSMUSG00000022584",64.9982904184944,118.662251698099,46.6141008061163,35.4838935133937,85.1619574185934,133.862613977318,25.0633802016341,55.3902711901335,67.3806268805614,29.4978760036987,10.5913960377543
"ENSMUSG00000022586",5.18637222853566,13.7504429381885,0,1.10324843931427,2.14679140218711,1.27599546949998,2.09270301576023,0,0,3.79245924218924,4.65921704219901
"ENSMUSG00000022587",4610.94981239431,4550.89526291711,3931.8460557306,5785.66937564559,4122.99401601523,3966.20314529962,4198.24947889713,2252.77866340502,4819.60556931357,4804.60582692518,5371.27931984687
"ENSMUSG00000022589",0,0,0.888711478704946,0,0,0,0,0,0,0,0
"ENSMUSG00000022591",0.689745626363309,1.07150442786865,0,1.10525036421517,0,0,0,0.978077425705519,0,0.909510493307481,1.18502552669456
"ENSMUSG00000022594",3.9919478298438,8.61756122914942,5.29181734699435,1.10663546022465,3.30319975755164,7.76384751047456,8.33769194158338,8.66849440411975,1.84175895882711,2.7900394033761,4.66858841018988
"ENSMUSG00000022595",0,0,0,0,0,0,0,0,0,0,0
"ENSMUSG00000022596",0,0,0,0,0,0,0,0,1.84806752326062,0,2.33701406072043
"ENSMUSG00000022598",0,0,0,0,0,0,0,0,0,0,0
"ENSMUSG00000022601",355.829138779572,321.243774356978,352.26207317351,322.351596160091,293.075693725221,243.868483663874,344.486095201904,324.485624922345,369.478183813952,342.381984908055,340.967118795478
"ENSMUSG00000022602",49.5705849111923,24.8084969939997,52.3620592857796,30.5059909431808,48.0402045777824,19.1759734518768,38.9836356902693,50.9966219449737,22.5650049174134,17.8824143084129,16.0464886339313
"ENSMUSG00000022603",0,0,0,0,0,0,0,0,0,0,0
"ENSMUSG00000022604",63.6235388186843,41.4216919870726,111.103331182164,27.9768693473354,97.8603023959443,60.0097680426952,56.3492542901105,59.5194178604914,36.0478831977516,86.8112387494218,73.7741713191631
"ENSMUSG00000022607",1670.32477897076,1535.402981405,1416.5757579423,1682.51097099759,1682.30844765786,1556.09616099548,1560.49433218543,1677.29353956052,1809.55323707311,1586.00596424838,1768.58875621983
"ENSMUSG00000022610",84.259620343998,65.2341069771631,55.6267259294511,58.1338125829728,69.6830820951602,69.673387423573,58.3990186457883,50.5974760214286,69.938166148785,88.9166322697424,90.6786155552698
"ENSMUSG00000022613",0.678388063742373,1.07270667829727,0,1.09808674630757,0,3.88667625437524,0,1.96917840137997,0,0.94956474864491,0
"ENSMUSG00000022614",275.160450834385,315.948591367616,308.762697021934,548.129107045888,552.478054957904,411.978734392893,326.681325265567,438.891621396113,404.058170850423,364.119415223646,520.445264733024
"ENSMUSG00000022615",32.9208950175578,35.8018496822662,44.1976754123493,63.0893763554114,47.5474211654476,46.4762717901123,68.769911431515,55.2132056637025,33.9789093089674,50.9162231038377,42.0950422836979
"ENSMUSG00000022617",386.802776078026,545.10344101917,442.424575073735,494.923950772725,539.393359855262,553.204183231756,433.924101193965,555.095337794708,447.752413064514,521.897846803658,449.333101765154
"ENSMUSG00000022619",0,0,0.888629325709422,0,0,0,1.02422248564964,0,0,0.936687049142457,0
"ENSMUSG00000022620",261.203314654509,308.345183763055,314.848148638566,393.964054694143,307.605783457265,342.308042682429,329.030487109782,387.835978929714,302.657346386703,389.453057332505,324.80406959841
"ENSMUSG00000022621",39.9346656927876,20.6011354761014,34.1652602233801,39.9637776823092,36.7339492056628,20.4733814189446,47.8476034516965,76.4106082463458,32.1237780938671,61.0985874877725,29.2265021803499
"ENSMUSG00000022622",8.6277710599099,1.87666664031837,2.31513861698491,7.60385899861428,2.76961970147863,1.11902096193201,3.57243642341,2.57531352172258,3.2821928130614,10.916695335525,1.99378330908219
"ENSMUSG00000022623",306.810311205367,344.409432258873,412.23924516097,243.98121853422,513.389089701299,328.177208768557,308.6019121154,343.511593702713,263.72881451432,319.89372705628,324.161659654966
"ENSMUSG00000022629",1055.7747938959,1118.30241300417,1376.78129283135,1244.01209059834,1328.43989956088,869.513282535284,1655.60326536536,1482.41665253952,1214.09441727532,1276.85525801693,1280.20642144555
"ENSMUSG00000022634",126.708163091157,132.275650232067,132.173203327759,141.007513339447,174.53199100947,151.278215910973,177.456533239306,147.715927190026,96.8874520557931,110.053093109519,110.005209102854
"ENSMUSG00000022635",468.500307972745,556.149848706904,427.596776271948,481.839877833993,457.725265056485,418.647320743812,557.053489697955,529.81331229759,447.535638563859,490.236200100875,508.460882226164
"ENSMUSG00000022636",80.6257180062076,61.2632764242948,162.717233820169,54.3294386362611,71.8967346519392,35.6689234504709,150.473991239566,52.2310430638384,103.801750085531,120.594779375229,76.9115856711479
"ENSMUSG00000022637",162.082140855593,237.778340739153,233.721275027102,284.919171847878,316.6870888378,183.321873233394,295.968467884356,267.754399388224,148.05455688411,285.143358173718,177.248691973887
"ENSMUSG00000022641",133.335874797023,115.877068329352,128.729712681991,90.2035868731452,94.0720906431891,56.3967395281599,143.127332234419,74.5221912769016,129.866566726615,98.0329669935151,106.231797568622
"ENSMUSG00000022650",0,0,0,0,0,0,0,0,0,0,0
"ENSMUSG00000022651",0.672568522279075,0,0.887604765252243,1.10836828704217,0,2.54899199552013,0,0.974181116727003,0,0.935677934498703,2.3619721111102
"ENSMUSG00000022652",0.682978690377607,5.44993606119973,2.66443293866218,0,2.09249267513489,1.28413295902546,3.11864486563568,3.93434867226552,8.41502181127291,3.80070781634138,2.27478701254159
"ENSMUSG00000022656",53.7810840748525,27.8267304344287,43.4751721081504,25.5647002078265,68.3669715379685,46.0011336038107,43.1665201291895,47.1952782927127,41.2164236255487,45.3688781711057,35.1165005392178
"ENSMUSG00000022657",18.9919446334058,60.767733565448,4.42368819400238,5.50182704521696,9.46607195941153,29.5060561618152,13.5683395568035,4.89633045150248,7.44946364941569,13.3566597436621,5.69537889659841
"ENSMUSG00000022658",3.99670317921595,4.23567269771799,4.38846432769462,9.94001445678116,3.1951007791337,6.45975614494393,7.24801222944918,9.83103411278023,8.41368305191058,7.70955345770157,8.11307583616879
"ENSMUSG00000022659",2.17031408394532,2.28531213846758,0,0,0,5.15486751540751,0,1.05410940699315,1.99962804254178,0,0
"ENSMUSG00000022661",85.7710451700221,70.0770400898041,44.4104144036758,61.2818077738786,76.1548138940759,74.9990403410595,73.2748314604319,84.0057447894232,78.0032426012403,56.6939762299735,98.245112065812
"ENSMUSG00000022663",977.715308820024,1182.68578117908,1214.81998588612,1264.07074416412,1080.85297035417,1200.21273910574,1243.85148770535,1250.75851939199,1190.7873208729,1095.75719555751,1063.59671385997
"ENSMUSG00000022664",272.878971218138,235.905053142472,315.293732363799,286.03157599543,297.152493976206,249.039071001263,263.374605839712,284.531555670107,480.312085723328,268.361617455905,295.483934347575
"ENSMUSG00000022665",793.548909616178,514.518630525513,641.83084687324,387.964973057509,629.2270962317,482.550046684302,544.571632612906,342.225795270505,855.389954312086,374.182680245306,381.915285983054
"ENSMUSG00000022667",5.04415043531392,7.00295261728802,8.21097423157458,6.1580054589558,4.89600105337147,8.30739094080301,7.7014922884347,7.27625886593438,2.60646150816564,4.43462164146503,9.59704439477504
"ENSMUSG00000022668",84.9487329682927,79.738499479244,75.6880909617913,79.7706235611898,106.071902766963,108.808764390585,106.863637814474,82.7077744155613,74.5577427479553,122.4818659643,91.3722701728106
"ENSMUSG00000022671",69.8918491845509,66.1974653037023,73.8436742930712,63.8432490759662,58.6150583875926,77.2529045881567,83.6833877600997,77.0836558896776,90.3709385558247,66.3893815558108,75.6227754616257
"ENSMUSG00000022672",203.68486480229,269.061335337794,211.022689560862,211.378390437169,172.252175984346,187.401376659986,218.365504021367,187.395413572482,230.543887597838,178.350319209472,221.153253824681
"ENSMUSG00000022673",140.121197379859,121.692820832336,112.08156569683,96.6672604090744,118.405440399197,138.708217710306,107.373448226106,99.1029569730478,109.246721825642,114.298480102469,82.9180330747236
"ENSMUSG00000022674",167.451276470064,127.443330061046,120.719474985984,137.395297794781,118.845561665384,184.317749094406,175.622157842277,165.896842073386,193.990439565856,169.318055919898,211.444175762184
"ENSMUSG00000022676",67.5860367092394,56.3026117435362,56.6521055069731,47.0055225139372,51.9732044718403,55.9220571058081,43.0276838731749,59.3675064101645,64.8324652924814,41.8497214529704,51.9779292837703
"ENSMUSG00000022677",79.0701724264758,79.524688982583,74.4605631113175,62.9506986662615,69.031244330884,77.2322817029693,91.8133662172657,74.0201114908684,75.829028173602,61.8010371914285,69.3579788800884
"ENSMUSG00000022678",233.07431368834,238.612657245748,199.793914170556,241.552192866718,208.776604541466,244.708740394407,231.536046514707,222.098436378543,195.013883304881,245.694159082424,273.802204256339
"ENSMUSG00000022679",17.5117925654029,21.9933562314806,23.5495444941077,26.1283663931214,10.535019193356,10.5708271026683,18.6354799969998,13.5406279269071,25.5106660509829,20.1277254621147,19.7062397415887
"ENSMUSG00000022680",2112.2674516632,2154.41626306856,2447.79762997235,2527.91956714747,2277.60875624218,2220.83665960066,2251.60329841467,2418.56373426872,2261.63834002145,2264.81738492,2193.34862860457
"ENSMUSG00000022681",426.389042145032,475.145592209591,427.078551838906,438.673103725618,426.990141467178,402.292760105093,438.498337189414,447.859319208248,410.354444420952,421.019744943392,415.112417576693
"ENSMUSG00000022682",250.536904799392,255.893134709057,204.719006437121,239.693857075041,251.229045286903,259.4134262661,255.273517938262,251.913204403594,255.252183401621,250.753890359093,330.101334343009
"ENSMUSG00000022683",0,0,0,0,0,0,0,0,0,0,0
"ENSMUSG00000022684",415.775227059994,385.324133583343,401.884968496592,403.791385259743,360.941161834843,374.17442728919,366.417977354364,363.029370638585,413.789805680424,395.516997568098,391.850438793197
"ENSMUSG00000022685",141.348847901622,167.976374433337,133.645848975061,123.087582526369,165.085040646505,175.926310219345,159.0824111462,163.004215105967,175.603634423565,171.21530400271,148.162282312549
"ENSMUSG00000022686",4.68351608339026,24.1164008182818,0,0,2.08989934064967,2.58726243912896,0,0.974772990884229,0,10.6289353269869,1.14016237619943
"ENSMUSG00000022687",566.23362854644,364.658832790173,423.768036921658,325.048042388585,465.156536393204,469.505746013128,368.893692129024,373.148996236542,461.344191176613,401.850533692969,476.991498319227
"ENSMUSG00000022696",60.2382391345755,47.0499367137313,131.588071980699,278.285406364851,33.8712767440967,148.693530678109,59.0194108362846,108.512704674461,57.2502305409616,52.4300415297043,142.167009336546
"ENSMUSG00000022698",306.171654490196,290.038479008061,351.216544551249,360.382845381021,328.953726128335,255.039990394681,319.399518473334,287.958365157049,351.65226108745,322.19315864737,407.914319708271
"ENSMUSG00000022701",152.176378106751,157.727994630587,183.756643658084,166.788037903099,139.807852821762,238.944232621198,199.175983160949,158.857911412376,197.696720180497,214.34926569984,162.396490289785
"ENSMUSG00000022702",862.494371449125,623.438610850931,751.673976155927,699.84252943428,663.287997792631,996.561060830251,641.326788460109,616.274514173807,860.327351199311,673.763315564982,751.106871262662
"ENSMUSG00000022704",70.2143479710061,69.9776561637705,80.4018546955973,124.993738695652,58.912067246564,61.9200875253779,93.7616604356912,91.4638586264121,77.8296543892257,85.5491532078509,106.986147586207
"ENSMUSG00000022705",0,0,0,0,0,0,0,0,0,0,1.14045445258444
"ENSMUSG00000022706",157.359138669783,192.767340428516,137.362231125471,166.088079517129,169.155268853268,172.949422779853,170.323590946602,153.643074320938,178.672141835272,134.559651171263,149.459677959425
"ENSMUSG00000022707",442.347922964837,463.297339780615,470.174841093585,504.584044584739,578.637347059658,412.007535392829,430.728665402455,474.057517960106,443.115613554214,487.454418972883,341.142976783636
"ENSMUSG00000022708",113.986124487617,190.980881712328,222.207629046115,128.109039189866,62.7896500519431,126.362031717137,61.2721884240893,109.178865606246,56.9746932727184,52.3259779109075,143.697061510734
"ENSMUSG00000022710",2538.30329644086,2455.77318268351,2843.920443787,2824.77772441843,2534.59608795638,2224.52470302704,2761.14795244151,2396.95206193451,2506.23460762298,2649.83171798512,2597.42631277061
"ENSMUSG00000022711",411.398545591424,366.390901079727,330.030003703623,382.10167441037,305.986498149854,353.435888917542,352.827254718318,367.394919042239,336.617885808234,316.042399364437,340.349321366859
"ENSMUSG00000022715",0,0,0,0,0,0,0,0,0,0,0
"ENSMUSG00000022718",295.583914883759,309.396391098868,272.150307229674,211.871324864137,295.977017524854,264.70556986043,295.25820830678,267.345795937689,288.522983335312,328.037791934389,299.778177619474
"ENSMUSG00000022721",677.640118093039,618.080301531006,561.334633992772,661.997485211037,643.695309696034,618.749299160034,548.972552271731,559.172240774938,668.05896274808,603.605448928364,651.471606935658
"ENSMUSG00000022722",37.1341503073856,19.6540773113543,32.1512709283467,23.1104475599506,28.5583269306567,37.837556305838,39.9894755313189,31.0911850432609,35.6693267924239,33.4219591204328,37.3810062514555
"ENSMUSG00000022723",995.239797281083,1085.08757139759,1288.87712250078,1205.70234922499,1438.29113519238,1012.49354010073,1057.94824914763,1619.78120390476,1291.09234235499,1399.27201766269,978.045263123165
"ENSMUSG00000022724",432.943298363213,318.613666269959,261.381708577248,339.255047979678,246.288268397621,267.502594595072,265.529728161533,368.466159928411,347.823316575143,322.144490924048,440.609440338753
"ENSMUSG00000022738",0,0,0,0,0,0,0,0,0,0,0
"ENSMUSG00000022742",386.1094245538,358.124304058626,381.380332447169,376.329971484545,401.900072007944,411.531935457966,409.837832047432,479.076633709715,387.558742884709,368.498444143848,498.25208636869
"ENSMUSG00000022744",494.990714117405,389.691173099017,497.028116997391,422.820412989436,508.989543223512,441.704708733195,424.022029771177,538.551360701814,501.375288918703,540.116320142959,465.213867595682
"ENSMUSG00000022747",139.060897889608,31.5459379119898,271.608761121397,40.2928787798118,111.809397414415,209.876117971771,112.682787848078,38.4647678960178,173.486657177214,50.3930045048905,122.130722556098
"ENSMUSG00000022748",34.9298660793525,71.3390777008821,54.4614682149377,50.0495366586783,54.1639619625501,61.3267437149142,62.2826479557785,37.1554144792827,26.5687602004134,45.9565968920152,43.2023747962764
"ENSMUSG00000022749",296.144738845411,353.776734611863,367.996555348078,425.262601308638,347.928191015568,420.001455636203,345.551765540588,345.870593122993,367.87054878813,319.578005285409,354.012126073374
"ENSMUSG00000022750",491.808634514219,475.499288352498,545.43241587833,542.130568582758,533.392528006195,568.14937502837,538.538315976764,699.482100785568,605.005075120197,629.413929434562,476.324428085182
"ENSMUSG00000022751",296.074715642285,306.502544581915,328.943720559486,339.089344519085,290.430179731826,311.993015582954,323.605931962756,298.375571992892,362.202038270627,320.349509051987,251.763575949168
"ENSMUSG00000022752",751.24944792406,668.105104196118,729.006538354974,719.416255927862,718.409897104034,676.505424756383,703.311999928657,682.512968101506,715.882385869334,667.120512062284,890.80392209213
"ENSMUSG00000022753",0.773186126720925,1.26027452843544,0,0,0,1.12840508775487,2.74035215973636,0.859247761303641,2.13247572558269,0,0
"ENSMUSG00000022754",11.310818616163,4.33150268223896,1.76162880362449,4.43905026035313,16.8184240090318,2.57802937019995,10.5563577345925,7.77817356252068,5.53798291096037,4.84853360994224,7.98535375662673
"ENSMUSG00000022755",16.9454462481411,39.7688823935833,36.5156968403211,35.1744592825412,46.7280377961321,51.5038714340385,54.0902751110165,66.4346102538885,40.8521705339234,22.7861381436948,21.6400540859575
"ENSMUSG00000022756",1347.54114636558,1701.44250620462,1722.92551886739,1812.23943967293,1513.87286803501,1863.30857283304,1758.82890446657,1754.18660434564,1969.09120246165,1836.33819976311,1739.19290764858
"ENSMUSG00000022757",847.231485764692,616.323748419465,649.480759688273,695.646807773738,693.383928393323,731.814245230863,684.027559567449,702.623565993336,645.167886940145,736.090535886144,764.824990087545
"ENSMUSG00000022758",13.3338938129236,10.0017147151676,10.6772639402753,12.2202513644031,13.7752590355255,9.21381951133043,16.7020509782875,11.0035887118654,15.7683054545496,8.27483610794528,10.2655011467326
"ENSMUSG00000022759",2.26070860361052,2.45056897537136,1.00816202207564,0,0,0,2.53865291628533,0,0,0,1.31038826550381
"ENSMUSG00000022760",215.726665094187,221.555977519609,169.730761894153,189.757788351874,182.052258120285,195.096738659372,194.817805305431,160.500798462394,191.308806687883,206.369970741486,206.14061977715
"ENSMUSG00000022761",748.200012557067,762.386752618436,850.846499268313,843.442610304079,823.640490130019,903.595409284448,731.810345885529,912.160572355131,793.442001903246,946.509314585759,883.604157303815
"ENSMUSG00000022762",0.678953097295457,2.18260853598905,0.887349800400326,1.10370454858064,2.10150460444292,0,3.14420716013378,0.981328823731211,1.86609994741905,0,1.13855131144191
"ENSMUSG00000022763",76.2709861027985,69.1433495796125,102.689666045021,74.1810641121499,69.7981501480727,77.485855401628,85.0286325567846,65.0938872059389,81.1746683215102,70.394370778804,66.1782075269507
"ENSMUSG00000022765",177.202045567889,232.782659058659,199.218049538565,258.609113688492,181.892477738172,176.665912849819,231.370027623156,243.036962360406,241.385741348281,221.593760362586,215.631023549816
"ENSMUSG00000022766",0,0,0,0,1.04640699712754,0,0,0,0,0.940438251724788,0
"ENSMUSG00000022768",4.45747006142367,5.40268143260771,38.4209972177327,47.8348978521422,6.18368333170893,3.52899563909066,2.67863823374373,21.2109332186328,4.00580971992407,4.80175038678824,28.7307842662939
"ENSMUSG00000022769",338.707113259356,448.743415842301,301.0072355523,268.368385465731,287.627706075025,468.587114940063,355.256668886101,317.848590459633,261.690651099432,260.718262512621,243.74128461727
"ENSMUSG00000022770",1270.55730144171,1083.02723404084,1333.15551290807,1474.08879169204,1109.17974022712,1088.25692071531,1292.78699076758,1429.80351291993,1349.75281951251,1270.40376352302,1341.54622905956
"ENSMUSG00000022771",919.567139439136,902.430741502593,1043.0687357678,924.2921148652,1024.22932610757,878.680428680731,919.005112920446,936.632113440739,963.487890957207,983.100813619053,888.941407632007
"ENSMUSG00000022772",221.036161364983,158.381473635248,150.842355390415,196.11360842603,165.971132860925,128.257430607365,170.363281470916,133.744842476798,209.452107716497,183.399111072812,217.849075696116
"ENSMUSG00000022773",5.06364837975853,2.73116045987297,3.76672711109685,0,5.55218129238238,0,2.74152154356936,4.15545709750545,4.2540261310259,2.48804224895038,3.9909159188578
"ENSMUSG00000022774",185.973054826169,206.042076679715,181.859471192189,161.995940748024,202.422903765947,198.641795604911,214.116295837286,219.199923467262,193.349167381847,178.556166730804,172.924534616975
"ENSMUSG00000022779",599.738069794743,640.248547817233,615.89205981926,231.278582503647,336.404962792123,485.435868035489,872.329934676753,490.130442413487,378.083352100232,750.015268526101,796.050799512021
"ENSMUSG00000022780",205.951721311771,152.653545886517,215.611148716979,196.927779788809,140.996531778891,162.033685918136,204.69352090449,227.487760021547,226.483721515787,243.351216952559,195.059981648232
"ENSMUSG00000022781",868.679794530326,644.357873019495,787.439378799447,717.723201739805,878.987141338895,580.859138802302,808.026182516791,735.581688871589,762.617081864466,893.008123785568,741.110681178468
"ENSMUSG00000022783",2.07388317388025,3.21222507512615,1.77277044776795,0,5.27388941999117,0,0,2.97677868336727,1.88845736255654,3.7606081244768,1.1464333284025
"ENSMUSG00000022787",205.092847511277,189.529451455391,151.824126786008,133.950894464445,151.648235797789,125.381145650441,124.696292472531,120.234431254393,208.504139475174,193.966674249806,196.065319968314
"ENSMUSG00000022788",91.6703296642976,129.887517072859,150.799494862304,118.73345128269,100.304622990523,97.6387414242984,149.993285328431,109.742965893025,112.655954863879,126.732082079355,63.744430014099
"ENSMUSG00000022789",486.669655792729,419.954799249957,469.631520377171,463.726143086074,490.970382026107,380.020515009389,426.29280955967,387.644785320294,505.504604475624,389.709895600307,514.769327962709
"ENSMUSG00000022790",19.6905483394131,15.3387602193125,23.1204692450168,14.466730100044,20.0720855374123,8.48964706028255,10.0620407248645,9.66699505631717,10.8945632923228,10.0869030955661,13.8591331415095
"ENSMUSG00000022791",1270.30932520186,1998.53984443654,2020.42597453849,2265.91001391469,1731.73400011351,1962.63279806515,2233.58953001202,2346.0061333117,2272.15562118224,2506.35601585649,2408.74102120503
"ENSMUSG00000022792",243.953421221241,178.121912018306,255.202967914946,212.856389044139,213.667789181968,212.483292112409,269.862128062216,260.766257094712,241.371547145667,231.596833117086,254.919789528484
"ENSMUSG00000022793",114.113541754147,135.701352030848,193.230540639473,210.641097804008,136.291496870767,138.163899970728,104.123646193239,189.09038421929,148.106026147721,243.840623047044,94.9003038444287
"ENSMUSG00000022797",723.940301971518,753.87015426887,748.789118933135,771.908137637577,503.821074666418,604.443870158613,1066.42689733569,916.23212222759,895.96256727532,686.329937383994,1178.76849604556
"ENSMUSG00000022798",0,0,0,0,0,0,0,0,0,0,0
"ENSMUSG00000022799",157.317040966472,137.347421950344,150.692747264284,119.791700904303,190.923740171492,170.329894323143,152.27098576234,185.047748881179,189.294631705479,166.451469240235,180.042307623844
"ENSMUSG00000022800",272.022066202054,262.764516687212,217.323934596505,309.965209023591,337.605047498109,183.94140917522,238.238655158551,373.231464560918,271.279231009854,363.345735280442,358.179619723513
"ENSMUSG00000022801",184.020576610019,142.740125219376,181.490890709673,160.860327370539,189.393485155511,103.162726729773,213.739805916257,194.699424411709,180.488036177421,183.816773658901,218.822781772647
"ENSMUSG00000022802",39.1554532588846,34.4482557957181,45.174551946745,42.5905292536511,36.8719541375853,37.3309465302439,34.7722623044362,61.5159698140776,39.7382267375668,41.3317686212498,56.007924263223
"ENSMUSG00000022803",32.1896938410855,16.1607460436207,18.5672710356844,10.9225002434558,18.0674803593029,7.73668564847971,21.5615228456466,14.7474782057553,12.230279154119,9.43155525106236,21.7219234609669
"ENSMUSG00000022805",0,0,3.55642724348876,0,0,1.28134224997214,0,0,0,0,0
"ENSMUSG00000022807",272.299202774877,181.406480797308,254.921553777792,218.788484894072,255.297150659503,229.595003341849,216.210353518932,208.743491364676,232.739167174454,255.066594890295,226.940432291184
"ENSMUSG00000022808",827.221412154771,722.210784432464,1011.28277559139,746.825658573268,911.990272986905,654.685130044537,824.328026904106,759.910415139514,974.623084110306,989.933416803102,777.851267539308
"ENSMUSG00000022809",0,0,0,0,0,0,0,0,0,0,0
"ENSMUSG00000022811",464.292862831124,356.264115687349,424.686933265922,425.551572784272,299.943489737738,297.207530514188,334.060434661021,339.880965387645,381.00787488727,368.404656209817,393.22757668919
"ENSMUSG00000022812",358.428336328495,302.149028785712,340.068690678862,394.481817787882,352.152491056489,224.222219408649,422.547278662581,357.593640377836,415.699763627511,337.273099010763,364.179239190872
"ENSMUSG00000022814",144.936609486291,156.865322440892,79.6797549317171,119.107124979675,140.38708938207,131.069373122687,104.470104522043,106.945992519123,117.042188078973,117.763470961558,133.958068255363
"ENSMUSG00000022816",89.1665364171377,77.9031281568108,61.9273013636123,54.7227473976034,105.788315991547,60.1096671974715,35.8548827875374,91.1698808602368,98.0019915575038,54.9449636675987,110.476319246768
"ENSMUSG00000022817",1365.33039524976,1725.37792877352,1490.74238620431,1893.93103540488,1641.69207700701,1977.21450535742,1332.03634140331,2226.28776457605,1609.61468502776,1630.7149247777,1399.04056559593
"ENSMUSG00000022818",0.981940318707801,0,0,1.70374052956845,0,1.85926614198043,0,4.57151883847217,0.677949584898433,2.70215291783853,3.5640461444711
"ENSMUSG00000022820",505.452558357034,645.494391117187,619.470818385992,512.039807722355,486.991754940854,602.004123878186,645.535152798058,552.604602554469,493.734530233084,486.609187897638,536.330892162244
"ENSMUSG00000022821",0,0,0,4.91002339389592,2.16335617750258,2.61431428363146,1.04892197941712,0,0,5.80121490193033,0
"ENSMUSG00000022822",162.383365854702,132.601703620065,107.802358900384,144.544080342102,253.766086219584,112.571024679335,127.033928071791,253.814546813125,162.243985853201,124.137170010348,116.764980215201
"ENSMUSG00000022824",0.683097688247936,0,0,0,0,0,0,0,0.941947943792431,1.8946539016081,2.2887401672343
"ENSMUSG00000022827",25.0729447313338,35.5264551847053,28.988604504255,27.0931008521705,30.7446774553949,41.2324696419915,42.0412919402805,26.3641686948546,50.0429553747274,34.0130311221995,25.5599170364838
"ENSMUSG00000022828",69.5268283150871,75.4454744530719,44.2108151479757,39.4768179684489,43.2256080699507,63.0521830652872,66.0513787639279,43.3665785919263,80.7481847281883,67.3105926788334,85.7137754154005
"ENSMUSG00000022829",0,0,0,0,0,0,0,0,0,0,0
"ENSMUSG00000022831",333.858599841721,633.017847497745,256.773930528287,256.66302566991,377.117313805141,532.879722910257,215.10920001717,302.07680545111,253.886191991286,330.249743051192,255.194379132633
"ENSMUSG00000022832",0,0,0,0,0,0,0,0,0,0,0
"ENSMUSG00000022833",19.1376327461147,14.2954882936335,22.571440689243,20.9200879012742,17.0928008069856,17.1384481143535,18.8127848290347,22.1058718057438,18.1610168916229,27.7647270192154,17.4143949553443
"ENSMUSG00000022836",1221.05157190425,1623.77971045641,1417.98641904657,1107.20982417515,1098.33623337282,609.540200498333,1129.48580487822,987.9912871675,1119.96769296921,764.320045589237,812.635939505577
"ENSMUSG00000022837",143.528462763318,159.097801333666,129.253564875792,123.679434227564,145.352990646231,160.448357553859,124.85137480676,149.590887815969,130.071061257751,157.592991328011,131.240291083911
"ENSMUSG00000022838",59.3104606728568,72.841291067728,65.4972728380523,39.544627529437,29.6322049066741,75.9551322875,52.4962005692507,46.6475083061841,59.3651544046692,42.264559658758,36.1788643666179
"ENSMUSG00000022840",55.2033729308707,54.2552997345214,47.8470919066256,40.2029426605096,110.000099304995,77.3943502629642,71.4969220978131,35.5406223207455,34.0690569955227,32.7061379108227,33.0661698050868
"ENSMUSG00000022841",2735.46251096876,2598.5018550732,2665.10098335339,2805.9884567029,2588.59934457447,3023.6711777199,2416.0337184912,2713.59896203788,2448.70610787803,2519.46242638365,2790.9853762635
"ENSMUSG00000022842",0,2.32442905355248,0,0,6.90474464588018,0,6.64235519456035,0,2.05024780308129,0,2.48301721017579
"ENSMUSG00000022843",105.599663990244,109.440298591853,159.759731925573,146.047813450299,106.657268490408,172.292016236459,76.885592863546,98.3787834872843,170.26189246214,134.097448689184,165.571843686945
"ENSMUSG00000022844",51.9241864804495,70.7885907509344,44.2166417902869,44.8672095992522,48.4677914001087,51.5937037679571,51.1245704888392,48.6914238950156,37.8811110905416,33.9020280743939,35.4969654378852
"ENSMUSG00000022847",12.6724940879595,21.0595465952908,20.0245728724503,50.7182256751224,12.0096919512619,13.7429236188832,17.9956276395295,18.1862509343672,21.2748940867218,16.5555685784871,31.6849107098468
"ENSMUSG00000022848",527.175982857023,442.290786475246,634.407675632739,738.807794980574,1093.50083406198,417.20363985684,564.096915960921,944.035621347715,488.23059421449,1431.04641665237,284.648810961677
"ENSMUSG00000022849",44.9861175846723,69.7702338890059,53.3435381372797,67.3881305400419,73.5403858182516,44.7309242466697,51.7832871590696,62.8692670069372,52.4734674352309,78.5637974394047,41.7860076899044
"ENSMUSG00000022853",1493.15585799825,1786.88179437418,1647.20596684199,1721.64730720124,1725.93070298969,1786.44003980326,1708.39067288428,2340.42949899226,2279.25117861789,1666.43931480414,2459.78918195764
"ENSMUSG00000022855",694.258012643854,788.318932896556,527.98025101576,848.359394386979,723.983482495384,505.507259493714,676.934921658891,533.660420931832,772.247504896276,563.155867219557,756.752510432049
"ENSMUSG00000022856",135.203653949199,120.729653347581,161.344886811458,145.019358314537,135.269369940602,266.964498987199,152.261482995574,123.909842491816,147.053049382249,189.893519436701,129.275968359634
"ENSMUSG00000022857",0,0,0,0,0,0,0,0,0,0,0
"ENSMUSG00000022858",640.778431416839,637.854993659176,595.735790207047,549.838851986444,581.213122181795,584.230145193236,664.874536847538,567.495736237794,546.805029691455,633.914561386735,622.103531946674
"ENSMUSG00000022860",0,0,0,2.1791567002766,0,0,0,0,0,0,0
"ENSMUSG00000022861",0.505981572833721,0,0,1.60880551960215,0,0,0.796551277083928,1.73232777945444,1.64899256463085,0.731754885828868,0
"ENSMUSG00000022863",1750.18336104434,3010.29102941625,2642.73412222037,3569.94545085282,2295.33057610479,3205.96359932333,2956.49437744092,4617.42800683326,3655.48917374487,2810.29905840934,3342.29833791551
"ENSMUSG00000022864",95.8447768004417,94.5551448121106,92.8544816987085,60.4866259737388,86.4227789566194,81.9132529289179,93.2763100602744,74.6890341490452,55.987024934512,69.8470952859592,61.9739798324395
"ENSMUSG00000022865",72.9588143680081,17.8586240765598,47.9157743580265,44.608116124304,56.887147898959,40.262226651612,46.6274693488155,37.5410881452633,47.9896874610846,57.0529202384854,38.267591631414
"ENSMUSG00000022867",1289.09291296999,1039.20470383626,1376.46200581524,1185.78881442159,1116.80895655726,915.626770850712,1188.50224533332,1101.25677822281,1251.86524811207,1157.14821477842,1341.85091203257
"ENSMUSG00000022868",2.22385065993469,0,0,0,0.715485914580452,0,0,0.664210390684457,0,0,0.776673423537622
"ENSMUSG00000022871",3.2746304236334,0,2.69579894039537,1.03299360332166,1.43949209951026,0,3.14810379558052,1.50544166353262,2.55689548011714,0,13.0274826044399
"ENSMUSG00000022875",0,0,0,0,0,1.28191223901898,0,0,0,0,0
"ENSMUSG00000022876",17.5002977458118,57.4676530543344,10.6006303362172,2.20848646559827,12.611170091643,44.9853625535854,6.28878409906111,6.83606481569913,9.27795728242497,22.0910020687948,6.84030623677478
"ENSMUSG00000022877",0,0,0,0,0,0,0,0,0,0,0
"ENSMUSG00000022878",1740.88461788845,1120.75612907369,1337.27468697596,1249.89613969659,1412.96583067531,1313.08718329706,1503.70316827137,893.015563647959,1494.05920595095,1012.92751807892,1403.64555218072
"ENSMUSG00000022881",67.762954483911,61.0059018451919,78.1023799698808,35.1322148052757,81.2553974583445,72.052129442727,78.073552135889,35.5567355591546,111.011068327225,44.5260340210397,93.2577704343383
"ENSMUSG00000022883",14.8651678500329,29.9038803950727,12.6922310375724,10.6986213057408,26.3958686720075,51.3242487594997,27.3913900764865,27.446625956034,19.4370084619649,9.19846328421398,15.3042576156985
"ENSMUSG00000022884",3717.18123740087,3017.19904393624,4075.42461459383,2794.59363604454,3735.04109722122,2890.55396375267,3875.77328453668,3359.51395178815,4642.91725244752,2787.25645020305,3602.11936010017
"ENSMUSG00000022885",1902.57088142098,2590.34328127563,1706.85839011039,2528.51295810076,1878.07672036875,2748.55410067465,2099.39605717042,3391.464725273,2454.30916427011,2034.10120761903,3461.21687586876
"ENSMUSG00000022886",0,0,0,0,0,0,0,0,0,0,0
"ENSMUSG00000022887",6.8858197691281,7.80834470192929,4.02476916166829,2.97563982592845,10.5280593861572,10.6580490398379,3.70947618279649,4.51765255786385,7.74957330992399,4.26220718321849,9.35679737052688
"ENSMUSG00000022889",389.527775780927,412.66401676718,427.898683430804,456.15030377813,430.370431213735,417.411696481578,500.20160718185,446.1616410466,439.918826539397,409.110204034897,386.832768082656
"ENSMUSG00000022890",741.822680917272,781.563528634935,801.892616390199,806.574323785825,710.685798078079,812.355011965489,741.795237855268,825.237904395188,765.750043204964,575.359120393996,708.971676905063
"ENSMUSG00000022892",1640.73446783957,1253.92134863615,1494.17586113938,1177.78506747069,1769.6919972615,1153.83468570801,1268.49932698495,1327.87635084818,1400.2015175498,1220.55421650885,1461.90637985328
"ENSMUSG00000022893",142.649581250287,168.014087559601,135.110253781045,180.059340976316,238.275583393094,141.394801607134,186.254873155123,287.398738026374,179.705150027848,113.15876007154,319.0382494328
"ENSMUSG00000022894",102.120977639112,208.205186502467,63.930942444331,118.704336135964,120.630241680885,130.459291450862,94.2057411092734,289.792006290231,147.317439856187,68.5223658850977,88.0462731046149
"ENSMUSG00000022895",475.648558977223,414.689550807853,601.453514731339,540.974014424674,928.34486686795,377.807458247261,570.848828604682,552.46185683927,505.53449843878,620.715125821163,523.941384686419
"ENSMUSG00000022897",534.115441417007,380.17987953452,435.805775866898,525.661828651147,579.414742402678,502.838477127536,518.929356916537,582.553035520575,519.688736783786,553.391517665529,420.164972089462
"ENSMUSG00000022898",222.083110786552,221.022357821122,263.197145831431,245.937539151386,233.549421138004,185.285506280612,207.802165438372,223.323000673603,226.914060440961,235.18183480331,199.736243723769
"ENSMUSG00000022899",623.953064699777,932.573740373221,1084.76433877858,723.240917338198,852.871423426516,739.022831101098,876.212308687613,763.030461139421,817.737520706865,893.010609363032,803.590586668229
"ENSMUSG00000022900",252.234103421827,267.979921933077,314.681927589458,291.738265512803,265.429940532834,281.359375491169,226.121366524532,309.070210047295,281.60118409303,258.605434618893,251.654910084798
"ENSMUSG00000022901",29.3277344133277,31.5285333753588,21.1767618000174,18.8456007389184,42.9553144092336,30.9498129478207,18.9641972819782,28.2019661654242,27.685648409414,19.3551744456626,21.6814786449862
"ENSMUSG00000022902",0,0,0,0,0,0,0,0,0,0,0
"ENSMUSG00000022905",331.371680627329,190.969667719698,362.384721000834,235.479602003977,272.252689287614,201.953170434442,309.956206140108,167.047917499419,292.048818421379,194.102204818713,344.87512696008
"ENSMUSG00000022906",1405.61027219567,822.102023462675,982.667097180961,1058.92635747467,1143.4567027854,825.14138929098,1172.42381994759,777.84500363101,1052.92486725286,1067.14261739655,894.36765463133
"ENSMUSG00000022911",55.2939287292332,44.1059818052251,48.6619723822678,34.0029374153241,41.2051779053182,40.9808187527291,47.515835274876,53.2067802640914,44.0511479087423,68.3104654501552,49.2714012253281
"ENSMUSG00000022912",185.075858940763,155.519176312593,173.521049376832,146.401672354284,207.5620751693,151.55992789262,149.360871654106,158.680343196702,186.232544480456,112.640933332342,167.092854391839
"ENSMUSG00000022913",211.817185446288,233.336768177175,207.220200994618,220.955402114787,171.450301015864,241.581788925907,288.101024090458,195.466390939233,197.160465005855,198.62874658069,252.415432938576
"ENSMUSG00000022914",931.656099740716,945.820568445852,1030.77870606263,861.929098440074,1340.48766906497,784.994211925345,1173.50925567259,837.187632742276,1338.39331980163,1001.11417136246,1114.64283448222
"ENSMUSG00000022931",0,0,0,0,0,0,0,0,0,0,0
"ENSMUSG00000022935",0,0,0,0,0,0,0,0,0,0,0
"ENSMUSG00000022938",4.11917558988811,0,1.02625952660125,0.642484826159347,1.23869471768433,3.93302732261814,3.02841756636292,1.14211516896291,2.82625061698535,1.7024366580003,0.672371546634907
"ENSMUSG00000022940",99.7633309873397,91.70339735885,78.5499032779606,90.0762947416842,110.778133258767,75.2729053574166,65.1755201454928,70.5360981149248,82.6370973301826,83.294221358646,79.6226237666289
"ENSMUSG00000022941",5.91210034718944,6.38478078542167,0,0,1.08178916419342,3.88612804557274,5.22980135244157,3.88270858673525,4.62953811489392,7.69493272793011,4.66375509526689
"ENSMUSG00000022945",134.753996331108,232.44045919098,248.88274701409,267.578528609135,265.343432010865,354.289791744267,275.915699901276,327.117317837653,323.242544568291,311.640117635036,220.951262977968
"ENSMUSG00000022946",705.191011972658,721.972136634892,1156.96889042342,1038.87546211592,859.720352285175,692.297304427637,762.819068878475,783.696738170354,1132.51878665446,1128.89743071839,784.472071134908
"ENSMUSG00000022947",66.8304371881396,61.5189220042436,57.7482673859259,67.2994829156735,86.2486375380906,84.3280350502919,74.4590175546316,51.7138115462048,88.3995735219055,65.0801309679978,71.7456416346984
"ENSMUSG00000022948",50.2454099752611,118.53118186218,302.250165602938,48.7512098169721,63.7938586984998,40.5174247113961,49.9631202109059,77.2296397213763,55.8322928327541,55.0960490318932,34.2382341088614
"ENSMUSG00000022949",6.14059946291704,3.25534118478884,7.96597801029863,13.0448425996379,44.5528720594611,9.00236694471435,57.539400433584,9.85718108419953,13.2092521146416,22.6135663709241,49.1414093030386
"ENSMUSG00000022951",47.3435749904558,96.2247267941779,100.318284594757,39.7974868012469,79.5385733122038,40.0348794531313,46.8445028360932,105.903770558428,77.7599785395199,69.8669291709896,120.582833862301
"ENSMUSG00000022952",260.774472794503,240.454403111841,624.747492651435,389.99689339976,578.950313192189,208.023297509404,557.153101358365,453.531663944225,448.436320830492,499.874134342656,362.361796026849
"ENSMUSG00000022956",2350.94792184353,3140.99348547761,2600.06591506456,2862.15591538912,2588.26432210049,3058.10113276898,2661.28129442725,3179.12791562568,2609.85363254943,2455.78019287343,2601.08509050855
"ENSMUSG00000022957",857.599759562317,934.550295308823,646.186021973756,1141.80215299201,613.73027883233,940.300183308608,1084.45348094339,1846.11137494268,1412.81190793763,596.244066593862,1146.72620996197
"ENSMUSG00000022960",124.377926423979,117.296428469163,62.9509413808837,132.400973021373,108.605771239976,48.8997731477077,136.721637271781,120.328792470995,102.895771060142,104.828948692432,47.4381953953096
"ENSMUSG00000022961",5179.49492625067,5043.06142485845,5285.61604639253,4831.57109848225,4147.92317196177,4353.73210472104,5119.33540054592,4778.47844028846,5740.17733095303,4941.03549136959,5193.87960765699
"ENSMUSG00000022962",408.724324435886,461.744065924663,424.85032202364,306.104081451603,397.502027071671,485.138919902852,674.182471271426,422.778662960177,381.470363719838,378.708560072786,607.496931902293
"ENSMUSG00000022964",236.085393748878,238.944936769897,218.702784891986,213.907744396832,173.128531480815,220.40180434102,196.02078705875,229.885908594429,211.867112823195,238.494706429966,243.883351304005
"ENSMUSG00000022965",392.913352332281,263.675342576112,410.043652175405,504.069433488236,492.118197815134,279.831568951947,337.284487042089,336.050852238062,360.032498386438,470.850588204017,324.117147300524
"ENSMUSG00000022967",223.06923152031,219.237735516728,193.252318822214,175.781758715855,212.261697554512,162.151474436785,157.78432181673,188.946512600613,190.80539614331,187.949117701266,171.291918295892
"ENSMUSG00000022969",301.574152170909,319.781568355679,228.395387247103,236.045087968856,319.632636063004,273.465033406093,246.013128275583,313.491320785348,255.040047665068,267.844206547293,225.301753457259
"ENSMUSG00000022971",438.548808839424,443.832743417282,429.204341091808,481.263584942917,484.96776072574,473.156793198922,523.966734527345,470.441362560849,405.021230389311,453.442501741651,447.903937367853
"ENSMUSG00000022972",282.794667553985,259.631213600953,230.623674340612,268.267520075738,211.837758442112,288.015336574473,296.876183422345,255.101233125654,271.864129429613,245.819166271412,260.17303373964
"ENSMUSG00000022973",249.36739171069,266.447577251187,269.922277535276,325.936299596744,445.986139181106,268.084937814876,329.319709149701,222.090055122378,263.345227764113,405.010971208754,304.681375754831
"ENSMUSG00000022974",545.537055438171,539.646541936616,588.323805758525,534.333479882368,676.362411052003,520.697955560842,591.482495152505,589.088174450336,644.222706827303,704.066926818311,614.133017805572
"ENSMUSG00000022978",26.2197012471421,35.1071663375106,21.1422111555478,25.2828265698054,46.0165134303399,26.9368076393678,30.0299768609118,16.634278343113,30.7975752632493,39.4118541468402,25.457223487589
"ENSMUSG00000022982",2091.61535589503,2337.10560992894,2223.1146073322,2555.92750570201,2248.50886110667,2415.78240475089,2111.53791626655,2563.79611979448,2321.18229294045,1979.61549054054,1820.45834802153
"ENSMUSG00000022983",755.727292170679,772.401695288233,788.638389742466,755.562969556947,798.211571918597,748.97572064279,821.04780302987,879.625781932046,892.873367723958,906.143229639532,850.91779823897
"ENSMUSG00000022986",0,1.07765541435619,0,0,3.1724108930977,0,1.02399071185221,0,1.88797522449116,0,0
"ENSMUSG00000022987",15.5949267568671,24.1783174075677,20.258913785847,8.8110015943008,25.3229304938373,10.1862441967516,27.540178116954,14.9532883556857,20.4698407130018,21.3730126407723,12.882650910185
"ENSMUSG00000022991",197778.004088525,226038.598251643,247842.133551814,237656.167304497,237149.34992632,256408.257260201,225200.233782091,281089.684639747,220514.103330766,250121.285670402,232628.841147379
"ENSMUSG00000022992",1420.77178040614,1090.33898421677,1277.5449375165,1102.84109872083,1270.97101600903,1174.01455944447,1155.157624515,1262.11225994363,1383.818350301,1148.07406387415,1349.97483995914
"ENSMUSG00000022993",28.0706883499978,40.5584347770771,18.43299638824,39.0350310745651,13.0274765274214,28.3519971866564,16.7784022317479,40.8177741126406,27.5692654157174,33.5461078150024,29.1840777477355
"ENSMUSG00000022994",663.539826629168,647.096430972325,637.363865955141,681.614608349626,769.854682211537,4254.66261581054,546.578667476991,835.52288320752,683.77291528814,818.783143832201,572.584473198668
"ENSMUSG00000022995",93.4742925890398,111.51071091708,82.9371082115527,168.387737515498,102.061603788614,149.794954698125,69.6416189981422,198.366643374829,167.20855712305,84.0002276719594,175.348499316397
"ENSMUSG00000022996",2.32748767592894,0,0.381559835844598,3.88023644877618,1.83540128762723,2.19285842984978,1.86307914630926,8.49900505737779,1.62539355758275,0.811268404262921,2.04515339835461
"ENSMUSG00000022997",0,0,0,0,0,0,1.0244779114794,0,0,0,0
"ENSMUSG00000022999",146.650451523926,251.379852680224,213.233722206553,207.500170454166,320.453431590936,189.912977448329,234.700864481985,224.965467415579,171.78585230105,300.762070750444,137.032773596555
"ENSMUSG00000023000",6.15307356789844,5.42343806246456,7.97014098979734,5.44336653931685,0,14.1507537492315,4.10609853164621,2.9584592795369,2.83574800774635,9.44869560782813,2.2885002124181
"ENSMUSG00000023004",2254.29175883546,2772.95799887773,1760.28001853523,1578.36290975968,2066.12723896512,2683.63122222594,2151.51794448138,1964.86685374039,1528.57846191702,1774.14531647326,1884.63057076985
"ENSMUSG00000023007",739.4050742206,657.956132455614,794.408005797437,723.436910419668,817.147093220458,1206.02325424185,843.668661002858,1193.05025117455,867.571466390483,1061.76325056831,1316.75879486902
"ENSMUSG00000023008",198.492069794793,211.853404277263,152.583945181273,124.115755140693,199.351193798035,230.888292911802,139.080804100232,203.373861369401,157.822531717986,187.314217912661,214.454321359809
"ENSMUSG00000023009",187.357099414557,191.543951684939,142.7665902983,137.098156789788,138.358903876412,187.316009234743,158.660912000315,123.259420656563,109.344121423438,244.148670738538,148.674513184626
"ENSMUSG00000023010",6580.50543370572,7505.48009467935,7493.74041742047,8105.27971554613,7114.98171747951,7743.57738278449,7287.63091242929,8478.40198295842,7537.63083615413,7463.93454736527,7270.09255301812
"ENSMUSG00000023011",9.08657718619026,2.18307612224569,7.00749872443904,5.26296689337908,5.39126272248923,4.96482626922294,8.38397186040506,3.01743347153948,4.79982562304304,5.80378611782802,4.67475348662981
"ENSMUSG00000023013",0,0,0,1.08804999152922,0,1.26992687866912,1.02538515462962,0,0,0.945694453320316,0
"ENSMUSG00000023015",26.3295492423843,45.7061416770461,16.1638418821193,24.6438622065792,13.7439347905928,45.627739141909,18.6516503202492,45.5957257778544,22.4067507353154,22.8610310043584,9.9469008158647
"ENSMUSG00000023017",0,3.0247052663718,0,0,0,0,1.05829402290911,0,0,2.91463055343236,0
"ENSMUSG00000023018",151.130668853257,152.407210174456,117.902835345666,120.575353683436,153.911183554192,144.200380017021,149.222420565351,115.09769396619,126.77340864829,179.723513112915,146.468265569436
"ENSMUSG00000023019",3529.00473510013,2916.86237253227,3160.11242005365,2887.87159567148,3430.89971255008,3292.04796314356,3275.46278381055,3140.12185413182,2955.32272992636,3367.31998475042,3951.54245715487
"ENSMUSG00000023020",180.025924731026,166.997796648084,152.208669770758,181.248542301328,198.616547097086,135.011705751794,169.410854651826,139.714844891409,149.104434242382,153.918881217239,107.765197884933
"ENSMUSG00000023021",315.805723752146,401.592322169815,361.278224834075,378.438656143407,372.202939288986,398.92947083535,336.191068960692,351.753931084242,394.747081010014,389.581317529815,362.80521802373
"ENSMUSG00000023022",468.059640267409,358.316864977359,558.659521423427,408.196402196192,621.682466786024,317.72511692266,387.790596163764,341.200392855993,501.631025581609,601.499230392706,405.016081472966
"ENSMUSG00000023025",422.28159629858,471.314052017174,453.04018916259,496.626091180216,312.703199152756,247.09949377009,612.296176206267,446.43512826415,478.21195209794,386.524500056044,556.49877410422
"ENSMUSG00000023026",532.025539764647,583.558756484636,538.470173497157,679.269574642856,616.586684174599,393.533459147786,556.396641984061,790.05811753805,591.159418767298,716.531366306393,565.008705557816
"ENSMUSG00000023027",257.288609724545,255.87940237384,319.259926269377,227.063104556197,285.961086080741,381.523590464828,287.61108268518,264.312327910463,331.157043813356,291.912699747182,246.722059716851
"ENSMUSG00000023030",1578.39610116867,959.912222280113,1037.29117914426,1171.93751625797,1088.29397615511,855.161284221031,1071.04608617651,1296.68627061658,1261.56671941499,1097.63416974717,1260.22898032389
"ENSMUSG00000023031",18.7526187913871,25.4821183222456,8.63950012406727,3.57610778582814,8.61039629136909,23.7656320609345,31.4288179962754,26.6463593751549,4.547245609101,14.5792350262017,1.13944037350941
"ENSMUSG00000023032",18.5913347952253,65.1247621296194,10.8472377570015,8.90487502861903,8.61405146734338,75.2495698980923,8.87943682119041,15.2524495368004,2.8965826898279,29.7983992587349,4.6535535752697
"ENSMUSG00000023033",394.170784403313,566.428084654442,593.039786008771,497.635358823521,389.986312203312,634.809834412861,579.09436647371,448.771842498893,401.461354386767,380.379796662617,506.966481435691
"ENSMUSG00000023034",880.439126166815,1174.88152058689,2265.12526922543,962.135538623015,1054.99179002988,669.411387822454,736.547612217332,1637.56805677315,811.688513737577,1048.015429923,318.357229277474
"ENSMUSG00000023036",19.8926897067541,20.636988276034,8.59617704059904,12.1205019970269,19.9017385078663,24.7790155776162,27.905614300509,31.2642279059299,19.9181262967074,10.2962409101394,15.7616894067471
"ENSMUSG00000023039",61.1199588007473,85.3275928982317,68.1332698349534,52.3634916853192,77.3258789441775,72.2617259349791,72.8633233525074,77.7197709515693,49.9167121028194,75.3043959895735,122.150334332441
"ENSMUSG00000023041",0,0,0,0,0,12.8534682714256,0,0,3.77693211822568,0,0
"ENSMUSG00000023043",3907.59524723929,2590.42595054881,5216.79888412021,3447.50236903736,6180.40796480166,2770.49606241099,3657.86914906931,3368.74568730713,3637.92317360867,5310.76485825336,3389.91670684265
"ENSMUSG00000023044",770.326821744042,1076.49397762619,1031.55649648755,923.487210898411,1061.65529094257,553.615953834864,880.854950497758,859.753314950763,864.897235643932,1090.31288447694,860.72695457686
"ENSMUSG00000023045",2.7551411922607,8.64746683136462,0.886149707782506,5.44662802561066,1.05937853446897,2.5753216228142,4.09835350787832,6.8964482210945,4.71622875954646,2.8158620807306,4.56528504751325
"ENSMUSG00000023046",255.866566318354,193.836100374649,308.204292807183,226.56486687892,598.530522125651,240.755003172519,160.203047449331,291.787206782054,270.548342260013,196.929495174606,327.250891423575
"ENSMUSG00000023047",11.7028051103189,5.41763267086648,6.00298634771873,5.45456177988342,4.59220641211417,16.7494865413393,7.36204507274649,1.40803348038838,9.04852125159654,6.04207935969384,4.92621153059542
"ENSMUSG00000023048",269.634328355392,299.658993103943,246.848953555268,237.327097829641,275.895932075259,317.738150323456,339.366037553187,300.655318623447,198.855558042723,325.038221677247,246.870484333924
"ENSMUSG00000023050",362.150146030836,50.2696071989531,352.568576274514,260.165870356675,155.513350641381,184.378298672884,142.906672178153,251.202943913762,55.1035949029371,130.757965003513,35.3855730542186
"ENSMUSG00000023051",333.602927073724,420.631145532013,436.90664435174,265.527519888455,357.525255720593,340.840141536912,336.495751168777,317.840965393202,409.984665382523,323.515283014685,342.017078682751
"ENSMUSG00000023052",19.4567404644388,38.8867500361911,14.1231398857455,26.5143683910902,9.97153624109676,25.8053365612802,27.0868922211481,18.2081097650842,16.5254783255934,29.5777773872803,29.2074855882643
"ENSMUSG00000023055",813.713549834259,939.134049458754,1013.68613675671,1003.35039220737,1594.52463351613,1068.45147458757,1105.26121807026,1353.334184631,1071.55049579265,1475.44179276507,651.802071224858
"ENSMUSG00000023057",0,0,0,0,0,0,0,0,0,0,0
"ENSMUSG00000023064",65.0558976339676,50.3369481919004,83.5731509616202,80.9484081214163,86.6003762189707,44.1086710508196,61.7139679868785,33.7759756719873,125.262100994607,49.9261265896775,65.4903107772725
"ENSMUSG00000023066",35.8060312303906,53.1349827146197,40.9377885662948,15.5321486478984,101.513860408759,30.6807382431334,33.0435697798064,23.5366315073522,43.1219963858274,40.2343820838982,24.2108824782418
"ENSMUSG00000023067",224.095670134974,175.800721561545,148.590587545274,198.852275277216,254.524458767717,266.527097515983,106.055342960645,281.819885884554,41.6994910378677,152.076819546348,105.952118056804
"ENSMUSG00000023068",1119.31747218581,1148.42493191904,1256.67593895223,1315.01403222774,1261.79355311036,1132.81587199999,1408.98606805118,1266.31223173868,1075.48009605825,1129.02365090185,1085.62341173778
"ENSMUSG00000023070",0,1.06642033985528,0,0,0,0,1.03813997747121,0,0,0,0
"ENSMUSG00000023072",265.385878667047,257.260670644785,190.986199336458,180.0987806764,202.063565858173,262.982683850425,156.18543870082,212.272797885135,176.95374410451,160.509153069406,149.032680090983
"ENSMUSG00000023073",0,0,0,0,0,0,0,0,0,0,0
"ENSMUSG00000023074",164.995394352277,149.061354209507,163.005230948075,183.674368415242,182.344006747566,137.769772542186,184.333639241107,169.05702858364,225.895667366911,228.728638070038,160.771092179451
"ENSMUSG00000023075",181.938585561204,135.059275292757,122.025419810311,127.132677661183,133.289441379413,173.568995337056,147.13269264538,135.778473279034,152.800237732841,145.716891958484,165.46832519416
"ENSMUSG00000023078",14.8358607740685,105.94324438425,0.891804082787934,0,1.11402882351615,65.6050297450218,0,2.91056714415196,0,37.0904756999733,0
"ENSMUSG00000023079",329.019473306627,353.600346917311,344.048294203381,274.593204563029,588.468676526905,308.16145109157,277.665704568641,480.429185458131,314.099515831105,418.920434311197,331.457607419519
"ENSMUSG00000023083",0,0,0,0,0,0,0,0,0,0,0
"ENSMUSG00000023084",1.05024669855742,2.20207389593922,0.904149161394888,0,9.61491856010413,0,4.55328667164279,0,4.05311951724527,0.959359471379705,0.583571247650581
"ENSMUSG00000023087",78.8099206361256,84.6640639482456,88.0484857300265,62.5336838189099,135.731706594484,55.7585771996262,91.1471341744637,48.8611633170838,82.012060296275,60.4844847250904,81.8671250951459
"ENSMUSG00000023088",127.579564595441,115.646838423971,80.3576226727419,65.9816511186725,94.5497276189663,84.1982819942041,67.6905029271026,79.6300061861624,69.4753309698246,94.0609212318088,79.1729476787324
"ENSMUSG00000023089",343.939578832751,465.681449856671,378.589513741191,317.202814720525,367.902119980265,399.554028614553,406.01558997809,403.949612185768,346.720306160342,280.646573206232,374.85942892171
"ENSMUSG00000023092",62.2808463858402,15.8565315558821,76.7272077539734,51.2473249363815,323.475298226089,18.0650476509981,18.0714083723456,32.7205744610251,33.8441637835356,45.8436675971346,33.6079009348242
"ENSMUSG00000023093",0,0,0,0,0,0,0,0,0,0,0
"ENSMUSG00000023094",93.4264572147256,111.998483242146,102.826938348173,120.166840031558,106.033391029436,112.960972461803,103.810552286812,97.0301757458014,126.539581405545,97.5254447918042,82.6952680738261
"ENSMUSG00000023104",257.969645931009,285.614465990648,263.563781413959,225.318769178805,281.651371244395,308.485358661928,262.611653567694,235.106678517447,224.050635035711,259.495365865491,260.356179090639
"ENSMUSG00000023106",477.355473854558,513.90261146501,455.723346923551,498.850136007023,453.489922166293,503.565573736957,554.054457425678,501.153991686211,428.79628429799,435.590059150439,490.953171743267
"ENSMUSG00000023110",685.069952456023,460.253500381032,358.569820914278,369.793187073456,375.726275668628,569.149410696732,460.550337179321,424.722575894929,537.986463726815,289.01187366546,539.751053669763
"ENSMUSG00000023118",1797.8264930767,1789.10494895443,1737.5303353485,1842.47444168356,1668.71119365411,2038.04764675176,1636.15933413638,1735.66734567721,1661.65038070131,1747.79049756685,1851.99621048154
"ENSMUSG00000023120",1.38166539509878,0,0,0,0,0,0,0,1.89107693725265,0,0
"ENSMUSG00000023122",0,0,0,0,0,0,0,0,0,0,0
"ENSMUSG00000023132",123.786016391368,94.5222481235211,109.184103631993,98.9863045152901,92.0879971778682,80.1462686076639,83.7303436684269,53.3906290278984,134.673630477867,91.4600337877608,75.0193009961291
"ENSMUSG00000023140",0,0,0,0,0,0,0,0,0,0,0
"ENSMUSG00000023143",284.238377449399,268.384088429898,294.231152757898,274.337413121889,219.40253398367,260.961273872003,266.474387092279,206.548021015729,285.786852100959,236.741767927952,300.102361875323
"ENSMUSG00000023147",72.7120688119623,39.4680039105562,61.0893894508685,54.2728400314776,64.2387565601186,93.6340319362167,63.8732695277983,57.6943299915768,62.4841863595388,54.6562617136496,95.6236963539383
"ENSMUSG00000023150",12490.5159123651,14082.9643354303,18455.7084062335,13711.5571260717,11824.6790551119,12664.3429499407,13229.5940720148,16091.7289726537,15448.4368626998,15633.096550418,9418.13532310336
"ENSMUSG00000023151",0.665149617823076,1.09490498968512,0,4.43458412177559,0,0,1.05626122238323,3.88841958179928,0.92257510014683,0.966449824123066,1.12990485888632
"ENSMUSG00000023153",85.8297680952729,131.242995505886,127.619760450691,328.595209658954,77.4248518562662,215.832404849718,108.059530085819,192.13894587864,137.971244427914,204.184038497844,99.8904411792748
"ENSMUSG00000023156",313.194226642536,310.822747669179,327.647212170758,364.926453811162,295.545712177667,337.350233570352,370.193310664303,316.356666421709,344.938177774194,299.350860685184,343.805663022335
"ENSMUSG00000023159",0,0,0,0,0,0,0,0,0,0,0
"ENSMUSG00000023165",0,0,0,0,0,0,0,0,0,0,0
"ENSMUSG00000023169",23.709259469466,64.0737154809351,9.0891789411033,5.24665428910775,7.63529628896443,111.675881344851,6.15346582401258,3.58304089440098,1.70347691953004,47.3295038775573,0
"ENSMUSG00000023170",418.130483013502,419.21030596941,501.363793532698,458.166942138921,439.151200399044,453.81703747879,501.705428354826,444.514597580326,470.19038992739,473.709355781245,576.972295427765
"ENSMUSG00000023175",3240.87314263384,3729.65482026762,3664.69459842234,3799.36943736926,3371.30612052055,3828.67431013412,3891.36425654461,3908.36268831337,3568.71025116757,3439.80498527496,3375.90137623623
"ENSMUSG00000023176",0,0,0,0,0,0,0,0,0,0,0
"ENSMUSG00000023185",0,0,0,0,0,0,0,0,0,0,0
"ENSMUSG00000023186",699.917142488738,504.758248746574,600.451476453114,498.576650503849,772.772704122738,423.094858282527,540.096708696482,568.460615032277,649.985294022252,693.444571290942,547.608347684143
"ENSMUSG00000023191",93.3169984481085,86.946135861033,85.5111903425224,84.8418283720369,102.364638569145,60.4327406219834,57.2438167066799,93.6936712788424,87.3323812164325,71.0255123314331,78.863517426517
"ENSMUSG00000023192",0,0,0,0,0,0,0,0,0,0,0
"ENSMUSG00000023206",656.485522738678,630.627467527221,728.388695978056,1027.39557798292,463.804389253281,687.085482300685,505.026263265269,703.701228796937,717.743005591019,797.723082688031,582.438233984733
"ENSMUSG00000023210",0,0,0,0,0,0,0,0,0,0,0
"ENSMUSG00000023216",0,3.24192520459566,0,0,0,0,0,0,0,0,0
"ENSMUSG00000023224",290.393525819538,404.621172114177,196.643608801335,202.033666103539,297.721486940195,409.054704295298,227.232261045579,204.175397647678,239.81091448402,226.064171347525,212.007102161324
"ENSMUSG00000023232",1275.94343544796,857.507283929745,1128.58358812609,1009.13958357869,1179.75710273288,916.811762363599,897.750888267684,956.308484710794,1011.49355161584,1142.59165020747,1365.81500875048
"ENSMUSG00000023235",145.324115865466,58.0902171398844,77.1944313740392,93.8936635241846,37.7829817353088,73.1397070563692,62.7331351896466,66.2893322160806,45.5676836223863,36.1379464907546,58.2747652811262
"ENSMUSG00000023236",0.670142706849241,0,0,0,1.0616061762187,2.56605466102212,0,0,0.931240234051116,0.958330513597493,1.15365395556003
"ENSMUSG00000023243",857.64894453286,1085.76314340149,977.682535679817,651.911714340731,1369.03126645015,756.298353678517,1606.44420504366,1122.2468054498,866.188660769751,1119.27849616052,773.357160011965
"ENSMUSG00000023247",2.01829172532747,1.08699641417334,0,1.11329565630385,0,0,1.05067371796376,0.966470897464378,0,0.935661889005869,0
"ENSMUSG00000023249",382.530848890326,353.639023043389,301.649593933873,329.941909596657,348.539500740644,430.308875661545,238.791541335938,356.428889595611,411.005422258127,386.181821013505,368.084756749866
"ENSMUSG00000023257",0,0,0,0,0,0,0,0,0,0,0
"ENSMUSG00000023259",20.0098929717999,26.2359761936898,246.698916245417,14.551974979565,17.1563034789877,26.1983705723515,104.208135164726,16.6562592395022,414.712083291849,181.294432517161,18.7573257863814
"ENSMUSG00000023262",341.963631085514,289.705074128686,273.335016827605,475.750404644257,155.938631365938,437.163973956724,531.328339007859,317.954709804678,653.299425640009,161.258717189173,584.356428992532
"ENSMUSG00000023263",0,0,0,0,0,0,0,0,0,0,0
"ENSMUSG00000023266",25.2331526680862,48.5811959365379,40.8142133724071,33.6690926774689,56.3174042580606,38.4228803284065,30.8440928751526,36.5488213811304,32.1132914307448,37.7667696236228,20.5830691623606
"ENSMUSG00000023267",7.92530117002614,7.26922118910746,3.41406127007998,5.28176001790862,1.01990387514133,8.17631716840764,4.94987545693247,9.57527744170539,1.70809059416928,1.82156551772071,3.31388841271948
"ENSMUSG00000023272",576.513572485343,683.872386392038,425.096072448913,398.889744566854,424.812660825319,581.29293408229,501.985880134419,426.310134559956,418.695039280365,397.827887829184,400.674415943175
"ENSMUSG00000023274",39.8472248368227,106.147473431583,10.624682263409,3.27838979510455,9.50431013908508,102.632453933951,14.3282221908134,4.95723789704507,14.1635854265618,38.6430617938376,17.2026835847717
"ENSMUSG00000023277",284.866828584563,348.245185750545,251.344858927342,265.806938546554,183.236936765068,269.645273673855,207.261494561689,332.020891780078,194.154242818704,248.414231400836,150.230066776385
"ENSMUSG00000023279",1.36894224539577,3.22308989129062,0.885496633520635,0,1.06105270957964,1.28079404881519,3.10093392323997,1.97201423471788,2.81425233782914,1.90235265754747,0
"ENSMUSG00000023284",58.6568853965348,67.8917692037043,68.7799930907725,64.8233785377681,61.6875815138133,90.9727343090257,74.4459218571699,63.6136603394918,57.7972409863923,66.3049406126949,44.4488188326747
"ENSMUSG00000023286",522.125753655506,527.175772970457,502.621068359153,545.90163924475,518.197828998313,537.938759133069,614.215768979937,567.978959972357,553.488705807505,550.796595006946,642.477300363678
"ENSMUSG00000023289",0,0,0,1.10521096360085,0,0,1.05029069028386,0.97586799496862,0.926048379249582,0,0
"ENSMUSG00000023307",827.562714103214,770.142190228921,865.223057646121,968.97656422681,905.333799557738,778.773228732615,808.303364507809,920.846821408322,857.680171256609,909.643540878582,848.590130750877
"ENSMUSG00000023328",9.99390352554206,15.666415956066,2.57169415260217,6.36852952833764,8.20680716178143,12.384488860258,2.39761402686529,4.7526926178172,5.46589128652855,11.7624533116678,3.30891884600533
"ENSMUSG00000023330",79.1849699916509,100.619455347155,64.5240659933577,105.371601187653,79.4542547876828,74.0114357107938,101.331249296583,76.7216171002729,94.3874543732836,100.214008831454,94.3245040021684
"ENSMUSG00000023333",0,0,0,0,0,0,0,0,0,0,0
"ENSMUSG00000023336",10.3446604196571,0,3.40667174502951,7.01593056338141,6.21772043347736,0,1.00249562926983,4.72594243375427,0.99564566135177,5.13835673900857,1.11588510227228
"ENSMUSG00000023341",175.675357043086,150.496384725785,153.205387109237,166.647489126678,108.123885852656,144.408370865863,133.996715236618,51.3262413262944,83.6535063218023,122.893416960455,154.142766164249
"ENSMUSG00000023345",27.3406825191295,40.8691161860715,26.2982670417877,32.6110999425713,31.1544627988349,27.1230997891214,27.4697035597754,15.5632697772719,24.5414773787382,17.5172126633651,35.5920121451124
"ENSMUSG00000023348",262.665281059795,170.670835615055,263.619795101781,199.068946033176,227.805222755558,235.629774090059,231.882319471756,219.318221465193,224.241139163785,193.747966096379,213.907746093059
"ENSMUSG00000023349",33.0104293716504,30.6587881268963,32.1430420922637,23.1431919281132,22.0718098984392,32.9790257780397,16.1890057622454,10.1815967051695,11.9935404757782,23.0565378228648,26.7697083378046
"ENSMUSG00000023353",1365.73713197904,1264.33041079371,1415.65403979312,1617.14530385747,1452.05115120686,1515.79104209958,1368.66404380053,1434.86976447199,1450.29351452716,1615.66724518604,1496.98861733134
"ENSMUSG00000023367",774.209057971079,865.935952317389,720.887178789254,712.608678264884,611.373377859889,876.643861536442,652.09724672093,811.866147120528,651.092012170193,617.665092666395,653.392481469451
"ENSMUSG00000023387",0,0,0,0,1.87862006103005,0,0,0.555294092780384,0,0,0
"ENSMUSG00000023391",0,0,0,0,0,0,0,0,0,0,0
"ENSMUSG00000023393",36.3376981333079,69.9714480783178,17.7185313826648,37.1267019047095,14.8665821449111,64.2284413516375,34.8398257590633,37.4560921279549,16.9729356316487,28.2320758903871,20.6203416173224
"ENSMUSG00000023403",0.693503129004034,0,3.55123442215179,1.08820919141164,1.05893388272757,0,0,0,1.88661183911895,0.956199886414364,2.21850262154625
"ENSMUSG00000023411",47.3464174133579,54.548145505568,174.082843263278,22.2576735953388,60.4438342620722,29.7096981724676,27.699596680886,42.9801286204867,39.3063451478808,26.4756143077007,27.1543544582012
"ENSMUSG00000023433",0,0,0,0,0,0,0,0,0,0,0
"ENSMUSG00000023439",0,1.07483134303701,0.882501138229048,0,0,1.29791192652357,0,0,0,0,0
"ENSMUSG00000023443",0,0,0,0,0,0,0,0,0,0,0
"ENSMUSG00000023452",1568.06647824064,1684.35194968598,1981.36489625569,1553.56731721718,2076.08756407412,2043.30028644986,1562.81627487709,1553.71555028675,1736.92464964733,1455.6383824287,1576.37185783857
"ENSMUSG00000023456",3948.92213761491,3673.064189094,3475.03316157561,3419.84732897496,3175.19152333119,4177.19179336991,3675.35615279231,3317.06738122055,2777.94474834097,3094.45070629501,3835.79773826089
"ENSMUSG00000023460",153.74258794458,134.368025922234,162.004783951861,120.797649409476,133.38292792248,128.423551625425,123.803049749215,132.30537101165,160.100219155292,119.430000985359,124.224955182949
"ENSMUSG00000023467",0.687722926889586,0,0,0,0,0,2.05687944529122,0,0.946155113971219,0,0
"ENSMUSG00000023473",1.34313966224347,5.77905889252586,1.72475595769717,0,11.2417682513554,0,0,0,0,0.603056800098113,0.737404815494598
"ENSMUSG00000023484",1.38498734614038,1.09424233333449,0,0,0.988536297862556,1.29968502414865,0,0,0.953437352703326,3.80305830296508,1.15073618840613
"ENSMUSG00000023495",177.021613832354,146.893858765648,111.465606651651,259.276940377008,78.3958196438566,132.694922190021,165.977913506923,267.349852139743,293.560515942582,158.72532479773,221.597366866292
"ENSMUSG00000023505",19.4164859044501,17.0624141533092,11.4279400714471,14.334282995639,19.0368182971319,32.4759952361175,17.501969388093,11.8668838798008,14.1325131421759,9.53276577338681,18.4028379483875
"ENSMUSG00000023571",107.576554599313,103.354113408771,107.063707082187,88.4552680651532,104.489449377343,111.694335256083,101.846801950037,93.9940821621906,109.735360965673,88.003663696315,114.644076149848
"ENSMUSG00000023572",339.388242016694,340.238383587424,329.823266813043,309.130420546346,361.055103873874,365.74677734697,333.07969974045,361.532901490321,381.521877008267,359.046864342761,279.005174840246
"ENSMUSG00000023707",358.278962213702,415.98082188849,450.403183530318,370.611919677679,342.782570373932,349.99814493079,430.523451216618,383.789682107546,402.626195502875,435.635397830749,407.212844787209
"ENSMUSG00000023723",281.495943193602,312.585268475974,340.839969241674,374.332883474973,288.335192628838,334.774972617039,354.051494702068,298.49142460873,306.411755139184,309.70984139312,283.295703990397
"ENSMUSG00000023755",5.57461164115667,5.90308314706933,5.77143421298361,6.15289801964942,9.94571221987704,8.35810474010363,3.02504468753224,1.83021494092946,6.95085149401504,5.37908713218011,4.33104914862301
"ENSMUSG00000023764",440.059818759232,679.840140326904,546.025100996756,639.480856873879,464.125732278619,440.303319312435,411.64151374093,453.182600196778,412.67843374864,362.129669136903,796.743603680653
"ENSMUSG00000023781",1.99550441756754,5.45768786963509,7.00264416685881,4.34089710684239,8.61297405006218,6.53659879614568,3.07740124806067,10.7679344507539,4.72553003359161,6.66239388252173,0
"ENSMUSG00000023791",225.771042337657,209.973150482359,194.400835380645,266.335290384137,237.477591306378,159.129759523528,178.077616752851,201.664504280546,226.669560017765,201.124808198535,192.249630737706
"ENSMUSG00000023800",164.880347861038,103.318167577639,192.321436955401,99.2275509666921,119.298645751567,298.965047278719,54.8055215105082,154.295197313996,135.365881745461,105.852900297651,117.2491585881
"ENSMUSG00000023802",0,0,0,0,0,0,0,0,0,0,0
"ENSMUSG00000023805",535.190568155449,286.936257404139,453.193834517008,370.413774662955,475.567286727044,447.171606855149,377.221391238228,411.363619305512,383.747392602225,531.609886806853,520.244733292808
"ENSMUSG00000023806",281.66282942022,427.844259120672,337.934300539167,315.352178951037,410.509025197859,373.590511375383,308.069344417543,294.29567802504,317.416645469618,404.493048839922,294.485370845883
"ENSMUSG00000023809",52.641773346939,16.5765477965826,23.2138124722618,28.6757183581791,45.5314098599214,23.416297693226,46.429933687183,19.7441115336128,20.570893789429,18.6764114145721,32.019759513032
"ENSMUSG00000023826",18.9269142512335,20.0973304687136,35.7637179812457,26.178295548242,35.2205607699133,38.5230039944804,18.9208401872362,34.1484672106832,42.1358952523523,15.1264250580779,66.3903103593026
"ENSMUSG00000023827",24.4336403177717,42.4303544126893,26.7616224664262,34.203557831119,45.4368241714336,41.5172563530761,27.3459201731022,44.6516155467368,27.6903015050055,27.8099209685473,50.5161019878843
"ENSMUSG00000023828",9.67465545996665,12.8946538058129,9.7545894173134,9.8006876582123,11.6079850206985,26.8639625477578,9.19093046875003,6.95108615061371,10.4073891707776,7.52318511848857,8.01464653145401
"ENSMUSG00000023829",159.885072286256,329.888466944048,189.055026642779,329.231265687198,162.654011641745,348.935058864007,260.839190437387,300.800252109923,181.369874876929,140.870637042773,133.086403147675
"ENSMUSG00000023830",5974.44686336677,4885.73699522959,6170.48764712209,6174.64613304915,6046.45424773517,4859.00380397967,5506.24560097875,5851.0419750862,5266.56801943089,5958.34305654474,6153.23376246965
"ENSMUSG00000023832",1368.99173470114,1623.11567002382,1323.38935347748,1774.63669087846,1349.07807488176,1737.4478415751,1591.06653328907,1193.19178184908,1396.6229254,1039.33808302943,1840.85710441679
"ENSMUSG00000023845",190.632434820219,212.25268385729,181.500930397675,201.903076188749,190.284560178769,164.599675641028,234.539974289903,256.790562245361,198.333903265215,228.526950150743,172.017684414643
"ENSMUSG00000023852",792.570292430243,649.258160799947,756.639741833029,704.040697080281,776.984639766609,534.442622251666,771.510203910142,745.72673890215,879.777020831648,832.451579576731,757.07878090047
"ENSMUSG00000023861",882.316720019969,1318.63924101905,1247.80800149043,1820.07318754766,1232.0732182759,1494.05722629635,1320.87688441419,1794.94524253731,1235.86005673943,1275.23420300734,1474.64121593052
"ENSMUSG00000023868",2.76019748377201,5.28943709250987,2.66276965335183,1.09278726919,2.11102089533527,2.57390916658613,2.04608807488942,3.97867003919717,2.84449577010392,2.82143449494106,1.14578106263129
"ENSMUSG00000023873",22.5452804571793,38.8695873678405,22.2577829743728,30.2574505664141,33.8425388337679,47.8641968022218,50.5057186065471,42.8341345401103,34.0345924465913,30.3872168724479,19.8813463814986
"ENSMUSG00000023882",97.0762924762057,118.837509713883,88.780085876813,91.8067216543785,94.8729436046294,111.404895955942,98.4506157906315,98.507241063957,86.2976571840763,94.8122011609661,120.150137349778
"ENSMUSG00000023883",653.398124037121,603.33351097571,712.105596383068,791.145192286889,637.287872065621,678.359974343428,745.621015857409,728.970885697248,725.303843380389,662.58163650455,775.261997315748
"ENSMUSG00000023885",156.938796528255,78.6317446967113,189.826475036502,80.5990626892248,141.249781974831,107.929720037226,129.554504573119,91.3482833489858,235.913155511651,52.4103518826266,271.936929632831
"ENSMUSG00000023886",129.138673258502,88.1577507865466,79.6533021906112,174.036814043971,104.470335376582,50.9524725579181,82.0535550671909,81.038382545233,140.107425671272,43.307179914412,26.4550628266808
"ENSMUSG00000023892",143.311893588279,152.231091656845,168.635990859956,143.98762149397,145.029423042123,158.655781373613,159.525681528322,171.796761435881,129.051207547518,155.343762243494,161.040665518039
"ENSMUSG00000023902",5.87351425271478,1.75882974583498,0.552297570395519,0,1.94856174930844,0.866083039643859,0.689170109797438,0.903548569055693,0.865461312929957,0.663753213408381,6.39516680026515
"ENSMUSG00000023903",70.3108781193838,64.8516103081835,28.3991853574269,84.9227262202788,48.8575915481133,80.8554592740305,68.5936035752308,182.187434380703,43.4026819946213,97.4838322649577,115.421778355082
"ENSMUSG00000023904",265.610443052867,331.160851363737,289.446509974208,402.071984658915,322.429785735508,333.476283748389,308.534311705863,358.625451481505,284.508671278213,267.885771379245,287.082403751437
"ENSMUSG00000023905",263.701233063622,133.08246384928,233.329140594555,151.615987148072,283.479590657557,196.982736913088,173.341379663774,146.160421926196,155.377723822434,269.226057396102,242.501287076065
"ENSMUSG00000023906",0.677257619548759,0,0,1.09569931251539,2.13686286273134,1.2884514150007,0,0.972555176073916,0.930841213288825,1.91183070418866,2.29940562634561
"ENSMUSG00000023908",196.092107865521,218.902457258315,177.062505099537,187.106405621296,194.627331904081,202.245485644014,180.229529619399,121.995603317527,158.426955263846,210.308711499146,166.412308280859
"ENSMUSG00000023909",285.960091396587,253.078870945469,236.311424037863,393.202086983255,215.083098575634,360.279776216903,259.851021171288,372.025484518387,260.974835366107,282.714343716763,400.63788219355
"ENSMUSG00000023911",33.8846586048978,27.2606857338651,22.7584133002852,24.7873285637894,18.3002937115834,15.1772351459892,31.1221720424019,7.63160599754632,34.48820588208,18.9352716740565,25.6370126492541
"ENSMUSG00000023912",20.3389400975205,7.9972758331946,23.0807045127766,10.0815136972253,62.6058092909254,6.61709273934228,19.4135505346491,6.81423605017397,18.9129409847295,18.1829011090897,38.7743258073441
"ENSMUSG00000023913",151.542381384806,153.078471650712,138.709216346582,196.354116571546,253.475192299953,190.984807426689,114.130761110346,163.463307094149,161.517131238262,209.625393480346,124.869278359774
"ENSMUSG00000023914",0,0,0,0,0,0,0,0,0,0,0
"ENSMUSG00000023915",1517.6029225293,1706.27391300561,2301.50760157121,2596.40251657805,1710.78846422877,1138.97434114538,2069.62880219481,1513.76352519158,1510.6227923054,2384.29051370205,1242.08069875277
"ENSMUSG00000023918",15.2508776432301,10.6837430512684,32.8505941809657,21.5981100102519,27.6812982456762,17.8662151177914,262.496480738486,8.10061075015028,23.8739975342343,15.5672513892361,22.5682821090098
"ENSMUSG00000023919",34.6871470695832,38.5322432035071,36.5918431832217,25.3478918826171,47.2252212632516,64.9561974735222,32.8839036034317,50.4442730369052,57.0761479550004,57.2926666293487,23.5708323041489
"ENSMUSG00000023921",1025.49644224919,1155.97491061065,1093.19095881063,1015.90860958652,1254.06153657941,1155.06781498111,1211.84557971974,1464.53897641457,1221.31946397347,1118.30555734272,1328.04766941577
"ENSMUSG00000023923",124.814432446132,95.3763259801052,89.5553191999588,125.509059404539,127.404774347989,110.11546592943,127.918039285726,129.254565694597,102.278998057665,128.500854263916,111.986458936887
"ENSMUSG00000023926",0,0,0,0,0,0,0,0,0,0,0
"ENSMUSG00000023927",217.522888023509,308.299769084522,152.918764138457,100.357349015265,182.196263399915,107.987753602878,237.846004147758,201.276204948125,140.717684450089,357.851800153698,229.755683493817
"ENSMUSG00000023930",0,0,0,0,0,0,0,0,0,0,0
"ENSMUSG00000023931",0.525338472644551,1.66599019660732,0,0,0.806027424142046,0,0,0.756263126458461,0,2.73021146347582,0
"ENSMUSG00000023932",1160.23354610591,1244.44644911171,1215.52138096059,1591.21890071936,1372.71682611669,1444.02533804734,1324.82040795973,1859.72276138037,1209.73731895673,1393.28061075876,1171.12459948358
"ENSMUSG00000023935",0,0,0,0,0,0,0,0,0,0.936366945291052,0
"ENSMUSG00000023938",371.275617749077,355.127751611626,337.148803169683,354.007779301279,360.672906368169,499.796394139322,374.316842868021,404.980552083945,284.350905942667,327.189106366653,428.470586215206
"ENSMUSG00000023939",255.762492846205,295.793318739265,286.897705213166,331.885873742939,267.36925846967,311.583147544152,293.443210046801,337.024247722438,282.76337796963,308.938000842893,219.659007332411
"ENSMUSG00000023940",6.10404395908301,10.8689753622362,7.96804848166853,2.19467367466936,1.04411844439942,8.98391298641553,6.21952811553546,2.9410268634045,0,4.75372533136201,2.27829701179513
"ENSMUSG00000023942",441.072464135193,574.010403851971,495.237471964761,578.50823076521,462.703057101263,699.411305726973,603.912341830899,594.049085682669,252.256150367765,279.088885408162,699.791341265953
"ENSMUSG00000023943",0,1.08064173486522,0,0,0,0,0,0,0,0,0
"ENSMUSG00000023944",22005.1228932242,21895.9196864282,25149.7274015795,24609.3304661852,21516.5616721576,20737.0570239925,21405.5339817473,21598.1641261504,20256.1797777601,21067.9331551954,20194.297576906
"ENSMUSG00000023945",0,0,0,0,0,0,1.02601256395381,0,0.939611555827256,0,1.14741557313378
"ENSMUSG00000023947",28.2404381046165,54.9645906785276,14.2193589810575,19.6589700205818,20.3301886952279,40.9620321661693,21.5921650233139,22.5807920353418,24.9827318816504,32.1036980738094,11.4892439251809
"ENSMUSG00000023949",0,2.16128346973044,0,0,0,0,0,0,0,0,0
"ENSMUSG00000023951",1351.51080634469,1988.5000337827,2815.88112737832,2688.44776752704,2880.42386754524,2244.71937951408,3011.27324524073,2848.22229583811,2323.18493049895,2347.94074298881,1713.45285315727
"ENSMUSG00000023952",3011.70241652164,2378.88624731155,2280.36521601983,2169.4486348443,1871.00689403045,2076.89964373416,3428.25252747116,2959.27319187694,2935.48956996424,3463.88032842651,2807.36698656706
"ENSMUSG00000023953",169.241558196153,139.670133448627,129.843782804325,106.916258821987,124.568012120146,189.826995691968,149.986686874652,152.454914740494,307.77540798942,157.673996807065,154.104081646908
"ENSMUSG00000023959",21.4022571281979,4.25900484903796,7.90874197395395,16.5496381642728,19.060569142127,9.08484495204109,9.27608560994233,19.7569552630793,10.3482263253007,8.59831295734469,12.6687489752627
"ENSMUSG00000023960",881.460798134426,888.651781960294,1102.07278450898,2152.43309929828,1128.45214892543,987.147313672119,927.100081895281,1233.18762132036,1122.12363951909,1149.45677939331,1056.44701440521
"ENSMUSG00000023961",236.710392021046,180.327846906013,213.02105198206,264.78624295681,303.292834655188,192.845016118391,216.920710049499,307.840429802138,185.755461987186,321.184657942032,188.844650832217
"ENSMUSG00000023963",215.828695357022,166.747812366345,341.298042323953,263.16343208419,272.150362841355,142.716989025857,267.068374466332,181.641614661601,255.376908401387,226.238965995371,280.491619255508
"ENSMUSG00000023964",0.689939267648385,0,0,0,0,0,0,0,0,0,0
"ENSMUSG00000023965",338.355737862554,425.630569168782,382.775031046845,441.694135112032,401.751260405152,438.963714562737,436.238379563794,453.241088466729,411.402746156257,343.163805276872,350.406847039522
"ENSMUSG00000023966",143.911599152861,221.15062808478,192.037669321326,205.538899898599,143.190168755612,215.805273961382,194.617476345493,202.926163334625,167.252696551705,191.42881115259,230.002931603169
"ENSMUSG00000023967",453.706902222471,575.09836050021,655.248599579476,726.274143746355,708.877982222652,605.609816578009,705.41751887095,674.181790173588,721.782012317886,699.828586504487,633.579109300996
"ENSMUSG00000023968",4.99857820130566,6.91746544531373,3.31236102752556,4.03932820436648,0,4.03033598456326,4.7562270151819,4.500758696269,0,6.14544215241777,1.44550472956735
"ENSMUSG00000023971",219.596837146693,238.843877448181,233.748610457041,229.835867872091,137.754044989639,215.683643145376,229.93242305129,163.150569116075,214.073086707229,211.209669968757,232.411046443497
"ENSMUSG00000023972",301.343347101766,159.466976810145,275.561856434603,220.400867892103,307.067653229531,217.896427126931,197.421844682327,207.415313202836,274.469855211781,278.321023169673,318.15528589989
"ENSMUSG00000023973",396.372414414439,443.616192319804,365.642297874192,410.242043041329,313.754851493709,458.493066387562,336.752682654582,386.403751192221,310.229376173199,286.107515728787,452.663575360669
"ENSMUSG00000023977",1255.20026188253,1363.77711076658,1525.95555876266,1805.80094595886,1341.42592503933,1397.51018922774,1539.4621019701,1570.97921224897,1423.88678265616,1647.48156572233,2055.92856515115
"ENSMUSG00000023978",0,0,0,0,0,0,0,0,0,0,0
"ENSMUSG00000023979",1.9729408677813,8.16633004767289,2.87424004296715,0,0,0,1.74046339661142,0,1.0159447705515,0,3.38351363651315
"ENSMUSG00000023980",133.162804661721,136.8574791454,141.240594886898,164.826206143978,147.924335960125,197.869066846493,167.309996484443,154.183021704303,150.178185609214,157.159838099092,164.492610771814
"ENSMUSG00000023982",30.5976648755583,39.3708226377175,29.8381542118957,53.0480274122184,39.426253310082,63.309389342375,50.8055705840089,47.1097255810751,35.5308141082141,50.9890945466016,25.4293356270136
"ENSMUSG00000023984",7.94381270626091,0,11.4982467353223,2.22403781053104,9.77797708974007,0,0,8.78183809002489,8.37624722110723,0,3.51421201566403
"ENSMUSG00000023987",0,0,0,0,0,0,0,0,0.94676288413655,0,0
"ENSMUSG00000023988",252.331548605249,186.373286865012,154.027783418001,184.612791219314,174.917902969005,243.489539801335,227.638769934992,204.164103860876,192.474413665484,162.887042470126,305.456393316268
"ENSMUSG00000023990",251.93965633691,410.648642765399,245.226558676984,228.91218601391,196.613380394516,418.547983451134,324.825214358994,285.359530491374,225.360198321442,225.190624646518,263.523269159243
"ENSMUSG00000023991",538.823862048043,455.579489394189,592.880986961594,542.183708476193,533.094526072108,563.240201895958,615.047450929773,580.813506663087,581.531766926492,584.992710981558,571.961154759939
"ENSMUSG00000023992",22.2494256871266,14.069419838076,11.8661538934305,11.0530277733728,8.4999776169848,5.24739268242424,8.48128815034107,5.77746094257307,5.54682397224105,7.61808071796009,14.0140175391049
"ENSMUSG00000023993",0.913189518784196,0,0,0,0,0,0,1.70769126338745,0,0,2.00334473031188
"ENSMUSG00000023994",162.204156413238,146.377940554686,116.076900615354,119.272313624238,101.675078274504,143.402555432347,118.001947167909,139.718585551369,118.550629639103,129.798891288406,171.615921098504
"ENSMUSG00000023995",2.38379654553241,9.63953240135375,1.57714490730101,0.988006308604327,0.97086562058007,0,0,0.866521553474863,2.48647666105854,0,3.12684369331676
"ENSMUSG00000023999",2.55962756770788,0,0,0,0.65093629497246,0.790704196263993,0.63244920747515,28.8564597110717,1.74732566833067,0.580247119419531,0.705645624878409
"ENSMUSG00000024002",1049.39169625187,995.520536633456,810.235038923473,1012.70230090775,1222.1601346194,936.50383594393,1127.193811247,1080.29565873782,880.390416416156,1234.47985092248,1385.68222341981
"ENSMUSG00000024006",793.872263273595,782.981247948509,666.829621553923,694.484411872796,925.917157299036,923.693911721388,872.629449803317,914.803395219034,758.486431524928,963.638621514198,1444.10076832544
"ENSMUSG00000024007",86.7568517520848,87.5357371123763,74.5065924307543,75.0185337036053,69.8462281306042,109.187984701417,78.3613976649749,64.9789501781613,69.4517944854288,96.3607802930256,115.81746559487
"ENSMUSG00000024008",0,2.15328586995318,0,0,0,11.5716824861553,1.02311661962988,0,1.89063706657802,0.93972530463479,0
"ENSMUSG00000024011",107.91396987122,56.5533837760241,121.735651915001,241.368326758131,270.785651021905,157.784132210262,92.7108414277733,181.579449416287,90.5983424469825,63.6383745803893,89.9858520727173
"ENSMUSG00000024012",1119.15734194365,1299.54932096441,1276.58998201866,1346.53242198786,1221.04689382501,1317.60246867325,1386.86785626988,1371.34251729096,1243.43545768094,1351.18080765288,1378.45724914742
"ENSMUSG00000024013",175.138986185263,226.811211315657,137.04927721458,176.470429337265,117.103529573785,252.422668171512,119.144940263917,178.825509161665,142.516519206274,173.992282906203,146.811160849576
"ENSMUSG00000024014",659.016785703615,1114.79014885942,1033.00609483086,555.568233105662,1208.72428702693,724.774239088602,1581.27322639675,1343.95335855404,1050.84085546116,1266.32888491988,929.622337175254
"ENSMUSG00000024018",49.8118656090203,71.0064009848605,56.1230619861672,40.6874966919923,30.9133293354129,41.4600219872107,61.2253605555214,68.0841369255523,31.2450783144727,34.1884763941243,33.9425642364811
"ENSMUSG00000024019",703.291545458687,675.680290442502,606.909888578796,711.249727599247,639.601523576377,856.057549972038,658.02467316073,565.198588209127,674.063979576905,632.072335687418,730.957851416856
"ENSMUSG00000024026",443.619219568801,449.321264400442,471.722102763309,608.417561128074,612.605823210961,600.576732302115,426.330130281303,617.993060352247,407.499253845764,550.125244939522,397.673665749833
"ENSMUSG00000024027",0,0,2.65556431187207,1.09238455032494,0,0,1.02311764871828,0.990716544030873,0,0,1.14575260226953
"ENSMUSG00000024028",0,0,0,0,0,0,0,0,0,0,0
"ENSMUSG00000024029",0,0,0,0,0,0,0,0,0,0,0
"ENSMUSG00000024030",45.9405985321433,117.886268305318,48.799194125828,22.8366811783481,67.0890503080228,63.1883422622024,29.2479745803839,23.4026104187231,100.440348538349,63.3152429174824,31.0661828833169
"ENSMUSG00000024032",0,0,0,0,0,2.56203604335874,0,0,3.78969509588156,0,0
"ENSMUSG00000024033",22.5191606400616,33.8278781567655,20.664881542458,24.6516599072556,29.9648607731766,22.6425637544727,13.1732815969721,25.7671075810057,20.9521381975943,23.1893871036912,23.57772508615
"ENSMUSG00000024034",0,1.04241875173181,0,0,0,3.98675061327419,0,0,0,0,0
"ENSMUSG00000024036",764.625949040055,889.738606341581,851.126157891972,1298.13220540987,967.759907091354,1062.54683110841,886.419325663089,925.861329888273,1067.67856603929,1193.36951459654,1074.57541687853
"ENSMUSG00000024037",221.585281319688,178.298279803015,187.78568057838,205.25742740219,179.354225957181,259.439993017747,201.180962329938,223.063797793519,225.994239101252,194.727476007329,205.55048849646
"ENSMUSG00000024038",693.833814201276,1063.20917273462,880.321916637531,1063.57676274216,693.20770964013,1051.42718426385,927.657674444926,1315.36345784946,953.431078852753,778.973190980114,946.957502464438
"ENSMUSG00000024039",323.488459287371,375.853268963987,659.887044979291,388.517999181522,174.54324357602,493.563924288645,523.239449218128,368.058635961323,590.56088253732,363.432438382039,666.595602892263
"ENSMUSG00000024041",0,0,0,0,0,0,0,0,0,0,0
"ENSMUSG00000024042",2067.12332838594,2213.81614775091,2096.66619331495,2591.32143727708,1134.37665657929,1628.7904826118,1240.97303959737,2829.68306062469,2361.3103846145,1977.42638520079,810.520545568564
"ENSMUSG00000024043",145.17227767365,101.196014025433,161.603483675677,160.168337658658,153.274496356867,88.1076228401808,186.76233354878,131.225286568005,102.609584604123,124.828744723713,112.60507050228
"ENSMUSG00000024044",18.4354352307009,18.8837793101811,10.7685717130636,12.194000912666,4.44978507188954,27.0399324222489,11.2850537685655,20.2040809089798,15.1219404016282,29.0133714675746,30.5438633729239
"ENSMUSG00000024045",900.114232417597,1379.40111312508,823.808564272285,1169.8834945811,919.438794877887,1568.56215770314,920.23628425721,1583.17361925574,1101.98475544307,1161.94264257797,896.740971955507
"ENSMUSG00000024048",861.49800434007,731.451733871027,807.712909577165,859.606745882141,989.158412153654,788.868665199583,670.305412216781,726.165270877498,680.482952046539,823.080698253605,626.624747608919
"ENSMUSG00000024049",619.125251325593,37.5127657410952,56.343879746713,109.371255391783,164.968597564401,32.7428167553504,21.6974825897089,26.7444115785702,27.298133491304,76.8879594899535,33.0127662045474
"ENSMUSG00000024050",456.468869894388,401.452084830252,430.734450724119,663.274482112603,831.949278782618,894.11671906376,534.687796540454,771.508664903317,800.616007120848,588.017187658507,453.289889425543
"ENSMUSG00000024052",101.920715596886,112.991166586147,100.96717192089,81.5850759176708,112.287355624407,68.2140538339645,91.6632996827481,96.4993138849384,108.800730300004,102.444752324694,98.0861216263504
"ENSMUSG00000024053",86.7137319665789,62.123048387358,56.5017648784125,63.3546671161826,120.499396360968,68.125572757897,46.7896430748019,64.7317511673976,55.6531537654869,40.0957922698046,102.809156368779
"ENSMUSG00000024054",379.412228107227,364.599006531435,319.668664198321,281.261632902755,293.819471738399,303.938105595211,296.633002382818,274.780691487471,360.684451684951,333.764601004256,330.674490563397
"ENSMUSG00000024055",249.325620204669,382.9629106144,310.857668236579,335.308857294495,358.033892141356,312.994475361179,297.658046116251,372.900173534718,360.790261837942,382.002505472644,307.362617316761
"ENSMUSG00000024056",22.5485945579247,49.3230158565565,16.7979093224447,8.75762057914613,13.5443164184905,46.1797462472976,21.8517501244588,12.6924198647249,9.27815389535914,22.7553710807304,4.62013357881972
"ENSMUSG00000024059",30.5392922175663,40.491540583032,1.96009601712691,11.1003807006553,21.4152517931498,1.86537642264736,8.18532279509249,4.44700704950128,4.79095748029917,12.1021420485957,6.66810116961376
"ENSMUSG00000024063",17.5848922635787,45.3025148248161,9.72894562123625,13.2724982102511,20.0221777574977,30.8926327410546,11.3399438140087,18.3620361972498,4.62249666591683,22.6566101720633,15.2415795927672
"ENSMUSG00000024064",1.75112216406419,1.25838777460032,3.76886881516492,1.28798335021431,2.69216048659715,3.03155935376763,1.73940466790147,3.50215027915114,1.11198514039814,1.60137185343176,0
"ENSMUSG00000024065",82.4767363281359,109.801102408456,121.93535891127,121.486515382946,53.7619979841197,154.199407358732,68.6033767911719,131.79326739375,63.4083735819596,130.735843935962,58.258185247254
"ENSMUSG00000024066",81072.8055572207,87350.1814085659,78328.9078566087,99758.3697085377,79532.2923052018,74797.9806689429,59889.6449040447,103684.852985495,113650.007847742,83932.8632999327,102717.657253214
"ENSMUSG00000024067",101.526191126101,113.843133352078,99.8983266861867,109.053156068777,166.413068110216,121.470416216052,117.443723753976,98.9160703480962,87.4230173214684,87.1215834188244,122.113845514161
"ENSMUSG00000024068",680.518784078151,640.194089726523,1004.40878134089,932.862483708237,724.450156911261,843.381947852322,901.814129591174,1066.54132212544,739.365052824903,909.134566286925,677.796880067367
"ENSMUSG00000024069",281.018312141051,241.732371784339,225.781240493156,238.759977110206,253.703712448782,196.983114460198,264.815000722281,303.596932736213,298.587238475179,239.964874011086,218.919016174058
"ENSMUSG00000024070",121.484010378825,150.934358200332,130.496858534599,153.214353907023,174.624112379618,79.3217123797698,128.164462279219,125.117411375031,147.263083347759,167.231406682134,142.106408184546
"ENSMUSG00000024072",433.971970670278,500.458264929284,555.452511831092,526.192707858208,506.746867076863,438.365997504584,555.694870331055,677.141776919532,571.016064308144,552.720900972557,379.717201255717
"ENSMUSG00000024073",1575.15591421323,1738.49186581626,1691.40731340919,1994.75015232452,1653.57791469761,1756.18486603551,1667.22912833089,1749.53711912189,1975.27614099092,1766.16644553276,1883.13979393139
"ENSMUSG00000024074",240.233701691334,189.163227297963,276.3048392981,177.448465913633,238.36132830754,193.570859197951,213.113139588278,204.084007470342,355.326803136635,272.609532108923,187.402135121485
"ENSMUSG00000024076",6.01761066274486,4.34900391716972,2.68249840539556,4.40607267550875,4.26128227470742,0,3.09823659211387,1.99924760921715,2.86288688676804,0,3.32584847816752
"ENSMUSG00000024077",232.510243223381,177.546824683295,216.591693271594,216.616413663754,140.108870865319,81.3958151116306,251.155981289565,134.492668525863,193.120638953928,184.18156986277,154.332412590129
"ENSMUSG00000024078",131.985437816505,127.528992274573,125.009029925863,84.5524240828881,116.997733233608,152.168616761928,109.668084365383,135.125243460698,119.6952248728,111.19303142287,133.827223373568
"ENSMUSG00000024079",338.48323967026,254.387652300372,219.314210442516,249.018116056092,247.55102457883,197.232825525887,230.77921763364,207.80912227631,243.636347211809,242.399693047039,300.915431572881
"ENSMUSG00000024081",541.06357074095,518.90827606381,534.394616500576,506.017461869544,567.836881261032,641.078023830553,546.829080310099,525.527846561303,620.68405568665,555.683227227095,593.47356433226
"ENSMUSG00000024082",252.94141828502,312.47609495075,278.461120387844,254.067954609632,247.167687679753,294.779765345856,311.816595983041,307.415163908983,223.786617141307,239.962593678952,217.583252956887
"ENSMUSG00000024083",630.251193937931,533.645624342827,605.403509081054,494.200792039972,534.002679779879,404.294310329138,549.471436196289,523.228757868741,643.202590481525,523.597523083466,556.211301282791
"ENSMUSG00000024084",40.3660323545584,43.8277337467531,56.3730007439623,63.0901929722086,42.9468518063246,32.9873275201467,29.6454838001249,36.2415740611621,52.0922465247972,34.8885515898049,30.4048206190555
"ENSMUSG00000024085",1515.84939860007,1361.16247922608,2066.77187587115,1913.9238809539,1798.4854523419,971.001009326702,1951.23923285167,1716.48084366547,2026.70545409086,1984.54117535911,1692.89317490188
"ENSMUSG00000024087",7.60437306915965,8.49609122647065,12.2544128070552,5.36127731300309,16.7555312872419,16.3746972196068,10.1072137392249,7.79001667065657,7.44508584759664,13.9191848423111,9.06118776406141
"ENSMUSG00000024088",0,0,0,0,0,0,0,0,0,0,0
"ENSMUSG00000024091",889.233163224588,822.490666825856,900.165267473318,914.207150547793,860.788359927645,740.160863311874,907.105407732691,820.284610495926,823.106083539722,892.436127348211,780.760069262041
"ENSMUSG00000024095",457.93071533017,454.627423125069,433.207682752373,489.081521971064,530.499531828902,463.530037047337,525.274711961079,618.537340638776,603.923396916326,475.941951100626,486.846583952941
"ENSMUSG00000024096",2519.94088479189,2812.0606062452,3794.79426900598,3555.66004351766,3046.67003119504,3073.5560263516,3366.80171168782,2806.71192200235,2918.05869048481,3977.90833800183,3248.37213414203
"ENSMUSG00000024097",400.79727683818,389.980477632335,327.717650733048,323.355384469547,359.880809193168,442.233017799771,364.342302983166,376.516477476225,456.664365246741,439.693066072373,383.825175128582
"ENSMUSG00000024098",223.62079297573,132.464533586278,233.670896900807,231.667645820132,239.654945545573,136.206640701409,196.332616858856,204.35497254536,218.684115635768,185.393956437625,234.200836191757
"ENSMUSG00000024099",1324.71750480536,1692.12619850481,1506.27093437248,1541.16554837385,1489.87318698419,1618.8716175561,1781.14278844934,1662.66034466449,1576.00217824648,1563.43620253837,1359.54474185218
"ENSMUSG00000024101",589.402795139892,699.081474774424,759.458823692003,794.952118465545,730.954335297269,1017.31300892488,756.421022934152,689.339603752273,772.085968966408,891.113070599555,1109.49493540562
"ENSMUSG00000024104",993.357479904797,1079.42650077097,1191.08106999977,1509.01325841199,1175.54540987867,1129.23160195814,1124.77458876849,1239.88313716667,1252.85719253305,1370.16605134572,1037.3718433021
"ENSMUSG00000024105",15.8581358557128,35.4380035831251,70.895623643758,77.487201512171,19.0006603985989,6.40781289228372,36.829227483213,36.6745051851828,54.7670997770594,55.5202439425566,13.7474077073752
"ENSMUSG00000024107",0.962846797254412,1.55224376715501,0,0.370021504581626,0,0,1.50490672994063,0,0,0,0
"ENSMUSG00000024109",24.8560440075594,36.662195252483,1.34392100073155,0.651956776156009,0.954951830411676,1.15221502494393,5.31924054033082,0,1.42892156100869,0,13.9211292986073
"ENSMUSG00000024112",86.4071148811363,137.5299800579,41.3135443011615,18.7271532713203,24.6292696804091,107.883828247623,72.3252928976086,12.4581794033157,50.2666595019657,90.4972751578935,15.1345714759093
"ENSMUSG00000024114",4.64104680762819,0,3.77379134320597,5.84027866888326,5.41014763170507,12.336128745714,2.63650991363557,5.99956001359339,1.1782749021103,5.65748360722475,3.40152721345708
"ENSMUSG00000024116",0,0,0,0,0,0,0,0,0,0,0
"ENSMUSG00000024118",104.524440296863,108.049569892433,67.2270406191083,83.9890643100369,127.155703875926,125.233836047044,99.6109148381278,94.2786393793506,110.042431016581,109.252744462621,125.545879348351
"ENSMUSG00000024120",621.10213547571,627.147766525335,551.937221605143,706.48090094728,565.576350184868,616.380428181368,678.462611885309,655.414124501607,683.574616691344,568.70226485996,775.088548215773
"ENSMUSG00000024121",1763.1523677846,1690.66126040629,1872.26674266421,1987.96535522929,1820.65934672483,1745.51491865192,1901.73878785075,1874.81213968103,1828.58290300111,1887.20805973068,1756.92517123648
"ENSMUSG00000024122",136.064068191213,120.78872955145,153.558120024232,162.07591929001,110.271298754849,30.3066818818335,175.099985599689,88.6146463349858,149.282976354874,120.602138714636,135.563355609029
"ENSMUSG00000024124",9.38275589842445,10.5286026908227,6.90192471989674,5.32974340588091,4.06423885492956,5.03076816723092,2.01101247066093,3.81488761677495,8.22515248956479,5.54410594716495,3.35051125442278
"ENSMUSG00000024125",0,0,0,0,0,0,0,0,0,0,0
"ENSMUSG00000024127",322.193672812834,312.127166990633,330.098651728946,338.840988733663,288.445069609795,331.859562971021,374.966702626623,342.853719516684,321.218114740593,294.827480338061,381.324500736842
"ENSMUSG00000024128",0,0,0,0,0,0,0,0,0,0,0
"ENSMUSG00000024130",3635.69185325611,3081.34793422463,3370.98717705741,4388.20279991416,4497.71600561098,4358.08396495366,2937.32331597156,3803.82161578471,2979.36705402093,4314.64345157318,3466.8416128754
"ENSMUSG00000024131",6.18803015108465,8.66866562187737,16.885799382031,3.28144331134033,4.20422978895512,11.544568562962,11.3117821792548,13.8338758331743,8.46524059874104,0,10.2991159912725
"ENSMUSG00000024132",752.090263241355,673.797524260944,700.366757546543,603.624250614136,523.39072638708,635.559842096996,652.348446018554,664.991159575935,691.794166402222,586.432532583554,707.784737891197
"ENSMUSG00000024134",0.674803398788677,0,0,0,0,0,0,0,0,0.957369695594225,0
"ENSMUSG00000024135",208.737297074664,253.006651005049,256.767993213957,169.303548803392,255.2863270675,285.345532633388,173.281409439096,316.597902390974,229.023581111038,282.445301791804,176.255362966245
"ENSMUSG00000024136",14.6118955873459,15.4637427623333,29.5257014028293,12.9924807425944,13.4259478820162,15.2839852007663,10.2580603705168,12.5762445962878,45.1612273371004,34.5552647340016,22.9634456273762
"ENSMUSG00000024137",449.278871875612,468.031483057488,517.058939161753,416.37342167598,434.741916396997,498.922878468363,471.501847933608,510.972405739064,448.978132520311,484.36315401865,426.025783463434
"ENSMUSG00000024140",1389.28830349297,1246.25468123618,1361.38385791733,1292.16383288033,1498.67076498858,1189.61148406979,1136.00197435995,1609.01446943986,1475.06281205765,1484.55537095092,2114.43737367805
"ENSMUSG00000024142",141.598305615567,126.509665384725,160.410554510331,119.0741777357,137.788539657935,154.653489672852,233.477459297337,170.285785713914,145.882093073377,144.331792366752,174.663180255984
"ENSMUSG00000024143",202.031546420954,220.201093312494,365.431153838615,259.929416619981,254.9362057441,135.060543807912,275.904281752093,266.59627467578,317.371900027731,310.784776210083,254.681823102971
"ENSMUSG00000024145",47.6927410944379,20.8453088347435,39.4475691862443,26.88189846927,45.7772631795812,31.9245624633711,39.4301717422792,53.24032754568,50.9436537883568,40.0376272822635,42.7684001017016
"ENSMUSG00000024146",164.610837362287,146.102269987176,128.98819469364,128.710515205841,180.351476223466,135.082931935481,137.570064788885,149.659270482678,139.039508279962,117.398973494042,127.500993639227
"ENSMUSG00000024150",675.145785793918,648.96021355346,452.959821216027,773.733511187408,875.062946728184,560.825638767892,795.606977048501,617.027306218048,441.443961333413,708.930634205031,688.568940746487
"ENSMUSG00000024151",414.276681672589,386.91397810821,310.900986360163,283.416753611167,703.575999891744,301.708988971077,445.50633870571,366.079139148514,374.439521108881,499.842259792133,277.532601448176
"ENSMUSG00000024154",0,0,2.36080318055948,2.92666690528956,0,2.29306310168119,0.916699120975437,1.7569087997666,2.09929393906326,0.842286140492912,2.03655914368712
"ENSMUSG00000024155",3.14081693918056,1.41458501211941,3.29661878932832,0.998026555378425,0,0,0.931597540177264,0,1.69798088841082,1.21427617512238,2.13063263821927
"ENSMUSG00000024158",891.487962948614,1094.08652615583,958.755418042034,1222.77732476161,870.097509646364,1314.59032245308,1020.48302295058,1449.37848105919,1000.43627862382,964.716341497628,1031.83033564698
"ENSMUSG00000024160",322.993883132472,377.487217287222,288.161780096109,223.686153643681,249.434359062053,299.387896908139,323.850697180988,293.14270325802,225.472533832039,274.04387840614,330.662716066579
"ENSMUSG00000024163",921.333076824257,1061.07827574375,829.718014691242,735.971399848169,804.714374031902,981.919784473911,756.928612869174,857.165806404598,894.958138906984,803.484012563369,1128.94845265813
"ENSMUSG00000024164",5936.36475794621,4480.70652022328,1911.40112061756,3984.91000746324,3289.66401369275,5568.30451233874,2753.62905166821,3075.69678563446,1353.72119857946,3598.35393067965,2814.28466102697
"ENSMUSG00000024165",165.534344639306,136.491227681607,140.82219692852,137.574126661673,155.821985025376,125.409113549299,136.616238401037,91.3870320545879,117.546718784156,129.070664943358,148.693648740254
"ENSMUSG00000024168",50.943367916804,58.8250754993989,56.7865434180119,86.6271203012647,78.1219630619727,116.437640492578,74.6971365241324,97.4307594752437,69.9483670313868,51.4921263734767,76.324931548522
"ENSMUSG00000024169",240.117676253421,282.260084393241,315.166458410846,278.217211403887,261.369395629038,302.876944911971,249.980743507822,295.025376997732,292.322017809077,311.219659737906,241.752303302684
"ENSMUSG00000024170",217.946353725372,341.769273880676,309.915984377636,413.844215299036,253.64918907794,368.64847551576,281.538467708256,433.203868162178,315.714271704337,345.055877465419,357.782739864501
"ENSMUSG00000024171",0,0,0,0,0,0,0,0,0,0,0
"ENSMUSG00000024172",0,0,0,0,0,0,0,0,0,0,0
"ENSMUSG00000024173",2.04220398219268,0,1.76612844463097,0,5.30366750309426,10.291712841588,3.08004338207681,2.95721998134488,0,2.84243024980276,0
"ENSMUSG00000024174",55.3924035327009,57.6510170121436,66.4985641370939,23.5368092356172,35.051381180108,27.5118868523216,42.2339199287686,26.1007957160583,40.6179787985652,28.0629441484452,53.0127853386193
"ENSMUSG00000024175",0,0,0,0,0,0,0,0,0,0,0
"ENSMUSG00000024176",1.88835066939648,1.93081296796565,1.58923994017763,1.94612073965235,0.954372229116415,4.56169971225546,1.83249592536776,0.87993135565954,0.843292712730674,1.68126152177903,0
"ENSMUSG00000024177",23.7973861200081,8.44105146628557,26.0210325082364,19.5165057366519,22.5847234628288,23.2841866849534,24.426912750323,18.6955175335445,17.6390882544707,23.8342165816825,19.8495426850276
"ENSMUSG00000024180",97.3752878148856,117.463777833899,76.3285309353483,64.79271946418,88.1045749636099,114.247745671836,81.9334554505914,65.5644676911159,72.0987632598104,116.766382152246,59.430832385498
"ENSMUSG00000024181",454.713921119992,555.395473403781,514.615981294161,582.410670372832,544.89618188467,575.801920228742,594.078664954455,508.988948198555,477.312447579574,494.795757411484,461.857978764248
"ENSMUSG00000024182",1005.58024693309,895.916292425007,1045.78843370547,1059.99171041332,903.019342882712,991.478635514544,901.081033251942,921.210648993396,1040.71360224081,1022.46915591314,1108.18722291346
"ENSMUSG00000024184",0,0,0,0,0,0,0,0,0,0,0
"ENSMUSG00000024186",17.9237305014528,38.7317938011282,33.5776605918353,21.8864383717336,28.7391352296017,32.0718864031394,27.6096125651039,35.3430011780986,29.1344598558805,33.9658879958088,27.5297005657153
"ENSMUSG00000024187",388.744284984449,551.5811589799,605.404354584559,793.066012145954,853.480949813107,627.816830173957,570.100628117362,580.627722499627,458.994585559325,885.823218483924,463.549909832574
"ENSMUSG00000024188",417.251154474659,509.084228173774,351.245195076236,451.616026674842,544.674681913766,519.179397783267,462.681581185875,544.939079979939,484.367481885208,495.040152246022,563.906715684338
"ENSMUSG00000024190",2696.44047503035,4072.08897337821,3833.64965512271,8308.42483273328,3075.33616740376,4252.81824576933,2317.51036349187,6747.64855012089,4200.4132950818,5351.68301994297,2183.92029211435
"ENSMUSG00000024191",120.488290220685,253.812505230013,196.44894240926,133.53115535517,92.5256572450795,234.509600149507,240.917532852235,114.352653096973,112.076491152825,108.889465201444,119.381968139026
"ENSMUSG00000024193",565.445527427373,663.916475713936,683.491615207585,598.082393397501,588.343421255747,781.986650350187,750.292564354534,615.562944915719,479.588528969426,698.246345946694,591.841898028462
"ENSMUSG00000024194",491.12430614144,682.642018795385,564.976047004505,596.268439032015,509.579653854072,596.853317033776,639.412720701631,595.256236024122,547.337787071184,505.969928038727,478.243673514769
"ENSMUSG00000024197",1379.69112207258,1589.82215140073,2373.02147644365,2613.55391709128,1650.61351063775,1741.42393927228,1795.33572048363,1910.32496612876,1924.26131494698,2765.56431547749,1819.63720043199
"ENSMUSG00000024201",631.271071732121,659.672965477956,721.43205189276,973.804099251201,800.215039390495,835.503947807742,651.992153535121,937.321686447869,708.236184990311,962.638252134981,823.31477584857
"ENSMUSG00000024206",37.382588454682,32.5072302337733,31.1793616239179,31.5623327295508,42.2628391873665,47.1483033222707,32.8048600663374,52.2338786936244,35.9112016725667,42.9536903932907,26.3455100280339
"ENSMUSG00000024207",0,0,0,0,0,0,0,0,0,0,0
"ENSMUSG00000024208",418.931145009678,441.068717046654,455.388534645855,425.946053592301,380.282032672937,449.220126345315,450.503620039088,448.003106333521,438.505864044579,387.534509858779,396.354631043368
"ENSMUSG00000024209",2.06376607824874,0,7.97274532692867,1.0902529689421,7.39274940148019,3.85728382630597,2.0438427106809,0,0.945302613238939,5.62763486170115,0
"ENSMUSG00000024210",10.3068114308241,4.31226352978758,0.884877317082962,6.53352828856636,5.31192032157864,0,1.02508479223037,0,0,0,0
"ENSMUSG00000024211",0,0,0,0,0,0,0,0,0,0,0
"ENSMUSG00000024212",342.833322867789,264.664422695214,321.684614342759,306.825278567043,277.101734778619,346.336225446173,269.219040700337,318.710298950313,297.983625140029,304.667895043032,388.092763809765
"ENSMUSG00000024213",877.698153079968,853.789913544713,728.640916900668,774.261863484097,807.840065721224,829.25060214929,961.105698722749,896.423335252176,641.275239692898,676.361755783707,862.566033070593
"ENSMUSG00000024215",3.13952783688249,4.33885881290876,2.99825685292163,3.72933751528703,4.18280225097375,7.28254950645897,4.04813598755396,3.86496560606706,0,6.82498733506274,4.01136650459791
"ENSMUSG00000024217",263.610756485685,226.652782832643,212.325057574826,233.518579134842,245.381645713743,250.55255522349,263.980771962977,231.318079913478,238.445858593246,248.506073243548,212.74088655634
"ENSMUSG00000024218",158.110944150459,151.758592861018,167.041332372058,123.5790516088,128.00824297707,138.807708493352,157.164338153454,127.922078473124,154.025223612191,159.415847479311,144.914799199442
"ENSMUSG00000024219",484.294206054717,446.181258306695,434.138884453572,454.048340643578,494.813388054713,448.611249506931,474.527064616345,459.541475886046,448.540656659635,487.609482454219,499.646246898653
"ENSMUSG00000024220",268.108596750458,278.653923112166,392.867866199335,389.317093251186,269.053966409413,381.300888389604,240.721792216913,365.471494088727,335.646854821229,259.668583356195,456.097990086335
"ENSMUSG00000024222",855.854881041952,987.210288143977,1280.44387311866,2996.93512181905,984.481480640054,1106.43254831837,1061.33172583863,944.455157278614,1281.02170953957,1837.5681636854,2153.90298367628
"ENSMUSG00000024223",0,0,0,3.06250826453729,0,2.67799528180141,0,0,1.96019556498477,0.985521187544299,1.06957391805003
"ENSMUSG00000024224",0,0,0,0,0,0,0,0,0,0,0
"ENSMUSG00000024225",0,0,0,0,0,0,0,0,0,0,0
"ENSMUSG00000024227",1.37987853529677,0,0,0,0,0,0,0,0,0,0
"ENSMUSG00000024228",112.526273733679,97.9508831487182,99.3288839777501,80.2496901816595,94.4120684005916,86.1925330054031,108.181190345209,108.905190924532,104.546600596695,96.7978834567139,101.451872863063
"ENSMUSG00000024231",373.099855079524,415.198455034898,618.912515230028,440.615088879061,402.921418860345,392.421267205814,323.252962066534,571.852081589434,411.629985619018,353.815400167592,445.751739187479
"ENSMUSG00000024232",42.7183447597325,45.7902667391727,50.0871815168622,50.7760046504928,54.9393284944904,41.5978561807003,47.3378682642427,57.4808740119132,51.8926837928034,52.4558135271596,60.9905695731302
"ENSMUSG00000024233",0,0,0,0,0,0,0,0,0,0,0
"ENSMUSG00000024234",218.307039190568,186.933102947942,225.082175108931,240.17726581545,205.832701248688,207.534574037924,232.543233776741,263.725312197441,270.474334926998,234.209072126485,224.781559011873
"ENSMUSG00000024235",24.7524250846179,36.964186377235,20.7968533914023,31.1507540448781,63.4774091647923,27.6596311528743,18.2382817262687,22.1546916840594,18.3503520939774,29.749485376166,40.3716424205818
"ENSMUSG00000024236",856.653071512839,628.95816391651,610.970556765192,657.188036195158,928.862849257972,604.592063810524,605.699715939994,677.915329256413,716.389934076287,758.095579894964,681.460165632417
"ENSMUSG00000024238",102.300779150608,102.10399104855,94.6025069125046,96.878765486522,119.722782902602,89.6110955974723,111.21634280858,99.7647320071061,129.096869257107,89.8707789415496,97.0862836800661
"ENSMUSG00000024240",532.79663246904,489.77144852069,296.60633445254,368.056073270448,623.539788783325,776.880893587424,508.89776076874,276.576890012024,629.08039700317,542.733929314266,409.253527463516
"ENSMUSG00000024241",316.853884287959,257.982064795213,302.908452379963,350.808148079833,301.476809083211,218.0721721136,300.206458862886,290.765399537211,333.139170267074,301.197393052901,301.166150258213
"ENSMUSG00000024242",640.749575962,531.891202854197,558.542378932612,707.574477559609,721.611103707547,501.86648263305,657.732555253763,643.266576729969,687.945200918016,640.198115315231,682.59889777278
"ENSMUSG00000024245",0.682011711009106,0,0,1.09970916948207,0,0,0,0,0.948944633763333,0,0
"ENSMUSG00000024246",93.1244882361842,80.8979140470526,77.9052342378843,95.2498938685848,81.0730378416436,74.4735896554245,96.7413500308323,88.0435977837148,110.688254631686,68.1749417626847,79.98414094009
"ENSMUSG00000024247",86.0077703471449,80.8965633808317,75.5760467741824,76.4352291393657,94.3373897306841,85.8175366184032,76.729959429192,65.3356738023605,111.976259237255,121.995617352876,66.666432096643
"ENSMUSG00000024248",490.172752665493,515.477750383827,559.144946386693,769.809916852044,613.912448833065,535.814392290681,524.697628993272,468.985099931242,504.547768965589,448.893821679801,572.606630910533
"ENSMUSG00000024251",159.119817918285,162.367103811202,143.852423202686,126.666073674879,153.418916152537,152.454913860908,160.219733007481,176.115994286289,129.98713223599,139.160490135268,174.663288678425
"ENSMUSG00000024253",53.4694853492913,46.3107307588853,65.3411809303613,62.7855871309569,49.6528664668632,43.5551503317107,52.1114710061365,36.2342455863748,56.7718716848394,45.9885068760507,44.661448800322
"ENSMUSG00000024254",0,0,1.77742295740989,0,0,0,0,0,0,0,0
"ENSMUSG00000024256",0,0,0,0,0,0,0,0,0,0,0
"ENSMUSG00000024258",69.0431476376265,83.8853612345294,73.4634651196334,65.5836528412044,88.2460301369284,82.5513043684798,71.7800582694578,84.6176910976815,87.5580049974444,62.4983081816049,99.1901682634557
"ENSMUSG00000024259",331.08780452729,298.718344099839,393.560948013328,371.446381794117,335.915909810334,309.969320633669,402.095713886636,380.388085486978,385.125399054956,384.116628241612,401.004031545548
"ENSMUSG00000024260",422.960574598697,414.889377608389,487.700630306001,440.95451136228,588.432755506425,629.683362212662,353.282728355091,530.597193228522,459.840507356557,804.998034338246,383.51235695146
"ENSMUSG00000024261",0,0,0,0,0,0,0,0,0,0,1.14045445258444
"ENSMUSG00000024266",0,0,0,0,0,1.28191223901898,0,0,0,0,0
"ENSMUSG00000024268",10.9689589833243,7.68031194993744,11.6798798383835,9.72213648240068,9.67689769376871,12.6557466602306,2.03919242326153,7.78234999507581,12.3388602722789,5.60908098526269,9.15054495707085
"ENSMUSG00000024269",78.5065529974856,87.6733830191811,91.8974627266261,71.3493363743383,110.247884213257,107.126153940655,77.5602613775348,101.290313498869,76.6105915506255,72.6126325345043,87.4720797304122
"ENSMUSG00000024270",1026.31496558181,1041.67115654302,1049.6438264258,1716.33236494948,1147.04705544847,2527.74488239567,696.805190824079,1332.55828276466,2028.76266719201,769.838318506633,1110.0840383395
"ENSMUSG00000024271",680.980789790911,759.137067424651,656.511509537753,638.649112509586,659.539022595369,702.653995863461,659.252132410024,682.170507519161,755.267159401504,635.739361414368,739.458460049198
"ENSMUSG00000024273",59.3868837319153,72.9652246985152,106.30364408169,80.926897866387,99.9107005056057,108.041478877279,86.0560427171379,97.6890321542375,91.2413723951301,92.4217282789216,77.8037082333674
"ENSMUSG00000024276",342.583852038213,463.189289209068,691.665194195652,359.232601090266,539.877033168679,221.656514954438,671.433400020415,254.588786525724,646.672832693421,708.321565121514,504.488826223725
"ENSMUSG00000024277",107.47527623733,91.4002996384371,100.947681310147,80.8304687058357,112.449965274216,147.176444079191,74.9612481401255,149.161150834686,101.935423537691,87.9905261324179,88.9668253961656
"ENSMUSG00000024283",1202.32707940556,1125.25859968603,1175.13407393118,1232.1044512013,1394.191683657,1083.13711946637,1107.75981006626,1343.12148969817,1176.89262622316,1241.37505684375,1237.89739693435
"ENSMUSG00000024286",653.602079037208,440.023373901631,514.232493325317,768.634283373738,619.803731006448,454.889103335862,773.608356869397,571.274985588227,532.520921276203,647.427394185865,704.614816288332
"ENSMUSG00000024287",447.475271151455,423.386127404125,441.551971699689,375.837210700417,470.208406680215,389.223336662168,439.50914952752,394.605667784391,448.301109684375,435.211754650369,471.566747756974
"ENSMUSG00000024290",1025.33639651603,1064.09559825004,1004.15448732995,1010.53555454988,1008.66876278871,849.876350583948,1065.60438282225,924.599652412025,1047.10251149795,986.233985925721,959.952026634071
"ENSMUSG00000024292",0,0,0,0,0,0,0,0,0,0,1.14045445258444
"ENSMUSG00000024293",409.332584652182,435.749517015696,343.744175125247,291.670880697105,349.111611418389,216.868967868229,333.860606648749,368.70345890262,436.422711617868,327.524022808498,265.749899851084
"ENSMUSG00000024294",491.351684032076,533.966970302837,678.230968115161,799.547029421267,439.297399627605,427.536903648391,605.066764048061,458.803050903311,645.085591467614,485.278060476628,557.141775867933
"ENSMUSG00000024298",37.6442387174809,29.2323883765701,48.390396598261,38.2901102517762,24.7385205207033,19.1993536390094,47.6949030282712,14.6242714699357,33.6573033865967,17.053538173343,21.3912363968131
"ENSMUSG00000024299",235.054840506604,288.910641207473,203.845616515425,260.368260629151,173.525815562278,433.101125963557,178.391806335607,314.102220850316,215.193101417822,338.786046783984,156.045957692495
"ENSMUSG00000024300",163.73810710248,197.644526949735,109.446618422571,141.21552980574,125.038220966557,222.097946419104,97.6810034874673,110.572642858553,106.369679790918,124.982665717695,95.5199098965078
"ENSMUSG00000024301",28.375745977901,43.2751276489926,31.1097109469933,26.0950694603941,28.7541508280446,38.3618662127424,20.4707006881735,25.5507418779041,22.6195464198633,31.8332692947411,19.4360884801835
"ENSMUSG00000024302",46.854641218785,27.2847261771232,54.5490693155711,7.36903054287291,52.3245591080817,32.0109428583114,27.4765033556573,23.9694315819599,65.2072738760076,85.127569212279,28.7117508478187
"ENSMUSG00000024304",21.7659838012246,14.2006280763245,9.90444279413751,11.0606475468903,15.8395420671982,13.159348923987,12.4935508116813,15.0454285415245,6.68187789807836,11.4673706289595,3.48142569462012
"ENSMUSG00000024306",0,0,0,0,0,0,0,0,0,0,0
"ENSMUSG00000024308",2117.99967585733,1613.15585205269,1502.83907243109,2348.3379751866,1469.32997381655,1970.07531114862,1836.7494841976,1899.23482794055,1351.84560056576,1687.73550369095,2359.23840709275
"ENSMUSG00000024309",303.627510427696,328.036341321783,342.540070626884,280.828408989012,263.856214248185,360.638853782661,321.358755334518,301.078630684956,267.622992937305,258.625311241957,366.089970174542
"ENSMUSG00000024312",437.034859576412,543.440618931877,399.823022387156,564.093054217873,466.542816767589,619.208969856407,441.284561842225,503.347731873937,426.866644099965,462.818166791591,550.570009101324
"ENSMUSG00000024313",0,0,0,0,0,0,0,0,0,0,0
"ENSMUSG00000024317",139.531021282252,137.793910229506,171.58872393889,151.404007728236,151.349721545901,126.713130437419,151.929194956843,154.818147073067,195.616790748899,189.813576123268,148.588952129732
"ENSMUSG00000024319",875.095184593741,1219.44415334532,1089.00412380596,1016.06686076404,1196.84512633533,1230.29227080835,835.074151169367,1323.64670319087,916.289453508242,1147.9727419572,1211.67267968093
"ENSMUSG00000024325",376.861860213898,329.464878295233,416.210384145922,390.487025127797,363.402298869678,384.834837936355,355.612136454089,399.48713608168,330.299252325012,413.279063111747,352.202721257439
"ENSMUSG00000024327",3657.68511725487,3921.90120849682,3158.25726427905,4005.60523153535,3055.3366667171,3818.02974891287,3970.07900134127,3589.49033081324,3239.20361831269,2939.6091426904,4463.67685747529
"ENSMUSG00000024330",101.137109912056,155.37877155211,92.9537207387284,125.670444970267,105.548329896523,159.752974081281,98.4428232248303,119.128922565431,86.3640817088334,135.067203257247,82.5353295436425
"ENSMUSG00000024331",1.82666223500611,6.29567909584199,1.71353466241627,1.9565174328537,1.01883532166518,5.70765653408072,6.47904272457652,2.84560230302365,1.66545472105156,2.76033213162708,14.3220704276606
"ENSMUSG00000024334",16.234299031288,79.2364265949825,3.52393819212575,4.39206360433426,1.06426697355433,54.2636867149048,3.09553564306319,7.8418570488948,5.62067545867473,26.6846542929135,2.29901987085671
"ENSMUSG00000024335",3009.99997493287,3696.28032792654,3751.48443101131,3206.80828733446,3406.93778964488,3683.14379407072,3520.79561679409,2911.85607078996,2533.01715513799,3304.23944468783,3416.54510464583
"ENSMUSG00000024338",830.538799896606,877.290035594645,454.384265386642,569.502670952808,432.237039139537,655.587055197136,593.093376665194,335.193721967459,632.211450109126,725.931399270647,622.383097277392
"ENSMUSG00000024339",3294.54952443014,2950.96319638906,2402.11206515617,3009.6151549297,3125.21137392519,2513.61390691927,2787.92006196997,2370.04565358236,2609.81283143599,3057.37469219428,2534.21542679442
"ENSMUSG00000024340",2.73796057021429,2.15440452285933,0,0,1.05682988930051,2.58366796445033,1.02464275658676,1.97601056083687,1.88865237706918,1.88192700798014,0
"ENSMUSG00000024346",327.532324127324,350.225067097127,343.780453687947,348.026415554256,347.243009073271,299.657384860309,341.312055790862,326.984318098151,328.844323650936,298.513826537046,329.805952195425
"ENSMUSG00000024347",15.8412257232926,22.6641652596095,20.3845770578851,21.7601374689767,38.0828947523917,7.7377730483883,27.5909041734438,18.7818376442225,15.0994799385205,13.1620616928113,23.961592325158
"ENSMUSG00000024349",1001.04760297224,231.754446071345,313.587062698802,179.700082877236,451.788968901693,947.371625671514,317.891912762361,545.477906944224,313.45804263429,657.949361235046,457.156343490965
"ENSMUSG00000024350",61.0466269624653,49.4092394561443,46.7908368554152,48.4259654625913,51.9197764031955,37.0753093115558,52.0433323487445,37.2103657887525,49.3227374363776,49.7967743569126,40.180918960768
"ENSMUSG00000024352",13.8878513925064,9.52963626152089,8.4807359388913,7.74700867957286,5.34189448499166,10.5919429842947,14.3521976057504,7.36941986606073,6.29932966046621,4.30502433700708,14.9354419662402
"ENSMUSG00000024353",210.604255064098,324.321518560693,112.124139936633,92.3769025005226,134.211732901292,349.892462908743,76.0334622147447,61.4606169396073,146.018628021287,97.8457034459424,28.5043969431571
"ENSMUSG00000024354",11.7199316912445,15.1058086245589,7.9685636126058,10.9015875754493,7.3937082182408,14.1829554389751,14.3326025702098,8.88594999842048,8.49406998456602,1.87825909305096,7.99066873197066
"ENSMUSG00000024357",1032.54760552113,1298.32229569859,1210.69444647184,1532.13161983155,1181.39930085058,1307.55483596136,1245.36584278666,1347.819605821,1347.91994461687,1038.12518807945,1220.98177083424
"ENSMUSG00000024359",3348.66749105874,3518.03747011709,2940.29333048806,3352.52064622131,3456.20191449977,3550.34632425302,3832.81612421563,3464.81313604397,3029.77672251504,2876.00794477612,3919.05560629464
"ENSMUSG00000024360",1086.47700190045,1085.91637424108,1105.55257311825,1163.16144955482,1133.21806060922,1020.88529363303,1133.09567923066,1024.72833469794,1089.47540991989,1197.52975651188,1159.50076578984
"ENSMUSG00000024365",6.17484902671539,2.15731747338506,5.31413449914016,19.6457117396474,5.30187262220705,6.43833340428151,13.3220777943831,6.89848400652246,9.43241746337684,3.75957406673435,11.4342293865161
"ENSMUSG00000024366",0.688635772715426,0,0,0,0,0,1.03123436882169,0.98796979538893,0,0,0
"ENSMUSG00000024369",468.418680605347,556.537806002933,514.815169155501,474.978514585528,407.403176504844,532.550274190466,517.522309419608,435.332584989966,481.709859685668,460.07321356673,484.676415984264
"ENSMUSG00000024370",289.388669271306,227.38907869977,264.659989747036,217.069491426503,265.11985310726,285.812533837345,294.289662361995,278.605321384813,301.363266094948,261.3637596658,290.054367714918
"ENSMUSG00000024371",141.3639507313,156.071371030697,141.344762422298,71.4840973518418,82.0652802399558,128.516928911998,136.94982529832,43.1587888039818,193.187448858306,88.3673023999005,79.2520844662525
"ENSMUSG00000024376",22.6130299505835,14.0114454481285,23.0336000304021,18.6076921444309,27.4067137274398,8.97163832740957,23.6854771820217,24.7036435004831,24.4519432450382,23.6107481818608,28.5878258820968
"ENSMUSG00000024378",75.3844285882938,66.2930945426215,88.0474252519136,51.6846799580822,99.5688108958119,75.57533623562,114.588221194745,89.0182177948678,69.0376978866816,58.7088905309306,112.538415472419
"ENSMUSG00000024379",0.653180746519882,1.06922082015999,0,0,4.35590528908521,0,2.10649259508094,0,2.76863702146535,0.962661085433184,0
"ENSMUSG00000024381",873.205693377076,859.503831008966,693.590987611961,691.161689654206,694.738820616912,742.682739324428,696.490020511474,683.467537820495,701.982779546785,675.365901579805,681.366053272004
"ENSMUSG00000024382",624.940567838029,633.899058903677,556.769342861082,549.75715229932,569.687621443382,481.017756586661,591.360642647222,532.226490436116,580.103456993301,548.531419364862,618.843057717852
"ENSMUSG00000024383",32.0575562206311,17.3284538273352,50.490858092624,31.8285918145873,10.5209811362267,3.84290585629798,34.2615346369292,9.82517530722665,21.4898019989037,16.1549439338975,19.3923387499658
"ENSMUSG00000024384",339.935818042081,424.870123103403,362.677255905246,296.214566064727,260.149863528041,307.774984792847,272.013182158195,269.558202545238,297.661534566843,297.675274689109,307.717245871321
"ENSMUSG00000024386",0,0,6.48522389876197,0,0,0.786331779774591,1.25302584752128,0.965637994177807,0,0.950767150864915,6.74828626626408
"ENSMUSG00000024387",937.970672900867,1119.85616141695,965.003397370118,1091.28216829244,944.239193749329,1051.05792475457,976.9505293346,1021.9845851342,956.595906731391,1026.98059181989,1010.87802830419
"ENSMUSG00000024388",0,0,4.44355739352473,0,0,0,0,0,0,0,0
"ENSMUSG00000024391",0.664523828276744,2.13227960633933,2.63302297655576,0,1.06783990980642,3.90590182077579,4.16298671737225,0.979036297945809,0,4.8248544447827,0
"ENSMUSG00000024392",2675.38957743947,2711.19320135667,2618.37652369684,2516.31934464659,2579.67568883464,2811.10614755088,2316.57998318672,2772.30985341503,2418.91670437311,2597.66952037929,2670.61694679389
"ENSMUSG00000024393",6342.37526794934,6115.61187876536,5664.3815667535,5310.1804549672,5860.27069149987,6305.14191778796,5781.10774910723,6253.8197975673,5687.73777972262,5941.30796346055,6465.86538521687
"ENSMUSG00000024395",144.28613432646,108.634369904216,166.275407110908,164.214431523638,176.988599052335,130.656120466203,169.212736256265,188.23354095605,159.850967327089,189.260016536625,171.64374500553
"ENSMUSG00000024397",89.07242389823,122.962777234065,78.1069582184614,65.2330480846967,70.7236678657487,63.3033532122306,55.8685794016332,44.4921348171026,40.5921589419002,68.4059033949749,39.6204649112253
"ENSMUSG00000024399",104.203676560231,629.265305785483,17.1555867071788,33.6032023802029,19.9150412425917,381.661213745315,30.7830459871455,32.0541462405676,17.0423499298629,177.25127872342,29.0008230789534
"ENSMUSG00000024400",816.488495792262,899.745913578077,863.997798702427,828.120632886064,907.400632765651,786.274296313069,950.524392958603,959.683522954761,943.888787583147,991.878459853139,820.33465887071
"ENSMUSG00000024401",11.3136671785321,10.5147131896548,12.0648703187946,6.43821850562531,7.29918541506003,12.6680832453418,3.03819099414921,5.72489090080516,2.04823782625036,2.80338848406367,3.79534097668356
"ENSMUSG00000024402",8.09905435936604,28.9163956591042,8.79346233626532,4.39185788495,7.49709213854697,21.9643702664938,8.30770346079746,9.70642734244386,8.36168967915803,15.3573292138752,2.30401891485712
"ENSMUSG00000024403",7.70223111857798,11.354790252454,4.64270829560922,1.87639012722749,10.2757336655068,2.16271709380297,12.5485458940938,4.62897363798188,3.70948052445629,6.07459050377113,6.42069037736803
"ENSMUSG00000024404",1610.64038420407,1610.77846071508,1624.18707139083,1857.8362058616,1732.85543158339,1725.31130971122,1643.6403652028,1730.41095141302,1549.6392394608,1890.79032074473,1877.54164187017
"ENSMUSG00000024406",0,0,0,0,0,0,1.02875709613988,0,0.942824759941727,0,0
"ENSMUSG00000024409",0,0,0,0,0,0,3.13074378016752,1.92103856965261,1.83854590402161,1.90019612172622,2.34871178457494
"ENSMUSG00000024410",671.103728199224,526.344679550869,487.171346099896,463.940085437864,628.60114029534,503.079890088029,635.83370692895,496.98689535763,568.027431070714,577.107414030399,501.82624055467
"ENSMUSG00000024411",4.81829822592458,0,0,0,3.21300633968932,2.52172680348475,0,0,0,0,0
"ENSMUSG00000024413",416.798766911915,363.729285127733,465.878875068762,393.473767429492,482.563600075738,343.437436187317,424.762890024173,528.673146814796,391.952678723812,500.335188455801,422.03602528004
"ENSMUSG00000024414",249.45181308389,244.038347832787,211.260585340373,226.173732436058,246.562683394111,226.188533433318,270.486084065473,216.434720320214,249.938370467429,201.19328725436,253.158030529539
"ENSMUSG00000024420",25.9944147953972,18.1938799004352,17.758860270741,26.9439730637492,35.0432627826747,39.2756493698792,21.3384294589431,14.2626699148454,18.9245076675608,31.275704225814,36.5557479246764
"ENSMUSG00000024421",430.597420705465,353.8270362047,463.163889260151,353.75355163175,364.977321214015,229.870988669113,342.916270686596,320.244617770387,480.839779529281,339.019452175621,429.590125971926
"ENSMUSG00000024422",1374.81553670974,1528.48188244921,1368.4870096308,1344.26320917486,1245.07640015562,1724.9721860257,1436.36095353104,1448.99239264984,1274.47471646958,1207.51974402767,1507.40758499428
"ENSMUSG00000024423",111.482434451699,97.195410209757,159.756960109851,107.202844588264,101.606984897417,89.9814122321055,102.086388267546,61.7289901411506,108.273127665999,94.1825167926975,153.643813057124
"ENSMUSG00000024424",59.047069733134,28.891403198647,41.7271357812718,58.3642548457158,32.1283903200385,49.2717171107776,49.5899122910602,23.630307744861,34.1214465107091,45.1139122364554,34.8982746330055
"ENSMUSG00000024425",1457.81620153348,1623.53297723452,1659.91949333474,2028.26754662322,1641.86358155128,1805.07275040303,1756.83670482029,1805.93152852843,1901.8418105846,1627.50723191389,1710.79012507608
"ENSMUSG00000024426",221.204960302395,263.778487466157,228.753104697036,119.940306574356,225.942845117975,140.042534723014,269.23143173665,185.047202614173,231.41152134763,135.907110464872,139.627449587408
"ENSMUSG00000024427",10.2444399495603,11.8107031275444,7.09376228584266,5.45999393266153,23.5638514223348,6.37413785628447,15.4184563049306,22.5538749771421,8.45212478140778,10.414715637053,10.3575621309588
"ENSMUSG00000024429",714.754103327736,774.41347152698,820.786085002748,928.651189487956,843.931468362729,747.484325180537,795.178000208756,700.131976984481,856.799994931587,871.495045191982,747.252656285064
"ENSMUSG00000024430",1.64052401413979,2.61991156728548,2.45152570764944,0,0.788125949923969,0.795441067813012,2.5746166211394,2.21707144841897,0.581956085606178,0.585751408455119,0.856875359881058
"ENSMUSG00000024431",714.086104648231,729.856038080341,1384.67259815078,764.78919303515,626.364653929915,456.772481462923,775.761211336918,810.231601039895,1133.67692752515,652.577955509234,1508.15811003329
"ENSMUSG00000024436",344.251931105244,295.856606902475,320.233512220843,397.957362889537,277.60262074853,349.137883347821,355.583167212313,302.31776110119,349.385833197423,288.984786664972,447.775272528199
"ENSMUSG00000024440",44.3200516831605,20.0789124322754,15.9805400643948,39.0764826751766,76.2745838876706,159.786136927095,64.8514755831573,38.6686378294544,10.7952506163769,17.9714557334753,19.8775674782626
"ENSMUSG00000024442",288.642835805545,311.277765459275,323.262263630712,301.776134505278,265.490391124491,365.192532917871,287.060793758629,347.296766693673,320.56358697588,320.154071461123,311.926728290986
"ENSMUSG00000024446",116.079441652731,107.699650821221,127.670105096298,144.326667800949,189.763458807337,121.401962498391,130.564742226153,181.752356368055,127.615151665615,103.780480704396,109.582516884847
"ENSMUSG00000024448",0,0,0,0,1.05739562978912,0,0,0,0.940997693863367,0,0
"ENSMUSG00000024451",329.818136038017,499.35906921259,377.980250398073,400.517530947365,524.772886323945,542.419449074692,467.909097685229,500.908067009559,452.37010883936,603.839115767298,450.772811283023
"ENSMUSG00000024454",2682.16617148179,2896.79449217678,2940.25124982779,2986.49944381011,2898.03897951445,2749.95167556301,2950.35845762705,2724.14716674664,3043.89760238964,3135.45910577938,2878.02868260915
"ENSMUSG00000024456",726.552609057416,561.165643070725,693.655889892375,653.013487410537,903.969396199444,615.538012529035,584.022450608535,775.331982490314,683.769894151909,764.201046694721,766.090374723218
"ENSMUSG00000024457",962.989943664246,923.597659077593,1010.5937807052,1202.42103501997,924.482827186215,1171.96985353104,811.024079738061,927.659761093873,939.305539015214,1183.14589984414,1046.81134941664
"ENSMUSG00000024459",0,0,0,0,0.457200534468087,2.94670330904919,0,0,0,0,0
"ENSMUSG00000024462",292.58148216464,270.184622818073,294.535156458632,329.079184559923,450.172771036543,342.615820386576,305.841258247722,345.311776284474,320.52623746204,350.990390086754,269.190315463854
"ENSMUSG00000024471",314.25224834806,0,19.4548093974817,49.0494813026259,86.5033657328396,1.27180250697787,1.02611277909719,0,0,24.5220530559642,2.28835852720108
"ENSMUSG00000024472",99.5298363849948,29.7339767075165,44.4455145686236,63.3695626383536,49.6348481357783,17.6294152863867,34.455717795094,15.9150626920114,27.2264354417425,25.4662377970822,29.5976267156286
"ENSMUSG00000024474",2810.64293967956,3009.2524642802,3052.86768985339,3129.01301528608,2797.70432322786,2997.93912175577,2926.62257987197,2881.81198271433,3046.53306469329,2807.19449225001,2967.48142210943
"ENSMUSG00000024477",143.896549809707,112.766904023191,121.14665825616,75.6395813190961,115.276699197961,65.6306753497248,176.128377001207,74.170007451713,104.270647684813,111.44183903266,96.8083003331508
"ENSMUSG00000024479",114.27078602988,76.21512059033,80.0043302787303,77.1642350572971,82.6049798865138,97.3581489712966,84.3250734953004,78.1295431157311,83.4570726802945,69.6121834561076,110.62190009057
"ENSMUSG00000024480",648.597898663865,647.696269879566,622.845483664692,743.17883188194,655.625091681072,655.381245115443,618.15262461428,664.412759733302,656.834422896647,710.536797181433,501.740683258135
"ENSMUSG00000024481",1.12103518704103,0,0,2.91331750322675,1.86029713400848,0,0,2.61799557517102,0,0,1.01210017578139
"ENSMUSG00000024483",1368.25078762904,1333.31090598999,1667.41229192347,1619.30991825073,1151.67100109425,1000.75886330485,1343.3370258569,1538.22715968393,1726.26744378624,1573.27915121373,1706.04613864473
"ENSMUSG00000024485",0,0,0,0,0,0,0,0,0,0,0
"ENSMUSG00000024486",16.0935774214072,19.1029604987813,41.3082302505575,5.51033259336593,25.5517353818444,11.6107496008678,28.9368573189565,15.7322959600801,6.54976285159256,24.0071109113784,5.78407809986573
"ENSMUSG00000024487",546.542457842584,590.86591030122,462.362005881887,511.876445184178,458.663925523824,512.359567116426,586.601994831546,567.740359850783,455.218774989952,447.151550801315,541.176920351129
"ENSMUSG00000024491",259.134514267042,230.423708054774,238.606448996594,278.106072173265,245.757018791435,197.707543889872,263.726537056816,234.763198151853,225.96205870278,268.576709562523,299.859613547676
"ENSMUSG00000024493",1484.03963667505,1273.70111330682,1631.14228481629,1948.27325622342,1148.20839995946,1502.41199429034,1944.97920978142,1315.1971162966,1876.92549920863,1189.58567049763,2453.88761665962
"ENSMUSG00000024497",0,0,0,0,0,0,0,0,0,0,0
"ENSMUSG00000024498",345.705142537472,460.606339922764,252.35798271189,386.76373942014,446.529494781909,453.89981254719,296.359618106097,530.43050372191,550.192010995395,404.285632906693,541.347575117178
"ENSMUSG00000024500",7.85111235067089,10.5014079188408,0.790598064429065,0.975499170120232,3.77252350150035,0,5.50612310165487,2.64320040780605,2.51402826583583,1.68810943340058,3.07057092309503
"ENSMUSG00000024501",89.0759759194231,68.7732203824103,63.9701856604763,35.2507906891186,52.1810298065149,30.1864148078168,82.441882096711,57.5515705811876,64.4687259771957,46.9605343582572,80.2314990116108
"ENSMUSG00000024502",0,0,0,2.18149034543218,1.05300591931028,0,1.02572538041014,1.97813127503154,0.941094500787629,2.82415197293611,0
"ENSMUSG00000024503",0,0,0,0,0,0,0,0,0,0,0
"ENSMUSG00000024505",26.4406571741637,17.352827558066,26.1886654236588,16.2488075970122,34.3154936403404,7.82006530079688,15.3567176829498,11.0702366601599,12.1107582861449,18.4450113043615,12.9508007846364
"ENSMUSG00000024507",2894.66711146177,2920.2742256176,3420.04797663131,3319.52800805217,3010.68684155694,2630.89476065632,3466.847159017,3170.69302295469,3533.29823347848,3404.49996562266,3061.06202836206
"ENSMUSG00000024510",0,0,0,0,0,0,0,0,0,0,0
"ENSMUSG00000024511",6.73861726390124,2.1481837835004,5.31676720078076,5.51841010889874,1.06787689128049,1.29086056911365,3.11321673875061,10.8023593718534,1.86405918988895,0.933984558856309,3.46565001722825
"ENSMUSG00000024512",0,0,0,0,0,0,0,0,0,0,0
"ENSMUSG00000024513",839.41911400109,907.187560030564,765.306878560905,941.496285480953,1015.60039740129,955.314969754636,887.186532878322,1084.03250573067,984.677389317396,953.429100090996,905.704837957669
"ENSMUSG00000024515",591.228054725059,536.777431734227,635.278902130236,673.919220724359,733.127887459197,492.948903483099,571.389453642057,604.655625719497,598.383622358002,727.720725395585,555.95066065879
"ENSMUSG00000024516",2300.752355583,3087.63189036285,2420.66252394018,2837.87603478487,2436.71487522236,2661.76477944911,2882.59173053319,3167.47851696106,2594.73603536772,2408.63571884394,2296.26461789117
"ENSMUSG00000024517",0,0,0,0,0,0,0,0,0,0,0
"ENSMUSG00000024518",0,0,0,0,0,0,0,0,0.946762884136551,0,0
"ENSMUSG00000024519",0,0,0,0,0,0,0,0,0,0,0
"ENSMUSG00000024521",4.5048935865172,3.0591091700534,2.51459249813797,1.04610121467585,4.17204844995138,17.9644553622231,0.971208055846683,0.917441733246216,0.876894247911895,5.12159021318115,1.1125376815963
"ENSMUSG00000024524",8.34794232468482,11.0015733122945,16.5481963079857,12.3739456825391,8.66600792149576,10.4636867873857,14.8878325439764,10.0328661773864,7.68799570143131,22.484858679257,11.7383395878473
"ENSMUSG00000024525",309.225164728519,495.932419290188,472.800908595272,541.775340089821,447.142545496364,478.278275110255,454.395097384544,621.948890708666,477.93846441037,593.822046755424,330.955385798219
"ENSMUSG00000024526",43346.8276641469,74655.7633588982,58496.8296381998,80516.7881073204,49904.0707579707,74573.5466231721,57260.7886924736,83563.5399491997,62436.1285818568,56954.4402840816,64741.7300894212
"ENSMUSG00000024527",1214.15739792432,1343.0025251393,1210.58159170526,1319.57923268201,1142.71383021033,1392.15056547893,1279.33705858491,1306.24201507966,1269.7404157927,1178.85726015637,1586.15900828164
"ENSMUSG00000024528",154.752976850764,173.480969575975,145.704800497707,182.426849183807,153.316908912182,158.143046849708,173.057425585558,156.832086923394,142.890921456492,150.968207627315,157.316439083609
"ENSMUSG00000024529",18.4154885018966,19.4501620254582,15.9014640603782,9.80138398030144,14.8246622835937,19.359575637079,13.3061883065113,23.726374229598,20.8107214210794,15.0790835280812,13.7274646347223
"ENSMUSG00000024530",3.76586401140861,0,0,1.24851816825716,0,1.46084912977468,2.98472544456829,0,0.683901334050468,0,0
"ENSMUSG00000024532",0,0,0,0,0,0,0,0,0,0,0
"ENSMUSG00000024533",87.8490099867166,58.3571960797623,59.8722856538755,44.9512267443434,82.7685600181556,53.2307018599983,53.8048742853377,63.1839307816849,73.2081941896585,60.8116425992238,55.6705212886978
"ENSMUSG00000024534",33.5823048768805,255.484973371283,19.9829989649304,30.8728217941035,45.2185712179428,45.9434865255708,35.6364807744846,48.1096967485884,40.9259717641687,36.8051140219699,58.6101983517382
"ENSMUSG00000024535",3.96561413795358,9.54306366166762,1.75253911578379,1.1067159896426,5.3643913813241,3.86735720400047,5.22923559782204,1.94791828349132,0.928976652824618,3.86260937280359,4.65697109079671
"ENSMUSG00000024537",108.18575289747,156.441664578798,112.29275882313,98.4301849415975,150.747516054315,132.646055229003,139.525876604819,138.959354225457,131.873694074448,118.281723828337,119.783387108965
"ENSMUSG00000024538",58.3165109420617,35.9863225143925,70.4988494512668,37.3579930247436,80.9414187842083,46.0388255650924,60.8114802232386,66.0061170696076,77.6500900176882,50.8399689848834,42.8981190249874
"ENSMUSG00000024539",227.219171867119,243.213325021671,251.996430042387,253.011631608269,273.302447926893,227.710202468411,252.960143421455,208.710766526889,211.9555476995,270.62184882323,230.8622434009
"ENSMUSG00000024542",213.60143595265,249.002805296455,236.09943370144,206.76626485413,208.242353179693,213.125251635436,232.871971605164,177.035494084386,294.105495560552,193.104605248257,220.244650768173
"ENSMUSG00000024544",98.0696231584998,101.31279689567,156.431825036898,121.248259171457,229.929753761276,74.7082812892032,148.259072388131,164.296814505789,160.208016316554,229.042238709447,76.6984052978263
"ENSMUSG00000024548",117.990750712677,65.8308141217914,145.422366857548,103.489035999537,144.300579560841,42.4616179586423,137.788276337348,79.4440291503984,77.7256044650222,112.254351983733,115.28158903274
"ENSMUSG00000024552",0,0,0,0,0,0,0,0,0,0,0
"ENSMUSG00000024553",0.691034315682467,0,0,0,0,0,0,0.991033675145491,0,0,0
"ENSMUSG00000024556",85.1301294450151,98.4620189298982,63.0224701081016,56.9034564693777,55.701211737712,94.5944887246755,52.6036770806639,48.2810848149059,53.3882679303766,60.6057112798292,64.0873611405333
"ENSMUSG00000024558",167.173056365481,349.664953547438,152.614132642858,464.266471464256,237.367018428213,297.04292645629,200.313830466291,386.832415527011,375.041205288907,192.886326854088,476.337606467791
"ENSMUSG00000024560",915.232641307986,979.421418684066,926.693412490622,998.555403169689,997.897902971727,1168.36504687824,824.284948986456,1049.49415857227,872.749954622589,980.901128521798,954.345951843398
"ENSMUSG00000024561",1295.86671476056,1186.93066140988,1064.13564567523,2252.70767924323,1154.44174285765,857.265519053459,1040.03068661321,1015.07372056012,1040.99316046606,1048.53773469223,849.064300346467
"ENSMUSG00000024563",512.762290307093,471.849485698456,462.933502348525,553.684657073816,464.458483002377,413.334367178088,500.479669822737,469.070507456727,444.225414922618,481.431172270406,456.81617521798
"ENSMUSG00000024565",0,0,0,0,0,0,0,0,0,0,0
"ENSMUSG00000024566",831.994221374021,857.273339389499,876.644353858932,877.705997817046,903.593756552099,848.119503682589,752.679272389582,886.02482043767,913.160667554413,904.969364598902,1033.64917961031
"ENSMUSG00000024570",250.900240957884,383.389655143848,291.546624097555,313.318142710687,273.352572369559,312.420175076164,293.611097082415,309.85053170077,367.726359582287,292.995599826656,309.376652236154
"ENSMUSG00000024571",833.148621422832,895.629985584722,997.289214685219,1099.18162136747,924.845919606554,845.632098045401,986.491596475676,830.620709903976,941.590807872623,879.106623539671,971.276323546729
"ENSMUSG00000024575",4.14908965931226,7.52300899476905,5.32464768885009,4.35955665949881,6.3244751213867,2.56097783693072,4.08100415250285,1.98875431285887,5.68233794022412,2.81115902414565,11.4481606034194
"ENSMUSG00000024576",1285.04973938219,1285.62338111565,1346.40595900124,1480.01686592491,1312.9469517318,1186.79050199168,1401.06669647838,1246.40611211175,1413.0301634884,1492.24692401224,1410.466573156
"ENSMUSG00000024578",15.18562265838,17.4621662044782,14.4263535442437,10.0016221456008,22.6214859678611,9.89926714507837,12.3125170788348,7.94080415747346,6.75164528305517,13.1353349749864,11.6184954320941
"ENSMUSG00000024579",46.2331963135333,92.6112307220427,57.9959850885605,44.8801648749971,21.9403332664797,81.8774256224022,34.2806287106329,60.6445677297241,65.1216506992361,38.0675811999545,75.1922717022697
"ENSMUSG00000024580",131.637599429342,126.986880716927,145.973346560271,130.558346092603,121.997845870919,130.444011106779,119.340979939266,142.845117253009,112.268171173755,120.724476390421,124.848627344392
"ENSMUSG00000024581",162.538461009934,289.235429822441,205.957487987495,171.322867129416,219.656878226716,202.621835866348,185.361168477373,206.051298715929,190.198922456143,253.46685500605,234.887619159138
"ENSMUSG00000024583",751.80768095178,757.572904044471,717.879053001206,753.503259141205,754.406636251974,740.956578457961,797.684905795179,680.55753801751,717.346707021653,670.743866154876,721.469129552213
"ENSMUSG00000024587",3436.53139354518,3223.59969361803,3714.10374494039,3950.02961810483,3439.61656768241,3741.19582326293,3365.70784943651,3456.40741750234,2561.42509904751,2430.72988281526,4438.27923778201
"ENSMUSG00000024588",328.775267608136,312.50737926501,309.313905808377,329.711899041075,294.512844190193,317.971581801155,365.438732004151,404.891942658428,311.28749249629,297.9480809009,393.636465533017
"ENSMUSG00000024589",774.039412007965,740.419940335273,963.097170048697,667.022220867485,1594.07193270586,591.851259454976,891.591156982936,934.104859820258,1116.01606744586,1317.66927531974,579.318602951588
"ENSMUSG00000024590",94.2851057126531,133.681398217043,50.4923439389135,43.6055352725155,66.5271638621528,163.262020511324,59.3453765997972,50.4870502666937,61.4308878344994,91.1565652429605,72.00093654645
"ENSMUSG00000024592",11.2413870957018,10.7227356857553,7.05463650317994,9.96473314157575,7.66020968273844,20.5940508578446,3.12311913932434,8.76120841170522,9.28507814268845,6.50381199865503,12.9032635617159
"ENSMUSG00000024593",0.689939267648386,0,0,0,0,0,0,0,0,0,0
"ENSMUSG00000024594",405.717255461777,535.108088671135,395.73014965072,582.612125972659,436.811559732717,492.482461179153,516.195736269529,522.471990964992,409.896389344491,406.566691481315,479.551673137181
"ENSMUSG00000024597",939.767265202257,461.661303899586,904.236706851153,569.767733115927,1101.13534637313,266.326984031952,884.56795514574,446.72888359796,906.848326910016,895.863344944133,490.809631396942
"ENSMUSG00000024598",11.7318319832061,19.4560270963444,9.75532339306953,4.35704687688512,11.5876858936724,5.15483092661747,12.2572733062022,13.8806023433024,0.947269081846202,6.54400066269468,3.4195695095248
"ENSMUSG00000024600",2.0571851565617,3.23514693643101,0,4.38011758344287,3.16162891077544,2.56140942538507,2.06170089325776,0,5.63610291431881,0,2.28788048012606
"ENSMUSG00000024601",499.235489871764,515.361819495021,552.898986004374,626.824886482015,525.661921187384,569.89450080271,569.556255847853,638.102397103115,500.872459617232,453.290215349711,525.913234049675
"ENSMUSG00000024603",232.76445680604,542.629939900375,490.260542452037,649.538251394179,687.488108688141,414.630171289694,614.229582508896,514.029434746273,509.98826994193,391.156357663775,456.665827184615
"ENSMUSG00000024604",309.380445606796,307.443241008858,331.654247376008,352.894364988279,382.481017676251,391.572744535051,311.466344083484,321.91684178226,398.225269816629,385.071195901903,362.334025294859
"ENSMUSG00000024608",13365.0019700727,17995.41741303,15567.394368593,16626.849482472,13909.9060968682,15565.7282499152,15651.7912763517,14972.4112808875,13620.1396534794,13417.1537203284,15822.1869646597
"ENSMUSG00000024610",5105.42423617582,7461.18714716812,4832.58449252732,5298.47718802209,5439.84431093641,6471.93743438449,3744.68240921705,4858.87431041755,4691.92440913228,5038.85289180359,3446.14053704797
"ENSMUSG00000024613",403.277754738695,468.214112289158,307.121947225701,289.693782744518,354.994337143663,589.709932191378,330.81120789422,338.747001525241,346.862360983326,365.676016152154,430.169472404385
"ENSMUSG00000024614",272.112840848362,247.389071544912,260.135921920084,205.586320871798,263.980970601103,178.062648508019,306.931454015878,238.632935646522,323.355811064873,272.332257804077,241.85094160666
"ENSMUSG00000024617",21.893491029069,4.39158522482509,1.61492782631973,4.04177157007466,2.21539640094858,0,5.37260021878594,3.0371166522966,2.89226079692118,3.99178031822204,1.20087965268057
"ENSMUSG00000024619",0,0,0,0,0,0,0,0,0,0,0
"ENSMUSG00000024620",120.304762461843,127.541986143048,108.858743198037,98.0994010346112,203.339658158959,153.269991360691,97.122225326558,156.270517345163,126.762789690959,160.042705093015,128.676370377602
"ENSMUSG00000024621",677.581581754876,736.259992631882,601.204325020791,618.110551489655,741.269411890016,712.512429124289,404.323785282872,600.381307321587,588.056975498881,545.50887082631,373.575418808303
"ENSMUSG00000024622",506.699672360418,461.250163223479,412.357574117636,412.143078958034,476.265447299388,502.986677333857,469.151787240321,538.307753183911,515.508684816676,521.808010659336,509.961254076831
"ENSMUSG00000024639",302.637023783977,237.982087103636,249.866553247702,293.851246984915,332.277654925525,235.906450924761,271.616920729115,329.076047009023,290.722766675406,313.64616126241,328.7910804098
"ENSMUSG00000024640",282.270764088287,287.501749291303,363.023532327601,381.42449168337,211.287153529518,457.733420799951,458.25482982191,246.042028388587,238.733933018656,179.512307431129,882.59870873646
"ENSMUSG00000024642",225.165498162403,229.903934281181,234.172925067558,285.218335662098,290.343989964163,214.375972059091,291.509545215148,357.85091877844,223.734775050142,246.585499310481,255.749993487649
"ENSMUSG00000024644",749.937057446495,880.603212605771,621.429079792026,772.602971707793,694.627956837925,985.765901984362,719.025109455164,875.498644720946,590.024642397184,570.558713901656,782.135918402883
"ENSMUSG00000024645",97.382269232343,83.0841720001074,100.446922329475,113.467702823917,105.50969561406,111.00919786067,92.55010339367,88.0616282710211,86.3922275362959,71.2142152381316,95.9655798954976
"ENSMUSG00000024646",1058.20117485104,872.084102953151,1310.55841981322,1084.35454695953,1113.28355904838,981.835026454879,1372.93415887503,934.856988294592,978.24632426463,1139.76363047195,1061.29711421058
"ENSMUSG00000024647",0,0,0,0,0,0,0,0,0,0,1.14045445258444
"ENSMUSG00000024650",0,0,0,0,0,0,0,0,0,0,0
"ENSMUSG00000024653",0,0,0,0,0,0,0,0,0,0,0
"ENSMUSG00000024654",215.607620946271,182.431011750891,252.313722654143,161.728586921697,167.356283347156,165.906815986812,168.942923834019,143.513920850649,185.469766013031,236.803420081634,138.164055047242
"ENSMUSG00000024659",347.573749107728,217.604783843157,355.763438234203,192.499563579657,521.597013349417,174.340957953056,221.565260492538,221.082660180582,314.210976777418,249.048537238741,310.113504934777
"ENSMUSG00000024660",151.869410013189,198.65551929485,134.735179075732,85.058928241584,155.452561084782,239.58453063114,96.061951085106,121.553429216865,124.176727289971,160.205987100373,112.992093432322
"ENSMUSG00000024661",26806.0993280437,18320.7530768021,23748.5876659604,28627.7110122394,29000.594717673,22654.6781732674,21334.3593495498,21975.2010732322,29849.8569888238,30270.3409253748,26667.5194246178
"ENSMUSG00000024663",73.1411014269138,62.7985580598046,66.4328494633736,61.1649190060357,75.0995652822163,57.3577480433062,42.4029356334533,70.3312812901113,72.8064466954623,52.029820805,62.5351173720278
"ENSMUSG00000024664",244.165158477089,144.30996767243,274.725499461165,86.5303037055841,64.8420015322828,176.413162905539,324.130537183485,76.3103869503404,303.138216120326,89.049870775199,252.066236196538
"ENSMUSG00000024665",2805.64227668481,3830.43188051379,1771.06320845555,4314.79833747986,2168.63940192362,4921.6211504129,2952.64754575511,4349.59203430633,3121.63994560612,2102.05125197095,4974.26923297825
"ENSMUSG00000024666",11.7452653453726,12.1965474148785,22.7831976154522,42.1016157841429,21.209399457934,11.8333595369071,12.9832769872431,29.6550310104704,15.0081727667838,29.1366944131751,11.5435069623807
"ENSMUSG00000024667",48.3945060247364,59.3277089549351,71.4609611837055,43.3474781939854,55.6249287875386,64.475165857767,70.7745699065921,59.3539548991997,62.6279042027924,47.0615642717148,41.286823818295
"ENSMUSG00000024668",86.5672898371278,104.485090036681,35.3643950642356,33.8906349552759,274.528035884783,197.226632386412,42.0891041339301,29.7545946689554,91.975972821127,37.7287441722847,30.7696744745377
"ENSMUSG00000024669",37.4209958344399,139.783746823626,1.22731845482756,15.248591560213,0,77.4496128597657,5.59815606012609,2.05072524236052,2.61545660175865,19.3908098894168,3.47696936746152
"ENSMUSG00000024670",30.344733014611,122.999088423416,5.88520357573115,0,7.12270522210743,73.7734184229722,9.88653425132328,3.72890807908922,3.31661428361602,30.813269251499,10.0595473798802
"ENSMUSG00000024672",92.913364182807,70.9669095767907,93.8536293244789,77.2102880502443,130.778432095786,89.7358312600506,42.2002552478113,73.3416148178286,71.0034013628057,70.9939417639488,68.2518340776125
"ENSMUSG00000024673",24.7282898780408,87.2671795582948,0,0,0,117.571121573272,0,0.975159724218375,0,30.9170796569733,1.14160339714171
"ENSMUSG00000024675",24.1568685772775,42.6136876002723,8.90812258036022,12.587589131471,11.6035292953314,23.5791010191989,4.55211625330299,5.42701626339098,15.5785611930523,12.2915528590109,4.05395270436987
"ENSMUSG00000024677",74.7124156140155,123.557363500144,30.7930447442138,29.9221893867677,26.4720039833156,83.4976420445975,19.9844376846095,26.266330739091,23.0853957488619,39.7520988368632,24.1159509107021
"ENSMUSG00000024678",19.5102630577496,38.541716418571,20.6968227577272,16.1889790582407,16.6561477971542,15.3806420704645,27.3142606628951,11.0556658238129,25.9657546257341,10.0465422601998,9.0092993725201
"ENSMUSG00000024679",160.147464459234,67.3595681549092,97.7077309241686,46.3571520717494,72.7139810264993,50.3154557175269,51.1427224354561,43.5462691830457,54.9102513578289,67.6421702649144,74.762562363942
"ENSMUSG00000024680",0,0,0,0,0,0,0,0,0.94676288413655,0,0
"ENSMUSG00000024681",0,0,0,0,0,0,0,0,0,0,0
"ENSMUSG00000024682",0,0,0,0,0,0,0,0,0,0,0
"ENSMUSG00000024683",203.586186122539,195.043043795514,146.664612531981,139.33864750841,150.503590102878,201.440335279993,153.749199839933,209.799562482513,151.528599053394,106.197755585162,184.43870129511
"ENSMUSG00000024687",971.067190904833,1097.05293721299,1191.52954426586,1354.75357957576,1000.19313955322,1192.08084177314,1299.59717780434,1295.03161780935,1147.79393023573,1218.71302602472,1340.81807363321
"ENSMUSG00000024691",75.7519083284081,145.894264590454,48.0475324453836,36.2775779484309,49.8655911205307,92.7629604389559,34.3241205188476,55.6282259983515,46.3366112442824,50.3750535421201,34.2829473201443
"ENSMUSG00000024694",0,0,0,0,2.10191351140727,0,0,0,0,0,0
"ENSMUSG00000024695",1330.32844596934,1413.88105737389,1590.41767744364,1457.27105336178,1548.75776050475,1236.38401356098,1695.24905298687,1410.29578799023,1531.65634577594,1432.39488631417,1425.94044835734
"ENSMUSG00000024696",47.3310029315996,78.33094414033,31.5600147768197,21.7595548612911,47.1578113608377,80.6741428165734,33.5637894804949,30.5063677275976,35.6315935011352,48.8093676207734,42.1310828534878
"ENSMUSG00000024697",74.0439137132083,44.9984032237834,54.8708179832427,36.1395664799613,67.6863923100275,25.5439778927456,41.1866784602209,39.481114557207,64.754331312682,43.6674960364231,44.7925856018072
"ENSMUSG00000024712",637.363568486988,524.852345017863,612.11285973267,733.370331710197,582.897593780182,614.572741251121,688.589702891497,711.597663958594,580.738815127159,674.913581131803,695.440314417438
"ENSMUSG00000024713",107.424713835781,29.0559683124459,90.8570623827922,36.0466724086222,82.447000605386,30.0617703478562,77.1457399927615,56.2593695206957,81.1040043318022,43.3898093024347,42.5822425623158
"ENSMUSG00000024725",691.638781548067,817.410059681184,721.58433096936,667.674580753263,625.593536272096,823.904203167304,729.851056780455,628.70367557874,614.976530839522,697.475370801836,579.899480768294
"ENSMUSG00000024726",334.066496621391,175.883176230324,261.591981031369,478.172707044268,189.832668491108,256.647229524338,239.055686502919,275.718641413287,328.958619822408,250.263797967341,250.292684763785
"ENSMUSG00000024727",2.44242413318681,0,7.0892163083513,1.93134944388847,5.5873266848368,0,3.64338241913123,3.49410002469805,0.8312192316783,4.99983671031427,6.05688343792422
"ENSMUSG00000024728",0,0,0,0,0,0,0,0,0,0,0
"ENSMUSG00000024729",0,0,0,0,0,0,0,0,0,0,0
"ENSMUSG00000024730",3.39055380278121,1.06525846366582,0,4.39754311828484,5.29098214536631,5.15346566459535,0,4.95659819343171,4.7147378866657,5.70948880612826,0
"ENSMUSG00000024731",0,0,0,0,0,0,1.0244779114794,0,0,0,0
"ENSMUSG00000024732",188.549579842534,146.842774431861,103.629054745776,123.000686592869,119.958449299603,132.265333634004,116.075651151657,117.364036696443,180.206315283221,121.785020095297,186.328765750514
"ENSMUSG00000024734",0,0,0,0,0,0,0,0,0,0,0
"ENSMUSG00000024735",1356.05963673439,1361.27510287939,1233.05219933586,1378.35743963681,1254.18528473732,1364.65692240607,1363.57763362,1345.51094317158,1346.50246042284,1183.13117678631,1410.53590681704
"ENSMUSG00000024736",732.859789189429,600.560004482399,762.698015730227,576.035964620398,724.771103476449,353.448521052793,662.257713686197,637.681385809579,565.815059783464,500.189379064261,562.113147913545
"ENSMUSG00000024737",76.9416445273877,118.417966730917,78.911771963042,57.8203515190574,140.911286010956,123.242381435695,53.1826434341898,68.2344125925355,33.0838648681497,92.9676371148884,46.9364384201748
"ENSMUSG00000024738",0,0,0,0,0,0,0,0,0,0,0
"ENSMUSG00000024740",4631.78072690537,4597.19478671097,4679.54605969295,4691.44837348843,5239.77753226786,4741.76547156398,4748.67083701507,4891.81212071245,4881.77027658285,5198.7617544869,4791.40607707191
"ENSMUSG00000024742",308.845569548568,248.525185844745,134.408025884477,542.155996241801,151.61769873928,264.754223562613,205.475207340384,206.997964851901,336.426228321538,197.867990167371,354.97214343866
"ENSMUSG00000024743",9.79683534362036,8.30337678043571,16.2668196959227,15.7338581426651,19.5835887301921,6.81942156385815,19.8183075899563,13.9374766277068,14.5116564965217,9.6050987154653,5.94012816523303
"ENSMUSG00000024747",310.255811569633,288.013151636457,218.122920488986,123.469123264684,311.899538704098,170.858770340562,253.898448205571,173.883800917735,207.695898383459,172.785750114658,133.014721768823
"ENSMUSG00000024749",2.06254802387009,9.70218669462295,3.54714171279752,1.09333967568094,5.26955889127262,2.55843224641019,2.05775759600469,1.97687371392226,3.76187195745244,2.83067555693235,3.43133781224623
"ENSMUSG00000024750",836.609287155133,615.38070374243,984.534199456329,851.844334758407,1675.51164674534,618.238337151892,1067.20862742536,736.950209857173,693.717898531368,943.107699834315,650.4541974995
"ENSMUSG00000024754",254.908175845071,159.146907221735,228.352776510815,236.123558252934,347.79538785457,164.784165759287,292.520860433455,272.592170639668,179.056262168386,242.304612011911,193.426834429536
"ENSMUSG00000024757",0,0,0,0,0,0,0,0,0,0,0
"ENSMUSG00000024758",3090.19501656923,3606.48232887981,3540.71540134918,4087.00537279184,3602.64537931807,3357.25422861026,3838.11464526227,4515.62817248267,3791.83659698446,3722.67175231399,3459.0527088495
"ENSMUSG00000024759",392.915820309761,323.303120338687,440.131243515615,391.562160879199,411.327706287986,213.561242213205,419.265526161418,372.521422338326,445.541602505809,340.90847934898,393.702785376349
"ENSMUSG00000024764",186.994375345808,157.207352918333,137.559362113434,178.995636284083,169.287627801808,146.286142322406,142.317227340037,140.467248484269,128.252463845674,157.041297684858,163.21162701115
"ENSMUSG00000024766",69.6246117538912,57.2685816722262,87.2204645940981,52.7673818040382,87.6664668577101,61.6952096064799,55.9872151216173,92.560496064792,90.6633096382222,77.9980845655071,66.7783282298479
"ENSMUSG00000024767",484.960713235365,482.198196156924,465.710173243179,490.819923841018,470.085685872395,438.872403673002,404.107850179552,449.78857203803,444.636200503702,452.078376619522,480.156287839186
"ENSMUSG00000024768",0,0,0,0,0,0,0,0,0,0,0
"ENSMUSG00000024769",2714.80213548539,2557.09025754625,2714.92661555214,3091.72165396029,2852.17226484011,3344.3779941148,2497.37260359195,3614.05152627395,2900.48960711799,3143.4805835302,4044.69511936615
"ENSMUSG00000024770",0.177523751082972,0,0,0,0,0,0,0,0,7.27830862679682,0
"ENSMUSG00000024771",6.11301978596512,1.07707702845952,4.41806541604492,10.9992147099394,5.28396098488505,2.55849335888755,7.28555607153349,6.8591740198788,5.5881837711469,1.9126818901445,3.43576032120019
"ENSMUSG00000024772",943.368963873687,757.173106077951,729.445350717961,775.639771928764,867.918802757064,794.069210771041,678.655790816582,658.172043426081,623.24224906195,729.015302866359,639.459468447718
"ENSMUSG00000024773",738.70630999141,714.239910293759,743.640236978505,880.46643113569,1006.20346993146,897.11917682293,736.562428379154,944.454811883802,771.566388562551,1024.71404390781,771.660956211316
"ENSMUSG00000024774",430.521341657647,271.182009446087,565.355182430506,364.815509810353,525.693556800404,318.852672915481,408.006261165558,313.56035915518,330.756612165601,450.66085128882,192.08211176385
"ENSMUSG00000024776",365.22119921222,293.161848223907,284.333255209234,327.076245604432,498.083702572236,290.043183085138,399.639487040627,338.948669607069,269.193517960215,443.719783560859,332.034350444162
"ENSMUSG00000024777",538.961548305651,390.86470459875,547.156619519777,368.987394747822,523.460643670367,484.506033584289,527.207545464485,424.447335050155,451.351673320653,472.774580028868,412.118114260783
"ENSMUSG00000024778",434.656096105594,349.979543887175,711.650832456947,431.640401301464,495.638733903387,312.532767695025,435.444771358104,524.726414117133,311.145586514989,451.493701463166,189.589099187138
"ENSMUSG00000024780",171.663908461161,251.495038728973,267.202571236607,263.723189607381,188.419164686939,216.923329161596,387.101694513977,182.19872568098,238.259624519497,656.414682300612,250.171719521396
"ENSMUSG00000024781",2731.76632924329,2375.36469787552,3402.33668020326,3921.24237928948,3644.09376970183,1832.45187345028,3300.78810893881,3607.26266993953,4834.47885243524,4656.78552431341,3015.11519194335
"ENSMUSG00000024782",674.440871983669,728.387155787595,862.702745496512,986.747039720522,728.01052749643,748.974035375154,781.059741820487,900.465723213422,928.870598287934,975.334191393224,1072.2438721113
"ENSMUSG00000024784",0,0,0,0,0,0,0,0,0,0,0
"ENSMUSG00000024785",270.403382858137,263.574533531051,333.479168205954,368.719029069226,269.120553560967,300.332302475,287.811406619377,265.428296649233,324.146493202995,345.828532105781,371.579334553102
"ENSMUSG00000024786",0.466644673598887,0,0,0,0,0,0.714728603986681,2.98235242834221,0,0.660465687513145,0
"ENSMUSG00000024787",215.928475163749,261.465425467296,291.816209202027,259.064678330008,255.906812489339,289.184490497098,292.273881825027,305.183794549465,280.76310350195,278.375567157019,255.4281218288
"ENSMUSG00000024789",999.509384536314,907.554223734288,1201.75961202124,1123.46012424492,1264.50709050069,826.702764220936,1078.95980989182,959.266495758241,1138.54813473878,1408.59853938454,1003.35649478302
"ENSMUSG00000024790",205.34478783259,177.852887954443,189.689577544081,209.888833270157,185.447101247182,235.590878905664,190.921192276154,188.99741173345,224.586564701051,190.676141749418,191.079022899781
"ENSMUSG00000024791",6.05866955223005,6.38272655325494,7.04108234651699,2.20294792348935,5.29819010850142,11.623564202476,7.2072792116784,2.96407531148347,5.64050961126726,2.86380282571989,3.45878253412653
"ENSMUSG00000024792",287.634689797969,261.619881881147,304.314288855916,270.927193534032,321.432614205875,386.040046610567,375.923642338361,472.620242262982,267.727238153399,332.544527067311,256.958664635992
"ENSMUSG00000024793",11.9179012358566,50.903291217492,7.63805923891785,7.94357206589377,8.87544112206921,30.4690712617372,8.55853129813043,9.38555612091267,6.6894285258379,28.322394720804,5.47317467320244
"ENSMUSG00000024795",73.1076975711437,105.857875718002,104.997328813622,90.8295488809202,112.596278636056,25.4887435777353,60.7626047848696,92.2767082655191,165.224382129329,71.711461315367,18.9366143896334
"ENSMUSG00000024797",638.381543029754,660.222299881732,792.482467464476,703.655210741528,873.521982346034,800.234586464277,710.150645627985,674.094908815925,742.168993838964,603.348631473237,627.223136300752
"ENSMUSG00000024798",0,0,1.24780088011327,1.55364955380508,0.441581490099582,1.81706681554735,1.47064904750981,0,1.14012834185054,1.36279537004303,0
"ENSMUSG00000024799",620.978406421717,837.592478962294,686.293046741251,561.257603382053,714.9309832225,626.584876957852,832.829188954413,667.616813073018,653.865699110389,486.45826074125,783.736659123529
"ENSMUSG00000024800",84.6241099298488,71.2337582737441,62.8608456751102,66.4426863784933,59.4460309378617,80.0220526289315,70.2745343405822,64.0582277241143,68.1164618524297,77.2236853323073,65.3872536592214
"ENSMUSG00000024803",1.06447582019109,2.47269361131603,0,2.3326894400463,3.23909269291512,3.9564239164343,0,2.26867793470523,0,1.0145609299563,1.84479311153074
"ENSMUSG00000024805",71.5769952359899,101.748137018498,76.3236708663352,76.0802332714597,67.9416707953669,86.5351191025764,109.40244017292,71.588926205205,63.5854402647147,87.6311852426213,56.8163469932884
"ENSMUSG00000024806",2.04075440040829,0,0.9033215037796,0,0,0,0,0,1.88943100130457,0,0
"ENSMUSG00000024807",939.24094127867,999.051508835418,816.670806070065,877.588484526167,775.372094787799,1111.41804778921,928.629314139187,868.565970939887,787.43150246145,871.077152894783,1113.18382078047
"ENSMUSG00000024810",1.86493434408175,8.89238150567056,1.62540725932424,2.75042886027047,3.90558907315904,8.26541708995654,1.92364521816412,3.62313859298331,0.856524541895538,1.77633956035065,1.42985416032108
"ENSMUSG00000024811",1514.12962863605,1138.44514884978,1700.38420219646,1310.33221303336,1773.88383097846,743.362056179022,1675.49925768777,1331.95341564855,1658.92072397835,1639.98827302573,1507.7236213918
"ENSMUSG00000024812",1607.58309369175,1375.96570598116,1232.53163807186,1745.29760738194,2152.9564426506,1047.10625903962,1172.67553429371,1565.82222633006,500.367249370412,2167.20437839959,1377.42072693429
"ENSMUSG00000024815",0,0,0,0,0,0,0,0,0,0,0
"ENSMUSG00000024816",335.077326674676,333.504938392241,343.923047537487,303.668291418932,410.13562484626,297.248814599345,280.764823036535,365.236150087482,320.09398705955,397.274482567543,334.697447830699
"ENSMUSG00000024817",1014.87064861058,846.28931199021,1116.8777104493,1147.93630221449,1208.42066539093,808.252940597508,1069.24722979516,1007.0863559122,964.53737211231,1290.00872935097,783.966760636427
"ENSMUSG00000024818",252.981572951979,471.54429225055,261.282605990982,383.402123983813,321.89805218915,469.29737584949,330.076298224567,465.440959019462,357.326109094469,356.21863343815,364.346396770973
"ENSMUSG00000024824",118.674206063986,187.914400477595,115.702246724057,188.715956272769,76.9506170353759,181.054686466032,123.624920666879,135.058166599181,167.913454669875,132.883149573597,160.378019615249
"ENSMUSG00000024826",572.691071420038,552.992478068335,445.599800338833,531.397308255672,524.156634621736,511.07974336946,499.433154207233,546.475361607877,500.088784475975,546.80438059856,548.186181274049
"ENSMUSG00000024827",1723.00784575479,4028.67331614453,1576.24609676384,4999.18906190559,2024.21599992586,4992.81442098711,2703.80284444409,5284.5724758806,3683.52108059741,1776.51048120271,4990.19465076754
"ENSMUSG00000024829",286.250320436391,371.934156120817,331.889572445673,322.18451123398,287.552809672116,322.996564369189,318.125570678162,307.12981907386,282.656013260248,270.680594236658,311.729096313843
"ENSMUSG00000024830",442.989541730618,397.561615409951,354.586151083254,477.568311156764,368.371419047489,529.284406959272,354.526724396361,426.204457925084,435.013324724523,374.227095415053,516.496138520136
"ENSMUSG00000024831",137.73267895547,175.745829666942,148.085684862286,138.169573781499,173.594501468875,198.15324323426,144.920139631166,155.615714206413,150.12608663468,124.36977689623,173.569036460266
"ENSMUSG00000024833",126.080779249256,125.248684342985,154.255037770557,137.79881033215,130.7815519616,231.975064329512,152.395840331749,151.691677044036,145.581792674308,189.884650776369,152.101494055462
"ENSMUSG00000024835",2745.97647647763,2683.84658789107,3130.7522380661,3348.43698763423,2624.9055154958,3005.41718921401,2623.57129531797,2936.62619795552,2852.61646353154,3232.47020233461,2570.97209702536
"ENSMUSG00000024837",0,0,0,0,0,0,0,0,0,0,0
"ENSMUSG00000024841",100.589668792823,125.689776627756,129.39230680329,120.011553430705,119.212423438133,150.69652518735,127.76658898051,91.9774942029291,120.656901297515,96.4710455160352,164.560213364664
"ENSMUSG00000024842",6.14604614963519,13.9650729582273,1.76857906201089,5.46835084238304,2.13876053709988,7.69248473319978,3.09153603143884,6.83862682218403,0.935814019105017,4.74705250468377,2.29869272676122
"ENSMUSG00000024843",1906.4039405228,2762.43473939142,3978.94204853805,4752.76529023183,2834.71881742474,2010.71315800998,3524.46690218307,3191.2584147964,2965.52860780948,3612.95550613357,2735.98678734095
"ENSMUSG00000024844",147.646788332577,189.114538839867,162.595726426168,154.926252810448,196.524891587387,158.055820337294,169.09906303197,126.807752428269,127.088281311003,122.741510046015,135.731420924812
"ENSMUSG00000024845",339.558148610839,423.148714712862,392.235094370937,411.640559293032,335.05870095514,378.063749974866,341.335517337923,337.762052645278,343.326436314793,363.932641907241,345.415922602828
"ENSMUSG00000024846",7.90323772634138,8.55530339897374,5.28146432851567,0,8.68161870945299,0,1.0500151915481,2.91244956719236,4.63559512110756,1.92909243357582,1.1673710393125
"ENSMUSG00000024847",649.883530967003,732.401294324624,754.838122338572,603.821235272869,538.853389319942,791.894596819992,590.486499500242,606.387880489624,486.073668360686,564.456342784388,521.106611108713
"ENSMUSG00000024851",793.545368590002,727.97740313035,534.384324513252,643.247777909338,606.883138408186,854.502613259372,672.457857663069,888.100339016289,645.12171210927,601.270230730094,713.500903762162
"ENSMUSG00000024853",3375.60387174984,3727.44533879459,3402.78720572683,3517.3886756631,3239.92636360412,3367.96794384921,3538.58731845288,3549.52931274653,3323.91862542893,3174.08303727032,3312.34852976596
"ENSMUSG00000024854",54.6582159393958,86.8638097453514,84.7243591325165,67.7059805822632,78.645970455337,66.9257230890848,51.6125918429475,46.1111274852463,45.5062627050521,62.1515530147885,39.5051898361999
"ENSMUSG00000024855",1233.40184591761,777.52788151687,1154.84922674,778.942451592319,1100.66206550813,1010.97247144908,872.981357420015,845.947301900024,937.160310092744,1209.79743987729,997.224309986478
"ENSMUSG00000024856",198.328091354105,232.12051950071,206.546320409424,239.464640994519,115.085095915443,286.991147955184,211.443552915309,167.076002168512,165.98061193006,140.500817641771,234.130727392377
"ENSMUSG00000024857",0,0,0,0,0,0,0,0,0,0,0
"ENSMUSG00000024858",2970.05773735047,3793.60847402369,3078.06408167116,3078.64538051373,2656.27177223801,3446.44095043782,2870.73092938782,3015.46215979574,3492.20069746375,2947.68176253187,3903.42507300069
"ENSMUSG00000024862",322.236110898813,309.916895829932,454.426563390552,304.836748736604,324.275094634918,310.871727182655,420.942111183839,410.138460926815,355.345826756512,374.061188273544,335.275371793259
"ENSMUSG00000024863",0,0,0,0,0,0,0,0,0,0,0
"ENSMUSG00000024866",21.5091131874064,20.8177082126283,54.1329464811287,44.1154629241022,24.7149117495254,67.1696779743379,37.9336884980235,41.5009725780965,19.6923770657595,62.1251022038408,23.9822652654186
"ENSMUSG00000024867",197.064928295989,241.581212110192,292.912173651876,298.092205059834,269.269292432523,207.472695662212,282.303574640017,306.255133982273,242.746806418489,242.271374325592,247.386089740513
"ENSMUSG00000024868",0,0,0,0,0,0,0,0,0,0,0
"ENSMUSG00000024869",190.281254376023,249.458323301161,226.259033751311,221.587822164117,172.438323632638,255.156924284499,239.587306096161,235.514230223128,203.89935113712,205.229136141208,225.839083610947
"ENSMUSG00000024870",1290.21926026491,1357.21530044422,1495.03074045422,1454.84618585882,1239.32430119769,1507.77553935359,1418.61330706946,1488.62977466007,1389.07667109581,1356.14227459069,1614.4375730438
"ENSMUSG00000024871",50.8224548524888,81.83269042972,58.5763893323826,70.8986178357031,50.191223742995,77.9290164793437,59.4548126034597,71.7199120388002,49.8869792614742,60.2213941296858,97.5711288080762
"ENSMUSG00000024873",0,0,0.873284488589911,1.10150218720631,0,0,2.08758528270312,3.86240307809132,1.84367423706917,0.962278917277055,3.47278109525551
"ENSMUSG00000024875",627.805044052208,749.48718785364,725.398386133734,759.267574520328,607.361654212349,714.715891172938,699.928603282622,763.631097538176,595.57062031768,577.954935364762,606.367510626316
"ENSMUSG00000024878",101.710044503905,76.5307656968879,97.5511448060277,97.0503075415864,487.25288881765,119.122686694248,90.6651680414108,98.935384102043,99.7507312146025,72.894062820226,96.1250188854428
"ENSMUSG00000024883",18.9357902802963,12.0368735566404,22.8169778676565,27.0772290142816,17.5155023141939,20.9257029797801,25.4452009942685,17.3679723428651,25.3181267810647,14.522343931649,19.8431805831702
"ENSMUSG00000024885",93.9907598653163,95.3616568659684,84.0680353231677,67.5031306072363,73.1116663282711,83.9646556018244,61.6315404877088,58.7877055383972,75.1489144869141,65.8168975387515,99.0974539659952
"ENSMUSG00000024887",243.07539126957,211.40816795757,195.413297245987,243.931054541545,218.827048310267,231.533444426848,268.370578619825,318.647067823049,300.138279227068,256.140185779779,300.647611282773
"ENSMUSG00000024889",275.974527233226,223.426767065529,267.037297707464,275.924517959033,250.239325791062,191.908962281489,205.928355599401,237.279070980239,246.30146550196,302.017397903438,219.939665320742
"ENSMUSG00000024891",15.1553872204226,20.7929006308864,5.74480421406664,10.9500342091164,18.9258465196571,16.5199333977115,10.2742878520522,11.7135119968293,21.4701740159957,17.1927841792816,17.7123049263445
"ENSMUSG00000024892",12400.7862474969,14680.7812523285,13814.2592449925,16414.9311240091,16080.9580082568,17922.1546541154,12633.6379724752,15927.6674363487,13848.3721035609,14271.1973261888,17526.824580082
"ENSMUSG00000024896",389.791504163321,341.905564701576,380.962306647085,403.876948700239,406.01591165381,375.471454626203,431.78661834082,362.890230011944,399.22272222364,438.40470881715,413.448756451316
"ENSMUSG00000024897",8.56395768946752,4.52732839354393,6.63432455963404,3.62176472639354,7.94149065179169,9.19761218720202,3.40089134082336,4.9581977266301,4.91632381629426,8.58531249395006,5.9607230830534
"ENSMUSG00000024899",66.8941617766664,41.7862368277863,40.8322017154341,68.4593127292854,45.4168397695407,56.3684658504715,38.8293893272568,46.7372511359739,55.8628802403438,70.5083259192918,52.736466265384
"ENSMUSG00000024900",107.620866141909,150.885048571835,173.435369891051,167.115952976517,208.714823204496,104.68805873282,183.079522246371,184.321482812864,247.995442508436,269.36031001526,90.1903169949821
"ENSMUSG00000024901",16.1960533396357,20.4339712150039,42.8385213795835,37.1245613693171,20.1008615979984,21.9110358118521,20.4207602609698,11.1989074469792,18.7495666476967,22.307483464911,20.5694057413029
"ENSMUSG00000024902",260.807657468354,302.603048676943,280.096006144505,266.688726545413,253.754048535649,278.26702416651,322.041934733319,277.676105079241,258.78873797579,214.700228459993,230.004062515647
"ENSMUSG00000024903",114562.264515292,207570.855539102,145207.742045285,215537.50389513,126139.363983919,237577.266978457,130087.630917708,259373.694645245,181138.768523442,159612.841742679,189734.031024026
"ENSMUSG00000024905",1.34135124526829,1.35266016219671,1.73088735495033,1.38884002439091,0,0,1.29998466895292,1.25450192207091,0,2.45215824528416,1.61810923481766
"ENSMUSG00000024906",245.952646530126,317.344757044546,355.998867721363,299.30222645012,271.758194789272,373.836504765391,256.452486972431,270.61682980939,268.389689772922,284.705787805587,247.332692107659
"ENSMUSG00000024907",0,1.05355367368439,0,0,2.15595609434915,0,0,0,0,0,0
"ENSMUSG00000024908",991.390341682122,1277.92098637434,1422.62836237867,871.012538607116,1337.56453587655,703.007681724128,1115.83057298115,1833.6513457292,1429.45212304521,716.809856193098,893.06564191113
"ENSMUSG00000024909",253.848213531847,259.597641974201,196.714211981706,113.024600429022,187.575456906193,183.612701457111,150.953547193832,174.862187513387,129.635231989853,180.621263738958,126.579636181771
"ENSMUSG00000024910",61.1912792320824,101.605283389377,40.7016992634509,30.6429151406053,12.6057038179942,78.1592851741181,46.4160503856521,23.7034816702228,36.7164927661892,49.0008527123751,53.6614506880807
"ENSMUSG00000024911",589.529431884174,655.472325827404,559.750047430295,588.24497485998,530.910380954481,535.913216385496,567.273502235134,501.420324274345,590.675911121278,522.547532563888,706.980928729409
"ENSMUSG00000024912",1.25512143741304,8.16123774503072,0.326394567093673,0,0,0.471760806702095,23.2112295787615,0.361257149339544,0,7.39806413801843,0.848435298308722
"ENSMUSG00000024913",2187.65009994127,2011.59586199868,2692.35173743302,3137.90912792966,2882.18864786744,2100.88941621763,2565.34817894532,2725.77517806115,3043.19119311952,2696.47634851662,2739.13913215098
"ENSMUSG00000024914",721.826402073153,745.070710400838,695.443260538609,702.036609217733,685.380828483059,626.559639253349,682.674583029542,668.728014325766,638.741669095223,619.535350818532,555.916583111711
"ENSMUSG00000024921",1672.20999873407,2120.13057989615,1679.52824646884,2044.85819382713,2442.39985044621,1780.38450550391,2216.62737942801,2034.67041142436,1864.56211864423,1911.37307576976,1344.17989062033
"ENSMUSG00000024922",14.9062555644818,22.5156179143606,34.3895345507962,30.7097104140774,35.0837826215068,18.0811551500942,59.7705334577917,44.1856129888518,19.7069950103177,77.0059807489331,14.9277669774759
"ENSMUSG00000024924",337.960205534229,509.666744394876,221.010311705818,194.4318789547,172.227296378694,167.612755208116,341.900739778377,345.552736099068,201.120435455511,174.511622493898,473.117930357499
"ENSMUSG00000024925",480.021551531763,499.705375655676,587.772486672871,555.654537116234,450.85087112361,584.061165911734,568.081080520794,566.783809532657,498.337992192412,467.806776874917,463.520066223107
"ENSMUSG00000024926",472.820417287811,445.488171928387,498.504087869656,370.033870548578,376.823600998518,403.891705065607,368.471411272401,516.103596764811,359.386107913841,372.931281919146,302.229318828994
"ENSMUSG00000024927",946.057746560355,769.220584381862,842.149532182014,513.520217102565,883.250119703963,572.42065698462,765.330457419435,628.61505112094,683.08227267304,725.153857404728,544.171579148424
"ENSMUSG00000024935",14.5463753554349,8.60199665215899,23.9538178854763,10.894351563886,24.3008802107089,19.1831459803457,34.7620894951316,27.7226202446833,12.2708352933627,16.9150314921886,25.1888602014154
"ENSMUSG00000024936",0.84056532094208,0.721995307191781,1.09181120223825,0,0,0,0,0,0,0,0
"ENSMUSG00000024937",1019.16994763857,978.564008189639,727.224729291483,707.428305055172,837.416703134348,1004.70720009333,775.390041626086,650.54723354324,586.571473272236,686.557797490539,712.89275592265
"ENSMUSG00000024939",322.703605804841,304.403137144664,424.920329159256,499.403921926637,388.478074593239,381.494210751039,445.674560140604,407.860751739129,438.594570556717,491.696939148925,384.137122875645
"ENSMUSG00000024940",1603.71190629363,1558.90911465725,1522.48867067304,1666.92314191837,1776.94572916169,1745.43052618667,1502.54295763967,1748.24022329053,1627.63318792872,1637.40809032159,1664.34481185513
"ENSMUSG00000024941",1665.67638980939,1700.23416147881,1807.93953979475,1875.40684630248,1695.90625946487,2000.64933579303,1745.5924059352,2054.92282048037,1722.71398336461,1774.79848946405,1811.11714572115
"ENSMUSG00000024942",361.825675690073,358.821263243707,282.691942722348,345.40375371532,273.81765952529,440.914686347933,231.243266052676,373.196819040178,278.708741771557,329.799772032089,439.19443212943
"ENSMUSG00000024943",554.374591440372,533.279455655266,591.541680881081,530.336290316909,536.629812039317,367.808542897434,630.237188491534,511.522951047871,664.466331181217,581.22257661679,574.956267598306
"ENSMUSG00000024944",194.753581550107,221.846229166466,201.701352126627,285.869385121342,226.462764088601,218.199299669681,235.907803133568,206.885195672018,213.721751560094,219.114302226995,233.046337551445
"ENSMUSG00000024947",447.762425394782,389.167915269136,484.837289055303,510.001632152445,609.143241142459,739.980778300536,555.872749533777,642.140694016231,403.999304903919,638.699306269288,561.540302673355
"ENSMUSG00000024948",618.180746105617,907.939656226636,523.651730022176,507.058748092942,546.319239323861,1102.53666601107,430.064853036486,740.931891540481,668.289837299096,617.153452838801,530.339194525044
"ENSMUSG00000024949",2250.55630997235,2165.59238872688,2349.63124637133,2298.97818585931,2490.95676948753,2757.71583939227,2287.47347854073,2570.60467550077,2362.94280504021,2570.2889698772,2544.38973363188
"ENSMUSG00000024952",377.492993443988,356.831662928938,321.328433257533,371.448915894699,379.45879945067,413.003002394674,324.147000632844,366.766830834063,337.398837072188,394.84619104535,410.832637757945
"ENSMUSG00000024953",1179.0586723521,1368.98811753411,1275.25645855606,1099.52234675917,1037.01764587224,1264.14612944243,1386.58030139151,1218.37558873544,1123.43388651971,1097.18821099453,1119.85237349824
"ENSMUSG00000024955",1683.30853677103,1759.89544124329,2167.88248002428,2028.81576319414,1478.24321312235,1719.09513696078,1948.37538580076,1715.08893609358,1891.36777589882,1845.55474095429,1633.70246176963
"ENSMUSG00000024957",0,0,0,12.0539858974264,0,0,0.309229506070973,0,0.283524558326123,0,0
"ENSMUSG00000024958",272.325707392563,432.134787803507,217.693304824905,260.277340404482,261.454167584425,629.834483795116,282.182664202969,382.725439281215,282.312613677566,375.847926365433,365.808110816394
"ENSMUSG00000024959",326.955644693179,376.664745395089,390.415383297408,376.446579650502,284.506532345442,352.062138739561,362.897707223577,327.256561563419,305.575585477344,299.678883309136,353.263196424537
"ENSMUSG00000024960",1272.16447866016,1002.5569195493,1356.23044174771,1185.98291411012,1190.81949350237,1433.29538089414,1131.84505922933,1089.19542582759,1204.84597987914,1294.86753896225,1590.65458310895
"ENSMUSG00000024962",207.06843220628,147.371877185405,220.693426137342,272.297924487525,195.945810386488,216.531294007234,213.799385756316,200.398007793423,214.249599750382,237.510540298944,199.786145685084
"ENSMUSG00000024963",264.549842949357,352.754502770618,291.014120911174,348.048708966177,272.05467989807,354.208152893552,287.332852895028,341.56520525799,302.323443168899,318.658868832889,286.941380928708
"ENSMUSG00000024965",179.472756590712,417.551974944609,139.402991907328,127.366429198729,109.741978641909,396.748393099308,103.229087654716,129.146521422524,106.522452602125,146.473431425565,93.6146130283681
"ENSMUSG00000024966",1121.45883216643,1115.28646693214,977.234501937939,1042.90060417609,866.272780508468,1177.78127371972,1039.31074304202,929.687310974035,913.777509107172,877.355793024129,1076.43545927721
"ENSMUSG00000024968",21.05187350811,11.2939015699967,16.6511412118137,54.40195535251,10.3168466986926,39.132138800429,32.9018037030042,68.2783393720652,77.6455118965035,31.3989980287517,36.5821011604886
"ENSMUSG00000024969",1299.72106120325,695.310756919286,776.625555646847,988.335978827719,1090.72843595588,857.796521516324,862.558161402374,811.440222148864,693.617278178477,885.220984660493,1218.22629160816
"ENSMUSG00000024970",646.499744458983,705.331104284861,714.185186148813,548.235969070805,891.374161097225,722.477921301611,1043.42436721908,530.481349079129,851.27763724629,617.507680079255,1100.86739425836
"ENSMUSG00000024972",242.956223542047,306.156529709292,192.71101895214,234.503372270842,190.817219421353,361.480517820742,206.795345856257,350.967554922638,248.151721362115,195.747483565924,274.385123610702
"ENSMUSG00000024973",6.15743901058589,1.94398291262398,1.61108368601768,1.27622055165888,0.963295065450071,1.49184160634083,3.95842724244098,5.86674449327822,2.56892292920929,5.53776986502512,9.98213052288475
"ENSMUSG00000024974",1088.39939161193,1098.37597888511,1070.70553117847,1037.85715247381,1113.67363928164,984.729853434629,1169.57840508444,1134.68399698551,1120.54960794838,1126.36310341982,1081.5037765776
"ENSMUSG00000024975",15079.4424274505,19893.1535358307,27248.1371781426,30174.0826920583,27714.0017908343,16824.6273922976,26260.4712411999,23052.3358727268,30177.1191650098,29056.1368232841,20925.6318522294
"ENSMUSG00000024976",712.002782580755,563.548482304308,793.745176014803,731.73495746079,703.341096092393,539.023094747659,689.757366570167,696.399640175129,796.982977739617,805.536167016261,692.382691894486
"ENSMUSG00000024978",1006.81922419329,852.790873160504,1381.13914017511,1324.38963530783,1248.16349119627,690.292948636126,1248.15167803613,1083.1852741378,1459.56255187412,1152.44415706048,1442.21166197741
"ENSMUSG00000024979",0,0,0.888711478704946,0,0,0,0,0,0,0,0
"ENSMUSG00000024981",855.554469739221,1058.10146925126,946.203824033622,1055.00743069121,900.923201052444,1012.45863346632,898.196440298034,709.217794022391,810.136891674925,687.970519362969,1184.31278775295
"ENSMUSG00000024982",395.124080451122,395.948430014737,404.345833540224,520.423675931016,389.851092929905,539.494826078255,432.621524824113,437.699265173549,457.7627517993,419.108382537204,430.625691696899
"ENSMUSG00000024983",123.980015066165,123.240285944768,150.280539920337,137.996621344337,131.240391902501,118.199414382525,152.933198081074,121.766830761614,130.900604826826,142.302523505899,140.669671074911
"ENSMUSG00000024985",299.316108883438,265.160122484454,310.886862194203,375.138877129848,284.061747584876,340.900127190218,370.341681137549,443.473461500337,372.137582802178,328.017613904746,309.516699118885
"ENSMUSG00000024986",15.5670481317659,18.3974679637319,20.6689374085976,9.96517089458635,26.109996612627,29.0309650337493,15.9218922981496,5.33402609460003,13.9696913732161,17.4402881875246,4.15629636091848
"ENSMUSG00000024987",0.688639891639331,0,0.892460622507554,0,0,0,0,0.990790835255286,0.946295596292561,0,0
"ENSMUSG00000024989",8.13371803459212,18.3935749976251,3.54074254920605,7.70118004965609,2.10838176006268,16.6617406891573,4.16991831832993,4.89579444797979,6.5165506389771,1.91219523526901,4.5624942572023
"ENSMUSG00000024990",354.875323315343,316.686456020242,386.819470188285,325.534296795977,422.955238294592,201.845209764032,225.804994819434,207.368708305826,289.804959970264,234.466141861974,51.1838561293156
"ENSMUSG00000024991",6778.94008349825,8545.63832646091,7919.5086773272,8147.92597651841,6769.89850781601,8037.55700674044,8348.63461966438,8538.47892031815,7846.1548775286,6912.36001886933,8998.25608906295
"ENSMUSG00000024992",0,0,0,0,0,0,0,0,0,0,0
"ENSMUSG00000024993",108.206463136597,94.3450124204402,94.6330057650933,123.161393348706,113.04816146793,172.713406014718,106.464052785519,141.145491931332,200.428129189175,89.8093925724086,96.8883651910665
"ENSMUSG00000024997",1412.76374177968,1557.92056025123,1354.20189477017,1498.41597443288,1280.18490848422,1451.25574399975,1438.48822433172,1523.2616047976,1452.90113232505,1266.61756744481,1517.42782423615
"ENSMUSG00000024998",726.133312710114,837.399599389105,915.069746782443,1116.42181227154,634.444722098334,744.784805139496,732.237173422749,1154.92657656446,1224.80246577141,837.915639027436,1107.40602369643
"ENSMUSG00000024999",153.121148121111,126.444635650997,110.884243262431,84.6010973308031,108.668474841786,124.627784351089,124.845000174193,104.076823089166,165.197677251812,111.273856238036,146.575082263407
"ENSMUSG00000025001",33.0164994462081,70.1523213644493,41.3452540935849,39.2112347909368,36.4983058877146,60.0735365298704,24.4650869816549,41.994175187204,17.6581154664178,39.168397840024,31.3092909495552
"ENSMUSG00000025002",3.39227886395911,0,0.889910687254145,2.21531740861897,0,0,1.0502099873867,2.9453889228547,3.73112352977286,0,0
"ENSMUSG00000025003",0,0,0,0,0,0,0,0,0,0,0
"ENSMUSG00000025004",0,0,0,0,0,0,0,0,0,0,0
"ENSMUSG00000025006",349.964981955485,234.309335473643,301.449042017511,226.025038097415,418.921394977096,285.704817811012,313.363449704791,256.364383657492,407.71708949271,277.450552175408,228.812896180413
"ENSMUSG00000025007",1533.10340657617,1714.49943179455,1226.53203203489,1244.4546480668,1096.37567964409,1428.71138544502,1491.01554625422,1528.74338456347,2226.09157173088,808.672995097688,1953.02549414333
"ENSMUSG00000025008",151.816165427166,180.665130185599,151.388014757862,100.104502858221,144.447599360946,110.135910493995,173.801024761948,130.488697753732,263.632110900887,124.676725940021,218.39153936374
"ENSMUSG00000025010",56.7829656832609,53.5616135424473,41.5368614047211,42.6796822176599,69.7715590862863,29.6015544966713,70.7251967970376,42.530180949608,77.3158469951764,70.9240731967187,59.6520307817182
"ENSMUSG00000025013",0.675588373160774,1.08193268987027,0,0,1.05587365235691,1.29705439424398,0,0,0.950001764196071,0,0
"ENSMUSG00000025014",0,1.07745670718988,0,0,0,2.57140329940756,0,0,0,0,0
"ENSMUSG00000025016",2796.47266215657,2428.90290132164,2587.19819994118,2541.15749274156,2583.84541680758,2164.41815644498,3263.90001613595,2471.312591042,2857.10740291719,2407.53407632146,2733.78482482841
"ENSMUSG00000025017",108.623794711807,150.889716848093,67.3604658311344,62.1747556223108,80.3041603842882,160.905511430729,78.6930305607747,54.4768087369375,44.4831628733947,69.3624913040826,85.7157068569215
"ENSMUSG00000025019",200.400810979862,124.708094969476,147.450840378391,113.945648675709,106.568335467561,99.6744921134864,109.488092543898,111.79887492586,165.752538496361,103.098114503916,128.57783774124
"ENSMUSG00000025020",17.468032038555,1.36352796817969,1.76885569595771,0,4.84327896799187,0,8.27226877953157,0,1.95081103373501,1.95110603829045,4.74208522475096
"ENSMUSG00000025024",254.406223035177,222.349241309827,180.381394096693,231.199476164855,181.67869372975,268.372388942773,273.568036929908,243.368137516123,223.101318390792,232.60727117593,201.319566984982
"ENSMUSG00000025025",247.767948102748,143.330718922254,262.392363459489,340.966039110948,366.75405989327,209.634573015264,271.765833141146,245.512096053159,260.857551443065,361.921138998436,228.503577204965
"ENSMUSG00000025026",1355.93717828519,1423.95918741132,1509.77006036551,1382.05202058311,1493.50198403088,1483.14021800925,1593.33666233364,1479.19242849203,1255.88827231913,1311.51706356191,1209.87318571048
"ENSMUSG00000025027",1632.84298200788,1483.5355616767,1357.9494673905,2115.24392677885,1529.25667042895,1825.08152633693,1562.81569601482,1954.01932568474,1969.30479821038,1143.92466402204,1775.58542953517
"ENSMUSG00000025034",1269.49347198987,858.390798164068,973.342328585936,1081.93174200742,979.465064780078,715.230739795752,1085.15283179498,789.608614806258,846.908334646109,1080.61579472689,948.956357388737
"ENSMUSG00000025035",245.356196713212,217.891935866605,246.648495405949,169.975345031591,181.760893666569,178.971424161679,305.377405640551,185.496758150726,284.018496117357,155.369839468577,212.322352065165
"ENSMUSG00000025036",136.594210834868,134.578309663989,142.549692403557,138.587066921835,104.34567898049,172.499301849224,136.863373687841,128.285732138794,175.988484553037,137.899933892964,187.631521564038
"ENSMUSG00000025037",219.30341389089,266.572525244825,214.141632954774,218.892624411938,256.408511011041,183.408634135516,250.17015590725,238.236842641823,219.946721038679,197.619331062511,237.005575845886
"ENSMUSG00000025038",0,0,0,0,0,0,0,2.94490825902983,0,0,1.15319989119758
"ENSMUSG00000025040",120.043883357459,135.173939627853,115.210402108928,150.338545059069,156.484339682694,113.560209399636,138.39101177449,129.809750930461,135.869788789804,147.34659574524,132.548795048232
"ENSMUSG00000025041",608.991833351997,775.568453018235,959.788174823205,916.680399277107,740.122352305535,799.03946099836,689.279419510255,691.866981433712,624.574032989864,871.583178856365,802.302902918901
"ENSMUSG00000025043",0,0,0,0,0,0,0,0,0,0,0
"ENSMUSG00000025044",19.7974290688831,26.2039858690155,11.3006567830781,12.9225169332115,19.3172040848339,16.9436707264169,12.2342270775724,8.31922247705964,17.6115159330486,13.2781894024374,14.897984073659
"ENSMUSG00000025047",587.696864944187,600.39705104579,469.113354803787,544.631865980922,491.992954997936,680.159352860136,466.591463032498,541.465552803672,586.325478324715,578.84804594684,793.828934800125
"ENSMUSG00000025049",103.69304297094,88.2296823271487,105.121713571287,96.4901131867578,120.838013749134,86.1898021679774,104.476891161412,94.2630024346499,103.031279735505,128.659766447509,98.2157478714676
"ENSMUSG00000025050",66.0917949726148,55.5283572746076,63.5031579693353,82.2792182899104,76.1582616756956,45.0619387132757,68.5084559492303,58.6074056032269,67.1150705621358,80.0430836014128,76.0884805959326
"ENSMUSG00000025051",0,0,0,0,0,0,0,0,0,0,0
"ENSMUSG00000025056",0,0,0,0,0,0,0,0,0,0,0
"ENSMUSG00000025058",6.00250569463203,19.491778466083,5.28598198417206,7.75952521939004,6.31360408797816,16.7417047153365,3.16233672023553,2.91817587971141,6.46647321943469,1.93567368292349,4.56507948017366
"ENSMUSG00000025059",1844.89014289385,1706.91725071181,1548.36892274674,1847.27440892374,1592.87178121258,1823.120021618,1826.64126334594,2457.99710686356,1500.5919833151,1713.63156296729,1694.5881024315
"ENSMUSG00000025060",1201.66637530051,910.909724121573,1281.83154158982,1050.56372908484,1123.56643410814,726.78189927976,1193.64888804812,987.97097420863,1164.68234601916,1187.50345496368,1014.50611496013
"ENSMUSG00000025064",499.953904408454,491.893573373522,405.746189933294,352.811677598725,543.469266512013,272.953195702587,392.415454306272,331.498925157472,432.406417542455,308.683361077759,394.695569629022
"ENSMUSG00000025066",717.575554855577,833.619382454883,722.231750209968,726.228400990603,736.981555641557,729.563250855091,846.192299252597,771.919301848337,708.179027269404,752.14861039845,666.941503642386
"ENSMUSG00000025068",1288.86261845493,1028.38256514932,1115.87327891622,889.97225084749,929.197266532887,797.590700858791,1389.7059258591,926.657211228331,1468.54547579662,830.18334030752,1047.20501462893
"ENSMUSG00000025069",5.67557193058493,9.28573331365924,10.2450978724262,5.44727820392702,5.27603274898546,5.92119056492039,7.66160945294741,13.9074773590709,10.8779115912794,9.48366274265034,24.2418091434516
"ENSMUSG00000025075",0,0,0,0,0,0,0,0,0,0,0
"ENSMUSG00000025076",324.424539358884,237.052633900347,247.573625440494,278.313272852975,318.790305937308,250.047315172035,252.819880377631,278.469133352129,253.975477918204,348.438589322084,399.549711880148
"ENSMUSG00000025077",135.247900226857,155.337514626713,202.03116159056,170.967932294935,136.192888741685,167.585315755815,159.028195656948,161.789510160988,188.717975528986,144.070181951222,278.854637638627
"ENSMUSG00000025078",280.594217118675,274.798881541916,421.018566663381,312.155643438777,254.045557301031,191.121382945919,273.992350620507,236.622517010248,374.514102284996,325.188500344862,298.194637335839
"ENSMUSG00000025081",0,1.08064173486522,0,0,0,0,0,0,0,0,0
"ENSMUSG00000025082",10.3871390047849,4.32780165771157,7.11985559912806,11.9505530268928,13.8668285399992,2.55048120240703,13.2933936342162,3.93324128456385,2.83007244913888,5.60993590266459,6.8654768797739
"ENSMUSG00000025083",33.7679931249231,23.9611649935461,41.0239975753878,12.572755242706,47.4583125742812,15.090844799862,30.9488526867648,35.4894698523999,27.5862576766407,16.9234329646831,21.5402992806321
"ENSMUSG00000025085",150.51697180214,187.439088599066,86.6936282181692,52.8083877059869,210.147801405156,170.931275549901,101.286146002028,146.213805816834,150.452213344365,186.087149949589,140.096334412947
"ENSMUSG00000025086",76.8195343480346,88.9788844693935,79.4045427246798,84.1047976521478,97.6067407113671,106.504799883876,105.521452569347,89.9799287638368,78.5797736867134,74.4616567436816,110.912836206965
"ENSMUSG00000025089",2.99196906757872,0,0.552468667944097,0,1.15493894555313,0,122.628716958891,1.08439649554123,2.06790022655246,1.54650892903933,1.88017337492462
"ENSMUSG00000025090",0,0,0,0,0,0,0,0,0,0,0
"ENSMUSG00000025091",0,0,0,0,0,0,0,0,0,0,0
"ENSMUSG00000025092",7.03737852975596,14.3885741383341,32.0647082781345,5.12347987743598,25.6594780394794,4.03065800313965,7.21662325136866,15.3423413297952,12.4403960411886,18.2856494200876,11.5928981352706
"ENSMUSG00000025094",0,0,0,0,1.05249874457513,1.28196981679831,0,0.986711265757431,0,0.940539206785519,0
"ENSMUSG00000025102",116.073152077462,234.114131435196,89.5661271625223,81.2085125165929,78.2475478582866,114.316611420353,160.398908782709,155.668033968531,152.681029591599,62.6265353665808,68.8591886874144
"ENSMUSG00000025103",450.101989756067,405.392877996737,457.672898621143,455.724277948244,449.539241125505,459.881114320135,496.024206207677,427.813081732972,427.814889481908,450.542098981777,465.420023094516
"ENSMUSG00000025104",6.05530568404202,8.57197285094859,6.88773238951092,7.79801363624002,4.28323761171822,10.3774525744443,9.42698017141365,8.88768289243255,4.5710411358908,6.61000551304761,10.4941662386736
"ENSMUSG00000025105",0,0,0,0,3.14742598769302,1.28829616393441,0,1.98420925281514,2.83861339461307,0.93519260741385,2.27888297477941
"ENSMUSG00000025127",0.687524899822914,3.24004622988247,1.77037622240152,1.09137417255439,4.23881356088029,2.58097577494395,0,1.96806673285737,1.88400688979885,1.88244047181617,0
"ENSMUSG00000025128",0,0,0,0,0,0,0,0,0,0,0
"ENSMUSG00000025129",24.1856795375668,0,1.75175844135999,2.2145121022724,12.9138168749681,0,0,0,0,1.92738644850654,0
"ENSMUSG00000025130",8812.64924335897,11693.8971996011,8926.57444618731,11939.1426064235,9483.40496344627,12574.3646982743,11803.348590024,12470.1531786557,9115.31108399386,10163.2690923023,11239.204404193
"ENSMUSG00000025132",1165.33858439068,1069.12663151421,1058.20999261539,1215.65283840817,1075.7355238894,1194.85857070793,989.75410191586,1046.4511252215,972.428859189477,1055.9752035491,1230.8486637434
"ENSMUSG00000025133",791.872543280688,716.864103582336,734.401857399152,683.078073194126,611.57631788064,638.06119684543,619.993412222596,713.028261030862,720.010765642627,574.165256461737,835.411563821911
"ENSMUSG00000025134",285.076384864526,298.043214860236,259.580060281257,237.804306481128,253.987607651862,303.337347459463,253.971573193486,187.967458429457,256.755184181589,281.898395126216,274.104934740051
"ENSMUSG00000025135",179.795157610589,158.732618519876,170.50186272486,150.246602908371,171.443337471011,189.577642840057,171.034025908987,156.952750018111,149.778343261353,149.726099612193,146.850502593272
"ENSMUSG00000025137",1213.61811613795,1455.80135315488,1145.91049018346,1325.2826321185,1290.82740379913,1786.52767403753,1360.14745333699,1404.30749022047,1062.54528530623,1101.23351205344,1537.29229804237
"ENSMUSG00000025138",798.696057356834,818.083410951391,619.776807093528,674.509226541839,615.716239131293,983.06882123232,740.988683610226,893.292308533396,846.552867323563,728.051943039246,790.721240014503
"ENSMUSG00000025139",211.725580079814,170.394513555267,229.559531376222,241.264869725689,243.905834798976,176.200624072716,240.987627605562,252.870445312938,226.78890473359,241.771130826501,223.774912034674
"ENSMUSG00000025140",161.547031289678,285.029196458657,137.228749717588,281.891385178439,182.475817163493,346.129284625918,303.212420318707,479.33850301852,223.438849714485,229.749126719612,308.72711935373
"ENSMUSG00000025141",13.1973470798622,0.986157984988743,0.812731388741502,0,3.9271656968991,7.94968893276458,0,0,1.71987743435603,0,0
"ENSMUSG00000025142",963.134838181812,1042.58070331839,1035.96387232648,1010.45383396522,974.080887391951,998.848044258115,975.618575037243,1008.39508264516,1012.98067501477,959.036356047286,904.807709156804
"ENSMUSG00000025144",217.303240334609,273.017637474047,241.277776863446,258.727857262748,214.25690775667,314.235486815115,254.185278127425,262.536850199107,258.083277840569,213.110391620826,241.378936875506
"ENSMUSG00000025145",595.573616431566,673.381136215143,690.192502523708,732.57148154525,644.234519854484,828.190251057918,726.225131319352,785.462787444588,666.715026285662,636.003784253187,852.632213779784
"ENSMUSG00000025147",296.995899163411,314.237718426865,402.432871086313,396.32760973759,397.012388361861,275.277805105498,323.676030320466,360.25932141782,337.36987673008,456.484657516109,368.725134719137
"ENSMUSG00000025150",229.001353304398,199.441261353333,252.980764321969,173.593635774816,241.53298817671,126.34632808344,223.609026044288,174.6826831071,241.933801423358,177.566073070514,200.589012389626
"ENSMUSG00000025151",2240.73039702663,2286.42342418147,2285.81160089835,2372.8820701147,2342.56187234986,2208.22009827149,2248.40211931663,2518.2906746995,2330.12592838727,2142.63557949361,1999.56118635799
"ENSMUSG00000025153",116396.465782158,187886.938824253,117984.279345543,197926.286036245,82859.2780604998,226950.799779879,118889.984423792,170717.997420039,158116.839638709,147244.933326098,238022.006783278
"ENSMUSG00000025154",5.63258916434178,6.37691100805641,2.71628577495104,8.65183569626401,5.39704588722864,12.6114730593145,7.14141780604576,6.79758260445757,2.87149141772618,8.43148399002355,5.64258061372807
"ENSMUSG00000025155",623.680512547115,663.31885817953,585.990796174467,698.249617623954,554.40355777262,804.487456050086,676.334218724176,803.941249997551,747.865499757006,602.514693884405,1015.45869573713
"ENSMUSG00000025156",2266.50537982364,2365.88193892686,2389.23571183418,2829.61581439545,2243.18900143775,2688.80488399192,2235.44998180806,2746.04554027839,2491.93288289273,2184.17188116667,2646.31442854855
"ENSMUSG00000025157",342.189166399841,156.320179590992,358.224812053603,283.551718937226,440.576445452748,257.038938708495,375.177757406345,257.450541264048,505.349965419643,258.034491309234,263.822907789156
"ENSMUSG00000025158",202.634012044942,281.54136951494,243.980692320739,268.532069454604,257.865062656208,308.083215742054,246.574847477043,285.020070906075,276.611847011325,201.203747944949,282.368290839004
"ENSMUSG00000025159",790.735868625996,734.693886415254,823.861615830304,853.069204316462,849.769959287678,767.000835464806,819.706446134326,900.592205147189,859.693702385295,1064.90563458457,876.369412364304
"ENSMUSG00000025161",52.3318518550995,5.40270990371415,7.98009906833947,9.80358913930473,24.4421006813119,10.2764214259264,2.05064984551054,1.96605463300545,1.88380617091735,4.69735876930924,9.14340183983125
"ENSMUSG00000025162",770.539198483317,653.215311632302,707.980281745978,749.108156756979,909.611110304965,773.19810489396,727.031452133486,713.622073942033,778.79531045938,859.691662232158,811.170685775619
"ENSMUSG00000025163",30.7976965356454,38.1238967730743,24.60760407711,24.2642119070766,20.2111191623674,38.6738909825982,28.8989938997859,10.8492090288274,26.2428635345232,19.1992654095353,15.0612871738415
"ENSMUSG00000025165",261.77355116125,214.020375875701,335.02533782105,578.271353114372,517.123408758387,230.984955092576,362.17441358647,316.528226319875,402.54183102131,434.641657277454,260.729208563165
"ENSMUSG00000025169",351.538603509352,404.357592487294,441.943801467287,490.29860916706,377.15133851263,379.584656118905,485.559898244684,474.643137068108,429.652755619483,482.762086854335,434.389662076753
"ENSMUSG00000025170",61.9057881915241,73.0211245342323,60.8667715282021,71.2289141699265,47.8403561834778,78.785587178419,67.9808106928062,69.6370069718949,79.7256668834841,61.6692534518073,81.4511430386812
"ENSMUSG00000025171",747.003829334401,640.350642122997,1020.40033060363,928.531944947567,912.633125537877,746.260002467484,839.301892406344,819.840823847163,817.492629032517,1023.32694041046,816.272700627105
"ENSMUSG00000025172",58.626156513212,20.3731672686709,27.2680503510713,7.75104743342612,39.0857423019521,1.30680915450166,38.8621676351049,1.98947722878548,77.6049786131207,8.45904368148437,45.5235228404024
"ENSMUSG00000025173",309.165929735027,293.676456217151,373.259686375703,295.494874485547,294.629413788084,301.250353226296,286.831675826565,310.955631553835,323.077110692972,312.450864726841,387.794988297221
"ENSMUSG00000025175",135.194042946766,237.858294470343,182.752854920248,266.656737666512,159.223094972102,299.502421394076,193.482563480661,376.989811938966,193.85712468425,224.649508356376,124.354618642478
"ENSMUSG00000025176",441.297254244058,710.732669704698,1028.69541734757,1844.95010048663,830.336154071622,1513.18913212425,609.745157184336,964.119270358698,1147.70882253547,1473.94922969927,2079.47384587955
"ENSMUSG00000025178",555.522271360874,489.907259171299,533.147977561015,544.804972554947,671.875264065207,487.799267702951,557.831278626641,456.558396743421,751.377067054134,579.588757496466,655.270392319486
"ENSMUSG00000025184",386.499468272638,451.046594753174,517.765525672306,393.291784896246,474.388008077588,410.84153614218,528.750719729467,379.989785806823,294.393060212997,439.270611960638,321.80138493587
"ENSMUSG00000025185",10.5567564822813,5.00991984727425,4.79303006099239,1.67603976834114,2.45766295124208,2.96590763987283,4.72837060521656,10.7323138204708,5.08966089204406,7.21506381050342,1.76056259061325
"ENSMUSG00000025188",254.841761841935,357.241693769177,312.408709359548,333.638707415007,336.09228735049,330.748747093478,345.704952008664,335.359310567127,342.018924135396,345.995918675218,313.76738166298
"ENSMUSG00000025189",0.689939267648385,0,0,0,0,0,0,0,0,0,0
"ENSMUSG00000025190",833.559892591845,860.663465535467,636.343627138534,2062.95494845537,1135.96873679023,1144.7572589065,1071.06256297612,2398.11980587107,1147.49555885485,638.629350122474,1078.44164101554
"ENSMUSG00000025192",78.1822116266746,75.4381078290852,67.2316820065487,65.5251745603198,54.8596815603326,60.7315902383602,65.5170802426994,58.3728711320856,63.3284595452414,39.4701272685874,76.5099537118895
"ENSMUSG00000025193",189.440896841626,177.949763401587,167.778797567995,202.446267738461,166.525301985867,139.922923104576,190.182522548373,169.144160715796,203.006483565364,194.324314934763,156.680326357404
"ENSMUSG00000025194",0.688490514879001,0,0.888060404447566,0,0,0,3.08858241746114,0.989523669009643,0.941711761338766,0.942358437851892,0
"ENSMUSG00000025195",522.598119541203,559.6065120823,700.357925631272,578.072150677398,749.602801954117,581.254428427538,612.357328914761,708.571299423762,595.084647420173,783.458585095433,725.558948555203
"ENSMUSG00000025196",0.688517413081308,0,0,1.09647256565057,0,0,0,0.988402404678842,0,0,0
"ENSMUSG00000025197",1.39610874645618,2.18102115064804,0,1.11047821444121,0,1.29805314932143,0,1.00444010780162,0.955408185594449,2.55719745627888,1.16432467211879
"ENSMUSG00000025198",265.173294449752,167.267744999679,348.707946920158,236.736905096961,238.785127981782,166.802159221948,251.14322657367,175.665844526818,222.225690148168,245.533225789046,340.180970930385
"ENSMUSG00000025199",975.616174131376,929.851956589841,847.01768855785,865.306105901031,826.906382617597,815.663549990925,1195.78676879964,854.702540229256,1002.76623719942,849.159836515213,1223.88305842048
"ENSMUSG00000025200",203.803141050489,181.488844499305,209.926623986386,224.611722008699,191.518493504235,188.317737685644,179.493196546243,216.631046090478,149.818625059874,152.178126070638,214.816057341478
"ENSMUSG00000025202",246.755166522831,178.088634925335,176.704035866837,433.929152018803,194.30796468856,185.907266656904,309.842535541752,222.896675513229,186.835959910679,246.750592102096,204.834503109384
"ENSMUSG00000025203",2346.51355165444,2255.38620723544,1394.68835425316,1743.66547147188,1111.00304907092,2334.41748853272,1896.57209336009,1262.68018256114,1068.48200482355,688.959167039535,3941.98125436273
"ENSMUSG00000025204",1484.46458428824,2020.18168145102,1572.71571052419,1678.17935327736,1488.8544969313,1830.37237336205,1780.60283954794,1927.73234261897,1516.27040743243,1572.43762725447,1567.8297879648
"ENSMUSG00000025207",658.892242816176,788.475634952145,764.712601556108,582.59199462249,631.176456341034,872.425915988726,612.728065282139,820.118043387251,656.86589188899,638.332174744971,876.331252211488
"ENSMUSG00000025208",432.207609930075,520.417419753848,545.738394872994,562.385306802954,428.849076717649,517.338933413214,521.372347779637,503.069672304083,423.708211738796,456.375200133569,493.471462305828
"ENSMUSG00000025209",180.792930308862,226.221148416413,219.453368395201,292.947089736143,230.110956847556,274.657050930316,236.488042672648,231.899918969535,205.623817470597,204.839404471451,260.622388566111
"ENSMUSG00000025212",497.065583882745,331.32504068883,361.009899974306,401.383634306177,702.418805452011,477.964098952687,445.650527604804,520.802511172591,455.687693112771,370.709597167693,669.858336680757
"ENSMUSG00000025213",25.1155331310934,43.2611145174162,40.5263999873829,42.5473598380896,25.3804805792591,64.6018458249674,45.2940008527777,45.3488152594393,32.9859815145759,38.0406464194377,42.1916221271499
"ENSMUSG00000025215",0,0,0,0,0,0,0,0,0.94676288413655,0,0
"ENSMUSG00000025216",8.81143609389561,1.08025855138901,0,0,0,0,0,0,0,1.90694256633156,0
"ENSMUSG00000025217",224.875345492143,179.137103320488,210.289874795388,197.64302026378,196.510911264204,209.205198433487,209.127131122941,196.565891790789,243.771102234954,200.588726399799,200.513829183039
"ENSMUSG00000025218",188.947289273201,267.424852848254,218.385092538307,206.633459450147,185.047104371354,261.656294064625,227.448758824589,216.938616045062,223.143633395106,228.678482124387,215.805825710407
"ENSMUSG00000025219",0,0,0,0,0,0,0,0,0,0,0
"ENSMUSG00000025220",1876.24295755353,1957.49965910349,2028.00214873261,2109.80978690308,2187.3440519839,1617.92099319899,2519.95986414906,1646.99585970683,1927.57646596994,2052.94679222318,2374.14083008241
"ENSMUSG00000025221",0,1.52508743150266,1.16290567930444,7.43669943549535,2.29232968990831,2.74608783560175,0,0,4.05111833749827,0,0
"ENSMUSG00000025223",1984.49662395588,2119.65120687929,2093.96474400647,2031.40259822939,1744.83764875472,2233.50021169009,2026.67590349188,2000.21465000365,2296.77254568289,2115.81217366548,2249.18025652167
"ENSMUSG00000025224",2162.91369713385,2784.1868732661,1656.99302174839,2422.7856554113,1744.66838867067,3050.53920595602,2175.18969835492,2737.69511484268,1674.07522798958,2141.8257517025,2446.35733835482
"ENSMUSG00000025225",980.017684435268,786.691090197001,593.776882697452,562.303165702383,677.319112200584,597.640783837889,528.643759193059,588.818523356356,543.067047652438,714.933912288962,455.89468270048
"ENSMUSG00000025226",164.030991929834,134.424532026713,165.014512683606,129.759377198908,133.639370910716,142.749700317995,200.048724667624,114.857543228085,207.900230807573,141.652529526501,146.655033282171
"ENSMUSG00000025227",404.449932147809,410.272653453665,314.32383361192,380.679035647797,324.389560991408,372.278027384117,335.126348755222,313.65442369358,432.445484588217,307.587402356865,405.724373860463
"ENSMUSG00000025228",673.389493707272,485.578832967807,802.413726892078,809.923210781161,731.162326072353,677.160498570164,484.59293048739,788.219348147119,799.115134876466,637.589777872631,585.423287143888
"ENSMUSG00000025229",6.04746299595159,0,0.649355889238955,0,0.782742869202353,0.962406167420818,0.760244344826748,0,0,0.704704010912859,0
"ENSMUSG00000025231",135.333570407475,106.253812906629,116.648397160458,94.8005729100878,124.648958305016,88.2640674001148,114.824720780908,113.012954320045,128.285273785479,131.846940910369,127.773988151063
"ENSMUSG00000025232",395.881774733034,405.571118752616,323.31235958296,305.854574789598,384.274284852211,398.960948354886,291.554399226158,324.394070195478,298.611076110766,333.265471128695,279.685189715164
"ENSMUSG00000025234",670.315087978706,578.969090900698,641.29228868997,666.665771563542,615.839360122491,530.953585384121,622.2561695751,647.013822176955,597.061628390155,694.914677880922,603.122042238963
"ENSMUSG00000025235",32.0787918063447,30.1489003896568,21.2294507132532,21.9369713449065,30.6765920624563,31.9813048711652,19.669076507417,32.4546527842342,23.391131362632,26.5900043641364,24.059203172049
"ENSMUSG00000025236",175.692440713103,238.628923591574,171.590176737157,190.160731072189,186.788002376118,251.312692741975,229.07829024439,201.545537573599,212.948948761042,186.234782852834,210.721235887338
"ENSMUSG00000025237",453.385617507895,464.568756618916,428.174010859159,551.055864492878,522.552886299286,472.507105423365,402.203080922114,516.858259955219,342.719393921082,415.145761034095,500.02396253273
"ENSMUSG00000025239",968.212466819325,698.502184370744,793.424289187739,867.704606169264,789.864049354074,719.471626892893,705.55099917268,689.626747295019,874.382576411516,726.822128602552,1207.09900738199
"ENSMUSG00000025240",707.634581607231,602.200261980317,686.554969795552,623.069855686239,656.600877027908,593.677029535101,653.874493363731,736.297012819866,685.273112052177,648.263499742348,690.057803004801
"ENSMUSG00000025241",569.590583525101,450.99864062099,465.507550019807,485.584993532172,485.024894155465,451.030520315418,430.393767457194,568.927579548743,596.768052106343,501.337590364373,567.541941466229
"ENSMUSG00000025243",0,0,0,0,0,0,0,0,0,0,0
"ENSMUSG00000025245",185.183151828602,235.765170513149,195.295544442011,203.171291853354,215.794581400505,232.630792440242,180.365152397984,273.463858947999,192.951508980671,255.442235116416,167.650549651651
"ENSMUSG00000025246",391.211416315122,244.973718120488,376.561177497682,358.685065498158,345.476881618202,252.905968989483,257.168174738573,347.758536558571,385.319227294726,375.36617275908,379.471446390674
"ENSMUSG00000025255",40.7274599001008,14.0823255842722,18.6805449885335,16.3736608020299,14.7386195211694,24.3061211198006,11.3062618576506,6.93309575477647,24.5168116840546,11.1929972362382,30.8368855764316
"ENSMUSG00000025257",17.8309150180692,18.2128165545762,17.6850728869626,21.8728974481708,21.1556806179199,24.4142174453187,19.4728004711938,21.7482399949776,14.1353640353508,22.6867608130408,8.03113515701311
"ENSMUSG00000025260",1094.854673832,1040.86647528032,1133.87250102812,1042.11821426331,875.337315330343,1109.5643670221,1069.04216486601,1036.67005903132,1149.40812139326,972.661161594365,1192.23445218852
"ENSMUSG00000025261",4972.0380248531,4570.44318220047,4831.56397786028,5446.1548696293,4845.6379751475,4054.64460278859,5511.2883728416,5658.84958648997,5212.60769068377,4647.08065658765,5270.01907371137
"ENSMUSG00000025262",47.5245865190472,37.7930356802819,38.9905201546221,41.3984607225398,43.2561521616248,29.5058396836411,47.1060670760809,31.7033368779138,48.1912611231426,26.3081354271724,42.2701170798513
"ENSMUSG00000025264",60.1985828199401,74.2696049340629,56.538392830593,49.6088159470154,55.5781291954303,56.7673130887005,61.9480729073223,40.8476466907985,56.6731642613459,47.3463477417535,55.8722292145853
"ENSMUSG00000025265",73.0502876516357,116.837500280162,70.8215956870351,75.9025010004095,67.89657488949,94.2843065824312,52.5416692381373,111.037835515585,120.586694248702,83.7561473814769,117.131679774806
"ENSMUSG00000025266",200.635911844387,139.255069917521,121.806489855274,106.762713760661,133.029491330664,108.269481521103,151.938367772977,161.618500072245,144.921955337562,104.404791846503,306.130035305456
"ENSMUSG00000025268",137.511107380105,288.841406951559,123.839227027668,176.318856454908,248.372552091958,209.189899700658,136.916729103064,272.941226840951,148.88368310628,213.221701773356,123.117604822869
"ENSMUSG00000025269",85.9766853141589,63.1860178935792,70.4408588930664,57.3271550273961,79.4833054051144,105.067974128054,65.9438194536548,62.6480151403998,78.1573807763129,66.0088991232473,80.6033782417695
"ENSMUSG00000025270",118.457560850056,103.209159226009,154.006933498795,121.684446460943,101.782319961157,122.851488635625,130.678897091096,185.550015335958,178.840397875246,160.16403604901,119.732985933119
"ENSMUSG00000025271",103.156512080565,47.0891417248655,71.4009829134863,73.3814165957483,79.3219024021476,41.6160800759243,74.4508977195535,54.3356604458703,92.2257735738981,81.543912897532,57.0360485984171
"ENSMUSG00000025272",12.6423071873081,9.00183645976344,19.3440533690996,6.38250225526958,26.2976601248254,8.59395355782487,11.1007974479125,14.1138023649683,7.12205950809903,3.91351098106466,2.86275455228746
"ENSMUSG00000025277",142.572784710118,82.2840354957353,175.861596353645,123.865761629655,120.470569641978,105.34178971686,118.915993171437,105.084832088948,119.801671828007,109.822342948933,47.1201441997112
"ENSMUSG00000025278",1415.45617331319,1741.74118505842,1326.83994480702,1572.12247668551,1260.44725970655,1536.67340261112,1198.1085616194,1910.79390681646,1518.61096853321,1296.75292530698,2760.39310198757
"ENSMUSG00000025279",209.030665291221,195.726287600862,116.780863654776,168.801656368898,181.154199772247,143.964772152839,117.65575339831,131.952813355494,116.929546876222,131.502615274552,52.9266061574756
"ENSMUSG00000025280",350.969777949985,307.338825266689,314.979776726914,281.076931317284,280.282542449311,326.626500539395,306.0945500237,287.124024552746,322.695035010355,315.777441616774,432.808119679976
"ENSMUSG00000025283",3214.04996111239,2008.20908030535,4681.92285136548,2248.53700078435,4742.22927387642,2120.25430579877,2421.90963480299,2580.02966381218,1816.67488747662,2832.13892151696,1729.88134600123
"ENSMUSG00000025287",574.968204376465,411.193228755421,396.554286041374,371.536647268597,652.18568950044,453.829556543434,406.75855566146,539.952542944123,562.597023250185,408.72982296816,391.47017553448
"ENSMUSG00000025288",0,0,0,0,0,0,0,0,0,0,0
"ENSMUSG00000025289",2220.62423394787,3431.35149363413,2387.65357420121,3829.79825417506,2543.08815500662,2649.93876059366,3049.73084375587,4089.53641580166,3334.75266501862,2663.7320555846,2536.88019861593
"ENSMUSG00000025290",5341.27046092013,7482.08549136832,5933.54449191732,6556.89057904045,5746.18083240926,6564.40248012695,6506.1458341931,6251.67865976496,5990.09614160394,5404.40322943211,6216.06018051756
"ENSMUSG00000025314",855.110356162427,812.191724668851,917.997562348528,1051.98064243689,765.573456549913,647.013684485182,791.810433746888,913.946076515896,741.013972450334,939.563590502352,1104.24635468293
"ENSMUSG00000025316",279.243038065133,212.856428272043,227.639450571246,290.987792871941,197.612262401103,369.360332306701,137.977547351972,320.611770532116,213.910070391716,147.982566873253,306.673606598128
"ENSMUSG00000025317",0.682611172595789,2.14851010854873,0,0,1.06191908041615,1.28567972784081,3.08191805200371,0,0.936091934637553,1.89027837958508,1.14336385076199
"ENSMUSG00000025318",0,0,0,0,0,0,0,0,0,0,0
"ENSMUSG00000025321",13.5836734882493,6.54623367591081,19.516008691685,4.39702368511147,10.4646081797748,0,12.4787491266635,3.92628327620129,10.2721185277401,6.65637829310184,10.2434883317178
"ENSMUSG00000025323",23.5044991166388,16.1552921978175,22.1931322947512,32.7312087214723,16.8761482946875,15.3127274369762,14.3626383082484,30.6925473911359,27.3216315738968,19.7580743835286,21.742152451519
"ENSMUSG00000025324",17.9137495266878,31.3003937810033,22.1820059141792,15.2662694166895,27.3858840318376,29.5518653051039,19.4259669013116,17.8580286103748,10.4084386411483,17.7982308805253,22.8445537674137
"ENSMUSG00000025326",431.325859318874,472.042957902526,366.379282803591,562.486248554408,262.86016357794,438.760106444514,526.484583676938,433.402992330324,383.973856828684,510.711454365432,434.326271714531
"ENSMUSG00000025328",0.690437720796545,3.24315152169162,1.76988641471259,0,1.05791044016204,1.28349710307528,1.02183314231954,0,0,1.86881160710034,0
"ENSMUSG00000025329",1.38309384850107,0,2.65941672642792,4.34578363456795,3.18023912452154,3.85398839404827,1.02331887685205,0,2.82465841245658,0,2.27848819303651
"ENSMUSG00000025330",149.287556377452,99.6341489433841,77.1412310609246,104.46454398865,84.6945594013894,215.164390722184,74.7360377348366,113.244640055724,89.6395349603473,89.8941656343062,160.687144864271
"ENSMUSG00000025332",3455.91596181479,3343.72918279997,3636.68288167211,3528.92183017202,3462.8824903032,3922.96873193164,3481.39691667958,3878.53144095733,3120.00364674872,3367.92435109677,3180.93315926382
"ENSMUSG00000025333",0,0,0,0,1.05296929892933,0,0,0.98435247333497,0,0.942414018702866,0
"ENSMUSG00000025337",784.46182664403,1246.21470974581,368.889793914462,619.999109822311,1358.80170407085,1030.01554353882,415.947672797244,370.284322467231,422.296056397712,398.628176180279,407.919655994268
"ENSMUSG00000025340",646.33721607761,558.468324566556,805.120383476194,642.235372299943,1040.49336428448,547.303468669491,836.951307727436,659.082789999031,617.618662574931,782.357289555013,636.626616140842
"ENSMUSG00000025347",1.34350998339213,0,0.87594926362439,1.09506887519638,1.05762159258159,1.29104627130604,1.02823420584194,0,0,0.95089580791196,1.14464677977803
"ENSMUSG00000025348",167.388789007566,128.404412561542,132.631402217385,78.5443745141744,195.202101989753,140.172766370625,137.996802059873,128.311855787515,116.425805068935,109.379418028782,122.024127829431
"ENSMUSG00000025350",38.8153411290091,54.7792642081949,32.5515757609844,53.1590750692904,27.6051964751751,55.8404028401802,30.0956748285528,32.0117652082539,42.3334207207564,55.8998710644556,53.8495237567249
"ENSMUSG00000025351",1354.18113973926,949.034314133286,1012.49939295486,774.960856918599,1298.24061171847,944.081442064781,968.778124412523,794.284497904962,1064.10708974857,1056.6277934754,1033.86639299308
"ENSMUSG00000025352",1.37583514594397,7.57060235172986,7.96331380346703,2.17834573317722,5.30993685388153,6.43267551595756,2.04910388899261,6.87426694172571,4.70828663266512,10.3611848557174,4.57541091913082
"ENSMUSG00000025353",350.958475712363,407.351173065838,384.681566473188,395.513778636699,363.187666800917,378.398055454123,444.562456451152,415.678403281559,385.700338773875,362.806073123419,377.725621162286
"ENSMUSG00000025354",1325.99566995434,1404.07899046278,1280.23869667428,1283.00487285558,1202.786202936,1324.32006109164,1346.72445381376,1399.34530946704,1268.55925992627,1319.67371328409,1365.4949872929
"ENSMUSG00000025355",70.7785954485058,64.3282270774271,49.9075557661943,25.0408597053113,68.5104456371367,33.1817215082882,38.982186523308,42.6104594974891,46.7287005959156,26.964563184848,64.5141067636037
"ENSMUSG00000025357",1078.53918804478,1565.2419995075,905.659489882875,1015.45661823297,1004.46393437446,1346.99479726229,848.468418935611,1166.2276747857,1056.37510941661,1238.06492112875,1166.90956707038
"ENSMUSG00000025358",186.501102938563,224.589799137671,201.495760700641,170.183423097804,231.494357480064,198.09329645994,198.976500373788,233.665868422606,209.034089972727,225.304025949909,190.146258599966
"ENSMUSG00000025359",17.0590593267671,32.1703407955345,13.9759909076077,22.7461995449683,15.7894338721365,8.62093954645346,6.81491317352961,14.0099578397227,19.6822919944193,12.5133299940654,23.3879976035148
"ENSMUSG00000025362",2871.4673488986,3654.43372005147,3262.34602134291,3329.4960286216,3165.06678373713,3452.95238030926,3281.58134550885,3202.06369334158,3200.27845594917,2722.2876147812,2938.47421499515
"ENSMUSG00000025364",1306.13728282865,1366.82790765598,1243.24891747854,1431.38884689859,1220.94944620532,1633.82065376908,1436.46482283126,1402.78180975458,1259.24841014346,1091.32576066351,1716.01625642086
"ENSMUSG00000025366",1867.67077078537,1670.27043392162,2223.613029243,1466.05729708545,2369.53972225613,1606.40449271036,1668.33151488695,1385.64713531355,1709.66824116643,2012.58702251498,1568.59563344437
"ENSMUSG00000025369",2561.00463525712,2407.10524497766,2574.1220986076,2375.06355282975,2868.42175709865,2926.80652939328,2385.54979794243,3085.20794483891,2777.52816228305,3028.078204042,3002.95588808298
"ENSMUSG00000025370",4.07649441672933,2.18321866689244,0,1.09797041875474,0,0,4.16013486098063,1.9595107223932,3.7243080248606,0.950972359568512,2.27359979783522
"ENSMUSG00000025371",326.507816053981,341.879744515294,331.098628685568,362.155697652143,352.275373431509,355.224519339798,347.482762417251,327.770460096184,302.936354228326,329.229206921064,425.31521512082
"ENSMUSG00000025372",327.409889265403,275.154970005613,389.773785006601,391.636050870689,308.52886755001,372.5227189281,360.753608480267,356.519229037247,346.572337570081,457.002314489072,450.151455066798
"ENSMUSG00000025373",657.921627695227,751.775155427109,802.220678228398,797.15510406793,694.419171594855,567.462524948839,797.921112227003,545.793129235613,593.662964231644,596.748735644509,634.934275943576
"ENSMUSG00000025374",217.95049305844,253.719222155047,223.314740580002,292.76297996978,215.764735853282,300.032747277265,276.522217711613,226.206219466128,232.395520092466,224.644110747441,220.467344046668
"ENSMUSG00000025375",46.2796129222373,50.6097770522134,33.0057197722503,54.1166633188393,47.2525143623549,118.112104922645,40.6345228078472,38.3208459152496,35.8520345858452,55.3068368319513,55.4880531971574
"ENSMUSG00000025377",220.42227401905,229.929587023073,168.924882210631,200.957697498512,219.824973749869,236.50717766953,208.488996652386,220.307657610456,243.252995460989,222.316268006324,243.975233512905
"ENSMUSG00000025380",0.686997982349781,1.07723617219393,0,1.08737194159196,1.06296283528947,0,2.04505933683894,0,0,0,0
"ENSMUSG00000025381",717.718208378513,864.222666373116,921.128278151631,930.313385610032,839.153368531495,779.370694348111,748.487036592369,845.819158301996,866.655897150755,755.492466995318,735.893355015154
"ENSMUSG00000025383",4.00292242714902,4.24298367556221,3.51228848504734,1.1037374432987,0,7.74871660429347,1.03757852906419,0,1.86528783705737,0.96493023084871,3.47708020900793
"ENSMUSG00000025384",291.502878574306,219.782680718935,268.587040615957,299.597156583272,301.114229075469,310.696835987123,253.862180319724,327.047257825251,267.224759098849,289.183351538587,319.907388646245
"ENSMUSG00000025386",0,0,0,0,0,0,0,0,0,0,0
"ENSMUSG00000025389",0,0,0,0,0,0,0,0,0,0,0
"ENSMUSG00000025393",15486.0064622905,16003.1838527918,15681.9728149172,15297.9304386146,15390.0669544445,16607.0239382706,15915.8176134192,17430.7500369888,14761.1764877625,14517.7161216873,15771.1497689658
"ENSMUSG00000025395",68.511159370439,72.5020603976444,66.3780008229334,36.3139209441638,53.6398329175756,69.2110301180337,46.8473221751477,45.0845250667156,49.3642787373132,44.9290387319583,44.5471675435821
"ENSMUSG00000025396",0,0,0.888711478704945,0,0,0,0,0,0,0,0
"ENSMUSG00000025400",0,0,0,0,0,0,0,0,0,0,0
"ENSMUSG00000025401",4.8222815495193,4.31306831689411,6.20292620763261,9.81332104349266,7.3770293461863,14.1765005691673,6.12907728612378,10.9096647711183,5.68186228302585,5.62020554270697,4.56608776818469
"ENSMUSG00000025402",209.77848645889,192.655202824168,328.541384609513,134.932267713967,871.971159978557,239.823333934358,383.450271641977,164.236589476664,236.882361475672,710.197091014396,250.998336080759
"ENSMUSG00000025403",363.922269606094,480.902857541733,429.626866041081,476.348510855635,387.571538035653,602.207026869288,377.726478356845,455.104423731495,412.218554597366,387.602878817339,510.30663463206
"ENSMUSG00000025404",669.224026380442,1000.8668100813,1047.17582512119,1164.86582479966,1336.78430548015,969.08407330387,1091.68658215252,1099.16624541861,1355.42178689207,1270.60781533536,1004.72851186771
"ENSMUSG00000025405",0,0,0,0,0,0,0,0,0,0,0
"ENSMUSG00000025407",4.28514691654368,4.2760243530333,31.9630504466923,0,34.0146540970393,3.61760588187993,5.19007770006595,0.554942663462304,32.6206751473426,2.10757455347711,2.56718975344291
"ENSMUSG00000025408",75.2924853680776,100.186298088842,182.317831725224,104.936851528672,150.309582508203,94.8898342202821,121.094703546335,78.7373414427169,82.5494347418578,131.090361385787,75.3254205309496
"ENSMUSG00000025409",883.046462352043,1074.87775482011,940.418611496543,1079.2976631075,1102.69389947483,1201.51251103973,1094.66878592551,855.351841214613,946.620269711114,1247.767963978,1143.23093633209
"ENSMUSG00000025410",2172.18025374251,2129.28092725121,2554.18729227757,2458.79469439804,2427.65367261709,2231.25424431547,2314.6177271733,2326.35081073724,2298.20565113003,2320.57552046758,2403.20539098324
"ENSMUSG00000025413",320.385863322749,308.130804371648,322.587555028172,271.914389078862,319.225350612667,398.592169169857,331.948249260067,306.000166113971,324.578250412604,355.476362800247,318.728986293707
"ENSMUSG00000025417",669.227617638269,627.09636870924,837.674281111994,839.467810130626,711.070975882182,588.918689795314,804.299177318247,716.492412419206,754.261691383134,843.520836991706,666.135006945792
"ENSMUSG00000025418",0,0,0,0,0,0,0,0,0,0,0
"ENSMUSG00000025420",13.4147282508526,5.48361108115852,5.27499741226911,6.36665756039279,15.2868219910485,10.8466308526211,6.95673547239844,5.22529279748502,6.11165957075503,2.0616576497354,17.0370195301214
"ENSMUSG00000025421",198.980204766606,283.236698156809,192.730929815039,202.672596400178,165.417474568081,285.138397929755,192.856922953164,219.291250884479,274.699211051641,186.534761833101,237.490241229558
"ENSMUSG00000025422",54.7231786711076,138.602345693981,42.1143204537827,32.2301997839552,36.2735589590219,98.2644849590096,56.3566213815584,35.5784615394821,28.8773312689232,64.6725279932921,33.0165478728355
"ENSMUSG00000025423",561.320615212461,582.678934889737,652.282722908008,665.69051141578,686.380543294962,583.870890133237,685.366970336045,711.217020877187,749.561829572881,763.99163946925,620.17180105539
"ENSMUSG00000025425",4.41786118587533,0,0,0,0,0,0,0,0,0.97980541721019,1.19146426349535
"ENSMUSG00000025427",1.00987729274186,0.365359773775013,1.35128184215649,1.7081493051309,0,0,1.61612837672099,0,0,0.320963910094436,1.78790857992753
"ENSMUSG00000025428",11107.4916509818,12758.8507080113,11499.0189080137,12350.3627184629,11365.7118400924,12424.1926398038,11768.0697314746,13322.7265988384,11381.4970408249,11298.7458974611,12331.3505074342
"ENSMUSG00000025429",58.8114531222687,85.1883957396619,40.0033994486786,34.2794432097253,57.7989194944487,94.4443375502416,49.6895208793564,70.918594906632,43.8619135867281,54.4772914497023,89.106480917516
"ENSMUSG00000025431",0,0,0,0,0,0,0,0,0,0,0
"ENSMUSG00000025432",19.2917052622795,32.4332619299131,21.2559940215557,34.8744514845498,26.4025839078105,9.03881830889415,12.281603874224,23.6953767559272,17.9489159922987,20.6182882128641,9.1205207469165
"ENSMUSG00000025433",0,1.10236987848919,0,0,0,0,0,1.94608388696252,0,0,0
"ENSMUSG00000025436",47.1914747254038,52.9568629696358,37.3644230329613,54.8096321306017,58.8005253249929,53.8132802829761,58.9897562560874,71.1327981284321,54.4325213565076,56.5048126823095,37.2375004825945
"ENSMUSG00000025437",728.557235936623,606.29497665945,714.63177441758,712.285588284859,671.141683939813,506.594759320769,696.943792895684,678.833623781891,709.903585025133,726.247084433576,649.447564249749
"ENSMUSG00000025439",259.144476399923,224.001568047792,223.592295270682,248.147116500959,240.55400482607,243.317273532014,285.283991729576,240.579373692721,223.013218895027,214.862518672447,250.523304467765
"ENSMUSG00000025451",898.495302228854,818.1834702184,959.303089419081,923.697128316148,901.509988707385,810.737100979399,871.083507507849,898.235787075731,950.276036683571,893.102148597724,916.455309210551
"ENSMUSG00000025453",29.063712194241,105.236560707879,26.615387929238,31.6022590568717,34.8052361479857,60.1662510157942,77.5481079568614,81.466809329292,58.6736472316869,31.9009021116222,34.3606652192357
"ENSMUSG00000025461",9.00335928168586,29.2418420605831,13.3421458310329,4.34529694251767,5.31761672778668,16.6307562807066,9.20044382346729,2.95498357158954,5.66713504758442,12.1417690011696,26.258206965669
"ENSMUSG00000025464",249.959705308842,264.013041346304,299.642887209368,396.23830076552,270.183251011155,267.6663841392,368.751151325645,283.719548815318,295.937556055682,284.250594100087,282.437347185857
"ENSMUSG00000025465",1503.40882267104,1580.97148083706,1611.97866202332,1734.79493947567,1528.23935488102,1567.83518567904,1761.44077474362,1541.77794260931,1628.06151459545,1460.70255698462,1820.33966313442
"ENSMUSG00000025466",97.3232319951981,87.9049754892139,88.7559918710061,80.1510608688402,100.502154715105,115.934710970043,100.877629734007,107.312352748253,94.0567111840289,95.3563768894439,106.469084383759
"ENSMUSG00000025467",1.96297341978333,0,2.62174172658276,0,1.07846342993637,0,5.22624468950636,0,0,0.958999098595308,0
"ENSMUSG00000025468",0.670500862770606,0,0,1.09344573668671,0,0,1.0284090695708,0,0,0.951019673664397,2.29389728223625
"ENSMUSG00000025469",55.5541652285953,16.4751616653701,28.1394244096855,5.27921777209575,4.28539376073171,2.47275171987298,13.9890073847844,0.941881507140221,7.20164394700955,2.78100417421901,2.2261557268642
"ENSMUSG00000025470",169.477709919608,201.032086577854,193.220834233957,151.643739019537,167.596503900362,165.851687108092,180.433300576964,193.71715869983,135.288794729165,187.587959865018,131.123985201636
"ENSMUSG00000025473",46.5920710888146,103.914846163928,28.2764119490058,31.5698171489893,56.864485591625,54.1945961861747,24.7942127578421,36.5099513401719,40.9482556712082,44.8388313306383,53.4634941796526
"ENSMUSG00000025474",529.152025927975,335.219981379361,320.201599650134,212.724442412934,323.110629795762,314.833741930201,307.604543779349,256.082160958108,253.650990795583,254.899403010421,241.381478400611
"ENSMUSG00000025475",2.76328443991226,1.08184882710406,0.891202352783487,0,0,0,1.02518528115499,1.97177123262244,1.89029857633602,0.938820667970766,0
"ENSMUSG00000025477",317.342100516442,355.247759640996,288.903850598203,445.845894121612,368.033030212948,393.059224764249,332.681451868446,451.963141102252,344.695672527313,352.754123391261,498.933787039847
"ENSMUSG00000025478",0,0,0,0,0,0,0,0,0,0,0
"ENSMUSG00000025479",3159.58753078339,924.106499219445,2782.80516946176,2773.86408528746,801.485230350747,1451.17720388821,2987.04924267848,904.325841705995,3431.89434687323,1345.36039139752,3625.16929791313
"ENSMUSG00000025480",0.682516644668534,0,0,0,0,0,0,0,1.87946621155404,0.953631059964496,0
"ENSMUSG00000025481",95.9909521283815,99.6711230532604,102.244027272193,126.894428312455,116.212546713078,82.3895341117182,134.048311601387,148.117819033273,105.495382150455,116.101970791886,170.24112237453
"ENSMUSG00000025482",0,0,0,0,0,0,0,0,0,0,0
"ENSMUSG00000025484",74.7197964109511,89.9945209749861,127.126732673048,95.2279320719041,62.6641787330181,87.5876873580348,87.6501101009015,80.5476791055025,98.0396861021402,82.1712280740028,131.68157436745
"ENSMUSG00000025485",750.644839158326,650.324768262163,696.47824036867,717.39125614369,673.043640544226,687.880414674519,661.127146594916,621.325619601784,688.68160854678,650.705477175487,785.245924437152
"ENSMUSG00000025486",145.218354312731,173.979034108985,178.41081687279,174.136142973085,160.918277132163,150.001569142815,175.011891647965,182.758146429245,182.697243755558,186.967871153163,194.169303352233
"ENSMUSG00000025487",1251.37621936311,1122.74642583877,1063.32971997017,1178.56691147442,1144.7729578594,1130.77051985261,1300.66414542943,1189.05806727812,1129.89868561411,976.37025403629,1111.03828997103
"ENSMUSG00000025488",43.3205506089694,11.6232042572925,26.1005826646945,9.58853865039459,19.8674913947846,15.5786907062293,35.0608218440862,15.5291825079616,15.3409629719928,12.8181561678115,23.0993285402954
"ENSMUSG00000025489",0.660039521302562,0,0,3.32291069326379,0,2.60375279565182,1.05309517064126,0.961421861530027,0.919883782287502,2.86944046583805,1.16854375472768
"ENSMUSG00000025491",16.2509034768755,31.3360943128308,7.07495749814747,8.83875483871921,13.3174849546934,46.3658465734656,5.16455814209467,8.68353844251075,8.31063742430371,10.9169601076344,14.0270649019808
"ENSMUSG00000025492",351.247691506308,346.907388121512,364.064528522434,281.713031468146,386.594323920377,288.717034575713,309.294808488074,259.113337679527,284.033622094829,257.410527666465,320.806384762617
"ENSMUSG00000025494",324.885658930521,382.544942172052,247.519941803939,202.543981868354,323.840407188742,498.91783741044,336.557812478038,359.250503728041,186.786591910585,305.22913405638,305.443280004621
"ENSMUSG00000025495",168.137824553956,144.909038444358,422.301044762916,169.079003321913,157.948952214499,174.402389451466,123.587983309375,157.536185062349,198.600696268839,145.870260172625,178.239844360895
"ENSMUSG00000025496",4.06159104056997,14.0778785844294,4.41244825665472,19.574907246085,2.11264706628039,18.065346727306,12.355683119417,36.623577407982,21.7457230622073,5.70007026951022,55.8194680407282
"ENSMUSG00000025497",0,0.714906702747574,0,0,2.80739679129412,15.1948915929758,0,2.28635220268835,0.627912798377347,0,0
"ENSMUSG00000025498",874.205597203633,675.023179664027,578.289841762147,799.063006662735,546.44116567684,717.88434712612,554.77170166495,272.501124759196,531.737840543824,685.759059943322,593.671502706539
"ENSMUSG00000025499",495.064408527174,487.626988686402,519.129266430396,580.805584672955,510.172139674127,544.826001244257,553.929326518149,557.110518662019,500.673507763474,546.544363174653,520.497129519055
"ENSMUSG00000025500",50.1663280383187,73.2914719467661,60.5297114829722,67.8504316580847,73.6670118461185,92.7417492703052,57.5372937775762,99.029558672546,50.0394730215992,76.3338386851709,81.3637459524431
"ENSMUSG00000025503",6427.42606570909,7828.55674545942,7169.81200724561,7689.15212880064,6797.61097867544,7910.87896925585,7603.66937193461,7431.79487729342,6855.45374176514,6829.85017704439,7363.34798120682
"ENSMUSG00000025504",1377.73837785607,1308.09095362354,1509.71834645851,1728.89233633048,1116.29404167758,1371.59564087316,1225.06035264255,1617.02059341285,1549.08693418873,1660.59417026916,2158.50641882022
"ENSMUSG00000025505",20.7862136888277,23.0546942848839,12.1336165153774,24.4714426422581,28.0016237203787,12.6835120252604,25.6788782830248,22.9026934877043,28.9972908520665,38.9382555887862,18.4924354844949
"ENSMUSG00000025507",37.1650307367147,64.1202716163518,17.57223588557,30.2494298666607,29.6141963166524,52.8243393686386,35.4316566340717,32.8321363295344,29.0582308851212,23.5009927753651,49.1486833748969
"ENSMUSG00000025508",1716.43891778213,2537.49887621587,2001.52179666022,2142.40749353567,1923.35732402301,2097.80271461744,2236.7825583782,1897.04848813217,1827.17568368682,1820.77552878336,1848.69221327913
"ENSMUSG00000025509",6184.80274875841,6970.85254146091,8502.3265730114,13717.6774312033,8479.88153071172,8779.4052490649,7351.4306813038,10412.2208697026,11143.6594305876,11578.3163368472,10326.8345621829
"ENSMUSG00000025510",1148.10924805398,989.22175729006,1407.89627598006,1314.61833812125,1258.05339895509,1165.23289784031,1081.85491595273,1222.36349603851,1127.67890513839,1117.03010128152,1279.27665599159
"ENSMUSG00000025511",136.768575492713,136.544021498569,126.383272844296,362.623538113404,138.105901183925,216.492936331486,156.984182469208,180.510703780338,254.854238639368,157.361117610414,257.344305241907
"ENSMUSG00000025512",421.426029985728,577.900821300743,479.643616445009,656.152863116422,461.630100733237,646.252377917542,456.853012860051,663.888680663891,463.632451140261,426.914317951147,395.198401523439
"ENSMUSG00000025515",8.9209308844643,11.5205594669774,3.69053548348591,15.0085386112301,6.20367394852761,11.6431230525835,15.7474752231491,41.3594510733277,65.9134888597863,8.54473992849917,14.0560438982484
"ENSMUSG00000025519",0,0,0,0,0,1.28191223901898,0,0,0,0,0
"ENSMUSG00000025521",306.922778921429,351.93360168318,435.300008777078,531.889720320511,344.944274369726,383.248480953128,460.350726365245,393.879011690717,485.320384857994,439.685224377062,352.589170167813
"ENSMUSG00000025525",293.001148124935,303.910953366976,325.896720846791,265.261614761726,285.589535223739,259.203968071019,328.300462007667,310.11282627271,316.900763306489,308.773732082218,270.354667163243
"ENSMUSG00000025527",0,0,0,0,0,0,0,0,0,0,0
"ENSMUSG00000025528",0,0,0,0,0,0,0,0,0,0,2.28090890516888
"ENSMUSG00000025529",2.64472342460463,0,7.83208897225462,3.22295103761802,5.39534615470879,4.03146528360624,2.16766382540127,5.08734520917988,2.71816740024564,4.64097247446436,1.1131722904044
"ENSMUSG00000025531",69.3393834498755,56.0615104626102,74.6974959550013,78.5480109205903,81.6924534506301,37.0324137344829,81.1490816511657,69.1960835051901,88.0356380414645,72.355174817824,67.3974313232875
"ENSMUSG00000025532",87.2773269592994,69.9615220860015,60.8482581255923,79.9218798712719,76.4786109141437,78.0654795774914,60.2312425772595,88.8292869814389,85.0279179030305,62.0046672258887,108.188334526163
"ENSMUSG00000025533",597.819427418652,751.915494616959,649.333055638607,648.346083564792,643.26976476415,730.15470496981,716.680492675563,684.937632139827,584.111458619848,645.696203074462,706.304850629152
"ENSMUSG00000025534",2023.30702506927,2049.19076250233,2775.90192587713,2100.09281638413,1852.70485075671,1532.50248850481,2106.67378602491,2133.24757659983,2135.59765444948,2058.36329824236,1613.663244131
"ENSMUSG00000025537",92.0659598641108,10.6679136565039,9.68769329522025,7.99813859254952,10.291421745558,14.6379777772537,6.86286312533165,7.66745847962035,5.17183547526982,26.1182684439328,16.1287954381779
"ENSMUSG00000025538",114.98582505085,91.8585188944488,104.148242095931,71.8483598310857,66.5975136014061,127.914288055933,83.7448880605059,121.200854777276,107.692664962233,64.0458598811307,72.2896394014239
"ENSMUSG00000025544",2987.51756201875,2216.51747046576,2526.16859922593,3284.01606613453,2550.51438537954,1735.6447335321,2874.70969835227,2862.94161064174,3150.10920784525,2412.2276343424,2735.14499937699
"ENSMUSG00000025545",221.79751882948,260.771867847664,231.45850415364,242.960404869662,256.12446054592,286.214091680607,240.857041009953,282.563525277347,226.548706017609,220.967742297461,276.670302868379
"ENSMUSG00000025551",0.665126912025045,0,0,1.09697670826111,0,0,0,0,0,0.964747087262471,0
"ENSMUSG00000025555",279.159626371124,144.631304158632,286.683929821811,293.942488363777,257.96588800464,195.201340879744,163.406944342552,209.824840084004,266.839325787682,285.341686682498,331.22299601289
"ENSMUSG00000025557",0,2.14946890352882,0,1.09217362712027,1.05619683079728,1.2795157183263,0,0,0,0,0
"ENSMUSG00000025558",897.677981328967,766.8406596134,973.754488421202,807.912418436468,956.790188488188,568.021063341093,866.802958425689,889.096624629726,987.221250206519,1085.54853380736,988.734182130273
"ENSMUSG00000025571",681.740523583967,574.547709218523,523.996022210337,582.745083273576,508.448647704839,523.801078602951,400.439376417793,554.606964579322,621.638254435434,581.229154047762,642.761194100382
"ENSMUSG00000025572",911.664313255522,2307.89596271395,2236.28226161261,1891.22458049971,1369.12624208426,1727.014622528,1478.54639785862,2466.82408763636,1735.62279919201,1682.91514291951,1816.53574243461
"ENSMUSG00000025573",0,0,0,0,0,2.56382447803796,0,0,0,0,0
"ENSMUSG00000025574",28.3946586083487,40.7237138348914,15.8331751589882,12.0815170031314,13.8257931021963,33.6932529155513,11.3742533275941,19.5562041560841,6.54249244206744,14.3291776956722,8.03796906941206
"ENSMUSG00000025575",289.781309720716,334.657961782423,338.403897755544,326.368237030703,290.642460572882,376.853766674529,281.523951908096,338.556985778251,288.804978566139,341.961253344188,332.769112827584
"ENSMUSG00000025576",0,0,2.78810852914931,1.58148960610527,0.716032957361503,0,0,1.279770886008,0,0,0
"ENSMUSG00000025577",16.5014323635616,15.1193024681792,21.3229368821944,17.3948220745863,30.9103217783911,25.5555384505754,20.5119169342152,10.8240985739592,17.9116953824397,19.7384605485404,16.0274774219766
"ENSMUSG00000025578",113.207525242905,103.415712919464,148.104672853511,93.7687085572805,134.46187514517,111.273446589015,161.165560325283,114.858429911741,111.917786462667,124.48824865664,69.9607289615158
"ENSMUSG00000025579",1531.22811534709,1494.31350929691,1707.7268589829,1803.8486936435,1555.0902132702,1652.90276953641,1552.46462089157,1705.48455671155,1603.47101817847,1733.01281175114,1442.2866558858
"ENSMUSG00000025580",735.138401499337,814.6654337007,665.622163885553,677.488967073505,645.292561936898,831.815485953546,659.989169273896,658.121743898427,771.726794085448,635.291074506188,785.647345211464
"ENSMUSG00000025582",1.37770715944006,0,0,3.27560922095988,0,0,0,0.985898328442712,0.944178131005831,0.944821946233882,0
"ENSMUSG00000025583",535.255741974252,508.10620406259,500.303242769569,600.258269325909,531.068768782824,624.085516947482,527.097325177446,647.983581715898,526.529605135215,526.006207359409,640.738604837596
"ENSMUSG00000025584",279.638328030288,286.880092546642,384.912864822377,305.419781587864,353.325756090358,345.924714249023,265.286232775738,348.95989152281,331.107667708602,357.382048766769,328.846031939087
"ENSMUSG00000025586",25.3587535754662,15.0778095817926,25.775950211471,9.92696998398375,19.972338391214,12.7742055288559,15.4720473098249,5.00726441134911,23.6962011155104,25.3305910080805,23.5274832795172
"ENSMUSG00000025588",21.3138787894553,47.6003369357745,58.0383584533714,22.1029043071456,21.9824216663728,42.4001798747339,41.5962216807654,41.7512212413538,28.5794183116387,27.9543490213301,24.2279025593602
"ENSMUSG00000025591",57.5247092181924,54.5039502922682,70.7543728047328,56.9019020001113,47.1907863342017,49.4752081945424,51.4315957695923,48.4407021849853,86.902753027831,55.0318938026411,74.448555590694
"ENSMUSG00000025592",0.945181297171664,1.802765410984,3.12181495937807,0.962133921652854,1.38226020294751,1.12923960618172,0,0,1.57265553066735,1.24677367017075,1.0044910358031
"ENSMUSG00000025597",16.6160911032134,15.8168458104916,8.66991620704775,6.38177548951065,10.2224842622161,13.6886002568083,12.2450287706677,18.2178313058031,10.8398847499338,7.30649326364294,17.5799353889994
"ENSMUSG00000025602",88.2719445487022,112.753264415566,200.331161284502,84.8111469816103,84.1224011712934,86.9535945452824,172.324731493308,153.239364398872,95.3617742434215,80.3721727811158,129.621914234932
"ENSMUSG00000025607",723.199661181881,822.326397592782,793.423835415597,868.911596793902,760.071041135373,678.26054158243,886.219126339568,945.386533184722,844.408000308671,760.414606911776,758.169275016224
"ENSMUSG00000025608",60.6915785495737,29.0101728506632,44.174025414812,59.1140422569145,55.9092825106844,49.1502881071373,36.8727230083315,73.3104635254844,49.163038693508,43.3481606682752,67.4990201789551
"ENSMUSG00000025609",1105.4156941065,974.357075202492,1053.88898009172,1084.33393894884,955.55708938817,1014.24084878224,997.51827907776,1044.60030489183,1123.46581053402,1023.46500560897,1203.25416283088
"ENSMUSG00000025610",0.649834591631098,0,0,0,1.07571537252312,1.28295370537783,1.04007154164355,0,0,1.91186962388099,0
"ENSMUSG00000025612",245.478600764272,210.181856856101,281.697111308711,311.43327307376,352.836447527658,180.293889103069,272.409862371583,265.640187607269,243.868400314506,323.313212531653,257.118458445694
"ENSMUSG00000025613",1609.4842591629,1473.10752047345,1306.41660769923,1437.36681010071,1420.79057488206,1437.64871043723,1404.69208308402,1363.80289011481,1356.31547887675,1261.14652200197,1395.0348099548
"ENSMUSG00000025616",975.72453730175,941.041750231029,823.916867114114,1001.08407901694,765.136770844647,905.572015527402,968.203836800795,887.581595842645,929.226285122605,778.470651469123,1061.71203846039
"ENSMUSG00000025626",59.2697926610117,37.1526880332788,32.5296326919478,50.3610712781798,27.6372129839494,46.3865970679773,31.9256474590609,34.2518323902669,55.8033294950316,31.0579663604322,33.302374048089
"ENSMUSG00000025630",343.103003097299,301.708417344972,306.615196856717,272.044812509012,336.046727431926,312.860712141037,287.132532687367,280.265120476316,285.476701417773,262.974415558503,282.496537513871
"ENSMUSG00000025645",98.1396812705946,102.582215411157,102.522356246535,79.6992640953517,104.817871562946,124.143588158411,96.5675572109109,91.3661004965393,109.103746182901,87.6769710640776,118.697405192043
"ENSMUSG00000025646",214.089201564391,159.696651114908,132.378890969432,159.913944839948,131.635489812922,199.493994285502,138.068705388256,157.951339433919,173.445763381533,145.927491769024,238.262858948514
"ENSMUSG00000025647",528.571510170313,796.697070168855,382.917946555657,338.156510508591,393.20983206689,611.416928076581,306.275231308157,274.927417234275,295.198224927118,482.206895378095,325.87099010753
"ENSMUSG00000025648",16.1277478262506,23.0693445783352,10.9625238024013,13.345355581384,13.3996825886537,13.1100932365323,8.98282459328014,14.0884289532188,7.35294052435479,13.4395553265991,12.8306781502115
"ENSMUSG00000025650",683.069238513692,766.255139131262,818.840152513978,710.944353306236,825.011616104376,647.664025806807,641.669213157636,652.222385783461,603.997145309596,606.947037618577,544.731364730527
"ENSMUSG00000025651",3470.97431157806,3702.35201565996,3567.61338803829,3548.24531148262,3494.95343962914,3881.69071943428,3586.81972691801,4047.40816745485,3346.60840613213,3509.67694810705,3563.44147736958
"ENSMUSG00000025652",0,0,0,0,0,0,0,0,0,0,0
"ENSMUSG00000025656",36.1915265810945,18.5532932570436,15.6052068734471,19.8599795327106,26.0304294669919,11.5579899187717,10.6633618758194,11.7673828897663,19.1795919140277,19.6823674392921,17.0226227539208
"ENSMUSG00000025658",0,0,0,0,0,0,0,0,0,0,0
"ENSMUSG00000025665",17.7251758227666,25.4528687468203,17.4556584190449,12.4897128285199,24.2613790873125,9.10330373896951,17.3711382635403,41.4753396863037,22.4695301969872,14.9450250381976,12.8694499310192
"ENSMUSG00000025666",44.5943946735222,40.3831643498315,34.2480606538836,28.6917446419014,35.3610976249544,14.1617715189451,49.0004494131137,25.3397573012261,56.5959046797045,14.5036435423497,35.9646181701326
"ENSMUSG00000025701",6.8092689272292,5.06069730180032,4.99242655575966,6.62743457946787,7.92415397677892,9.65579111435701,2.87970597259952,9.29135476445984,4.43545549563576,2.64154378408036,3.79108052386329
"ENSMUSG00000025702",537.272724091081,469.677292207188,442.203332459056,564.265750284269,598.302814516288,442.854371890361,542.880642472848,705.053644301347,614.518946946598,583.5440948982,595.968351955103
"ENSMUSG00000025716",0,0,0,0,0,0,0,0,0,0,0
"ENSMUSG00000025722",174.302902061106,157.244693058926,150.237625574814,176.697371834781,182.001594397875,202.317451466973,179.97098768632,195.034593423372,166.272693889402,193.988582667687,175.042467787703
"ENSMUSG00000025723",12.7447451465963,18.7685624380342,14.8679849655424,11.3577132825131,5.01229937437731,13.1595999173321,12.3545036441747,11.2148333443202,6.88945728826263,5.63897255489448,13.27318901598
"ENSMUSG00000025724",414.243367865338,451.078338482994,418.951377965339,543.158283249998,431.541545293056,416.539841058371,438.833611129252,452.212746034102,412.441964722587,375.461172879794,410.903773127165
"ENSMUSG00000025726",0.691201100291765,0,0,2.17982930220087,0,1.29211618284652,1.02589112050714,0.984718412230991,0.943448022737155,0,1.14050388419662
"ENSMUSG00000025727",1.3779299550857,1.07936842201636,0.889847214235003,3.26095529390049,1.06813226941529,3.81898913473067,0,0.984126095308249,0.94338402175311,0.93773931098636,8.02446267330458
"ENSMUSG00000025728",985.150993073381,1151.09198551299,815.874971444563,1303.3355945337,1222.59433945547,1160.02472194165,804.161253077195,1095.40340985167,1102.67666599332,1143.21512255436,1229.59150602715
"ENSMUSG00000025730",239.384506945676,195.407429081278,167.822473840681,207.40104566203,244.155778172647,221.344150078047,178.312472353517,184.542569086426,251.0160224008,220.20839055922,226.804984643495
"ENSMUSG00000025731",444.026665989528,450.177271374694,438.473373073152,453.76553110178,443.863898969433,525.486715554834,445.178238630713,444.594734525381,428.014246681281,439.727703007192,489.048788363775
"ENSMUSG00000025732",130.597715047944,198.853201944576,166.763658149709,274.877725249354,113.885281840127,196.735276302869,211.625454892394,187.599815610268,188.977506347471,166.199220142909,183.422447067455
"ENSMUSG00000025733",684.627471969345,585.872031354297,662.995505692788,571.909967965942,528.036195993071,686.95198454335,610.856100797416,632.637549115258,582.021489812721,592.5888136806,679.894717706565
"ENSMUSG00000025735",102.108418011518,82.9747540773388,80.7747445580542,89.6458096398932,73.3703380046433,97.923584769305,105.190016164903,79.6336402925146,83.9796196630176,90.3578701151021,101.249622484075
"ENSMUSG00000025736",423.274940529435,489.059812104329,437.337933592486,539.526198679711,410.696079434188,596.857757023227,434.090351397068,495.495655787996,403.265384321222,432.572767290686,523.393538579388
"ENSMUSG00000025737",322.794905120702,373.41712514587,318.938950575631,419.717504382803,294.903525507806,417.445752030976,345.309853953276,328.358783034216,344.93688309761,366.942749965851,375.264290178111
"ENSMUSG00000025738",16.839003874288,11.1818184608197,21.6268214952778,9.2044739666825,15.9396494848597,20.5756887748816,15.4202169624209,19.3646004256619,19.4413459071132,51.0368627849616,20.3564187752872
"ENSMUSG00000025739",0,0,0,0,0,0,0,0,0,0,0
"ENSMUSG00000025742",87.1612449389937,99.8391958880706,87.3143428118931,81.5411716507793,87.9624197584357,103.788147399264,94.772265452937,164.473952534736,87.4731089159652,83.4086054178409,80.3901292832879
"ENSMUSG00000025743",56.7281898796323,67.9161575005639,73.7132814578054,58.7163095583786,76.7767610215309,79.1347719773418,44.1515834929175,89.7180649406943,65.1056488393668,101.849225787124,76.8061365457252
"ENSMUSG00000025745",3221.67961591493,3116.00853236622,3789.22297853581,3906.63686199392,3858.07795579815,2920.08351256005,3468.40783868234,3824.28796971106,4042.26336857069,4215.48463736182,3081.59203242079
"ENSMUSG00000025746",0,0,0.739147918765256,1.30897055377922,0,0,0,0.822545282490123,0,0,1.37737853820183
"ENSMUSG00000025747",111.662211111909,148.605934595891,120.093340957018,116.237826434452,87.2458015952623,115.896368232433,134.595058350954,120.502158354564,123.391257677962,89.2870848975923,104.945046141705
"ENSMUSG00000025754",0.689082888496421,0,0,0,3.15678859451488,0,0,0,0,0,0
"ENSMUSG00000025757",206.821666096348,206.57847839272,222.144994755422,223.5383511383,215.117749877648,238.458000400412,218.560851343722,206.558123486978,212.131356253955,206.443603757931,206.489854916807
"ENSMUSG00000025758",57.4787664231466,49.3501141711671,24.8571686552154,16.4179701664484,57.3566421041594,115.236187128627,126.36752298646,29.862262626824,37.2598897264464,58.0797793647045,22.9184136226312
"ENSMUSG00000025759",89.6181741015581,98.9786271526617,108.077283203747,111.457898938562,102.421910934194,109.388356529633,105.473749226891,106.336400665614,130.132569722585,94.6081250067038,92.3066725331509
"ENSMUSG00000025762",925.699896386393,1113.16445624061,994.606127950035,1128.36803789802,1004.52171170864,1126.57051045629,1117.08549197506,1058.83715889976,860.140214306776,1118.00171866012,1134.46306397156
"ENSMUSG00000025764",1323.54417096986,1349.73212254048,1061.94191683531,1316.43979142378,794.261892357403,665.371422684501,1413.64458511409,1226.55021599141,1091.97604378193,1002.03934585679,1261.36417939229
"ENSMUSG00000025766",25.3669522758175,17.9502214539029,21.1400552190308,11.9220392099849,24.1823010992791,17.8981401830537,16.5549060678632,15.3873492927284,30.6369992218563,15.3077168606811,25.6161819018145
"ENSMUSG00000025774",0,0,0,0,0,0,0,0,0,0,0
"ENSMUSG00000025776",21.3992600164973,10.215592029535,18.450833149997,11.4064846466675,17.9396429781484,9.67846278261855,9.79073249818771,12.1150450140818,20.3797739710178,10.7787775480717,18.3819826331714
"ENSMUSG00000025777",0,0,0.888711478704946,0,0,0,0,0,0,0,0
"ENSMUSG00000025779",51.7029889863419,82.3669500727292,56.6226359701822,85.6712122224091,62.1570406979156,73.7481603297046,78.4215995491653,102.006172085783,103.574830272029,95.1313465624304,45.0919498611325
"ENSMUSG00000025780",105.132894649514,66.6935572684264,64.7710642552267,65.3752676288367,93.774911510316,43.5796261356287,76.5424926267596,64.5861112863706,68.1739970697793,61.8639705617554,77.7772906115249
"ENSMUSG00000025781",2232.24393130532,2438.35585221152,2426.28059232629,2763.61358106354,2334.44422409278,2511.84066971138,2452.22680637533,2831.24747083101,2532.90064377782,2323.31317110352,2469.17587462616
"ENSMUSG00000025782",176.922411631261,503.458192423553,78.0010095840713,68.0657857010751,433.738051501632,546.474494554654,124.233559692044,447.346776874707,328.95206536188,646.14064012294,1404.36163048888
"ENSMUSG00000025783",51.0960072807483,53.2975835540044,54.1204878162266,61.1125718673814,77.9276954148948,49.887276139661,64.438220947944,55.0513196334055,81.5769140862321,70.6518493809031,45.8562107239495
"ENSMUSG00000025784",190.519536685167,218.735001625949,274.859060565899,171.152759125445,293.896727431226,298.085307786905,197.226669744482,212.049650551916,204.416215967745,168.316571725593,169.901332991069
"ENSMUSG00000025785",354.309233943774,385.725014964237,392.34529456485,353.865429645831,316.546192237553,385.547520561445,365.002538515446,383.089466113845,351.17492372819,349.470835726386,360.504805298896
"ENSMUSG00000025786",452.050281405696,331.93982228875,377.50380413843,331.232163966196,366.66334809331,405.394579950243,340.326532252243,390.759034312126,346.395086633021,396.245508399434,398.556298026279
"ENSMUSG00000025787",4.62764156733221,7.00809241082057,2.05157076565435,19.6758372180855,0,5.90146110669564,0.393011278455968,0.382569542157665,1.45628067530297,9.17179672646999,0.883128556303221
"ENSMUSG00000025789",0,0,0,0,0,1.28784863127797,0,1.97606229630558,0,0,0
"ENSMUSG00000025790",65.9249184432307,52.6316044910727,25.638619749419,21.0512324458584,45.8900699593499,44.463628881595,32.7011290409873,35.7912411724879,25.5202136208962,36.3166566965858,33.8912988538272
"ENSMUSG00000025791",1407.01469875738,812.9118976279,995.357960300291,1018.29293039007,907.027227168749,820.179604075948,923.763627945859,785.136873853089,901.1759014659,888.403524176488,877.904170317876
"ENSMUSG00000025792",1738.49270687319,1709.48754436386,1919.70145198189,2439.17736060632,1655.54605540108,2217.73253833601,1842.78220043604,1872.50794317017,2152.02181991807,2087.72585769865,2114.64512887472
"ENSMUSG00000025793",839.352189374125,671.567528609979,725.715954867437,653.06093469154,756.703562442304,762.197571292515,734.968413661273,781.666576918007,698.429330278803,827.299549803345,815.602353822136
"ENSMUSG00000025794",6040.45855011896,7818.19487981061,6425.5705151077,7615.30161152173,6584.71504619347,7413.58732836067,7119.54436817718,7093.01738429151,6522.1419753434,6107.48729500624,6717.95196340297
"ENSMUSG00000025795",949.11514129549,898.385482108434,1374.95799634439,1128.05534909192,929.848528060799,885.055535760115,1146.90319840436,1066.35737520991,1198.04323345204,1257.34581760978,1172.69174870181
"ENSMUSG00000025804",52.0158415069852,59.1020804564031,62.6186325074057,80.4538945061696,91.2472243690809,62.7019293852221,54.276859497881,55.7031457110922,43.6571538604602,30.7005134582036,47.0818956361127
"ENSMUSG00000025808",0,0,0,0,0,0,0,0,0,0,0
"ENSMUSG00000025809",4056.76815872369,3347.50531579319,3575.77044411226,2919.73108307548,3975.41892531038,2461.52815079932,3133.40114057162,3698.87087810616,3726.8157563561,3557.34464227374,3256.5697449326
"ENSMUSG00000025810",222.438473821997,216.558758817309,247.626726305861,213.830291406103,283.284393230449,202.020033070112,201.954157476799,253.641059402603,272.558825105964,233.343368864159,241.247144321409
"ENSMUSG00000025812",862.653188844852,1564.67445383334,1855.92431011566,984.147604954972,1018.28932134256,573.887570066803,912.388392508402,787.144861310435,1014.17960657343,1225.03828916829,889.792508049397
"ENSMUSG00000025813",1721.2909181913,2253.30069136153,1908.57961460235,2449.41911691939,1345.20831181736,2139.64286080382,2006.89025386868,2000.85872335466,1916.21446139005,1390.16778001165,2452.02355880629
"ENSMUSG00000025815",81.1789087218061,96.8786809470325,108.127934996891,77.5087298269547,75.8798104628473,61.6678074912976,94.1211594831227,70.4471774703777,146.590496789342,131.469871015132,115.48247787968
"ENSMUSG00000025816",64.0661845802502,155.051268300837,160.772896108462,164.285791732024,174.963218336825,91.5839362139818,173.068967866069,150.838765436228,144.694349353007,130.233376607431,108.69396367185
"ENSMUSG00000025817",252.409478383672,317.033948020275,230.452122306925,235.937167711328,202.285509795866,251.961637605473,294.908188864491,174.336863896267,193.167056226465,185.363177618498,196.220395185784
"ENSMUSG00000025821",621.962170472777,525.496132383487,660.762933778888,735.718776233412,630.892850948958,540.970661864273,730.239598134953,685.550523959462,542.389644236943,643.532825795033,578.315999775964
"ENSMUSG00000025823",1377.6816029274,1476.86158680468,971.069402694777,910.278064239214,1166.05181393346,1453.25357533112,1060.46914674857,1000.38052165349,955.212220433303,875.523407688545,938.261419243074
"ENSMUSG00000025825",507.801490546801,577.428852361112,555.962269981137,585.176553678059,514.446609249317,637.33855001693,660.975418519793,580.772318820246,556.315020322941,524.891924531414,554.380664254771
"ENSMUSG00000025838",0,0,0,0,0,0,0,0,0,0,0
"ENSMUSG00000025839",0,0,0,0,0,0,0,0,0,0,1.14045445258444
"ENSMUSG00000025854",2633.3680643185,2668.06453467022,3146.97049882898,3107.06587026963,1221.38765629624,3448.50786676071,2472.77579218018,2748.21364971021,4024.52792821792,2777.8790831383,4917.64302196793
"ENSMUSG00000025855",13.6107061118436,8.33326297744826,10.2942640766603,7.97690192021266,33.2667049927197,10.5526223369529,7.47937487383293,14.4634341864151,17.1503411619137,5.51063864411433,13.3471513504523
"ENSMUSG00000025856",102.632640066733,101.236630319232,116.497423620517,101.342847250391,87.2110841863577,111.515150565154,84.2218260432987,97.1994435758498,87.7779017834584,107.627627427754,119.328949617765
"ENSMUSG00000025857",190.11982731863,177.129774871025,208.885706611109,164.882661323134,190.446713874623,202.22520277336,165.957604981957,183.816482913705,213.262806663565,171.956663091361,207.299136652061
"ENSMUSG00000025858",641.637482356672,730.149334613286,652.675590876587,751.471381835438,708.591129684937,703.245533981344,755.068638845337,716.739484012378,770.727924045852,591.395955512765,753.147600400874
"ENSMUSG00000025860",180.664417039532,31.8114886495488,148.838967871704,98.1366839270965,30.3569598887866,93.0646293472072,368.606752954689,25.3616102919201,395.093926264611,89.7014158488307,244.987549486789
"ENSMUSG00000025862",980.066689759149,820.538351667018,1084.29593540477,903.239313321604,1141.44736880031,649.333801930322,986.281402179874,940.566012033531,1292.77434828108,1088.53217203,794.689796497996
"ENSMUSG00000025867",5.25057270527093,6.39644645222495,15.0239810809793,11.0457836185227,9.95157731887915,2.54834205385333,9.41496328309356,6.73694886484872,11.0535986157034,15.2270483227477,11.7740668391452
"ENSMUSG00000025868",346.926693786182,376.465709781165,510.13555950272,435.614332476925,382.654019141281,387.369557560626,455.485172862399,396.05537265942,374.953112926932,358.534835703421,361.855109701007
"ENSMUSG00000025869",254.10540565173,311.830197381587,320.770477942807,380.473064706413,282.137350928882,283.590387881843,373.100371366861,224.676767410285,329.301307128505,281.86093261742,306.003578507472
"ENSMUSG00000025870",80.758724761617,32.0230782768813,41.1773911014232,110.536419867927,41.6352234116121,30.5853107356834,162.370689011764,45.8243114762894,36.3314193069675,29.1942166812635,37.1235425297022
"ENSMUSG00000025871",822.429275220912,854.023916956049,862.213906418421,996.660550689574,787.214808380364,772.713810215871,878.073382311542,956.795089507873,925.731143570237,795.315700638193,862.239074373206
"ENSMUSG00000025872",297.908256236716,379.788390063667,330.314581294445,354.942688565417,323.902042299551,332.52650690239,366.388863776544,361.42706700219,321.60313046565,320.363695891398,359.584415272518
"ENSMUSG00000025873",409.055856749585,274.862911144125,334.490064527413,522.48974495451,332.084784308499,229.39301249091,423.305299946376,577.956342269592,560.10122196227,301.79464043033,320.172436021291
"ENSMUSG00000025875",147.874496445098,120.501935460129,152.91745270552,118.099282293993,152.000800073264,144.45451815075,152.303844189837,134.942496454268,122.514438757719,132.028442670545,161.407805164106
"ENSMUSG00000025876",292.422260111436,238.382637267056,392.217413917854,280.850162689141,329.615356361,381.586786914505,300.428493196724,502.37500599386,330.142309223056,546.951645083651,307.575440950786
"ENSMUSG00000025877",29.8172664325296,26.2776878715743,83.6718021266622,23.9332033687491,38.6709576744739,120.344020548756,7.9762902772472,97.5245072361569,22.45702055922,25.2871742109921,19.4508697573194
"ENSMUSG00000025878",1109.98342515841,1530.73599505837,1597.24732968046,2203.62726118431,1329.60633843703,1331.726568759,1625.57407660692,1409.30679999782,1436.72881381574,1339.88967420209,1339.43839145624
"ENSMUSG00000025880",48.7403605844523,89.6628302850332,64.1126671927936,55.4959925694764,53.6241601389012,75.5315602036329,52.404177041277,68.256738871411,43.8181939986646,55.00648742916,35.3302603915162
"ENSMUSG00000025885",1434.80456068339,1159.63122147592,1734.86784056189,1481.32286955076,1768.98207113269,936.155426810955,1235.53970381702,1307.99334677227,1312.83867844117,1565.37687027574,1373.06990317407
"ENSMUSG00000025887",297.550685465423,176.028295571935,237.932930786755,188.792266385614,338.044424645924,155.460859854252,188.388271326712,167.327212923097,244.86366728252,296.269447676327,182.383495814631
"ENSMUSG00000025888",237.203746411379,221.116954271475,384.398388922505,265.667536915122,336.690781041965,248.527262256644,363.896239691776,175.140720742477,335.150170702025,238.831577576658,259.945826183061
"ENSMUSG00000025889",4.55937502542023,15.9930968464826,11.3989202129455,4.4334310557596,7.60134384470351,3.88192740286419,7.35193878602203,4.86019374037275,16.5649898251801,11.5193656385174,3.50752231789639
"ENSMUSG00000025892",0,0,0,0,0,0,0,0,0,0,0
"ENSMUSG00000025893",45.0290713100653,48.8515809885134,35.7525930970627,34.9872392210873,38.505914649766,62.8933544514569,38.0324784280631,46.8685725035554,51.926714285739,28.219300547945,42.742889158508
"ENSMUSG00000025894",290.835108353114,258.761875611578,163.469290044303,283.721255234493,155.651111653162,613.188824901291,280.096237128526,556.875863300269,167.233802688296,138.317295468547,520.279260974995
"ENSMUSG00000025898",339.327582346715,404.805266802583,370.32264992445,338.50785088603,405.911997741656,327.240664263584,405.698579803097,321.280062834767,418.364303785757,340.82701413424,347.788549954207
"ENSMUSG00000025899",83.1109512932186,93.6239417225051,200.693756221734,79.4634190143553,69.8950048374119,63.0660142695871,90.1963914795673,91.6878146063263,91.5766620190892,117.696754520111,80.1862599171875
"ENSMUSG00000025900",0.793112622130803,1.26925320276899,0,0,0,0,0,0,0.701214186676959,0,0
"ENSMUSG00000025902",90.0441132224352,103.466062027688,151.570738528172,108.921926607085,164.811671078262,133.796438191303,150.366202668376,130.473312393431,140.637442138049,185.445663116018,250.45417606256
"ENSMUSG00000025903",277.491280375113,222.505557518424,271.433746775238,300.00350110248,250.021305639966,277.809711737503,290.441804587055,336.755521215102,262.903083211421,269.6816589381,262.119291158365
"ENSMUSG00000025905",0,0,0,0,0,0,0,0,0,0,0
"ENSMUSG00000025907",868.472232861846,955.807922074249,1196.45833703954,1118.55827372253,1101.82386435696,971.864721631408,1035.36494608852,1113.73109756346,1093.15652089356,1364.11921724156,663.7054385183
"ENSMUSG00000025909",0,0,0,0,0,0,0,0,0,0,0
"ENSMUSG00000025911",278.898849159858,255.411828794105,298.785034141708,395.847231886351,272.385916562189,401.196153100712,286.93544600714,307.512008943969,475.49059938058,384.002756469971,401.667355473685
"ENSMUSG00000025912",3.8713484790043,19.086181125881,12.1922826352148,4.20980401323905,4.42609547380721,24.6867141434886,6.98435405970961,5.59750388590654,15.4306217239527,7.28071703569553,7.59223202440553
"ENSMUSG00000025915",43.3272702837477,49.9286207739442,30.2345800263001,53.7267885509699,113.250016260703,51.7608618986994,30.9376206213876,40.6284109861835,42.7130159264583,107.174402243242,51.7918713507778
"ENSMUSG00000025916",0,0,0,0,1.21836452014434,0,0,0,1.37165580811444,0,1.35803705688833
"ENSMUSG00000025917",782.263133437861,761.183116675885,634.830905223839,466.266788144114,693.392675015688,631.670620946145,431.163225023705,724.200375268596,845.721988268542,821.270425565506,538.461257397835
"ENSMUSG00000025920",213.5853745376,200.095684260088,240.021474285472,198.436169336476,345.931375302184,177.717227830759,214.806847335525,209.645329549942,161.158203573128,328.215931519808,167.788673529123
"ENSMUSG00000025921",261.715911413895,326.282681521681,318.844731890772,269.597729490084,240.487789469354,262.968799289618,323.650277974403,333.37134903058,268.475759778352,297.165136138499,271.241032835505
"ENSMUSG00000025925",188.29705067122,191.593259243065,246.484067575886,204.423208200271,272.938719555396,189.77541904262,250.627156052963,221.73546236718,259.279028372147,250.609626441517,155.00193425045
"ENSMUSG00000025927",39.4386306411195,73.3555110983709,69.568492899993,107.350948509781,83.5207003135125,34.181873772861,103.289835721276,69.4021079696523,104.990837373739,78.1036768073303,95.1004780731631
"ENSMUSG00000025929",0,0,0,0,0,0,0,0,0,0,0
"ENSMUSG00000025930",35.024146153183,3.05685564912942,2.53109461591442,51.8197411372003,3.05575239109266,5.55222325805114,3.73647249576443,0.704344377136054,2.67814704668965,4.15626696883329,3.32756940643089
"ENSMUSG00000025931",0,1.07742060072968,0,1.08853058451465,4.24880394947439,2.56715810197745,2.05176394757263,2.93136320793173,0,1.88293303388428,3.42454194313899
"ENSMUSG00000025932",15.708945330007,10.1058727946672,8.28524554633885,3.17787478317918,6.91516933961824,4.6291860530565,0,0.772721316836963,7.8630505174043,4.08238650752272,3.56762908712996
"ENSMUSG00000025933",2.96410167227085,6.33679891151575,7.10536958166779,8.63985785483741,1.3882798499543,9.6036903198653,8.20745132736677,9.56129311575972,7.1763987866507,2.46974087200181,0
"ENSMUSG00000025934",428.531936593286,704.477176780716,741.514413662501,786.481851700206,492.438820185228,1560.05351460317,560.71757554493,698.511570640922,542.248161412459,933.121305083445,654.484487143864
"ENSMUSG00000025935",1700.69638538909,1707.88683217038,1227.90857850259,1719.82523005778,1499.86670526576,1780.88122117712,1820.18517105829,2005.22842249583,1835.64279701092,1808.42240657142,1602.39660315045
"ENSMUSG00000025937",294.872643490961,267.690675429225,235.938408060001,258.126327601481,256.096084755847,277.572279787638,280.784960807239,271.438095588746,247.932004605525,230.294401712203,271.941402686043
"ENSMUSG00000025938",4.74001192344431,1.85960929877735,0,1.93814070232827,0.907487181075803,1.10497786302732,0,0,1.11580315745021,1.6242892631795,0
"ENSMUSG00000025939",80.6275431290177,64.1023099202373,71.98586256775,66.80357385943,54.6980706710693,86.5772578938989,78.4958310147749,98.750659882403,72.2060755674022,78.4738428730931,82.0980322629136
"ENSMUSG00000025940",303.129936740572,340.309478365806,311.396655529946,339.42804921195,265.412756984503,324.330978501849,347.041777833538,330.938347249399,362.636234005151,308.877229851821,300.014528355923
"ENSMUSG00000025945",0,0,0,0,0,0,0,0,0,0,0
"ENSMUSG00000025946",0.690485720002384,1.07603327523431,0,0,0,0,1.02889863198756,0.988029323446611,0.9409121415063,2.83732454458428,0
"ENSMUSG00000025949",246.054677021143,353.307366772921,553.154169080731,280.900714218779,483.583127562383,263.010504548015,699.306022455745,170.767298064546,242.244153212169,171.99584515881,286.356775487949
"ENSMUSG00000025950",713.756460382203,487.121489902123,639.247754951387,360.55479004631,754.573156501099,463.881214071884,748.176083778854,480.701076214285,498.118855549046,487.111790339521,603.127371883443
"ENSMUSG00000025952",0,0,0,0,0,0,0,0,0,0,0
"ENSMUSG00000025955",0.707323797099118,3.31035621554839,0.913680870875555,0,1.09593899251401,5.71102259098624,0,0,0,0,0
"ENSMUSG00000025956",43.1588590423798,68.1607844499608,54.1172477111892,40.6653235386099,65.9312663953158,49.3280316323646,54.7699710484857,30.5104084292611,69.2462443005653,49.2940050831364,52.9175610422281
"ENSMUSG00000025958",124.897698780254,77.6925119986847,118.691570050701,85.034794949715,66.301604035423,67.3134104648672,93.825721227479,105.756639964358,62.2477247362342,56.0646767544054,89.4306567997315
"ENSMUSG00000025959",76.6320710173467,93.5256175772535,97.6339037654872,58.6261019259946,61.958274149799,53.8207752539237,68.3250094978086,45.393719966104,71.5930414626218,129.876648019256,65.6359984152643
"ENSMUSG00000025961",0,0,0,0,0,0,0,0,0,0,0
"ENSMUSG00000025962",186.550162582663,168.833426115363,212.212002628767,166.531806647767,162.821838597929,205.299515529611,183.266312144729,155.154975772492,182.565167088866,179.592341174206,230.261987974055
"ENSMUSG00000025963",1.37068376064657,0,0.888158272954376,0,1.05866574742907,0,0,0,0,0,0
"ENSMUSG00000025964",35.3372239275308,41.9196497681291,18.6374174474067,15.2461401144056,32.721024446303,38.3227712413959,23.4998884221355,38.6721282766844,19.8695732314324,29.0992077210872,14.8856826357475
"ENSMUSG00000025967",4339.41119714797,6038.90970081347,4967.06285312577,5770.17889171968,5000.84155801213,5103.71939067832,5734.2546588804,5136.0948120046,5142.25079756363,4545.52892432492,5015.96447677492
"ENSMUSG00000025968",1449.43969300656,1363.63152586211,1425.67220509633,1782.41056332005,1669.34732341147,1469.23883697038,2109.87133937278,1775.56991653796,1731.73585107837,1532.64471447006,1470.43714436503
"ENSMUSG00000025969",71.462506041632,47.4654822721977,58.0880933534564,56.7033356685037,72.0501242818032,64.6877852287187,57.4818302119114,86.4884309887627,72.5823310677835,78.3369414838103,83.4482719993801
"ENSMUSG00000025971",184.955321976651,150.522570899545,144.940253433825,163.016591598054,141.168286093617,173.849345021552,168.759092484932,183.813908053435,203.737627686467,171.543184941526,182.040914621883
"ENSMUSG00000025977",0.60617084932063,0,3.20919862338894,5.86193840015311,1.06553001176181,3.83220249512697,7.60558028219469,0,6.65359773446515,0.64556100882151,1.05903818887108
"ENSMUSG00000025978",391.311450957085,145.146315283965,477.220878132543,291.122550781762,412.05515107679,806.854013866998,224.094178150007,458.805040577658,557.85485544296,369.937505864753,614.619726269792
"ENSMUSG00000025979",283.306805062632,241.176583429868,270.719634027854,221.05211843912,261.260210909641,233.785340363202,258.523153764096,359.366778371749,291.817647722844,258.561962005702,249.708595566148
"ENSMUSG00000025980",2366.49649793333,2486.85209093612,2082.73186715218,2514.15198828738,2397.60655023794,2467.50699219295,2820.27536818714,2477.71735244762,2293.8386302193,2146.36195862626,2545.5597705145
"ENSMUSG00000025981",183.001712263302,170.652802923936,213.682470767762,234.17881078739,272.862497870021,120.262668820868,217.623488977426,151.164946098231,177.735778728902,210.768648152062,141.392070883672
"ENSMUSG00000025982",3509.06718001431,4543.5926702056,4885.13955301965,4880.6495888345,4347.23264199976,3506.38431510394,4670.61574061766,3992.76047258876,4468.68109838567,4276.27464925923,3842.53516569769
"ENSMUSG00000025983",0.825578223995004,2.77067714229091,1.07073605477051,0,1.38085656952957,0,1.24541697969271,1.20498330488098,2.37647516430686,1.25792910088742,1.509985629941
"ENSMUSG00000025986",228.256300488547,128.417037301399,179.743111027392,133.33458269673,222.125922368611,138.671077054681,208.860886761008,123.356924070202,174.163870742962,150.581923930791,218.010054558517
"ENSMUSG00000025991",0.693885239988701,1.07692063050259,2.66505079563826,3.26594292052095,6.32226348599869,0,1.02262018000928,0,0.944065077235882,1.87471840552741,0
"ENSMUSG00000025993",56.1883358445356,69.9169723350422,17.1848909538441,10.5797825136171,30.6598688493177,13.1278054877246,12.4509974905872,4.78511150875689,43.6122842656108,40.8175791714555,49.4131616774587
"ENSMUSG00000025995",282.128402625478,234.210811614807,202.882134077412,183.043475977557,255.472646825264,265.453365150837,248.452422757507,204.355330791124,275.992848077801,248.544226419953,296.740952097726
"ENSMUSG00000025997",22.8869570350075,71.2279124990235,95.1092258636422,50.7426826416643,16.9614819650285,9.33746893582771,51.860977350121,20.2923234397029,40.7841526706056,33.8883433467714,19.8752423154323
"ENSMUSG00000026000",444.202109336712,529.128070280558,664.745426428264,647.870465729263,605.967109839867,509.753156737848,727.142313605416,646.613810603117,732.426675442911,635.514609765088,559.756277645766
"ENSMUSG00000026003",1944.32255780114,1548.73561339423,2117.52792037085,2073.88348930865,2225.53267088735,1394.48670346794,2048.19676588472,1702.62693607844,2346.86687241074,2529.564511401,1548.16904109086
"ENSMUSG00000026004",258.839819897554,240.336921131646,347.136802702391,354.986540337806,355.398240671,206.258453769707,305.849706124775,331.755208753106,219.184713748419,345.647010588541,248.587058796315
"ENSMUSG00000026005",414.891895877057,378.34765622424,357.985219586051,318.376245833281,344.626300621446,361.810146656423,386.441211801804,386.615833373466,339.46148055591,286.805263429035,369.931248334183
"ENSMUSG00000026009",2.05399764790436,4.36297926709835,0.903206521858523,0,4.80975829221778,2.64208344404822,0,0,0,0,2.37544937040545
"ENSMUSG00000026011",0,0,3.94929818110972,0,0,6.8304095924968,0,5.69390845311702,2.50935911867758,0,0
"ENSMUSG00000026012",4.69749621049028,0,6.15652606868044,8.82325108288357,3.18724372829401,0,3.12618718279231,4.88476801244765,0,3.75406623262313,4.61562357683996
"ENSMUSG00000026014",283.462227087919,320.834426319873,460.327542181729,503.753165862388,523.283336910369,297.103040117649,421.072183087048,514.029458341786,356.197565311361,513.502740902324,250.934109889705
"ENSMUSG00000026017",23.4775324986198,60.6537783823936,23.5595007929993,58.710438876386,12.3195816498877,24.3345129831403,79.668014239261,121.290623659434,48.9281825630703,23.2831156719632,14.6131163524978
"ENSMUSG00000026018",0.689151950237782,0,3.54389956762262,1.09209478209637,0,0,0,0,1.87916362395958,1.89067148760815,0
"ENSMUSG00000026019",267.296959456261,258.252727403693,220.920297628085,267.085544328524,245.524920586353,262.050196921588,311.860766121472,240.189709051531,290.792717185015,237.803358258764,293.461755780361
"ENSMUSG00000026020",463.553407643117,345.386497849263,323.047583100685,172.414113092725,289.774106252172,315.712081768566,312.756522819185,357.769939881871,249.374130146681,322.546514229268,531.721930350796
"ENSMUSG00000026021",217.28531372951,174.996590952522,160.691322649072,197.890342818531,208.051198657569,178.298043458613,220.178968637617,203.951135030449,201.493679401165,187.718990923861,203.404355598959
"ENSMUSG00000026023",0,0,0,0,2.1032729405633,3.84436912923266,0,0.990140827117768,1.88548996092063,2.81965644321728,3.43060880479927
"ENSMUSG00000026024",315.909890186702,221.343963038715,357.702813754493,308.441968613216,293.938060302457,296.102048222778,246.762925206352,281.349210776491,339.984431368636,366.61090640241,343.672575881763
"ENSMUSG00000026027",244.415627594295,278.552083579823,257.403265555282,290.60688125023,274.927358095337,257.085607832756,288.574367328129,299.829338310191,257.285866145261,299.17291674163,211.44998477651
"ENSMUSG00000026028",359.630800693939,319.476784178308,928.348408637326,383.866468574782,355.054313074557,305.821142368129,326.562896663681,408.798418427491,397.959482942585,373.738442697548,492.108822957583
"ENSMUSG00000026029",499.776983411906,537.919121584465,488.6058371939,439.525450276553,522.012881539217,685.379578276198,463.969068950636,576.127923208525,544.895209654318,496.653906809128,469.966362508172
"ENSMUSG00000026031",239.236142458121,254.849950850433,282.734049186354,253.564333690488,223.00351307048,166.553317525833,201.190441945725,218.837190144511,210.239072758004,209.799397613228,261.762783159177
"ENSMUSG00000026032",299.309043931922,351.301371115281,239.955965625328,244.540307513254,266.427853271086,261.667129037441,289.529459804367,296.764956051081,268.119655034319,247.182625830093,272.805747448457
"ENSMUSG00000026034",1517.3738940373,1931.65521153117,2084.6422415425,2046.54774331886,1757.04256623087,1904.9664356652,2136.84498622505,1755.52040237237,1674.31988564935,1989.22338716966,1403.22070403549
"ENSMUSG00000026035",109.898349723338,93.3039832647849,96.1031108608141,113.0221337182,97.1550869111781,116.050165568182,98.0903281617889,81.143928293892,88.6634985039591,93.6275209498009,79.1876716055539
"ENSMUSG00000026036",134.958675215269,146.303705118839,90.2545298961829,109.07802505324,123.656052349751,152.441225012671,171.942692803687,128.134202908824,163.247388116971,76.0988360943996,110.540105377333
"ENSMUSG00000026037",74.7525427838363,76.538983731174,380.941424600381,65.039760070376,782.075280788781,68.1743726711488,65.033203685046,55.4140334427469,77.3409422765388,62.5388728235754,871.1129984005
"ENSMUSG00000026039",8.22834724296299,7.74823603436532,10.7841060101071,4.37634028599388,5.2162561971923,16.6147948349752,2.05106972678106,5.86264084596747,10.2523325421056,15.0228710542742,1.14607720378046
"ENSMUSG00000026042",626.20938233455,552.532109685801,542.582056576453,383.757738815025,832.835994479165,337.862714146302,404.644650395728,508.608346346084,552.411236847669,400.12227146479,478.994709121765
"ENSMUSG00000026043",7564.78917796475,7481.5602017633,6225.87785805757,4077.50442674913,10472.5023319517,2370.25055863328,4184.05937379201,7445.30765271195,6011.80312073312,4651.47874529475,4268.95192853862
"ENSMUSG00000026047",100.055835801918,111.014999424216,98.6921678694364,112.624994729664,146.760380466933,126.61766718496,125.183932352854,109.281776239813,142.848226331239,183.53241328275,101.55096273981
"ENSMUSG00000026048",509.729244328532,568.797406233591,544.055773735863,516.487628360113,520.211002269878,549.475651606555,541.869910653508,492.534537124486,605.185133751951,547.362256240228,514.029846678944
"ENSMUSG00000026049",119.111592674895,146.153341572384,137.309713295908,220.125248970155,211.482577624008,168.959114045222,245.06226542677,245.686778842468,182.756154795991,158.956687631717,146.898467329417
"ENSMUSG00000026051",7.93690824744805,5.28943740505087,6.15384818729578,3.31227411186378,3.24306640292545,1.28372852902175,4.17670291748858,2.92050751270611,7.39676416925712,0.963736538187258,7.02844658335339
"ENSMUSG00000026058",0,0,0,0,0,0,0,0,0,0,0
"ENSMUSG00000026062",161.320581711087,154.903024798403,153.301099240969,167.689738263688,154.641197011694,185.266488443866,179.033508535291,210.733218358147,193.20017929581,165.202259217738,181.462912881437
"ENSMUSG00000026063",0,0,0,0,0,0,0,0,0,0,0
"ENSMUSG00000026065",230.828186705075,416.328114229025,167.648075663835,498.03954778726,196.959798811997,417.365812865186,325.664959861766,720.035432383032,518.895524187764,275.115519995154,720.893406113213
"ENSMUSG00000026068",32.1216325237649,43.2774093083554,13.2910505905386,18.6512819742264,25.2553586303036,46.0588409938142,34.2440708379057,27.5188460538071,47.6558484008208,26.6090592875869,38.7914601380926
"ENSMUSG00000026069",0.787483802022725,1.26914717856737,1.1117506521894,0,10.4049334549126,3.74778955337604,0.607419631260491,2.44740158093953,1.16087061368958,0,213.925336102044
"ENSMUSG00000026070",30.4776640904625,20.5339747016735,4.62873214910287,11.209190571637,21.5710723709934,34.024967394009,25.6493643014603,23.8489611527295,18.3098789341906,9.38011263670458,26.3226792563574
"ENSMUSG00000026072",20.0937046035026,19.6887998412654,13.2456343696593,11.0848760926673,33.417082496119,16.7336758991104,16.7717690482775,16.6415739956761,20.4591398646717,9.62718508397993,23.7130007873236
"ENSMUSG00000026073",8.96476602205727,26.7664342072595,17.721103324614,13.1158694099653,56.1398985031142,13.9944171983491,23.6561866240418,8.88202374055709,15.9473695572209,21.8026256173006,14.9470445793815
"ENSMUSG00000026074",2344.50603477544,1961.59427048792,2401.58471730384,1941.38223873688,2692.56437446975,1866.7620277255,2034.65012751127,2339.40610878363,2181.70880164335,2329.8203804971,1918.74451878362
"ENSMUSG00000026077",269.021572296135,274.766050722981,264.72313510987,333.439598191205,457.380423085602,403.017783625438,290.836607137261,665.248108148107,79.6436196651573,417.734315782271,163.952259718629
"ENSMUSG00000026078",564.422070591971,594.499312755169,732.614753150472,552.92037068475,748.932853768353,573.183407380231,626.808031473652,630.176846028232,608.544520329787,638.521875971424,483.50516612093
"ENSMUSG00000026080",3.82168594583483,12.296884986265,2.28648620432643,0,1.01083606736313,6.02603802581308,4.68872445534835,0.925444938090484,0,1.80788326109123,21.7493269424266
"ENSMUSG00000026082",934.751681436006,521.32809540398,593.776872893273,716.88445064996,760.234686412604,587.66631052851,683.13316266376,602.061984223013,488.740061636332,655.708534062492,764.898245021528
"ENSMUSG00000026083",3273.91775546167,4075.27488902221,3188.26422339782,3575.33376683219,3581.98504212693,3807.25263645326,4099.60013745019,3372.5041142792,3525.55029296247,3536.58604347104,4121.06498848401
"ENSMUSG00000026085",0,0,0,0,0,0,0,0,0,0,0
"ENSMUSG00000026087",334.035249968639,331.443358125172,325.581988113579,304.85610091836,326.691284349826,331.63854620464,355.926218690126,270.957837351821,374.329339306147,241.514392614218,360.304436502546
"ENSMUSG00000026088",129.561986222986,131.425494961315,104.486406485981,103.102900837527,102.275292423671,102.007591300205,129.186623051892,77.5597689874642,110.356696381208,150.829840187844,142.273978068931
"ENSMUSG00000026090",1206.85237566136,1300.29526368854,1356.64846546364,1401.84911858785,1551.28190022718,1295.15008791359,1301.93082268645,1211.71169222172,1456.91847787135,1594.28785613328,1449.47095832123
"ENSMUSG00000026094",281.942290105703,422.089239364986,418.069866319063,579.378895921112,322.491981885668,372.18041127837,533.583296054688,451.175267242059,384.984658590045,459.982639099501,355.346893036546
"ENSMUSG00000026095",502.208849451817,801.332688408274,565.349614279741,562.171647875364,556.583426134756,638.234319796524,523.214119957833,622.862747328033,553.639994515691,569.126101779824,703.573796313186
"ENSMUSG00000026096",89.8529018829543,69.5937736075417,107.447856912967,72.7254871926238,57.9155567331829,82.3161526670298,104.784559233352,78.6565095377242,99.0363670596668,76.9732722757336,109.344458506746
"ENSMUSG00000026097",30.183615319161,25.5682270023611,29.0896575515847,21.0506943512337,17.2067649266569,16.7350592327147,23.0632059188938,28.2060778475033,33.1961042905521,28.9280500489642,22.1730758547473
"ENSMUSG00000026098",30.1087603241757,32.0408589699009,36.1481116122079,56.6852576364492,22.2484556140139,19.5843028217238,18.9201051689707,21.5900707358006,76.7161458506205,62.5374182141365,33.171524422565
"ENSMUSG00000026100",20.9793398915257,0,0,2.19319906522313,5.24836286922887,1.27688454233256,0,0,0,1.90679883317783,0
"ENSMUSG00000026102",137.645128529377,237.691035267585,325.698652236248,251.774522860404,357.447416683044,126.410750222374,401.661992770183,167.521878809691,218.527124075096,340.262480610534,194.392642571864
"ENSMUSG00000026103",189.250631429409,197.481380265337,132.912087563965,154.338760135752,239.539815415931,167.22693190087,164.743652204492,175.687895489071,237.302012976503,228.104911485786,169.352265856297
"ENSMUSG00000026104",946.544719563057,1175.37818310273,812.329824717031,811.829123581969,828.177229045748,953.622713112383,988.901529678962,717.867720003329,786.935699326615,1172.26656288263,848.611696080118
"ENSMUSG00000026107",358.01154594285,336.752978846229,386.580981502077,230.660642180951,292.464182887304,206.174850448964,361.44039781039,120.293103169366,164.860981427055,268.626190435193,92.2604653929236
"ENSMUSG00000026109",4.76538436743149,2.15721202469435,7.08527854473344,7.70323006184401,11.6023889393888,11.5488778645217,0,8.85755073263552,19.6408698093725,6.68503857801618,2.29272750540913
"ENSMUSG00000026110",147.925342884146,100.241327835238,121.79630381811,124.568961283151,142.819108623461,47.4158454877696,140.48615387794,97.8673885875473,112.676416570181,128.908611426145,145.619155629063
"ENSMUSG00000026111",412.238025176533,534.194215979047,512.390601686794,517.392795885404,562.372292932353,433.180421481652,706.83022440566,445.680226776962,471.719792044863,617.386082502972,525.93988223476
"ENSMUSG00000026112",51.2194344419904,71.3104421274187,46.2052783240263,68.6319711222686,48.7628161403281,43.5777364875638,62.4827148939759,52.0155749097195,50.1700519771508,54.5204968393428,63.8547824352647
"ENSMUSG00000026113",134.965555024353,90.9014760671865,166.621055436455,132.836278555253,209.196101837494,183.45902186407,130.517870756615,163.848854209322,129.908074227356,253.350686009751,99.4825458248129
"ENSMUSG00000026114",0,0,0,0,0,0,0,0,0.94676288413655,0,0
"ENSMUSG00000026116",939.318908547296,842.386020700036,1179.85622427589,988.856827214847,893.57487642872,1004.15801752192,795.749757548117,1051.43015643212,1016.14393198208,1009.40013583645,1491.94239292047
"ENSMUSG00000026117",36.6174745017116,144.284924678531,10.6344855226152,9.78063080507595,13.7663201244457,85.0548709983304,24.6189084319051,11.7967175429406,30.1509367331708,46.9279564902764,17.0753693870305
"ENSMUSG00000026121",285.42067086635,320.122796130414,363.657866931137,212.357678977425,453.188690301227,284.480249680872,442.903298315807,348.378583700429,279.715849963723,398.654982482211,217.959117628573
"ENSMUSG00000026123",70.0515382726501,66.2532501198637,78.1332911327826,65.8235560789705,80.8696728818764,70.2808552653644,68.4722180835061,55.5748854535757,58.7103501404865,51.9561933173567,67.7592725630037
"ENSMUSG00000026124",0,0,0,0,0,0,0,0,0,0,0
"ENSMUSG00000026125",7.69397475210679,9.93686334316446,30.9839710221555,35.6667131152679,26.1313646935482,18.8282806356494,8.99125318548183,2.0459346013038,13.464839659915,14.4846377643723,11.7374251106301
"ENSMUSG00000026126",1701.98463925741,1857.4191221128,1798.30860097654,1785.2891552645,1752.50284194404,1856.66236029568,1943.84520451782,1813.12382406082,1420.14586449433,1631.31030407565,1617.77019839716
"ENSMUSG00000026127",400.743815306849,357.255653676951,371.350843108137,370.590721064379,366.324906693756,407.652328008317,353.598613381494,365.967976004476,395.761689088033,323.696637676001,374.412821260306
"ENSMUSG00000026131",2853.82295615843,3182.13194256548,3174.03341741944,3867.60769180343,3854.61723229591,3357.16036160302,3374.8966051317,4282.14383448641,4728.60654864889,3475.95602117929,3965.89287090831
"ENSMUSG00000026134",50.1931444000344,62.3144161243009,46.9626770416817,42.6467511843262,68.71537232174,67.6623004823661,45.2785954558866,44.4389964106246,51.6648073165047,52.0076040225341,35.5501613027707
"ENSMUSG00000026135",195.138424240129,239.985639280453,309.440083769789,163.517797471525,204.822317966671,226.351533280396,163.849022146958,250.670123499939,221.307546619761,366.872402660176,205.69163985134
"ENSMUSG00000026141",0,1.12076214723552,0,0,2.0266703948795,0,0,0,0,0,0
"ENSMUSG00000026142",94.7537668313498,81.0456273295985,83.9194459847369,80.0413447296678,84.5329240006984,84.7949703632082,77.8441882446046,87.3312824682524,84.0136713705429,71.0854809873932,109.283344424246
"ENSMUSG00000026147",391.800819330739,1419.99560587412,357.782517593699,1486.6274241538,544.210623733211,1252.01531992964,473.00624070971,2112.78950291743,751.25687077932,609.635565981393,1029.14841420076
"ENSMUSG00000026149",0,0,0,0,0,0,0,0,0,0,0
"ENSMUSG00000026150",461.330330302451,477.765256586152,510.059860818896,487.636528702291,449.464100640437,493.118919768849,485.667352046014,531.242369153808,505.605759587609,438.313437308183,472.114342414401
"ENSMUSG00000026153",116.460342319312,169.59256131444,176.837752179007,168.351158156228,192.832539041577,83.4752333093852,194.87479730147,149.275300332762,151.166137533022,167.101567239353,162.664054200299
"ENSMUSG00000026154",99.4516151231274,94.0078931993183,80.7921325660334,101.400157537223,75.59762449684,84.759992522457,94.3047066274853,80.8818956620326,74.0947044001286,60.7517434692605,59.1086168776525
"ENSMUSG00000026155",703.540493347537,889.062985952464,913.644313231424,1022.0074799322,864.408300159515,952.289693800468,917.597449175765,985.779738138702,962.687728065298,841.389468992029,851.910163130609
"ENSMUSG00000026156",0,2.11435546570906,0.971740289782709,0,4.13830991531112,1.26268558386003,1.00718632625151,0,0,0,1.11840713771777
"ENSMUSG00000026158",12587.3878310675,7098.43489464399,7346.14095673141,7379.37381978489,5402.28663696842,5337.70177504477,8003.56525535309,7381.92499443803,5678.82365277935,6520.86735931581,5682.40545209653
"ENSMUSG00000026159",710.390309628067,558.461299768381,594.513891400936,638.952101172704,577.510523654842,596.729930909571,584.226282763746,633.261418242217,632.350634100002,562.163647225678,634.569759479248
"ENSMUSG00000026162",37.8602967680381,29.5720865938566,33.3751279721479,34.2139153572798,51.5437930900711,21.8330461172298,40.6093992724653,31.2881995838858,33.4043835455554,33.8401929436992,23.3484269065102
"ENSMUSG00000026163",0,0,0,0,0,0,0,0,0,0,1.14045445258444
"ENSMUSG00000026166",2.08793588832236,0,0,0,0,0,1.01558799375202,0,0,0,0
"ENSMUSG00000026167",4.77656716368268,20.5287994070776,8.86217929213905,3.26326435841729,15.9518076147152,7.67848920197153,7.18337800478202,8.88447953753315,3.77873479470799,8.49911795033205,6.86389788861611
"ENSMUSG00000026170",198.415272761969,148.169975623231,191.985609354914,180.44713350085,207.852645871315,197.178867499501,148.325597874514,144.861305514779,143.804290294646,311.480890680645,113.361191851969
"ENSMUSG00000026171",604.77934199459,628.976031284169,572.340643356832,608.041701632649,561.368238099504,722.811061174633,636.952431210159,645.609725732421,651.469670653667,612.655767073556,657.278401597708
"ENSMUSG00000026172",124.660695447271,150.842402660435,158.174570031479,150.150750808397,120.268183086977,204.974396401047,146.322848188192,211.636967614242,119.212439927375,142.51290936835,136.555402854573
"ENSMUSG00000026173",27.7120766793345,1.42443368230093,0,3.02352159253312,0,0,0,0,0,5.047751187547,0
"ENSMUSG00000026174",100.674625321858,118.969883103899,137.526034159302,98.0681632480712,99.7681418537575,129.249281021071,109.383874250637,112.513953619645,119.009546624584,112.345949103683,124.219810764722
"ENSMUSG00000026175",4.61373969395669,25.0951772183111,14.2160356583108,20.4259400102576,13.7883369823811,39.0774725741676,8.2400859086443,10.5994979522368,24.6065210882984,6.28611671335374,6.87587497875431
"ENSMUSG00000026176",618.195573235054,568.128413734413,627.431981565746,661.333806624189,627.850309383411,626.792599016073,625.015894125538,674.330520693149,619.640663368041,731.699867237252,658.455644625497
"ENSMUSG00000026177",62.6172004123054,77.7044462812691,62.8909718870899,67.6116793324671,95.3335830622474,99.150837299549,48.1560638812791,56.1654688851677,36.7776736546788,74.2367959784523,47.9794395628593
"ENSMUSG00000026179",234.474432523055,269.487883137048,283.839454628422,290.329737011893,273.248395816718,345.067307312836,292.149526070135,315.351959768033,291.109751506568,275.062824676109,275.600409624308
"ENSMUSG00000026180",2.06286731508192,4.28675730852623,1.77238970932281,0,0,6.40126375446054,0,0,1.88304986920186,4.73991869129875,1.15080125132205
"ENSMUSG00000026181",108.242518330196,93.0734143393057,99.0840363654454,78.4596118975086,112.241553554341,96.9179288372596,97.5252612238814,106.02210184552,94.9973737736793,95.9167297112046,107.142516805616
"ENSMUSG00000026182",0,0,0,0,0,0,0,0,0,0,0
"ENSMUSG00000026185",167.464568459708,55.881822831585,81.3014269973894,78.686035657508,79.0059909503577,25.6803831143236,83.5805701010164,50.8741845419496,40.2651328469067,38.0450186749075,107.940535732388
"ENSMUSG00000026187",278.132156249841,286.460867444704,275.718638668616,248.378950985797,297.357901065438,380.016374978241,303.039230330645,313.847555621603,338.4342277744,254.098653905954,315.083090911709
"ENSMUSG00000026188",1.71823323323597,0,0,0,0,1.62651114055826,0,0,1.18089924075938,7.60246507219286,0
"ENSMUSG00000026189",170.204511982449,196.622063974885,160.951485545266,174.06448738408,118.742219584819,224.25860050154,190.004017144897,197.35124955006,217.149545815548,146.094119681051,170.631552939489
"ENSMUSG00000026192",469.511235032654,545.153786333054,414.615713937219,454.055134770767,406.184604569534,532.434422470983,465.63783046984,456.793624005358,480.269174372512,404.211917013767,609.87975705069
"ENSMUSG00000026193",247.945441594937,194.225632282948,301.337522414511,228.045363469522,532.744056096294,218.770350617006,131.098203759635,400.588788402441,294.811933098068,195.927961896875,1003.19592032525
"ENSMUSG00000026196",4.12295329952927,3.25261210989936,2.66489887942548,1.09511759736748,5.2551619933591,5.12436452913569,0,3.94878720889529,3.75618976558353,2.83834306081585,0
"ENSMUSG00000026197",326.001300322057,355.260711428243,437.830412031107,362.119991958908,327.062875144561,392.583027274226,402.432609618083,430.136873925109,400.821225422801,405.667335655725,355.36334755759
"ENSMUSG00000026198",322.59958885819,385.768387422545,548.881457278566,484.685376502077,404.45852622788,484.689055429122,398.319351432899,609.391973835034,455.13530577803,417.202630438852,405.238239073395
"ENSMUSG00000026199",537.288059877787,624.210370428234,631.283287956091,629.44539524091,671.830471926012,789.339683538817,593.967776324214,713.995760871495,625.032721708272,708.363969310257,813.630937770889
"ENSMUSG00000026200",35.4340715023956,33.2779582611519,36.4155254210195,25.0467453929157,34.871912995674,34.3667971289034,30.6682784004368,36.6850787478182,41.5068236709896,28.1888226500983,32.1196256365695
"ENSMUSG00000026201",455.752194921169,580.245827005724,517.331310973863,633.283513446921,451.594091887458,674.326365362931,530.20312600297,580.177844542058,525.206117374041,526.400318381127,590.722446133197
"ENSMUSG00000026202",3422.62719488813,2685.01151278365,1837.38622002686,1751.56815687502,2164.88068336356,2914.26425287473,2256.5233232486,2271.12641553849,1843.01993856844,1868.99441809871,2837.45147227195
"ENSMUSG00000026203",479.49605329147,329.568776357826,372.990050479284,365.919351784829,417.904363894299,323.149482691531,319.24309595775,315.697815843229,320.69261484353,413.356095029398,458.563736892221
"ENSMUSG00000026204",0,0,0,0,1.0576636647895,0,1.01798144153199,0,0,0,0
"ENSMUSG00000026205",12.4438963200344,17.2805578080807,19.5343853737197,25.0194589510501,10.6182855344388,16.6494485453827,25.5845609445216,11.8224203032412,9.43322835982598,13.1288991791536,17.14777680554
"ENSMUSG00000026207",286.045899099289,232.935827717506,331.364660341359,115.720792649525,169.076728056099,115.56773509563,330.793387876675,306.406350645922,264.321624258491,68.8527427331453,172.445239480025
"ENSMUSG00000026208",732.923987885703,95.0509033118285,52.1985509298301,134.089661476649,417.801381708598,103.209444241979,23.5947586902266,27.655985334627,30.2262765117186,87.6030539069452,30.8132431500937
"ENSMUSG00000026209",983.908733690545,987.134273589087,1513.44958802196,1202.04950555888,1161.82623233553,1019.35123989367,1343.6208308109,1104.60153041878,899.881667305297,1413.42186463904,1391.69884310952
"ENSMUSG00000026211",57.980075610511,90.7828629457348,54.0025456110382,52.3680415731856,76.8910745651154,41.8846939318539,50.5376540233354,57.5998119866237,47.1152785663782,49.8122289877748,49.4152243393107
"ENSMUSG00000026213",347.545321120927,403.72000856878,435.837145323815,382.41666409857,593.603961402823,455.446725167243,421.682434614145,504.401841392887,421.527634097983,595.224610972714,304.097366641441
"ENSMUSG00000026219",3062.06092656459,2522.56105673063,2589.32553409347,2412.393298324,2288.37241581996,2133.26701545134,2681.76106629165,2816.42127664263,2281.45141737039,2516.49038986234,3149.07567088404
"ENSMUSG00000026220",2.12836925735456,0,19.3605256249307,0,28.8944800340664,0,4.06819799255568,37.2610187349483,0,3.73810938789181,0.504594846778713
"ENSMUSG00000026222",425.20215636896,560.556064640855,328.105143875344,230.530981091716,353.212586611087,505.828174561426,262.796197919131,255.053511027861,400.972966890682,526.358204086372,239.303195205912
"ENSMUSG00000026223",1452.25600842121,1165.99820233525,2075.50419491887,1220.28746876629,1161.741689914,1034.5260297104,1403.11229859504,721.325967774737,1069.95899603526,1175.37938905932,890.699447500082
"ENSMUSG00000026224",0.653418314153551,2.13665439923695,3.51433639727809,2.23266300689581,1.08664015376619,0,2.09926521947835,0,1.83967298639905,0.959358195473509,0
"ENSMUSG00000026226",0,0,0,0,0,0,0,0,0,0,0
"ENSMUSG00000026227",229.611718582243,188.655917680742,242.559104221272,156.542970809442,237.448821256707,229.049484515229,216.15882916102,211.013802341165,228.011769296503,221.92131820317,183.05380692609
"ENSMUSG00000026228",0,0,0,0,0,0,0,0,0,0,0
"ENSMUSG00000026229",2304.99462029938,1987.03571091526,1718.26658466938,1616.98778144906,2187.72523590284,1647.1715902164,1854.69428772602,1676.6045228377,1682.53716977134,1521.5891941005,1873.60504318668
"ENSMUSG00000026234",4333.50082987755,4693.22064114513,4513.00213411272,4837.50476603174,4419.20681632484,4337.03084663711,4448.47173808372,4417.6939641163,5045.60955162838,4230.07299146834,4936.04710931494
"ENSMUSG00000026235",11.0301414341013,7.52713150902649,8.8687705745794,5.45426303742999,8.42655034658606,10.2667205900363,4.08310449130852,11.935868401945,14.2130751902664,0.937197599113432,9.15240228730284
"ENSMUSG00000026237",0,0,0,1.2025377156091,0,0,0,0.899366945712001,0,0,0
"ENSMUSG00000026238",4107.20631608723,4381.8436751675,4026.46491652042,3784.32526560005,4810.9138252671,4001.81847150171,4301.90975563594,3598.01391917299,3293.9203526508,3592.99810097603,3790.55394558519
"ENSMUSG00000026239",57.9780628271984,73.6548266134218,62.9614266678203,52.9450120541199,42.6170001144017,60.20484444488,68.7440074450601,49.1307997805873,50.3329202944795,49.7230205191877,51.844991620902
"ENSMUSG00000026240",119.461541415174,132.944306814528,95.7815298523204,100.041790870948,99.4002900306207,168.563714940151,103.715080758707,136.542176543937,129.162865283271,120.965572997694,141.595187771781
"ENSMUSG00000026241",0,0,0,0,0,0,1.03001079338765,0,0,1.86267417516097,0
"ENSMUSG00000026245",1017.44180093353,908.229877161389,830.241671825292,763.707217087037,1124.4728842715,970.132670645973,957.90423839903,864.26547279132,1051.90148160755,641.452421932813,739.638326029375
"ENSMUSG00000026246",4.11443607440352,5.39872253421111,1.76947217192064,8.7314799589421,6.34151827079723,10.3412935172304,2.04972409951374,3.94690019893034,0.944048817988158,3.75899501180374,2.28214721446058
"ENSMUSG00000026247",0.687045357706537,5.42982499281554,1.76795660580271,0,1.05500745894106,1.29306053949544,3.06750311725524,4.93978754115709,2.83896146350246,4.68974852457659,2.27527807092539
"ENSMUSG00000026248",322.674399449833,332.325770144914,326.183787275738,324.159395648629,267.537501943673,351.547013092488,367.998199954551,306.06172558577,343.142939596149,305.015364395429,324.176660940251
"ENSMUSG00000026249",39.6981730052187,10.7475294510979,11.5080638160807,33.956713444386,27.4667044537596,10.2336018431872,9.27766033124071,15.7889962107751,11.2630164869003,23.6948945725473,6.87838905813254
"ENSMUSG00000026251",0.757214483352045,1.19213413069602,0,0,0,0,0,0,0,1.5467660647452,0
"ENSMUSG00000026253",0,0,0,0,0,0,0,0,0,0,0
"ENSMUSG00000026254",657.63025975937,715.631410499479,646.193069528875,709.649060369456,629.665304042097,763.148169425634,673.376692117441,827.900314027698,647.225343944671,593.374888499094,787.252637047396
"ENSMUSG00000026255",50.7308888365101,86.8844062600643,31.711369748859,48.2321784815082,25.5662315874947,82.5932457018666,49.5741473181223,123.365039661918,39.3198360954074,43.9144103755997,51.698809543745
"ENSMUSG00000026258",0,0,0,0,0,0,0,0,0,0,0
"ENSMUSG00000026259",24.413037619285,49.7473202353241,40.7453612935957,45.9986482926807,68.8421273681077,44.6037195520424,47.1212036844825,82.2291628720248,83.1489796593884,77.618939247033,51.7117462626075
"ENSMUSG00000026260",995.194709894108,1135.51247212077,994.471610148695,1187.26546910265,1121.63875094756,1271.00408412352,1003.25744367909,1176.62060273933,1032.65208826765,987.426560722563,1051.56150444099
"ENSMUSG00000026269",1171.65017017156,1524.50323526286,1155.86847500026,1909.05195287887,1289.2165256627,1729.63553777957,1559.33187721947,1837.94782924108,1421.87358377981,2000.65784478568,1435.92082032795
"ENSMUSG00000026270",333.521936653719,323.113089803782,282.633557730244,263.000494476101,323.475910654169,307.232685096218,370.366743121751,305.538892923645,265.833100633317,323.574291287307,339.267878919881
"ENSMUSG00000026271",16.9892511409213,29.8896803200905,6.29445372500127,4.53226549787721,3.79342092221138,6.36151548119498,6.0961158933145,6.68072666616868,2.78012520712468,13.3957189259869,6.06814006788881
"ENSMUSG00000026272",0,0,0,0,0,0,0,0,0,0,0
"ENSMUSG00000026273",230.707629702022,230.661282679907,203.194226861932,188.460908452359,192.785985592497,243.65402676086,227.117336959606,200.712271165146,222.112347549975,190.91282169401,214.689648499342
"ENSMUSG00000026274",168.48037319396,150.032404126654,161.42456022462,127.523099629875,134.926489152808,120.788054957453,159.545845086222,115.94326488058,132.387224246824,107.717791897084,148.388683070316
"ENSMUSG00000026275",272.541384184828,259.630955155015,192.744426746734,244.025706550528,254.773422184214,309.755080447849,262.20882470228,245.911014440166,237.863741310734,255.903862971929,320.688305937808
"ENSMUSG00000026276",164.705369733559,63.1468846993127,120.221052259361,51.6231384986916,130.483298632595,59.4795957571168,76.970780659105,103.474441171381,68.8151334223443,105.274905602329,76.904926894654
"ENSMUSG00000026277",2737.03592491162,2555.32536374807,2705.78845612535,2644.58040375618,3125.09203761452,2785.47996162682,2745.62984821635,2744.43771135954,2446.22249302328,2934.58592438933,3293.17996634233
"ENSMUSG00000026278",50.229813999988,31.3002737444451,44.1558305419742,34.9691515377505,54.6634509403374,75.9024109007044,69.1784930840723,50.8141234918138,35.4880920998736,56.5526621306263,41.3564838852116
"ENSMUSG00000026279",446.45000469912,408.630157620606,381.208538978909,475.372402509271,518.230427112612,335.873680305723,343.570146943262,439.568323988211,387.32943736755,400.233390414281,335.661193903436
"ENSMUSG00000026280",503.852751095771,482.235080013955,531.311022663934,497.336675846626,531.548765610784,540.334923802285,470.870483815467,537.507860031337,572.725371994112,561.198546521278,468.622038203038
"ENSMUSG00000026281",183.902198885025,158.753647824693,104.545468562044,149.788024444798,118.560086344905,170.341625588297,179.173515865842,132.884447805703,101.886375018138,145.500382975703,109.655274156214
"ENSMUSG00000026283",55.4639498510307,50.992570059519,43.9320954781745,66.2255229677199,74.1552431180627,59.6050415564402,74.1834608281979,51.4309422631194,61.1557285718989,65.9937085517327,63.4652965344505
"ENSMUSG00000026285",2.05157347060879,5.39449357462982,7.95600277194654,7.68332288905732,0,9.08373060340727,3.10003390472747,0.982109421900992,1.87932698203013,0,2.29406380568133
"ENSMUSG00000026288",200.310032268044,371.038926944172,149.167774754401,152.650629828432,164.172691466285,350.797912725186,126.942281425848,169.129574310573,168.390025155764,186.165308450346,150.183289347977
"ENSMUSG00000026289",436.921662968874,389.523355666408,355.088813193817,432.531231252233,325.595429770152,408.112055103175,340.883182095685,348.032931084902,418.111411215553,379.928647249591,540.741291107143
"ENSMUSG00000026295",0,0,0,0,0,0,0,0,0,0,0
"ENSMUSG00000026301",0.688749788811784,0,0,0,0,0,1.02624719665969,0,0,0,0
"ENSMUSG00000026303",1902.60381014941,2410.41934950648,2908.97102822574,2925.38829090991,2462.99283123726,2784.17015732385,2448.16042239591,3419.13098705424,2872.69208956342,3349.36214033362,2563.20455568594
"ENSMUSG00000026304",107.412152169241,195.555984035002,190.578084537187,350.015563157717,168.246456034636,215.395337186129,164.730801799801,330.414710989506,217.508290166664,293.440826807516,171.515328075072
"ENSMUSG00000026305",424.997062355364,433.67174402774,279.755650545487,345.678694824671,370.486251584375,287.507031717904,356.863211987174,361.134419507456,261.052377442479,382.353784713655,372.077169779347
"ENSMUSG00000026307",644.513525806394,458.644008812485,524.932199411805,729.035271361087,616.832168222841,484.837206242267,506.429737002235,411.512709947637,556.589044490303,537.418075803604,655.640332754306
"ENSMUSG00000026308",24.0537622418036,0,2.66051398962516,7.5973334549764,17.0001650895767,0,1.02227059781468,0,0,5.6179409666552,2.28362201630963
"ENSMUSG00000026309",607.757304465721,721.594862874303,728.278057667162,698.459101916141,753.212556948495,734.226304426729,756.898406923173,657.640540943424,793.891455729549,784.079386128337,612.570877600713
"ENSMUSG00000026311",11.2736333520197,6.578444882955,13.3522105843651,55.3640066479208,3.8872919464844,31.3216531090619,34.2352835930247,4.19869105543192,25.3025073351161,4.6182560989566,10.4802970015952
"ENSMUSG00000026312",0,0,0,0,0,0,1.04499492759385,0,0.931145098630763,0,1.13681612271381
"ENSMUSG00000026313",76.6344554659057,48.3604189134758,83.0612078549522,101.390084593113,125.774034630762,51.045899266392,138.327330159774,167.614758602572,59.4027852619821,132.360188522005,42.5227903035494
"ENSMUSG00000026315",178.951999553832,283.288343806213,267.617245736627,345.618847539596,244.220407494159,303.412106272614,254.171744534392,201.753774007968,296.989163001552,219.113539041815,209.592720358649
"ENSMUSG00000026317",104.081215818986,93.1420271830332,134.290770010917,126.923848809993,105.448055502861,113.667707270347,123.865222506494,191.417568178689,133.213933660651,94.6701167159871,151.245672162321
"ENSMUSG00000026319",471.978130324186,390.938459730856,432.130670172902,384.671404945873,376.430027124093,355.149859003535,410.150394035167,430.392946440882,462.672226091211,448.292095048681,465.814803450629
"ENSMUSG00000026321",912.737103354586,760.979854846777,929.20994297118,1151.53945221051,859.960232207149,716.905331008454,856.188362544883,1021.60862395812,963.589047053896,1084.11931482736,822.576075079949
"ENSMUSG00000026322",0,0,0,0,0,0,0,0,0,0,0
"ENSMUSG00000026327",452.487056434402,389.579066415858,355.673493851815,185.463734054563,281.854633595065,189.183070354735,292.010305325577,163.595512696782,334.755505276465,270.896434226488,297.616681515542
"ENSMUSG00000026331",0,0,0,0,0,0,0,0,0,0,0
"ENSMUSG00000026333",90.5914935749633,160.769947195405,110.969605665639,111.565776459952,171.548637594749,157.656285506344,131.896294548536,124.95723383031,172.636895783916,145.576872869768,138.921846149208
"ENSMUSG00000026335",1078.81888111744,948.08941831702,1130.38207257937,1117.24806627248,1005.67539654783,1067.62869014909,1059.00716205587,1028.33167566897,979.967125747762,817.855021387581,874.586098726297
"ENSMUSG00000026336",0,0,0,0,0,0,0,0,0,0,0
"ENSMUSG00000026339",226.000117336788,177.255027665135,218.040870856658,231.417209371341,187.866635414331,147.366596360268,233.338579554595,197.284339841073,199.199883375737,214.498234915811,213.099929323555
"ENSMUSG00000026341",2032.19644216569,2201.40413021675,2299.45388897968,1967.58958003562,2367.55916470185,1813.72295490077,2045.77650694402,1992.70090927072,2124.38038508688,2299.42182819327,1971.23475762501
"ENSMUSG00000026342",794.334436346397,787.252696054694,819.305740949538,851.516665839642,790.213559208148,686.979156500754,869.41971975618,998.156638263413,940.816379009704,1065.85421913616,771.087246721895
"ENSMUSG00000026343",0,0,0,0,0,0,0,0,0.94676288413655,0,0
"ENSMUSG00000026344",0,0,0,0,0,0,0,0.992606609936369,0,0,0
"ENSMUSG00000026347",0.676698623161312,5.34823753241025,0.882142663248323,2.19757455269972,1.06064430571358,1.29175686769659,0,1.97592413378768,0,1.90383360920396,0
"ENSMUSG00000026348",0,0,0,0,0,0,0,0,0,0,0
"ENSMUSG00000026349",530.206631654323,547.075926137275,570.738853332773,601.494044148079,561.409980570438,443.233604479218,574.659459890713,532.098118191333,572.876337731811,585.585329639002,558.370782797197
"ENSMUSG00000026353",1297.39531210598,1260.92701889986,1278.0291368381,1310.66004847542,1309.35267269227,1042.8604226514,1366.96237829089,1139.37994475542,1228.02936298528,1254.98128074635,1340.66634582148
"ENSMUSG00000026354",2.77194579675445,5.39470526794015,4.43954291158381,7.61704916379967,5.27625584398755,2.5650448285044,1.02060653162591,0.991503759996409,3.78651780996528,6.54447710930326,7.99444219595708
"ENSMUSG00000026355",171.934879566592,144.166541965356,102.583492435783,66.384287940213,117.485855701417,110.904527429593,91.4358893535064,94.6202064978311,121.631024570073,113.821478590594,109.477095361589
"ENSMUSG00000026356",824.65934262163,734.930419095483,732.120546862241,705.647350059419,766.06743607021,674.725326770191,681.421832273724,843.346741483311,816.812866343671,748.66152703129,869.731581642053
"ENSMUSG00000026357",4.02327715862405,0,1.7971609276647,0,0,3.92845745713623,1.03359422208045,0.985456068153482,3.73446598603169,3.73271391608161,2.30833003490961
"ENSMUSG00000026358",200.665430800671,139.94049266978,110.778112260344,158.348305053502,174.790065386419,126.035925061094,43.1425732706679,177.601809453961,320.336220743231,153.63071414669,51.0022406662794
"ENSMUSG00000026360",196.496519447954,249.444638485931,152.992932159313,223.66646813573,210.020316644549,114.345109059105,96.4373478823978,174.592438092903,144.299640753364,154.291115579757,98.5586909730809
"ENSMUSG00000026361",381.890943246244,342.122757845773,368.90961348643,335.574059330667,375.05012605855,332.716019015004,341.694996306929,447.019783961955,360.461630576239,337.870138606828,405.549050054211
"ENSMUSG00000026365",98.1024067043805,77.7056645982549,59.8118657039397,76.987083682067,78.6326573758073,90.3590772248878,52.4109133193621,64.6609902603704,59.9600678367881,72.3434013526478,75.2987653674205
"ENSMUSG00000026368",0,0,0,0,0,1.27301589182689,2.06327475055375,0,0,0,0
"ENSMUSG00000026374",382.227053255873,423.053758943136,283.653390967142,372.274059380884,346.389286308854,416.980615549531,364.671958308843,420.037428549124,372.669215173004,285.26205669679,431.756206355158
"ENSMUSG00000026377",271.239535691732,280.083662762668,177.29250241137,223.644062450727,190.107177316119,298.967771792393,249.500986562377,189.570361515064,242.314507133831,200.973641919956,316.704620766769
"ENSMUSG00000026380",1.35987774029638,1.07341353279971,1.76780964432307,2.1950013822609,2.10992247801205,0,6.14895758319946,2.98206763282529,2.84302425996083,3.77507087721842,4.58508131805475
"ENSMUSG00000026383",151.834460817479,126.071875499037,167.957765382162,139.440847664183,195.014662501946,81.7672855586755,109.805618821182,90.6659190663304,211.525519502983,243.378697662301,164.905034504676
"ENSMUSG00000026384",47.3950684401853,40.1987538312389,79.7227946047637,48.0016900887901,41.3911080553207,38.4829307727623,146.119749371439,33.240161171673,48.1855609398626,87.1738275672454,43.5272523441668
"ENSMUSG00000026385",1419.46156280423,1400.77655527936,1345.67906084516,1212.49517264998,1262.70991467291,1154.31582298623,1405.58017435987,1227.37023722051,1292.0781501932,1088.38304535074,931.821833861915
"ENSMUSG00000026387",7.41773834918097,2.21383540744719,5.21325893624143,4.28867408867583,3.11286413031884,1.3222040465603,5.26845171286875,5.93909751279531,2.90567271115953,5.54626152063812,2.24502203367454
"ENSMUSG00000026388",9.35258520741046,17.2238541674341,4.46342309157287,13.1122615983093,9.5421911221259,18.6818801145728,9.28030768684473,1.90298395414548,10.0093159543087,3.7995764757812,7.1290685298114
"ENSMUSG00000026389",390.381238493669,389.987078604888,328.695748762257,466.489177348294,331.269686048976,525.797755720233,399.382542583366,372.23611093244,414.162933505184,344.629546957514,430.893868314143
"ENSMUSG00000026390",12.8803718328489,91.3482276713871,0.873317484501334,0,1.04531784835086,236.401834594397,0,61.1488883036983,1.85774611267539,90.658574508751,1.12665645735797
"ENSMUSG00000026393",758.000037122605,629.758293690666,830.999240675303,950.578315500182,938.950150475502,498.995674924039,784.595378326238,794.307774473463,883.480730839421,782.915130864115,973.105110052945
"ENSMUSG00000026394",0,0,0,0,0,0,0,0,0,0,0
"ENSMUSG00000026395",555.769355937798,1343.69164934825,251.149834153268,334.696415445266,238.42405940821,758.869728854285,256.519707117829,253.620352596195,268.126515452593,425.238612090729,200.619094692769
"ENSMUSG00000026398",6.08789654718391,2.4071373220587,13.2141427309822,3.26505746018703,8.58213050997501,4.77909344055851,7.91861295705071,7.42299255420038,7.76933938488778,5.63064742238755,7.41140616601073
"ENSMUSG00000026399",603.581756347726,805.354198428741,787.816954947672,787.372929639587,617.926351040968,818.835583514778,835.857516477105,891.221685404729,768.946847023675,633.926624809341,710.478911723241
"ENSMUSG00000026401",2.57448170611941,0.869484989872001,0,0.869598844246658,0,0,0,2.48547056936093,0,0,0
"ENSMUSG00000026404",84.4856542882185,78.3097145310974,92.3002771201563,110.062083113855,80.1692763791987,81.7236155894716,87.7900560428459,90.4363962442024,95.5232256176487,58.2415114012421,71.0805033517687
"ENSMUSG00000026405",0.587553085260601,3.7413112044962,0,0,6.54150940640384,1.10950491316174,0,1.69704924922598,0,3.31022579325326,0
"ENSMUSG00000026407",472.922557955742,27.0885455175945,16.9109748917113,79.9905353260966,95.1182844808447,31.0615032397835,7.17681397665581,12.917740251456,17.1229662876434,41.9930252409046,3.43684409369777
"ENSMUSG00000026409",550.091567271658,218.793865692874,350.575281760201,358.359726017293,265.20274883268,130.249817843005,308.624054894626,375.722119713363,296.910164358987,281.263152754667,320.865751808835
"ENSMUSG00000026411",137.064118227854,157.842537266998,169.308946812628,173.093591479477,169.230768698164,182.871223315293,180.027168871683,188.893630998327,166.430403067813,152.124364765952,178.082209244621
"ENSMUSG00000026413",30.3822054777519,29.2320386132538,15.0754722031398,18.5040514041341,41.3009905806888,21.894950108691,25.5900140116011,23.6425596013992,23.5972373236046,21.5352599186095,20.5221349348723
"ENSMUSG00000026414",18.3710469974969,33.2203369999341,21.1109213974134,41.9835638251149,13.7392803545227,41.2927626851825,27.9267527213355,39.4891012848224,20.5956950917701,20.8096349675316,53.7872869408525
"ENSMUSG00000026415",29.5499034478822,30.9696890344496,39.814040565087,48.0569004722123,26.8378135150206,49.2797285520922,30.0410023649894,46.4378423406544,38.8242156354948,40.1422160724185,47.2464473801835
"ENSMUSG00000026416",0,0,0,0,0,0,0,0,0,0,0
"ENSMUSG00000026417",90319.9817808191,80963.0797180215,115099.513176504,86273.8584991868,101541.79912306,71239.4249710139,104860.855441851,94688.6228383133,87760.4149982623,97619.8103988905,90710.9952343259
"ENSMUSG00000026418",3.26477865806238,0,3.44278441088445,1.18649579058697,0,0,0,0,9.23380769183517,1.03886848030135,0
"ENSMUSG00000026420",2.00672146411069,0,0,1.09578125379607,0,0,0,0,0,0.96034149652923,0
"ENSMUSG00000026421",1027.82591001761,1097.00574328855,1065.73134378513,905.578754317326,1124.05279806323,736.179062711394,1039.88847721427,927.251971944558,1077.55055087609,944.301806934826,1002.46357016081
"ENSMUSG00000026424",0,2.15787587425594,0,0,1.06183866640735,0,1.02395367543788,1.96500322514512,0,0.938261374078923,0
"ENSMUSG00000026425",174.796801150365,162.571746120479,207.827180039109,145.942558499038,147.949339745018,126.783469895471,114.15308665682,150.23377552413,200.004444571317,186.078149253203,196.778371680924
"ENSMUSG00000026426",214.04380309369,207.769313357671,257.322958714372,293.52681354939,323.546538095114,230.928738735796,252.410421653629,333.968472710512,246.110812907812,385.254669632248,175.620756871552
"ENSMUSG00000026427",687.205915585171,759.092025550796,753.911701527475,814.379730678112,854.97874450079,833.364932156842,688.688811059276,1101.32364489102,617.113629601588,778.763520787333,892.204386060453
"ENSMUSG00000026429",5.51569457405315,12.6019199656802,12.0373341902728,8.05771028900236,9.71511716281674,28.637066688334,14.2538354208173,8.96304201425733,5.9646071903162,10.5660955720738,2.10848801638766
"ENSMUSG00000026430",91.6868629588125,127.072635513106,88.7348193550518,67.6665185511242,69.1845827590007,88.5685806676974,88.2855832820063,98.0354456564219,83.3261595718472,73.6917018650243,71.1069723116385
"ENSMUSG00000026432",0,0,0,0,0,0,0,0,0,0,0
"ENSMUSG00000026433",217.586312677942,220.690002451781,278.88012687713,152.153410264228,156.51295115499,175.125725831624,154.580656623592,165.612071408113,180.533592596338,225.171488109146,169.348429750663
"ENSMUSG00000026434",227.961215620853,295.70554103184,230.48087716486,252.477463822431,288.412680231102,255.444901632164,299.691209313554,215.686244041339,200.940147681505,202.635653488181,231.452563442426
"ENSMUSG00000026435",213.039617124053,40.3008402149353,101.631614584592,69.1121055501906,163.277821789057,76.1283418978791,90.5067812361494,74.4868403726537,48.7334858289559,109.638482657116,112.962086637732
"ENSMUSG00000026436",121.73163061499,111.965354707334,137.209442362775,121.645758877578,112.847647185779,74.3154841041724,104.215773073239,99.5941359539446,115.397982615205,112.854275391782,140.765547807375
"ENSMUSG00000026437",976.554692607196,686.042246552248,1031.35596783613,1063.03732104928,752.605331805515,1086.82954740028,1016.1869149126,660.058691327657,857.089825328297,886.76726464574,1284.24253314858
"ENSMUSG00000026439",241.776183579317,192.325007725135,173.721565049877,196.069590911429,157.362668951555,198.139172512162,200.026113326658,174.407915807101,233.113891413215,202.625568069843,238.955148069573
"ENSMUSG00000026442",186.214963308778,81.3729755331196,145.51757953495,87.3964360818027,136.401132542347,162.102713544447,95.9331943025659,74.4931097392858,60.5889628169863,105.148521087363,92.9861847045457
"ENSMUSG00000026443",14.5074756444633,6.49472208556646,7.99741187895183,6.51995288254883,17.0121842278545,7.68465865576365,3.07114293779132,14.7668938387666,8.4929537764409,5.61686377614973,7.9958937778125
"ENSMUSG00000026447",301.32688689156,315.256602621223,298.923754037432,325.215147455612,311.253404615265,329.758967525873,296.437507987078,378.093089425186,376.917418575536,402.948686549056,423.286943982053
"ENSMUSG00000026450",3.99222499303236,0,1.71244893924768,1.0564830205804,17.4055844642198,1.55786005303999,5.961293979843,0,8.74715603461066,4.55438115033893,6.62425866410033
"ENSMUSG00000026452",6.10822028653533,2.14387880949865,1.7672459054089,8.78956992413054,1.0558070598772,0,0,2.98249977106276,0,4.7254257653725,5.73939580811526
"ENSMUSG00000026455",230.882493270067,204.744786988017,238.031287460553,231.854923985271,245.090644052258,225.317053600551,266.744718810708,257.94234568016,267.03098599374,226.474698789527,224.929106099634
"ENSMUSG00000026456",651.135032829715,718.853579966827,755.264874576089,813.598809027088,707.730091430829,806.000298348659,777.362121217836,844.311668400652,743.242192222432,844.827154704064,776.397178647263
"ENSMUSG00000026457",2086.63785269723,2095.41524116856,2361.53956458377,2536.84110671152,2344.34239222643,2044.72268512619,2375.53464893712,2369.15069392495,2464.37196514075,2509.3742637075,2304.20619648037
"ENSMUSG00000026458",59.186742995917,60.1901590013292,50.9613407954907,54.1707014867444,35.4632233385955,69.3908360099232,35.1541879533848,41.1913689468089,41.1910611164733,44.354533045192,37.8760052624684
"ENSMUSG00000026459",1.34106438233723,0,0,0,1.07134373328027,0,0,0,0,0,1.15113216369711
"ENSMUSG00000026463",61.8659290363943,102.505317718807,31.4208025307295,5376.91746585346,54.9362815378941,66.1275324108268,103.005751802029,82.1581913219766,76.7311074528619,102.931036032094,98.6382279316322
"ENSMUSG00000026466",1130.59682945904,1089.29392479445,1180.70727797627,1101.03564143362,1202.5943052465,987.004850825123,1188.12582557089,1062.93977573041,1169.79624208109,1197.8572626194,1215.76785287948
"ENSMUSG00000026468",0,0,0,0,0,0,0,0,0,0,0
"ENSMUSG00000026469",145.085103539381,119.725656264218,184.896470292435,149.558492187449,138.311112862902,87.5063015967112,144.15662755185,140.023920098247,158.46965285262,173.569793661806,161.322528962769
"ENSMUSG00000026470",422.956893556651,385.810789039851,457.373969571627,478.061418588122,413.715596095003,455.996936749073,453.875495807022,460.577636828848,522.308737781408,460.890701970223,474.267494042557
"ENSMUSG00000026471",39.4346176308443,21.911899089395,34.5886242504333,8.78097626001667,21.6589479450242,17.0678585231781,17.4358025817009,11.3959699829375,99.9206516024293,17.7594320776716,18.3962989853186
"ENSMUSG00000026473",7027.64762752935,8947.69742593321,8617.11870982072,13619.1030415629,7142.8725172769,7331.77524948397,8522.59031576745,10714.8779835589,8637.58269502647,9232.4143491475,7367.1178606439
"ENSMUSG00000026475",2.01919027349731,6.36700682668583,1.76071274387459,0,5.32989535147291,5.14763539862399,2.0698382148905,3.93593119188476,1.87115729486984,0.963235657486105,1.1594171970142
"ENSMUSG00000026478",829.40528487123,688.145971051135,726.509784652638,744.992806077179,1141.04865480008,631.512678987624,636.159760379158,912.081858080151,890.746387288693,822.147623825526,777.774075742355
"ENSMUSG00000026479",359.172480678428,251.850679951102,341.100701946164,233.20631245601,331.005978370319,185.923945250107,281.136460543451,238.526968421555,305.621626775902,249.897823429894,340.763850432326
"ENSMUSG00000026480",320.867220668212,342.246675846663,541.927196388003,295.548974749767,460.656435150018,366.59117069543,376.450323838797,286.966478640211,365.377155744485,463.357818318917,178.625869689702
"ENSMUSG00000026482",161.412875550821,151.872104196044,166.889498646348,135.554782234302,267.232348325409,224.585940078955,152.167897187388,227.702824641974,210.948488857362,197.470916659422,183.589230226736
"ENSMUSG00000026483",498.120186613261,384.298807836306,413.462335919007,543.09139082388,676.043985664561,358.738808355975,356.400901922421,841.263583210055,413.813744093199,439.656031152174,347.968047225034
"ENSMUSG00000026484",224.668727701973,167.623818930458,203.403250130202,177.477041646078,306.025690313632,155.800183773559,200.111158148252,269.062748257263,197.313550081878,228.641610598668,162.005610829681
"ENSMUSG00000026489",902.083695065118,1359.35030968282,1034.71163343971,1759.39418210948,1330.84344361943,1651.86110965642,1299.27852286352,1868.91945588652,1234.47097521624,1332.9792372019,1121.56073034601
"ENSMUSG00000026490",373.62837126146,297.02255221617,389.815658223881,336.008980322124,457.989321998691,314.066175471104,303.800544503803,377.386488016935,375.357056115039,387.10548533881,301.498916237535
"ENSMUSG00000026491",943.967731881959,869.344488651841,1099.36829511595,933.478339751707,1202.45248312342,962.327899624978,969.395433305516,1372.02775302379,1462.94944107704,961.058378984712,1210.79942172933
"ENSMUSG00000026492",199.153492490919,206.977429609464,229.352408827925,223.595049510888,222.094900025494,246.495355656742,228.968710474801,223.948872507893,230.411653506784,193.401628724,231.936677226781
"ENSMUSG00000026494",1.4303598654118,0,0.916477057962873,1.11955100050639,2.55755244950067,0,2.10887936704207,0,2.92374540277537,0.962741203064726,2.35006086250972
"ENSMUSG00000026495",15.8089510959223,9.52605484953654,11.4344930759084,17.7178754675452,7.51722066598407,5.15592483253077,9.42148847786242,12.6389020284624,9.27320917316374,25.1486382413253,11.6533920613012
"ENSMUSG00000026496",726.806702566946,1311.57437852134,639.377160680136,1160.8518020511,1002.29530049525,911.1249111653,1145.49763736039,1312.42355439635,731.830716343222,812.147233321355,995.374316700555
"ENSMUSG00000026497",0,0,0,0,0,0,0,0,0,0,0
"ENSMUSG00000026499",614.602818289719,578.874600568564,456.786018450756,562.017384592497,508.646793313592,472.577506664336,587.053541491657,591.401886612805,545.640533135705,549.651060988663,530.620939236563
"ENSMUSG00000026500",136.553748716046,167.490661570207,169.529890603546,135.140891727237,124.70312795875,145.574202787946,145.813964875597,155.042661937178,135.201959177526,115.359143493015,134.903679548522
"ENSMUSG00000026502",87.8318988202151,66.9311467727532,76.1416105648342,82.2504856767631,85.4340999693603,62.860526970157,81.143437712051,82.53392204175,72.037633662563,87.8232155171455,96.0814208613436
"ENSMUSG00000026504",119.053535569976,155.771077311953,146.289498987866,118.489581876933,124.23894855921,161.128163263344,116.783945192921,161.440894593477,167.03664303891,130.523098218764,105.955795862745
"ENSMUSG00000026509",480.593861420518,435.855015237623,444.665527356012,420.342856067387,563.712684240006,504.69688812655,365.978949683987,571.068950003005,446.687550800142,507.814499924704,474.611514571083
"ENSMUSG00000026510",986.48188288101,679.505652000123,1025.2554384946,808.687647793584,1446.22027464209,649.896971532542,1069.61819745505,915.30651542086,818.550978721703,1020.33760226818,936.751709300859
"ENSMUSG00000026511",311.008690392905,397.354965437103,350.24334187688,369.951295782933,267.806458334548,366.219885666683,412.08334506062,399.494090481246,337.039692434458,339.141314140693,310.206073438789
"ENSMUSG00000026514",0.689939267648385,0,0,0,0,0,0,0,0,0,0
"ENSMUSG00000026516",412.903063444728,362.283002034914,387.737668204701,368.553846151521,361.623169464207,328.110224648921,349.865920475662,296.283809311558,393.179446775726,329.210220981217,430.681024732097
"ENSMUSG00000026519",1105.39800350338,1228.97469459859,1042.07699050475,1928.64305473309,1082.3482618238,1535.52930398704,1156.12749984668,1810.58921947474,1175.62642394889,1116.38658673597,1757.07571047954
"ENSMUSG00000026520",549.293600143049,734.438432088371,451.900101673382,713.680602813493,445.007961780108,852.322649984952,801.295853187992,852.741919577084,618.420197770172,518.096554725746,961.51249577433
"ENSMUSG00000026523",0,0,0,0,0,0,0,0,0,0,0
"ENSMUSG00000026525",70.0523595487801,30.1348431157876,42.5012933627544,42.5648566203072,35.9786626388297,37.1419410060438,53.3931689817903,29.6183886043888,35.7784618891472,37.800972266873,32.0657042467068
"ENSMUSG00000026526",1142.19997641712,1316.6049318778,1150.59580932576,1067.34017431377,983.384729390155,1165.77085127285,1176.26045696247,1116.71733679663,1013.99553427089,1093.63580105172,1045.41707315321
"ENSMUSG00000026527",14.4723063856723,4.20362733355701,6.02390213153437,6.42665371950439,17.4248873119008,4.986232114188,8.11660170801724,13.3502927191614,0,11.1646897694019,2.22728729904458
"ENSMUSG00000026531",0,0,0,0,0,0,0,0,0,0,0
"ENSMUSG00000026532",3.4663082494318,2.15472807154696,8.88045548433984,2.17736064837949,3.16275031130148,0,4.09321273430257,3.96349345376432,6.60301888348202,7.49705358035025,2.28646826100448
"ENSMUSG00000026535",74.6005986851677,0,50.3916116351593,48.9186529615035,1.04310259208837,0,47.5567067562741,0,0,0,1.16093139883074
"ENSMUSG00000026536",50.3488883845971,55.5699831050579,23.0824989485363,38.4133955362083,68.1088786048523,61.5914021244861,28.9467088159586,36.2919822662199,34.4741458411222,31.325037965376,42.4776544846103
"ENSMUSG00000026542",0,0,0,0,0,0,0,0,0,0,0
"ENSMUSG00000026544",18.3090584803804,44.7647657708953,36.9666489529063,24.2060477814031,41.4183466258255,37.2435853278785,37.7811588010048,39.6877189861824,52.6985113673251,35.6949878009656,28.0360954103309
"ENSMUSG00000026546",4.10547567632308,2.14990865223369,5.30703275605243,6.56058669842548,7.38214696125772,2.58139717727411,5.11643021234859,0.991315758304772,5.67600415288329,7.5287098951553,2.28715307514927
"ENSMUSG00000026547",117.762221627816,198.602320565444,127.262354044718,137.69228579594,217.665219620831,181.723343005915,100.64305950563,148.342410950193,126.777659348613,140.23224432211,147.584069286033
"ENSMUSG00000026548",98.0917167520902,75.4860993068716,108.929718325573,88.4900528597968,102.826368907472,119.458570418668,70.6325164004948,68.3184843691535,54.5420579099327,68.3697956614758,78.4880110154573
"ENSMUSG00000026553",5087.59758212032,5803.39788894604,4530.8120363735,5101.73435616168,5261.45958801489,5385.30788600094,5061.51525227083,5987.48829250187,5088.74379857738,4982.41768880902,5834.34755650492
"ENSMUSG00000026554",1479.93414622283,1634.49837309169,1700.10494063414,1580.11493328948,1687.65407207269,1803.42715762615,1601.75970597004,2079.97674397155,1789.84654670712,1884.13655987025,1499.44271197469
"ENSMUSG00000026556",42.7460165923236,36.5942783945275,31.7442639873862,18.4103515635234,77.1369678967736,38.0686308500696,31.3061816452768,35.1535956138299,38.6280725349363,111.873291815363,37.8752031388163
"ENSMUSG00000026558",332.675333478998,352.312738276871,269.914813117953,415.854858641516,298.361609251028,439.681354839458,358.809339148222,453.306153620841,255.007285177655,307.963597365824,405.553088213261
"ENSMUSG00000026560",0,0,0,0,0,0,0,0,0,0,0
"ENSMUSG00000026563",253.433515607278,249.823289679344,290.226341887379,222.969596616967,358.129430269467,183.324721841727,277.829087753036,261.899046310561,274.838458527109,339.171089967301,245.969914523821
"ENSMUSG00000026564",19.9760129975565,2.15919558379083,0,2.17441558344167,5.26958252102731,2.57432342142938,0,0,0,0,4.55205463295991
"ENSMUSG00000026565",26.3818100522142,13.9371629682389,24.6516185628037,21.2071067927974,10.1360432319493,13.7286677103021,28.453628248204,21.4411342053957,27.0625017737971,20.4649169466369,25.5565195250955
"ENSMUSG00000026566",515.872441737638,408.587873376319,611.007494472597,529.989297857903,879.301904736872,390.742912138571,648.878898219359,713.229205802152,622.273910376877,811.002017203523,384.881212960816
"ENSMUSG00000026567",25.9448148037448,9.61838044080612,12.2359135076725,10.7844578489818,25.9726558084025,29.0111533776505,8.13310020128538,17.5072800328403,13.0116120155487,20.4687396661768,14.650190934811
"ENSMUSG00000026568",1248.28328335739,1930.75557401234,1296.42763257934,1934.75957690044,1387.86032276845,2130.51642877678,1649.82633052877,2055.04770626867,1484.93979231182,1538.02383385251,1672.71850589402
"ENSMUSG00000026571",1244.40194217074,1309.2420363993,1085.21599732461,1464.78778842103,1215.8036260317,1248.00493854352,1169.57023856119,1668.44874004407,1580.03782845349,1243.50039504584,1608.27171138646
"ENSMUSG00000026572",0,0,0,0,0,0,0,0,0,0,0
"ENSMUSG00000026573",10.1043927225913,18.1211541152167,7.084713300259,8.84671546126969,3.30869664541894,3.80504242399957,5.18731472756135,0.97089784675633,8.29611122097016,9.29614175158862,3.5333456762658
"ENSMUSG00000026574",144.757626496162,163.660655686144,145.644040297522,118.101058804149,232.396821482512,119.103491568801,99.5944713628436,148.796995914721,168.804478634361,95.4028280306177,130.665862900901
"ENSMUSG00000026575",125.670729545036,89.2871978510259,124.218868362272,88.9265132112979,110.535616603505,72.8173782843025,92.5075329828579,115.81262438612,118.804309119304,108.780270444965,117.518014916855
"ENSMUSG00000026576",55.5056385990981,53.2722662645672,38.0212931666033,42.6925023355485,67.6862044303727,33.2636808112512,33.7971937813979,36.6862889413144,25.4506951306205,44.5927438132148,54.1228984879079
"ENSMUSG00000026577",257.713660596126,245.392967637176,179.670473777776,170.414319654109,211.934022681496,205.454462734923,176.04102055977,193.834545296093,223.67249628493,197.437531380644,228.498799664769
"ENSMUSG00000026578",98.2523664596306,106.218153411552,115.248821712861,118.522405070358,104.859520593324,116.780063645012,111.908962976774,124.093723629396,102.075605049528,93.9508537441602,101.356217485408
"ENSMUSG00000026579",82.6664057233802,79.1118517441136,84.3660396010623,53.5357868648371,50.4261579460714,61.4133215226511,79.335945195221,78.0204476617892,77.0704799666017,78.1979062222678,62.6925833371523
"ENSMUSG00000026580",10.9752443568548,8.62259625402483,21.2427287874408,9.82963602348394,22.130240202956,14.2028119640164,10.2304116424225,27.7536349389779,20.8188545694044,26.2802378919759,22.8341516066094
"ENSMUSG00000026581",55.5351760686032,171.309110414483,2.34688614431201,2.91408241790771,3.23583536373593,75.0835538593047,0,5.90869218294667,7.38897271879698,57.790198474699,1.76074504400102
"ENSMUSG00000026582",0.686095915489963,1.07497229860028,0.885580662108592,4.37421920954643,1.05529107738627,2.57380287185449,2.04879750534361,0,1.89081304109461,0,5.72652021023675
"ENSMUSG00000026584",639.782858228702,642.933974767901,781.496727640038,801.385231361485,745.666563116709,713.369392819829,665.138337459681,830.357222617436,896.52744071058,745.045357622234,684.146469998551
"ENSMUSG00000026585",137.548742727761,109.479992884274,141.877921486312,128.205537033552,123.411621954145,121.734718563668,113.532954926546,111.242921998438,86.3840832271615,127.066405674381,108.30798622639
"ENSMUSG00000026586",12.8742340120007,12.8442829188259,7.37076414673879,16.4243758567714,25.6417851586254,2.47179288379385,9.85543338552518,5.63254795368668,7.17066024659215,10.9345284061786,19.3449684046671
"ENSMUSG00000026587",0,0,0,0,0.748976775805053,0,0,1.13500919927187,1.01242911338769,1.07452605159015,0
"ENSMUSG00000026589",1910.32172696308,2050.31702074494,1953.16882890617,2244.19449219605,1867.79741621337,3280.17671616843,1790.30857335225,3387.31230636249,2544.31807854067,2125.88203793265,2815.23985967957
"ENSMUSG00000026592",0,2.23581437256292,2.76906324705225,1.14996881840767,0,0,0,0,1.58212640283024,0,2.40732951259508
"ENSMUSG00000026594",112.559293895205,153.679408755849,38.3736495778125,26.367906236802,47.9316504449802,74.2570379870157,21.834630160613,49.930048003757,140.175330612465,62.1182113659056,66.6747100716603
"ENSMUSG00000026596",155.392859203597,78.2756697407713,155.123695641971,156.862323940859,113.080462508982,60.2516332972628,175.115560668936,122.363336589888,142.691977986088,201.208868628481,263.903104280591
"ENSMUSG00000026600",101.009314735255,138.923469593798,253.846327383495,107.524751475379,159.904734342904,65.150957741156,153.509913596869,77.5516666066964,105.514228217155,173.09409623784,91.6886962440309
"ENSMUSG00000026601",0.376715008614375,2.4015892181569,1.2981365661362,3.46796026683037,1.59580462290688,1.87809701930525,0,1.49987560883136,0.599094728094644,0,0
"ENSMUSG00000026602",0,1.08064173486522,0,0,0,0,0,0,0,0,0
"ENSMUSG00000026603",753.735206620199,712.369902862428,697.204879426713,913.168482590371,711.658006167145,767.484054123239,791.630527183118,763.271125439387,703.569564467021,760.931791481436,761.565390142146
"ENSMUSG00000026604",85.2757196834068,62.7884992396524,68.3665238458449,58.701841748166,68.7938227025431,84.7836765700777,62.3452896373338,63.147916669576,72.7451557177505,68.2234478273694,82.1046865251902
"ENSMUSG00000026605",17.6551280516391,34.6231900124966,9.6331873177883,10.0046642250394,18.2694577923441,179.212745241554,26.5890282051248,4.07672727113918,6.20902067798634,8.61175254788451,2.84855842977296
"ENSMUSG00000026608",782.673907764584,659.659379216659,789.335338486174,773.183563625522,723.224376583313,709.701632254004,740.162336311728,725.965415505284,775.927050402743,760.976342502547,827.863412968515
"ENSMUSG00000026609",0,0,0,0,1.05095675570364,0,0,0,0,0,0
"ENSMUSG00000026610",19.473927821726,15.9783073838517,16.5965268158048,39.397899914347,25.5741638638208,22.4560204080184,27.1994055233978,41.6341493600165,170.322835050735,14.6476779471595,214.59703610713
"ENSMUSG00000026611",5.38847932459468,0,0.804586850390164,2.99840434198353,0,2.33820166131796,1.88566354966199,0.892791359814649,1.69785845506641,0,3.11711518245076
"ENSMUSG00000026614",0,0,0,0,0,0,0,0,0,0,0
"ENSMUSG00000026615",3595.63422037213,3408.58711789907,2938.19030016015,3575.96714689893,2798.22679270296,3260.96744785499,3364.3227574783,3172.3674162815,3020.13332683124,2540.51496728271,3868.11976209597
"ENSMUSG00000026616",19.2774402140456,368.852263034715,0,2.01286102465875,0,168.027056260834,0.952066847722025,6.44601635543172,0.85347215706937,34.0587231309729,0
"ENSMUSG00000026617",336.5431463539,435.046992541969,388.037451185842,419.289444698319,444.208016347867,522.840122692945,431.395081117325,515.982541688806,415.613765976052,422.82610665057,392.324193754104
"ENSMUSG00000026618",982.41528557538,1010.46620385838,1048.45692994726,1166.82681269917,1208.85562604097,1098.66060019943,1163.01414867999,1254.13429989078,1251.84179989237,1173.25209677884,1115.50927559022
"ENSMUSG00000026620",45.4772945156034,43.4031348131577,31.0966383359254,27.2631952703368,42.2425920796314,38.4380497806873,35.9723528254238,30.5139055294772,47.0258581830912,31.0193996851744,30.7975446156119
"ENSMUSG00000026621",86.2153534357333,29.6142224375962,33.0918200172669,12.0949545275823,37.9126540879638,28.4508591714872,71.5476883829554,20.005330778697,44.9437245241093,36.1045332183654,27.3068918362906
"ENSMUSG00000026622",14.4453498267543,28.9037046771637,21.2564439722639,18.5713158922852,39.0607892461787,26.9039855713645,29.649422624971,14.8910220317484,17.9530411279329,40.5396535859604,12.6251612411546
"ENSMUSG00000026623",466.852272834305,410.778106975267,409.514713197075,549.234322606366,508.916550229923,397.38708179893,712.11479406195,439.708229374124,444.772761720515,406.283498402376,466.214306869266
"ENSMUSG00000026626",992.643885384648,849.823076190982,914.013812947883,940.127631722852,1095.04703334754,946.487116180234,945.371652647319,895.27240890605,991.150457580341,1052.12615770494,945.214748442267
"ENSMUSG00000026627",56.731270855719,76.3816608939606,56.5003979331805,74.3987875756869,48.6927766895357,68.5247921205353,65.7700048054214,74.7820599343938,70.5376763934449,69.033525509697,82.3609737790102
"ENSMUSG00000026628",101.566603747841,68.6486746702955,484.947104784675,102.338448883964,260.991078261012,60.0704024450086,106.669881991469,184.569271234146,68.0006265339573,172.598055733936,17.4631362494306
"ENSMUSG00000026630",7.98446179183406,16.1192994029547,6.19493789311128,7.73018297251367,7.7854312780984,7.68019632907267,6.25049764652252,3.84167570958014,3.67713527244844,11.1633508481028,2.3495642990658
"ENSMUSG00000026632",47.6366173118027,65.3559598218435,62.7494434245601,46.5590003932837,62.7738987649349,46.7229921101495,55.9940784060813,61.5465385634865,43.5421721237244,58.5064155967376,46.6689562136386
"ENSMUSG00000026634",269.876872648935,322.301266067948,332.124479635343,309.270495430479,301.088052045445,257.962881372775,310.764517767862,327.2036181597,342.444342369143,345.401203107488,336.119957511822
"ENSMUSG00000026637",64.5663619799222,169.990159326579,48.8070632450765,40.9201242176872,53.3941951669068,64.7152668051555,75.4685215750359,107.991416869888,25.0285993142333,24.3148980648622,25.5629357931599
"ENSMUSG00000026638",480.379684038289,401.523937957044,522.168522700113,472.911193312362,569.83330203509,368.249798982982,539.799533623764,546.813724127947,492.378383768904,617.631791118316,417.828882150297
"ENSMUSG00000026639",1089.64724375944,538.211248140501,766.692655182588,505.612459063767,810.352660336151,653.285642684051,695.994374721616,674.471533093442,608.633369259507,574.360656893663,893.455769757407
"ENSMUSG00000026640",141.075159842607,135.714356614303,116.990058606958,232.336392151717,172.576148902568,215.257040529655,148.910451786919,202.957401902135,131.928184086298,111.328809881426,204.39965927828
"ENSMUSG00000026641",430.900957249484,698.775572032068,280.276556040696,486.429373525997,447.964913679999,289.146274983046,550.032709659493,415.613073328963,376.345449088454,618.084862030643,379.601406070159
"ENSMUSG00000026643",214.806752949934,183.531022533307,244.437201312751,220.153427630266,226.535030037667,196.610497012493,204.657247976063,191.426645295954,237.220377101562,226.452746534141,191.727001794379
"ENSMUSG00000026644",4.19748099357685,12.8893670510658,13.2340026371666,17.4001749035619,17.7476425026448,11.4189287560318,8.13802505291489,12.6626894535745,15.0317572871963,8.09245417446999,8.24202493264298
"ENSMUSG00000026645",15275.938705158,25393.2188208181,18898.1150424007,29429.415796297,11786.9628673886,26686.5717643603,17709.2895129427,21417.6220882842,29011.4258349277,17685.7896784506,31420.7886978017
"ENSMUSG00000026646",4.0531953189437,11.3085119832889,17.6294372795875,6.26961845814739,3.94430782127466,7.35207372286417,14.2600003838098,12.861723266766,3.11155526605278,5.76983916675474,3.0324239995359
"ENSMUSG00000026648",137.113113795286,186.974196865681,178.525447411407,206.022105676659,166.320370385878,254.532303378494,210.231453955587,176.731497798825,235.944012280144,223.366092622523,214.527987621795
"ENSMUSG00000026649",18.7827456986634,1.17286005411563,6.77888045161744,9.18970096147681,7.09116755642903,8.58166458040175,9.54241233507978,6.51714280224594,15.0528386225503,7.25104062288637,6.759878337495
"ENSMUSG00000026650",3.1102055971938,5.72884791576329,0,4.58430471484313,2.96355201335924,1.13264184014561,0,5.26214389565109,2.50955538756061,0,2.09928312312748
"ENSMUSG00000026655",38.6938180011825,60.4323272016284,40.1473109870247,40.0000891584565,43.6443238367034,70.8455776936839,47.4358619079691,48.3987798677487,51.5121381674629,89.1210239995659,34.0630303494258
"ENSMUSG00000026656",66.1556833133172,81.8010450786462,63.036158952076,46.069490221932,52.5568636914511,61.6877491434368,43.6251283094194,45.4393902329227,64.8875980545087,45.5760407893924,29.471383848518
"ENSMUSG00000026657",233.174386106108,186.833533543369,199.541150900922,147.070934473512,168.980378394677,134.845462458722,129.715663481804,169.718800264557,136.782743957501,203.740849830835,158.7510746075
"ENSMUSG00000026659",86.4457647663003,133.189688531206,86.0179077061895,110.750645579705,106.518000157727,101.665530329024,117.007587237624,117.354728525998,91.6346857879589,107.981343308651,70.0720411144114
"ENSMUSG00000026662",264.45418255069,247.675677229945,241.55553634808,198.995923745632,309.039529641482,234.52504726545,266.889143383699,234.029459857991,260.560596227445,259.105043461199,234.120041932843
"ENSMUSG00000026663",303.309883795373,266.882571873908,297.779205182473,347.552822579705,341.813512233813,180.418685598926,309.269338104516,249.258055734545,303.158560722177,272.673967718538,347.954805126843
"ENSMUSG00000026664",596.425265016802,533.244117629518,609.030810231343,278.43249318312,391.816632456494,450.843794322849,604.558218081666,384.52774470935,485.369625201114,431.69458664321,504.871167466903
"ENSMUSG00000026667",66.7225738426866,30.7694529080467,50.5939763173156,57.2495996608772,50.4950843904686,15.1338146163701,64.1825701018973,22.3072809933533,50.7709621623121,36.5106542323041,58.808332836378
"ENSMUSG00000026668",0,0,0,0,0,0,0,0,0,0,0
"ENSMUSG00000026669",17.2842402188191,30.0984500554477,15.0869461307817,21.8001663398081,17.9251741108164,25.5957701589448,14.2963749907552,24.8426724053689,18.9256219520521,8.4381209398252,11.4495684250273
"ENSMUSG00000026670",1045.56494158826,1057.59631258182,882.636213972142,920.143720570054,808.740748394009,1239.14301339649,993.286279408244,1174.16632790264,928.876531963642,838.070940131925,1189.12191748528
"ENSMUSG00000026672",329.858532716147,269.53085789242,448.475503631345,417.129153797064,401.268660374009,331.670904322785,404.351793664064,375.784425219695,324.762285714083,370.653059154656,339.288956305992
"ENSMUSG00000026674",38.0112513312531,36.5311394769501,38.1489188985399,21.8020648610029,50.6044015156783,12.8092508594347,24.4968548336085,20.8715088933154,51.1199862687502,36.574601183413,54.9553097669711
"ENSMUSG00000026675",153.60632867323,239.492997240294,144.659682730231,144.342571307816,207.667979784145,164.136718903899,177.051833292154,358.422176750067,203.425652209373,160.839908795091,240.547634935112
"ENSMUSG00000026676",14.8930441939046,13.9274875358954,11.4585943492489,14.2577408374855,18.0445256109951,14.195418196187,7.21443162156353,17.7060665075455,12.2069857886413,11.4294656183009,2.29683040072433
"ENSMUSG00000026678",60.3837542874659,66.7974210472069,68.649285109453,68.3137885892776,84.5062768075801,49.8266884615263,53.0647726357927,86.0758976336364,73.32348843716,63.7678579890443,56.9472818152569
"ENSMUSG00000026679",2.64980715635662,0,0.8810242497301,5.56269960026152,6.29216775247865,3.87727115150046,3.17815954858669,0.970932338515457,3.68507022502103,1.94682040495857,2.279877313651
"ENSMUSG00000026683",9.79558246242024,16.2103805715025,4.58981146015391,11.2821122796167,5.34381864135031,22.370722082786,10.0030902977482,7.56350689700913,10.3670490355682,4.98376733406516,0
"ENSMUSG00000026686",0.688905715334204,1.08226300137675,0,0,0,0,0,0,0,0,0
"ENSMUSG00000026687",870.983243265337,1199.08984033055,905.378745670487,1160.62856541504,837.393038785325,1149.24644547235,982.030374973598,1289.62409193407,1015.75179437368,958.604447341764,776.005629697733
"ENSMUSG00000026688",484.796619552375,573.014830186846,601.103610722151,485.960616358144,466.650075094188,617.696019848235,562.473649917955,651.034216086049,513.730109175203,586.340016732004,556.903977440507
"ENSMUSG00000026691",0.690498990217111,1.07901322005275,1.77760554640236,1.0944837174005,4.22083305885149,2.55571109506017,0,2.96784606722228,2.82189813821888,0,2.29253862135953
"ENSMUSG00000026692",3.72531985953184,2.52012926219882,1.37822052542235,2.54548117586256,1.63246235492825,1.98011697633765,13.1228427501359,1.52504085176597,2.17585605153981,2.93304003556512,0.889559934960348
"ENSMUSG00000026694",195.629358651851,238.107176620015,236.401909600568,335.526780298742,272.483607981325,244.043233782051,278.762132010505,279.776756655541,289.121780233148,338.400394180348,216.471034996551
"ENSMUSG00000026696",114.345136879615,135.005131601576,143.531720072158,136.053557715205,163.13664807262,174.638175344972,144.040371489843,173.396311202052,129.50648436207,138.562925461114,138.166944561138
"ENSMUSG00000026697",15.0938746115157,6.47386805520233,7.07684362352261,15.2853335879105,10.5765326369426,21.9621557265185,10.252459986732,5.91535206406818,7.54473568975509,10.3446089429608,9.13483303772266
"ENSMUSG00000026698",255.471268725112,302.974092991635,244.621828111976,264.364487196019,337.679846014176,310.68609430998,251.203234449467,430.780208508913,242.345947950523,233.616832016401,192.561453387651
"ENSMUSG00000026700",0,2.16128346973044,0,0,0,0,0,0,0,0,0
"ENSMUSG00000026701",665.275937201022,730.804706068665,634.571363965464,759.509349845851,632.725154649312,748.745885087478,639.83915038276,700.542256769649,725.806990821597,528.335915354881,643.08036568545
"ENSMUSG00000026705",134.628299035717,158.890149604775,257.044070177937,223.262101458034,143.427282802679,144.335814382163,136.943286424883,187.631038209321,133.615648676044,150.491388884012,148.169764120766
"ENSMUSG00000026707",47.3287024943548,45.0393371189733,136.627116200767,36.3921536407609,82.922737652481,18.6443380732871,37.5591370017826,53.9842575820196,77.5512985484409,35.220381522959,31.6926421057717
"ENSMUSG00000026708",37.4447214739086,25.833315704927,20.9022548918114,30.6325329374937,19.5429498922959,37.3770523641591,58.4197649079757,7.6374307226231,15.6006016402579,30.6815431672493,36.8494161067556
"ENSMUSG00000026709",147.404363304201,193.444706275916,179.257477560963,162.587993720903,155.286512668862,184.570120439358,163.291663926859,180.903232032342,180.501552034925,186.880062535764,159.339037913024
"ENSMUSG00000026712",109.47611314836,92.3738863949237,74.5196429065727,62.4594347850966,117.669426307795,96.0323615884119,83.9872696639984,88.4459272758119,124.335869445538,78.6104056569735,61.5512584143035
"ENSMUSG00000026715",15.1649269137863,11.8201487726297,4.42829700940169,4.36491788010019,8.4588319369012,14.1158940824006,6.14249267648708,13.8403995520524,15.0888708334965,10.3595342444567,13.7440939950628
"ENSMUSG00000026718",263.191137565657,239.662331523044,325.360928170462,278.38847173449,339.10301190096,216.706422311977,337.081982829025,344.12173806797,295.356244405221,376.487454571506,248.626383572329
"ENSMUSG00000026721",188.13329659877,238.390846136292,286.208630139622,320.858004741396,186.529424294046,192.879314653963,221.475107254572,211.189042981023,265.743558589626,186.338066670793,228.580971003584
"ENSMUSG00000026723",13.4809932635681,19.5960695913208,20.3500950225216,13.2259528772172,16.8207590928651,15.4142401920236,18.7947260363317,18.5279777984334,24.0877316765171,21.0589749947362,29.7960812098835
"ENSMUSG00000026725",0.787119615214362,2.01823248096844,0,0,0,9.62629018971433,0,0,0,0,0
"ENSMUSG00000026726",4.13025825158604,11.9367574710714,1.77688851559407,3.28267910913163,3.15836928162197,6.39856581453023,1.03356005445976,2.95943301546293,1.87746438621283,0,0
"ENSMUSG00000026727",433.620833330628,326.741680936342,341.499075984522,273.703572619175,348.035601900568,236.658799101037,283.727346454974,412.633390865573,392.941759205658,406.627167629424,370.141960085843
"ENSMUSG00000026728",1018.97453378665,1543.57513756056,1045.46253507406,1063.12991550919,1423.36272843263,1173.41440407134,843.024574004125,1059.63716569561,1124.92210609568,1012.90769969997,984.122068853035
"ENSMUSG00000026730",108.60019988987,102.737349248708,103.349220515505,102.839066827208,116.176233876364,94.5622249734295,117.984808399938,82.6933580542975,90.8444685040879,71.3563314995319,95.2826270608999
"ENSMUSG00000026734",0,0,0,0,0,0,0,0,0,0,0
"ENSMUSG00000026735",0,0,0,0,0,0,0,0,0,0,0
"ENSMUSG00000026737",67.0635940555778,104.980900183344,45.2431405437897,51.9150368257741,52.9110195966172,65.4238695298567,48.7451113303119,42.6484078427363,38.5979860457089,59.1860088294682,42.0054283938201
"ENSMUSG00000026739",277.673221389483,154.623625736645,270.992781628803,283.898523572468,245.798669019163,225.658627908407,158.796488985364,219.440208560338,248.43498235573,326.970212929774,297.534315492772
"ENSMUSG00000026740",722.675563898002,869.690709826743,679.702316307064,1018.0914489425,884.377345099679,764.413249093458,1156.54472879103,948.045779398709,917.055812709361,1024.02708702248,814.11039131621
"ENSMUSG00000026743",636.173510370957,558.950312982794,546.715105042646,605.136131752424,552.904499675869,638.426457739825,459.02687135374,664.826927477332,564.436095478851,612.966320386432,707.293096163021
"ENSMUSG00000026748",109.746404002488,99.1467747857377,111.506145343961,80.9965552197707,119.837877140941,79.2549918815565,95.0199789697661,95.5224571421642,110.300031829397,71.9758396696845,81.6183385274925
"ENSMUSG00000026749",83.813819014984,69.4045536890479,56.4462921459454,52.6600055630026,114.215593628915,78.5709326325662,72.9129087917117,67.2016385279898,53.6499779662353,73.1505835311106,82.7331869583139
"ENSMUSG00000026750",2023.71980044663,2151.63493303021,2065.9968630568,1950.46862525661,1908.59593568845,2035.9450587663,2037.85000546857,2114.37100423486,1945.74488429998,1941.37541729468,2040.39167904031
"ENSMUSG00000026751",0,0,0.888263775864927,1.08909633743558,2.1320905802822,1.28097315426414,1.02636858522726,0.983108626049106,0.942224929015284,0,0
"ENSMUSG00000026753",303.993754519415,293.515029852365,285.474766853624,309.492676364794,241.354326514021,238.383891519933,302.47017030428,285.92935927018,269.751598390002,259.894142558954,313.04208200092
"ENSMUSG00000026754",602.011602346209,338.238330447053,400.557677363795,467.631249587619,397.153441769671,249.665561823878,378.140069128036,360.571909622962,448.21745628599,602.709615203181,336.321819889592
"ENSMUSG00000026755",206.048769416845,255.272949985127,226.868567078668,261.356113882182,215.270456945392,287.688600611497,266.70174276698,233.055913869136,220.539762245061,199.676222506543,248.562291937642
"ENSMUSG00000026761",343.332070601982,232.737785713076,269.629733815609,104.785823701289,132.477296383533,84.5174438459925,308.566406619948,255.299051702322,263.343939482218,142.091084805399,273.066056343832
"ENSMUSG00000026764",4.11811902719794,3.23510355061864,2.65777644908657,3.2787717473153,0,3.85594829095151,5.13123233000139,0,3.77355491428033,0.940941590888281,4.5696329031716
"ENSMUSG00000026765",0,1.07928584669742,0.890945827072322,0,0,0,0,1.98272236001739,0,0,0
"ENSMUSG00000026766",575.481626454307,676.346937402752,583.153237942462,618.551434008775,713.527377887885,663.604720375683,681.435327493408,673.225954390621,603.342464267728,598.778212857604,555.97875725908
"ENSMUSG00000026767",408.642444261031,366.360430104344,526.037118958533,246.5685974234,397.00625320401,379.553794607138,335.98180117016,446.647435304978,426.940830274888,281.686382555676,501.805506456043
"ENSMUSG00000026768",527.299151562507,410.957128218799,223.608121762383,448.785429715493,390.784946660592,332.842906259607,362.38526802727,675.01545015726,522.213965566124,320.574420097365,608.623049167749
"ENSMUSG00000026770",6.47611514280794,150.581218912138,131.321775841132,10.9185366193904,160.01574433277,22.6923676848019,7.55938775971184,5.17065722520536,5.40165864160793,5.5012331127378,4.24019074563333
"ENSMUSG00000026771",67.1023489376041,41.23702021714,31.1836453094244,59.9730649199093,63.8341051635463,27.5504878922886,61.3583439210081,25.5600553548525,71.074084624532,41.6628056405702,112.688290260703
"ENSMUSG00000026773",339.13906863119,215.906879007566,389.29473372497,765.879239252374,520.483802662109,205.59267334127,340.35845320449,262.898637457411,378.951967016723,633.608433042919,239.328994939037
"ENSMUSG00000026774",0.672725306325011,0,0,1.11574068448153,1.0561552926726,0,0,0.980388077204055,0,0,2.30150775789938
"ENSMUSG00000026775",1501.86422374287,1504.82911725045,1428.8222185479,1598.9197228767,1515.69887984956,1397.83989140071,1509.92686179917,1648.78660248357,1557.9816969998,1366.1300499298,1586.95798202562
"ENSMUSG00000026778",46.934653963182,112.246893033589,14.1769553738695,8.70913675947004,15.76891288846,54.760813352511,8.19056468688237,11.8551646884172,15.9793591024729,31.9476650966302,13.6943522510623
"ENSMUSG00000026779",4.74391061746892,2.19929501549155,3.55402031697561,2.19960110763668,3.12222169103286,1.28752314272389,6.25462180911549,6.84742701882172,0.929643198439016,3.80425917908583,2.2733227090435
"ENSMUSG00000026781",539.906243611217,519.908372822986,498.689901448454,519.783481707993,523.455556762578,406.524853384152,551.671298563152,568.476384479334,633.129558359149,497.489086886046,515.406261442211
"ENSMUSG00000026782",24.9290956123379,8.12433865973331,16.5005573932854,12.2251057264602,28.9134205667875,7.9925591241265,14.7570290395356,6.99305778446501,14.4695171780939,10.691760797698,10.4250122079464
"ENSMUSG00000026784",43.2523840321831,52.1961631140737,29.8158842791262,37.9578063442137,44.4828094384425,35.3789189354806,47.2830429354323,43.3537011323127,32.6389174145199,45.2461941317879,42.6300174032648
"ENSMUSG00000026785",93.9076253279473,107.70044935949,119.109954692725,98.1755402829656,96.0986381545679,114.947015542354,92.4403201837305,136.975497967285,88.9498490037339,139.537521099795,112.296639078398
"ENSMUSG00000026786",116.114053300009,224.305137199966,80.0390870375558,67.5959547640932,78.9012161640271,133.137382022665,49.2353312735254,82.6965417674316,80.6381076968673,93.1869707020062,56.2785231581681
"ENSMUSG00000026787",0,0,0,0,0,0,0,0,0,0,0
"ENSMUSG00000026788",80.8949744360255,75.7714698686299,111.590930518369,83.530508657519,116.73373620117,172.971493846655,77.6184892198847,106.422997180891,88.3838949667224,77.0731383961771,167.025591420253
"ENSMUSG00000026790",515.054029269703,616.381500354529,655.945240117465,683.995250843695,333.852372324355,617.219556742877,262.007210844847,477.980059182061,507.767587780255,560.171954118547,305.032789519527
"ENSMUSG00000026791",351.707282631064,337.942317764359,558.193420078663,489.681044406428,486.079668317538,384.649974790292,401.50828146462,423.073389961596,439.590594592276,620.368100362155,310.764244791096
"ENSMUSG00000026792",157.855979405903,225.620938499774,205.972618846424,163.882021225628,173.619763402042,122.920477846722,91.5603610393474,254.814725722741,41.8004546209698,153.292827468572,272.129697856276
"ENSMUSG00000026796",3357.58010173761,3633.99340765545,4221.16652776001,6294.33797811196,3399.64776108169,3614.96472106827,3617.84166624376,4683.20790252785,4474.16230815045,5511.20280125113,4799.93507372593
"ENSMUSG00000026797",102.279576745036,87.1670111279159,79.4272492822946,91.9114002371343,92.7495291658599,132.138530599895,79.844565954185,139.940145829636,101.370139367361,162.729859133408,68.4998494361327
"ENSMUSG00000026798",103.287592736084,112.258455583102,111.713192281765,83.0859033469059,93.6609390780944,121.690954434339,143.357600676064,123.227733823779,103.740834850725,126.92715418129,112.77806555344
"ENSMUSG00000026799",82.1357661380398,104.409122212217,53.703772686141,85.3295382249775,68.7838166469486,127.50985496723,70.516514406208,60.3532571455326,93.7133595089521,105.395373023107,105.859042394311
"ENSMUSG00000026803",178.085534898694,159.791389185755,170.438912508189,140.81667040245,144.304407629267,143.205090450498,124.313838301197,142.388105323282,178.852144594921,187.288254758323,135.94764036646
"ENSMUSG00000026805",0,0,0,0,0,1.26945444045029,1.02584281737692,0,0,1.88859581046627,0
"ENSMUSG00000026806",89.1419143009766,79.5644263031961,65.6530942830993,78.5638435378608,66.4959484361864,94.4274800424705,81.012097340923,102.976929603814,101.758984319806,81.0090813976567,108.816680702777
"ENSMUSG00000026807",0.683066328894418,4.30105066601298,0.884067305166062,0,1.05556252216366,1.29321788058843,1.02484901820372,0.990600610937858,0.945439886602985,1.88536448667644,5.7218355741256
"ENSMUSG00000026809",0,4.32256693946089,0,0,0,0,0,1.98521321987274,0,0,0
"ENSMUSG00000026810",71.4117117661984,96.6090011199547,64.434362366158,75.6324835539616,90.5733142428664,112.696913253746,86.1201804846126,78.900448670602,95.4390719479042,99.8751519309615,122.388864738616
"ENSMUSG00000026811",550.078721435738,377.016730057897,617.242730184965,346.417936751203,454.642466508362,321.552570038812,482.279733002537,302.683816625494,455.89376758357,519.687643109455,624.384572119347
"ENSMUSG00000026812",254.089168092769,295.793969966944,346.143888154933,427.077549978276,374.156323745581,306.89590679855,270.092433259342,350.190624239752,315.509035796071,335.256808437035,292.987097221049
"ENSMUSG00000026814",349.042511906325,400.576084575429,460.826743059243,422.738373974082,584.81519732016,527.290670427744,380.22461692007,566.579291881219,472.435568155459,580.277596238604,529.343992530232
"ENSMUSG00000026815",0.645967684792999,0,0,0,0,1.36917312150325,0,0,0,0,0
"ENSMUSG00000026816",386.748877141802,255.991295147666,138.800428099281,276.351818859732,361.002899729322,144.805123796546,141.936028763247,182.336353696208,333.133054040829,221.172620322852,285.799437085053
"ENSMUSG00000026817",191.547503779816,5.40678003313072,10.6865494651284,33.6679180067974,37.2663196452652,3.96241249429276,9.92019751212781,7.9519554706831,9.47973638522449,30.3096409720279,15.2634041266918
"ENSMUSG00000026818",30367.4906104352,31647.7242963955,25131.476473398,35068.1153122445,17878.5826257624,18750.4901268441,35511.799673038,35570.0163614411,37640.4811591636,23187.3549579104,35761.3429440385
"ENSMUSG00000026819",184.650158222777,127.373047298569,133.72518239511,169.429556894946,79.7602318093904,81.4099880879387,91.0734722964439,109.412195139226,128.146625674468,126.199980312458,83.3789761324955
"ENSMUSG00000026820",459.952047739804,402.568323493703,454.046258874539,537.264550713423,417.662724938668,356.571450271581,371.391627516857,368.695627138713,477.635278978416,503.930309123748,475.221423643979
"ENSMUSG00000026821",2197.21524744514,1849.06875323109,1850.55996267521,1596.43475841766,2282.86505251493,2061.56210835939,1784.36030272315,2042.30303779926,2016.80797694853,2476.48149261648,2932.21151084399
"ENSMUSG00000026822",38805.8700235911,19927.5502660644,30863.7493966019,35087.8595900712,26100.8393914144,24938.0081304411,26390.9004415603,16991.6392591286,19595.9419716895,23896.7128303825,36247.344317858
"ENSMUSG00000026824",0,0,0,0,0,0,0,0,0,0,0
"ENSMUSG00000026825",57.3078366436635,78.8114841786549,32.9776635734458,35.4344267123357,33.8772769342812,57.854740743912,47.8134205213658,71.55231659921,39.4272675959038,48.3132915129612,59.0776633035953
"ENSMUSG00000026826",116.084481942591,187.566796433275,175.947755847808,83.9674399072255,65.1951040538904,55.7103379519169,95.1301848845798,94.6451870769315,127.081769752902,158.786184540927,16.9450554606852
"ENSMUSG00000026827",169.583280150209,76.4559852154976,60.3123085015031,81.8709830348221,127.400719935517,58.9625991916689,81.9244887665909,99.1625341017574,66.1046021636446,115.661796119809,90.3160842069036
"ENSMUSG00000026828",0.686521447907875,1.08268783549001,1.77390531135028,1.09337901115127,2.09590953716512,0,5.16157770233336,0,0.936747211913736,5.67149797528197,1.13818291247544
"ENSMUSG00000026829",48.7008950075165,64.3312721847699,51.1198437539901,29.6523126002922,23.2245941364207,71.3622280428727,33.8929720817166,44.5060459226515,28.3133137727494,39.7831238747495,41.230482825607
"ENSMUSG00000026830",0,0,0,0,0,0,0,0,0,0,0
"ENSMUSG00000026831",12.5772124455811,12.7599050079338,10.5390171337124,14.3413831708125,7.52406046359881,12.8764678825313,8.36202727679031,5.8381502544289,11.1132523617698,9.67786469769077,15.1092788605908
"ENSMUSG00000026832",984.902175617483,1759.77913715934,1237.37231250451,2100.68571885366,1363.23923266507,1852.43228342457,1619.16236131707,2758.54745064017,1808.75468127142,1337.03153388578,1983.15082632843
"ENSMUSG00000026833",27.5444327659501,43.1493169974061,57.5589113413164,13.7402538166832,29.1657847555765,59.8748805685779,40.7629761810421,30.5360215827971,32.5682481912387,20.4715002740672,24.183984648305
"ENSMUSG00000026834",22.6757970889291,1.99563062893895,8.2521250852986,5.08616226426741,5.74581121514372,11.3580314085796,12.4277501446085,7.12355728190234,11.360665153997,3.51483813262023,14.9288647367988
"ENSMUSG00000026835",0,0,0,0,0,0,0,0,0,0,0
"ENSMUSG00000026836",125.354021892174,83.0668108319093,128.825094346268,76.1012983386152,115.411954017634,78.1166745102836,79.1755576403711,110.511971023502,81.4216514960121,78.334813335738,95.4366749469573
"ENSMUSG00000026837",420.439058095068,522.576057622373,356.807095455238,208.015306000953,483.951007153519,198.886878536448,199.13261678455,343.593099890858,286.518171638996,228.219784277499,247.418394651273
"ENSMUSG00000026839",1.78753010164954,0,9.5384669310067,4.39302192898106,0,1.40590091146854,0.953259585807874,0,0.868361962522305,2.10535310863477,2.55213258570585
"ENSMUSG00000026840",131.463987903992,72.6723212844953,57.8082292647561,31.4508784882665,86.0846655321951,31.9662320041974,44.9435286616866,56.0590347322238,72.6717135445668,55.0038832924869,22.8815896337068
"ENSMUSG00000026841",0,0,0,0,0,0,0,0,0,0,0
"ENSMUSG00000026842",834.952764754237,885.306041945121,914.22910042964,1123.82836037564,1040.63127241067,817.998977929577,1060.59962279551,908.557261327902,1050.63575184764,1016.35833460572,1139.77050330493
"ENSMUSG00000026843",460.241367553744,576.286578574005,456.381252543165,568.368260672986,586.258128208468,493.309262760219,509.471635195334,475.134210275215,360.689917737931,826.855702783178,682.382666877877
"ENSMUSG00000026848",623.172599683682,659.243038257175,618.309411865182,677.549708632863,717.982331791686,733.352332824156,744.390433763836,844.858334452214,652.591084045325,564.32305842462,783.576914395751
"ENSMUSG00000026849",455.295987195058,444.52703726164,532.79637068635,475.446520139426,459.084002522902,475.617234591943,471.373924828296,436.745753804422,551.775748668611,502.775137824849,472.357661679063
"ENSMUSG00000026851",511.740324196965,522.267107220503,453.622101219546,458.829228030133,482.909529383942,506.881809499396,562.810895891072,485.689747961662,423.616981990614,455.555312831412,475.111960738788
"ENSMUSG00000026853",853.051338653967,690.392141618693,679.545215097225,750.372005902931,2020.7109698961,1003.1757685395,688.421034523978,1208.51288937644,1078.32615655936,823.137134832519,1271.26776226364
"ENSMUSG00000026854",528.949500565285,342.46753903059,490.248214349464,368.124001343727,542.477662139332,722.958557440085,387.895633606913,349.586993541293,450.336968156662,268.243359338348,322.387275786588
"ENSMUSG00000026856",76.9972886008489,105.311989349084,107.978732707896,88.7058252447117,67.5885751005975,122.171537939478,93.6960549262061,79.8580809248964,113.90785522491,104.42861287921,113.885625635049
"ENSMUSG00000026857",233.939734228638,243.119129465733,192.344271622419,228.093921233183,226.270855302412,294.73333520594,266.085709148086,143.806987038663,225.703780723157,194.685475285937,251.629325434228
"ENSMUSG00000026858",205.866907194492,116.787643999803,136.323154265083,146.292562795899,292.53871305027,155.736028811741,153.39764637304,160.276407184469,174.396324642326,191.297163172827,267.723438563993
"ENSMUSG00000026860",945.357159340973,1207.84145032734,1199.11049212846,1167.05595286202,1136.25867881439,1390.62319799565,1084.93007922296,1352.35570361521,1030.30784532898,1253.95125702186,1220.49204450303
"ENSMUSG00000026864",22146.9722162941,10081.4320354497,6536.54868975687,9610.79544400331,10424.550004272,9266.94935976644,9457.66580886591,7278.43747329798,6809.98656828993,5432.45664366963,13315.743797924
"ENSMUSG00000026866",8.54098727433174,17.851851557091,6.00469339234479,11.7563661263746,8.18836872942227,6.94475861273049,2.26267900091333,10.4425857573905,6.0410794438794,10.2037294216209,4.43460858213395
"ENSMUSG00000026867",979.867824079491,841.279012695587,971.843937852909,848.843882205734,809.147838764635,790.947595060981,881.321150689436,1050.00071226892,980.003264464419,1053.35644421118,943.791744467172
"ENSMUSG00000026869",760.57366488585,862.538613348724,868.565727345267,1101.55770028959,957.336672739608,975.145646271976,890.581561290324,758.157118528009,860.979375124546,855.026923154904,992.968154400259
"ENSMUSG00000026870",65.7585060639783,108.700168486126,75.9492754539612,81.5871570601477,86.6613847296933,115.280083883267,69.8768245500083,106.977819574696,97.2079446339513,91.1098926167742,107.973369060136
"ENSMUSG00000026872",58.1333462824074,41.3595710009773,64.0871060290644,137.661986306297,46.4105043864621,33.8233236322301,68.6353486412412,221.896346354486,224.966668231608,138.769255398612,22.9612110267258
"ENSMUSG00000026873",86.537700619273,99.466173831411,80.4876227538256,33.5379949013975,20.9971846845671,57.3993682904529,75.6105883956343,42.8914331429556,23.8956065211238,108.219416950516,76.0358480247106
"ENSMUSG00000026874",104.777486304106,28.3310878130884,70.8383950279976,36.2487870431095,82.9291333189775,23.2065208148384,41.5621582421292,70.8435245007754,71.9535447960112,20.8517474625524,27.0193551496322
"ENSMUSG00000026875",136.467234727512,505.90150759361,274.816299711518,409.669303307637,235.442020146989,578.045927143482,236.417752415209,611.412638130475,304.509087414807,534.154269002521,304.305740372007
"ENSMUSG00000026878",726.974561779308,717.99200020518,767.373951962623,687.543350560305,770.770373207057,701.893784664464,824.421299741882,763.042512890914,768.495907463814,729.62436586323,828.213713106861
"ENSMUSG00000026879",15828.94573835,7690.08532871974,13780.2658188863,8492.18798316683,11176.7321380452,8805.85145223324,14862.4965727938,6306.9433336713,16449.5351375667,5701.45533358117,13149.3853007048
"ENSMUSG00000026880",277.488806692268,152.280809122394,288.316193446342,204.260679144168,410.804714802277,197.302566833311,246.757703423739,173.983456585034,219.299621106804,253.479179813358,252.357021071351
"ENSMUSG00000026882",0,0,0,0,0,0,0,0,0,0,0
"ENSMUSG00000026883",1923.90505651832,1622.49678627718,2189.11056680432,2502.87457211158,1525.51461070827,1537.15747595141,1660.20360643968,1529.41601339659,1632.21675823382,1658.08003141081,2399.93324940502
"ENSMUSG00000026885",11.1537682712331,6.90789530057513,12.3142726003285,11.4343794636841,11.0061459393382,11.3329589209065,10.7928343998364,11.3497391434081,13.2548874068927,16.2144847377943,7.46421772706017
"ENSMUSG00000026887",174.124930550052,204.369640057198,203.424569240993,168.642544920153,222.630022175918,199.21182533519,211.57279522154,199.37785217708,175.711914980405,183.515121320113,167.54817263285
"ENSMUSG00000026888",12.991079621805,12.963445627802,16.8349220418595,12.0469106927775,21.037897662961,14.1167448994318,10.314953601828,19.7266222155862,6.57205316881785,18.9417838733703,12.5667558765102
"ENSMUSG00000026889",90.2669017866611,95.6523609966535,100.985020504086,77.5621303271327,103.073109471413,87.4469220911843,93.0010186387787,97.0790423072824,111.642759707354,85.6097117478764,100.295276727504
"ENSMUSG00000026890",7.7120385092564,9.05414165058682,15.6437089460711,3.3212294100044,8.18306984601604,6.11189078493418,8.87009604834199,5.37043247377751,7.63282558126499,14.0196056077232,9.90926895953926
"ENSMUSG00000026893",118.960159762605,104.168328529656,99.5539593705264,75.9718058593985,96.9813075792804,56.186114702612,111.01261892165,83.3315546553458,65.1504529614473,72.1569311788396,65.9864287484594
"ENSMUSG00000026894",0,0,0,0,0,0,2.0489558229588,0,0,0,0
"ENSMUSG00000026895",520.762382610282,676.685337114119,558.237160368859,539.518158469952,529.349734075227,684.076471606897,572.419027743074,553.362659238655,488.777627750031,511.542926036648,447.681944031275
"ENSMUSG00000026896",929.536429370862,614.062053899097,822.54535013688,668.253463655153,1066.74326766902,509.944168621693,748.919668175776,553.78792836926,785.973064130539,956.813245229986,895.516544083501
"ENSMUSG00000026904",0,0,0,0,0,0,0,0,0,0,0
"ENSMUSG00000026914",389.122683432063,444.2980894219,323.138452506409,350.226266257847,394.14088057417,430.71387043556,394.820019210026,371.221312307573,343.080126878848,306.371059028101,338.778631858219
"ENSMUSG00000026915",499.712093729334,563.678627163087,656.845887306219,739.305342160187,639.463806415128,564.003178920348,551.800293973602,624.250147037803,555.455235905114,580.404790744594,509.916200877573
"ENSMUSG00000026917",218.374761949104,207.789009117565,206.310120244311,205.486573347783,232.930554521333,228.899529977729,199.815724655078,171.721967448094,210.061599338412,225.749646968937,222.010535884675
"ENSMUSG00000026918",767.045081040866,788.449291620128,829.927789353302,1159.60393012923,909.145875680088,1158.20278300873,1116.12997225955,1111.33288564164,748.339441104207,1041.08620924667,1116.21723281466
"ENSMUSG00000026919",0,1.06759527992275,0,0,0,1.29757773565528,0,0,0,0,0
"ENSMUSG00000026921",232.005643505251,336.016325320752,352.037708181331,247.807746105259,277.051931404619,311.878268736945,574.193436310165,294.182204275965,250.458620564088,360.569369535109,303.447015155294
"ENSMUSG00000026922",1143.61177955027,1047.23392307654,775.997513577094,838.960134301142,1347.42311266682,1141.29028313286,959.776479780259,852.426667298103,805.00830722211,991.746533665401,606.584374107406
"ENSMUSG00000026923",902.792951757575,577.011169339028,569.440364968151,652.008993467511,766.401643845625,621.949067463072,678.861027961624,740.045927997255,790.630163406668,978.615498230399,1086.48563524224
"ENSMUSG00000026924",1685.21371147198,1655.47316213023,1491.2909688787,1816.29157413443,1390.65839122922,1748.1985246428,1557.04706477626,1609.56369086468,1716.82189075528,1537.20292081851,2231.73357878249
"ENSMUSG00000026925",161.867664616158,150.807545659174,170.078111431689,74.3734919187669,185.633907778646,143.801999595657,74.528041231918,158.112770751123,125.62968744853,143.70788144979,124.333160420851
"ENSMUSG00000026926",917.565027163086,851.667539992192,788.244822317893,817.368812832381,788.461293245868,865.795727118871,814.077897396494,878.449477583418,852.434096148363,759.104719342359,974.164068967562
"ENSMUSG00000026927",625.379944976193,536.143468300004,529.880638136681,591.797908556434,553.185349927744,561.285481907293,551.207332317178,499.882141892891,516.073413673667,527.001103308677,574.11506627789
"ENSMUSG00000026928",127.265258693938,54.153211874963,77.1453320391144,76.1549269747966,55.2141077891734,108.03266250688,68.69675346106,48.0860423899592,57.4038644568529,51.5962255244945,85.5561489213907
"ENSMUSG00000026930",54.6656188410629,49.0122575860634,25.7483089147281,22.5190212090136,65.5147172645731,54.2285984302023,26.79338340311,39.7212188491134,23.9142778095205,46.4546334459165,27.9133293187954
"ENSMUSG00000026931",0,0,0,0,0,0,0,0,0,0,0
"ENSMUSG00000026932",156.336151497626,43.8727041792319,97.3899142379556,61.2561798803482,126.714959373788,49.2776752749477,34.4893100996017,122.840335379292,64.0586230984386,54.739435635669,199.160399966096
"ENSMUSG00000026933",507.001791684838,442.525322791837,468.309334651811,438.467029168159,509.759762809166,501.943112657549,451.747829506438,557.377365036564,499.332889730389,560.665508430344,503.502919133071
"ENSMUSG00000026934",0,0,0,0,0,0,0,0,0,0,0
"ENSMUSG00000026936",0,0,0,0,0,0,0,0,0,0,0
"ENSMUSG00000026937",0,0,0,0,0,0,0,0,0,0,0
"ENSMUSG00000026938",275.258358344097,417.692963466563,403.109177141017,427.257161869637,308.522414978951,459.820378621124,311.696638026311,349.850395369463,381.03355349137,340.481440385163,369.152935126675
"ENSMUSG00000026939",111.599693799777,131.147225693296,123.767428094639,138.132831665259,108.30840062113,135.170431532658,152.970260541609,128.599444173879,92.9242835538019,102.041615415079,148.080690352601
"ENSMUSG00000026940",0,0,0.888711478704946,0,0,0,0,0,0,0,0
"ENSMUSG00000026941",58.6254459257435,83.1476861375826,53.2762243893214,65.0423048006477,53.2339537089821,75.5324399621169,61.1763253475457,56.005676781833,34.7847274293103,58.6791957628275,58.8490392581466
"ENSMUSG00000026942",672.234639928553,557.230710603994,561.240400256913,580.464927809054,472.363717045989,517.42143508372,492.960389952149,515.174014642912,535.724997188677,533.583522345396,509.591300470142
"ENSMUSG00000026943",1.00986000974393,1.24285898805768,0.662884396199806,1.29702604268697,4.01924093015602,1.51035345642111,2.4468202548872,1.14894374670264,1.0909507969242,1.45048450173976,4.1178450266371
"ENSMUSG00000026944",716.143756290948,762.421157761121,647.45096758126,650.392696932944,613.705368444272,974.621470909096,580.073313496726,680.950498679627,668.333839859321,681.184910193137,788.912893383289
"ENSMUSG00000026946",232.439565381828,313.277830859659,238.636465196309,306.310824081087,301.765544614652,308.301850757155,164.822758417178,240.690085369359,196.56581651548,250.9188710634,253.437553606305
"ENSMUSG00000026950",2067.57559159058,9.04449717412818,26.373939496825,178.306560192071,283.277503079893,31.1298504378756,8.41510748750309,8.2310370188278,7.53388231266895,145.540216204866,9.84595883730904
"ENSMUSG00000026955",40.4460670862991,75.4326379314324,17.2366528307442,115.93533586259,23.7111917497984,88.646854836436,65.0637037797404,94.4643835261931,61.5097631394173,39.2653828538975,110.701157582656
"ENSMUSG00000026956",621.462854649067,936.095561781794,776.833937740671,1336.05119491568,716.460742937708,1223.20550062609,856.357917119854,1448.32152504634,842.062753154851,1003.08658611438,1029.40391426487
"ENSMUSG00000026958",221.667897324722,186.278757539422,280.460391965209,395.633225687622,274.930037744281,276.163348983797,254.073238899157,382.460378643667,314.502825408294,268.126665104045,267.599360561824
"ENSMUSG00000026959",0.699265772510889,3.28664412087243,0,3.31671509007552,0,0,2.979494529041,4.01435899791705,1.83951039489386,0.949738511073177,1.1326131696177
"ENSMUSG00000026960",96.1182739805184,89.1591869099839,84.4667466397344,132.975038895365,130.232753520359,91.54999218762,113.053016809456,121.729808295601,103.817915998877,133.554242791986,100.899089481004
"ENSMUSG00000026961",154.711549815882,199.785751202319,157.216355104279,222.56911780532,125.509075079502,374.993532233821,217.584889675619,304.135800664397,204.926977329316,192.610034352327,513.604319191425
"ENSMUSG00000026963",2.66624360024211,0,0,1.11106216110082,3.29296680996961,1.30530635206278,0,2.90428367210837,1.85304655604343,0,0
"ENSMUSG00000026965",1777.94683055064,1850.84310401304,1917.54296332745,1722.03361947565,2157.91388769647,1808.77422026565,1674.16619192373,1926.98111244244,1831.13555605675,1948.36520418966,1650.23257668964
"ENSMUSG00000026966",369.18837006781,353.27590419752,429.562905366495,407.655790526519,414.959316878101,440.522846095845,390.729876231745,331.02492678145,339.719596746933,405.319078832802,421.931932335409
"ENSMUSG00000026969",0,0,0,0,0,0,0,0,0.94676288413655,0,0
"ENSMUSG00000026970",223.562264684566,151.760554489671,152.107883282645,123.707171237561,243.680584103362,146.763533463995,167.145334681885,177.736557240301,174.307762386126,189.183137469671,151.116428217828
"ENSMUSG00000026971",2.76648939329512,5.4425242734389,3.57500242683984,3.31210057397955,9.57149142627906,2.5892452377735,2.07790766119461,5.97843632324463,5.42114014470906,2.72044504326554,2.30547813636371
"ENSMUSG00000026972",1242.23716509292,1394.02246111548,1705.84400251823,1913.97948957328,1150.72068701867,1421.53235779037,1491.17828494262,1342.47523432743,1379.46070622438,1905.50927314698,1354.61331497396
"ENSMUSG00000026974",398.847558097529,391.503397764745,488.794634088326,662.815336762731,425.088503310261,520.906884249525,490.436731237235,421.108023873216,513.203785851209,578.124297793681,531.948540306122
"ENSMUSG00000026975",75.4860794744661,115.932369727858,236.453002264808,156.809262431384,63.3853230820502,76.2176926627404,89.9438798592732,103.230636887781,65.2341649728598,252.232111673635,78.2557525830041
"ENSMUSG00000026976",0,0,0,0,0,0,0,0,0,0,0
"ENSMUSG00000026977",561.900592056215,492.018070025301,668.072608022574,665.582160599411,769.699818144929,441.423741014102,766.143233588433,650.828070935786,529.494179723652,680.188240028842,495.412687750495
"ENSMUSG00000026979",116.088631841924,374.682094783431,31.8628492370019,269.035502372819,88.703707560546,716.411431448019,143.348246302033,117.103308515828,89.2318851650995,148.443403386708,218.192345190934
"ENSMUSG00000026980",24.8465574192754,46.495671247075,14.2077931124588,7.64198012813224,9.47849630882996,19.1565415643737,8.2313931386781,7.90227394250197,17.8607465175524,14.1236855671092,4.56947887533775
"ENSMUSG00000026981",2.99942739821921,2.35408839828462,0.79295886008893,0,7.15795461305998,2.98375616451047,1.88584054678627,1.76361860354674,4.27511684608451,3.94939669895493,4.19865616300294
"ENSMUSG00000026983",0,0,0,0,0,0,0,0,0,0,0
"ENSMUSG00000026984",0,0,0,0,0,0,0,0,0,0,0
"ENSMUSG00000026985",0,0,0,0,0,0,0,0,0,0,0
"ENSMUSG00000026986",157.16842357398,306.663658622031,237.922616450917,217.65363388632,188.783367626414,211.141276471403,229.211335770058,269.807434083502,233.703043576146,184.141219545875,189.913874035265
"ENSMUSG00000026987",702.651967581984,788.62317262995,822.215763286943,805.428339212195,811.095241863309,537.731087195151,957.170001758914,681.146180680024,745.416357904176,879.018536133822,649.773639992289
"ENSMUSG00000026988",181.646429070899,182.812210185303,172.017547841462,196.105972033469,215.206315676308,170.579795531762,155.589887792615,216.646679680213,213.900024634954,247.220640684298,177.334967262402
"ENSMUSG00000026989",2.04154634248676,19.1358218795664,0,0,17.6681258153522,10.0635271028818,1.02419082269212,0,0,2.7274985968864,4.69737088455565
"ENSMUSG00000026991",402.144728867965,420.219442855163,427.741278174527,425.899278745866,534.050129137845,417.166278814332,433.555493222414,472.254877816087,436.228662317549,541.974288097198,466.971438709459
"ENSMUSG00000026994",1171.24781687958,1216.87001315377,1400.07272998355,1557.66006166321,1533.66706344261,1214.14348198836,1483.11094804682,1544.97739697325,1501.19757258635,1473.69730300994,1244.37170639679
"ENSMUSG00000026999",104.283831445965,86.0956194764469,104.30118161436,109.846483587729,80.3671131620851,76.6904321622797,82.2761881137131,91.2986532588942,120.694326763533,97.6441752782006,98.6510764575821
"ENSMUSG00000027001",47.2252215057079,49.9034832997202,49.0007499292974,50.4147725730273,39.2354759333523,49.4593716556116,57.7074842316,41.4561290708668,47.7793486766606,35.2435222422312,25.2372564817539
"ENSMUSG00000027002",2674.34423160777,2037.69925649091,2680.76887105896,2518.40945109748,2803.37346398674,2019.92935152598,2386.94739290883,2488.61747755366,2822.94494241183,2723.09316998452,2548.93057458275
"ENSMUSG00000027004",2.04219915476225,0,0,0,2.12887415371089,0,0,0.980538866422326,0,0.948543610471972,0
"ENSMUSG00000027006",506.541716471831,447.64396340762,472.620400207763,432.116662310934,484.013082904084,353.854025539211,506.666486420446,445.964876868159,430.52443561875,421.09501139219,457.502392679187
"ENSMUSG00000027007",2315.61905519503,1927.67168094249,2741.8205964331,2405.57313236741,2206.17713105206,1958.64849876368,2334.98095514302,2423.84349846795,2261.59343866928,2510.85045086052,2633.85718281235
"ENSMUSG00000027009",22.3831778688874,26.2738636745317,12.421289278652,10.9977642762226,10.4297348446375,16.7356093274993,11.4793236722636,7.83911152245878,12.1157193385979,13.325433152374,7.93237830784144
"ENSMUSG00000027010",463.777933453403,391.181042624628,341.988709889656,393.89495881774,346.111668232529,398.250882266516,374.059639543261,437.065225289272,359.418779192166,317.926480933858,393.096659951596
"ENSMUSG00000027011",430.943113041585,338.317777890055,443.541615392456,441.336763305694,528.573865772478,285.265925403045,476.254889091432,404.92084721455,464.25705373832,461.597684805489,393.087833443784
"ENSMUSG00000027012",927.684172203333,842.439534189301,940.79285260983,801.589638078712,950.880260539486,761.752670409246,843.138786459691,886.11307090483,783.661963025115,863.786207935649,809.500339867785
"ENSMUSG00000027014",509.265370175629,454.353853821313,438.534399168082,502.528380972421,563.518145836732,547.618040686354,757.400934767747,488.545350740239,518.235186640286,489.944090522692,790.978979751193
"ENSMUSG00000027015",0,0,0,1.09674721941821,0,0,0,0,0.94057438487685,0,0
"ENSMUSG00000027016",1.87202994412594,1.45639836769079,0,0.743249531167575,0,0.86906262578947,0,2.01946526366388,0,0,7.95537450251343
"ENSMUSG00000027018",215.039400501106,193.671830521442,194.07913586806,178.685694831876,223.142619998732,154.589389098703,215.992356270462,195.763375663295,196.799566208455,225.9236153242,189.781865782245
"ENSMUSG00000027022",732.20273850489,17.5454128520588,19.1911619599827,103.197215252958,223.943577757168,12.8502649150703,17.0771234267868,0,0,70.8822985928977,6.50001221522569
"ENSMUSG00000027030",1496.87738107006,1493.41981399569,1987.57308682583,2084.27621390941,1664.36816382417,1390.28998297031,1960.77812491448,1677.14094596695,1850.32547018278,1666.51924736733,1736.00807073174
"ENSMUSG00000027035",8.1308813899864,5.38333486687659,5.29823434726845,5.50349103489485,2.11638737148424,5.12338669116018,6.2458093651756,4.89820090193156,3.72569366888988,3.82340422133008,8.02247451419335
"ENSMUSG00000027048",28.7924792607466,53.1651148300395,54.9879054000004,47.0870730722521,40.9759882460282,43.5296429182022,62.113119489234,38.4030481649828,37.4711509166562,35.9465449228446,48.9874105714138
"ENSMUSG00000027067",1210.27037006766,1414.72567173582,1200.47890854492,1200.19988541822,1293.36567590993,1399.45137884434,1283.15929384849,1145.67479367723,1224.67570252865,1171.16891061225,1290.6983485612
"ENSMUSG00000027068",0.684718214562354,2.1391709124448,2.65347836585243,1.09643746505888,1.05990064749031,0,2.06518330151044,0,0,0,0
"ENSMUSG00000027070",2.074660855608,3.23990972474997,0,0,0,3.84323689779465,0,1.98556055699979,0.945589684263785,0,0
"ENSMUSG00000027071",13.5358698666383,17.0306360534927,18.4402448183352,32.6949880355617,32.4187356709591,24.3785028372591,36.6644942091617,32.5424613095821,23.4920083651549,24.4274661006936,17.1080501050435
"ENSMUSG00000027072",1.36364133739241,2.12714550038535,0,0,0,5.13874702787702,0,0.991006433062681,0,0.962194889009895,0
"ENSMUSG00000027073",15.3395149265943,23.4185973888623,10.5307450365108,11.038599097268,15.921944707492,15.5891416043179,7.23723747030023,7.87073606088661,15.9377697624424,5.75470787784106,5.76447272707983
"ENSMUSG00000027074",175.674316058231,112.964985610981,171.267166416733,216.039335385304,291.354868897051,129.862679319943,216.979463347338,148.440583497719,202.87729082471,238.203579704619,94.4015699402103
"ENSMUSG00000027075",90.6435133793763,54.4809085453245,60.4188624686115,62.3631147962641,47.54785733984,72.3678218068955,72.4259120649145,33.5914594452286,69.7474942645703,58.2645345020915,95.8060413546284
"ENSMUSG00000027076",37.9098884163627,37.7454403131789,39.9105781229553,32.6207870655194,24.4866574641325,28.1446394980559,36.8061011485284,21.3816902207963,39.8613376975874,33.2944693558812,33.653003134896
"ENSMUSG00000027077",3.43815076529004,0,0.884907745340617,3.26743176404674,38.0852481404583,0,1.02235400262838,0,0,0.939658110262623,0
"ENSMUSG00000027078",40.4150828642382,40.2171533237131,23.6443179876992,34.3184162544452,23.5039190236568,24.2982983883031,30.2018365008595,12.5610635576598,27.4817403951729,29.6960002214771,26.6648126290428
"ENSMUSG00000027079",199.114497805288,181.996391390848,195.648654577391,207.757087606329,213.368705941008,207.594501545358,205.749113835692,179.525357014198,218.048879067658,218.929785408783,214.688091658023
"ENSMUSG00000027080",86.3983305677465,109.794268148295,83.8409756942735,81.1483821577449,97.7528079258357,101.20121573816,88.5533366787379,94.553416374526,102.217044844962,87.8449545340986,151.010802734863
"ENSMUSG00000027082",17.0244808289707,27.823673578512,11.1321219070413,3.96683503063717,19.7172716399812,16.1348315107079,14.7046990346458,16.9572756704001,13.9394969621227,12.9372399368204,8.24884177593752
"ENSMUSG00000027086",173.839225710523,171.67025049501,175.445966619996,236.77280615712,157.659866143806,185.263162528389,154.474491252567,215.364516420328,220.233288274975,192.635895142866,240.360485929056
"ENSMUSG00000027087",712.309656053115,705.09814187269,696.199132497241,726.115710059323,596.4014650915,219.768896698486,704.465382875848,592.871102256942,607.081264684291,492.664275607745,579.786760930145
"ENSMUSG00000027088",72.5059078731335,50.9739933054323,60.4490097167632,151.611641468364,104.100627532513,69.9170556955817,117.790288348736,176.961108371331,68.3015442292439,211.445534990898,161.691467569381
"ENSMUSG00000027091",783.903390409648,828.962875081393,772.396888570692,803.969806455289,728.637579793477,753.664254001412,853.758934295325,787.25153909942,797.596054145476,802.50965854538,781.086987479883
"ENSMUSG00000027099",489.519299170157,526.773502576702,497.22385340341,562.319645278787,486.788564980701,503.126924275411,546.110882040591,520.064776408371,528.020143462642,470.9488781955,522.83407578724
"ENSMUSG00000027102",54.058479857886,48.8865578378729,74.4053076043789,55.0899592689403,58.3516260414508,76.0216839136073,90.7287629727839,64.7377326892534,50.8114045546127,56.6123250116426,74.3542349252067
"ENSMUSG00000027104",243.068347666019,235.319522347065,278.812150571567,272.932324764475,293.554097259031,229.565060356538,316.183856352382,259.518924870084,309.66798162574,311.391581472292,263.885792648586
"ENSMUSG00000027107",6.19602545216022,0,0.885389149687175,1.09167051310233,6.33285923728304,3.8462148222764,0,0.989737818825041,0.943164235980755,0.942264661962527,0
"ENSMUSG00000027108",574.343280143617,684.96446313899,584.571285218021,662.828655669695,666.51824981025,699.769728523079,662.034750152261,802.49635885452,591.955439419723,571.496409525144,661.442426378352
"ENSMUSG00000027109",753.093171894396,628.821692837189,740.420091874532,731.551362395724,740.783099251302,614.885353228565,667.723186254682,681.994042435035,733.54857395721,754.370657520816,664.418943346838
"ENSMUSG00000027111",601.787539385447,464.68276163396,458.229553333943,405.913549359632,565.338671781032,372.619237988643,522.363360952953,625.877358484152,479.404632573502,447.840971405855,719.483618177858
"ENSMUSG00000027115",17.0151087276243,12.2039866215202,26.8435481091369,15.3567178330022,17.6495739891792,14.1304558871861,10.3434100939371,17.5698392010971,23.2271142298258,19.8373726329197,4.56708691589737
"ENSMUSG00000027120",0,0,0,0,0,0,0,0,0,0,0
"ENSMUSG00000027122",104.434368511164,100.899139114203,126.422812910408,97.872252396608,101.452647499145,129.271226582673,91.0813435398593,76.5551928201446,115.561369366917,110.063926887528,132.592484220992
"ENSMUSG00000027130",148.887116226548,239.819240709982,202.871452046433,182.238140089322,186.192483012126,189.695655816768,225.710401179185,237.290905640748,238.571683598816,286.223659910175,190.806142384327
"ENSMUSG00000027131",407.238692435695,453.571268758595,445.567161890715,409.814082375121,442.222080199352,462.467595498248,441.42099256466,460.5569117735,437.165118825026,436.413853931422,429.848774534913
"ENSMUSG00000027132",81.8857459595075,81.3270069762077,72.8106752045474,79.4016494517034,111.737433077201,72.0852330649998,92.6569038180361,108.854751455917,85.7591840053787,72.7758340812601,99.1304414125403
"ENSMUSG00000027133",112.013962568322,144.598206015754,120.678181434168,139.314261052276,147.657432986824,119.435531827321,143.175633025226,109.206261972371,83.5177201999178,120.652639329853,101.734406242698
"ENSMUSG00000027134",55.8642090105223,76.7357719146025,42.5906291031604,43.5577249922907,46.7825408254261,51.3188847724203,62.4905680564636,43.2581405733474,45.2308231353639,58.1677356856756,65.1593599164065
"ENSMUSG00000027157",0,0,0,0,0,0,0,0,0,0,0
"ENSMUSG00000027160",373.882116442171,443.330754328681,382.607535607331,423.999591458449,456.246884136732,381.842313491096,384.928649824536,380.948892806397,418.869668531611,356.784611394542,309.522920203088
"ENSMUSG00000027162",214.601394586112,173.834231558017,169.830405311117,200.647618651165,192.579217923601,177.314471910188,205.089694660497,178.769589571206,186.326250376887,198.242442302872,242.820298747177
"ENSMUSG00000027163",253.225127672734,250.284122408392,300.536553787551,297.177334897439,268.528462588904,245.603796398371,317.097935346269,263.097566545808,278.061709989088,272.916417491826,285.614227031774
"ENSMUSG00000027164",161.353186735357,105.370227646079,149.876937191529,142.035246721927,167.867082090585,79.099426002195,150.112264657587,113.619519700294,169.168900578463,152.128007889446,162.679982101519
"ENSMUSG00000027165",102.416533496212,113.27525919248,119.988246773952,104.096264452371,104.915370090521,118.305255395965,117.002903877385,153.242393885535,107.211783857516,89.1052470190845,92.8890841099039
"ENSMUSG00000027166",74.4549804449467,76.5207518893782,85.0857045690484,58.9206031663434,65.5527531830235,81.9575946654509,95.8329650700937,71.5483828553866,84.6308354849372,56.7741363609872,68.8150817264408
"ENSMUSG00000027167",63.0806148362159,88.6014858798931,81.4037999047777,80.6864135965681,61.4218931231442,83.9926728202031,88.2157263511444,87.9207269330838,78.8926143024784,85.4735264987669,81.5267791093092
"ENSMUSG00000027168",0,0,0,1.63842657904989,0,0,2.21216924009761,0,5.03060130113473,1.9538248580629,0
"ENSMUSG00000027170",1212.16359652448,1459.5117472545,1168.89496776799,1625.32433519524,1095.60843701428,1434.43112967392,1422.91363150964,1422.23962354885,1332.41135593976,1164.85815463589,1560.96881381249
"ENSMUSG00000027171",34.4280308439044,29.8700032963881,42.2983633713689,27.2134956035404,34.7561204635926,23.3414856836248,30.7050430689231,23.7899091384362,29.134689764847,27.6364251202962,29.6235532916064
"ENSMUSG00000027173",55.3613157449706,48.7885927923185,84.3206989407842,67.9646916155012,163.300752339535,53.6908044253586,68.235330685842,41.2028521390221,54.1122886546748,84.4264923882944,48.1850998464405
"ENSMUSG00000027175",5.49019439530089,4.32247684228817,1.77042686800733,4.37255186651247,12.6928424512137,12.8510889178182,4.12351862349807,1.9653819903365,4.69111774329212,8.49971213048489,12.5628662837954
"ENSMUSG00000027176",251.287192284496,263.377798177626,239.801333069769,213.161116786693,243.84643727102,179.315322500928,256.809517827525,202.948370421485,269.283617523479,261.764746941813,250.207424946322
"ENSMUSG00000027177",747.673051468829,471.78144939588,665.25416454333,658.883594729935,689.025046949728,354.711620972088,671.353506133312,491.550930646562,649.789870532225,666.405559744903,634.262868978825
"ENSMUSG00000027180",778.32134243057,787.073774453527,855.987645228918,819.064009701276,803.538005353887,648.581125770614,812.166918138611,890.333484462549,999.890150567606,890.327439382894,825.814870130684
"ENSMUSG00000027184",2411.04799256044,2158.8430917075,2297.78805287188,2191.95523302002,2317.63231287186,2272.49622020983,2238.9306646847,2271.39112008227,2418.66525477525,2398.18116686395,2333.76912871382
"ENSMUSG00000027185",530.776022883971,582.761719448427,387.551171622353,447.080207485785,495.177960943168,566.418821175058,411.921571637823,475.510636029159,410.680031822246,347.79001214939,539.724814018361
"ENSMUSG00000027186",12985.1886663737,13135.6979591741,13117.9006995939,14138.5991474712,9020.27427870042,11522.3020469347,12601.2631858162,12134.9489676744,14547.9814141934,10565.1530841927,16519.7867046938
"ENSMUSG00000027187",2211.72630440693,1909.80360810199,1946.96106451476,2254.99177518706,1883.5957050078,2101.03665183405,2149.65226843531,2183.800971003,2380.54883064126,1912.64022254419,2062.50301072474
"ENSMUSG00000027188",20.0528438015491,26.8596504602394,22.1744868659298,17.4373665023124,54.8361969150291,58.9644703917684,17.3442518098631,45.695251939627,43.5503196350601,45.0205796711826,104.161872967994
"ENSMUSG00000027189",259.505084403012,352.866924344661,288.427161776212,316.421423165039,284.056235758644,207.882368098704,351.965872684158,316.095751525696,287.410328188235,345.605958758507,327.213034082991
"ENSMUSG00000027193",427.40162416197,367.966993638566,387.382817496089,428.364681098162,445.932419894629,356.965962127732,429.880425114354,364.142901467549,455.260476066178,416.597421983434,447.396287919013
"ENSMUSG00000027194",488.649034675863,569.298298815177,591.8279190807,575.721013559623,513.543554286309,611.369487256019,529.803359860098,628.147013816705,549.936327330284,464.833483635298,554.919518434951
"ENSMUSG00000027195",1740.58833885765,1864.20890216911,1696.09558746299,2219.76775756682,1869.39763949106,1903.11480796112,2052.92641925266,2154.47566836721,2289.93190000497,1978.66916074237,1901.70976334489
"ENSMUSG00000027198",716.054927830923,561.278090097581,720.30916259721,887.615650244867,624.729213221027,789.93484260637,526.598909814359,826.532603042333,824.555721014046,655.821381943095,725.190574591128
"ENSMUSG00000027199",206.330811076325,294.809807375584,187.921993018845,231.616021269692,233.961093317504,198.600496665835,214.813460743438,233.004026998741,194.334215939981,191.159032592988,206.775832635895
"ENSMUSG00000027200",213.777976168639,190.595689570538,280.892779900029,206.536193258358,485.513465287435,99.988538115266,212.987134735785,234.059597428272,133.892469600729,268.674740557254,116.104825098719
"ENSMUSG00000027201",400.024806432649,433.867808642499,466.11630405236,361.968010854862,422.08740280578,374.994326698154,537.288741629423,436.006520283905,395.159942202792,444.189670888528,332.419221977288
"ENSMUSG00000027202",0,0,0,0,1.05360924655703,0,0,0,0.944379381999762,0,0
"ENSMUSG00000027203",87.1966267084615,126.871118327464,107.589599370207,105.964008642627,114.989768967867,143.110663672414,139.256524590355,111.507595646496,102.588577289714,119.381221885787,96.9293794204949
"ENSMUSG00000027204",275.709448029938,291.179635527432,269.172684031211,169.69314422599,620.168022837529,131.947803927628,226.387596847314,364.650114056984,270.00927488632,215.890127584451,463.570740339
"ENSMUSG00000027206",1187.48654247739,1052.65450854902,1281.86160440811,1302.09267673946,1199.67735082817,1158.4863037335,1174.25901434375,1239.07138066773,1297.12536201873,1286.68224426183,1173.24459124291
"ENSMUSG00000027207",904.082904245364,975.740671203631,1088.52857727074,1143.03055408957,788.861292827163,985.982601215103,1049.35636377106,1194.54342593265,1201.97045547593,1065.22642423296,939.413498899339
"ENSMUSG00000027208",11.3232813533717,8.49786004924335,13.1995749608548,9.92796547994837,6.38403677913255,16.7463402685122,5.20548874647836,7.83406430695702,10.2369777751032,14.4912746326874,13.9074689707501
"ENSMUSG00000027209",0,0,0,0,0,0,0,0,0,0,0
"ENSMUSG00000027210",11.2616307379558,4.13893934491226,9.92630745107089,6.37440262394948,19.3632737131614,16.166134340817,5.30121858640165,9.53562478965076,8.26118393579264,9.09040266366378,12.735172448386
"ENSMUSG00000027215",1781.06411914753,1841.36241084113,1629.38277410519,2137.44169212924,1619.95037447166,2118.68380027727,2001.58534629298,1946.85043260861,1827.15108752121,1769.66431313225,2485.42458882013
"ENSMUSG00000027217",14.7588881796619,9.59939314688628,9.66920350293196,2.20390959786695,12.7354043066976,3.88941106325105,7.22691606181656,17.7078401842036,3.75170329461293,12.4280386416015,13.8171140580065
"ENSMUSG00000027219",111.219934396327,178.537911863886,78.9709103381103,63.3083410148367,107.734606904392,161.894461744595,81.1405328765766,93.9335349450846,106.286448343193,151.808775411551,96.2561481904218
"ENSMUSG00000027220",0.690107786432996,0,0,0,0,3.8509103739557,0,2.95355169670005,0,1.88512426779514,0
"ENSMUSG00000027221",159.028127318277,107.989448494759,125.825088652799,142.810067292183,95.7050496446025,128.511695982886,111.841391533784,93.2454881179463,115.692484868798,110.059934920456,85.7615921375239
"ENSMUSG00000027222",626.863250744798,711.870043770806,704.497580589029,692.781151162466,732.126134105806,807.535226250967,734.98821602125,688.203428170739,683.032687105024,743.76727198955,605.349449195402
"ENSMUSG00000027223",194.905377017369,218.117577609844,259.406998261085,260.632312655749,253.46721220428,276.18861190399,181.922929792167,282.606359376831,235.895461441972,277.598598864947,214.910011997534
"ENSMUSG00000027224",100.864886426239,117.542182864879,143.063242589884,116.445913868322,106.743733498309,171.306266115226,200.909805309467,221.733943573003,167.50799026276,159.069182117131,238.237649886978
"ENSMUSG00000027225",0,0,0,0,0,0,0,0,0,0,0
"ENSMUSG00000027227",653.917320861197,738.299063745449,1136.57149206045,1151.37108175126,843.002873746344,735.791359453576,879.95861048058,857.970135280677,1156.0761733812,1114.99835981332,747.758829272057
"ENSMUSG00000027229",0,0,0,0,0,0,0,0,0,0,0
"ENSMUSG00000027230",289.259438424796,308.6218463125,259.062047393701,316.940453641704,236.991172871803,332.121824036851,253.194281530712,233.498971652416,349.907341382433,243.416266791875,335.234275248888
"ENSMUSG00000027233",0,0,0,0,0,0,0,0,0,0,0
"ENSMUSG00000027236",1086.88650421002,1181.76481233224,1140.71911407449,1267.83920547327,1160.37445883065,1128.28690284834,1315.82913811399,1291.73012713373,978.322062575113,1252.58711338364,1274.50214986496
"ENSMUSG00000027238",0.763341779627352,2.4276685049275,0,1.27422395556249,0,0,0,1.67908961376767,1.09082693031864,1.65284305264145,0
"ENSMUSG00000027239",28.2593373079383,26.6445110363338,26.4782311340919,16.5485148483957,25.3135899931763,17.8839303786777,27.2167251109682,25.9875048975911,19.3498901024724,29.6340674140379,15.2768442660032
"ENSMUSG00000027242",46.7813997806505,45.9312807181684,39.4616735281399,38.9572822271488,58.3292161617571,48.052059270737,34.6873480348447,33.1368000130165,52.8411981364001,40.2095238472801,34.2919347509911
"ENSMUSG00000027243",202.018894624818,28.1779870347125,140.644718451111,27.5949061370849,576.277631953497,22.046005482372,155.755236214718,1058.89887026541,273.512156520924,151.984392920932,319.155408265945
"ENSMUSG00000027244",472.399829550613,530.741178376315,506.439806500101,540.850464855244,555.537170054873,510.716091651262,533.930728810381,541.764814869385,477.05114320396,547.629845833833,514.083789319817
"ENSMUSG00000027245",507.126527202351,636.628308368669,502.808234986202,452.706341591952,483.60524432536,586.288345805437,545.724917501301,487.251272985647,474.814133972865,433.81847840643,512.58814087608
"ENSMUSG00000027246",85.798005452998,65.4945476901812,97.1220003971846,66.8299856532397,80.272923388163,85.3630100982619,58.4685877704897,58.3370037581344,97.2069782498007,94.4589976733219,76.7011184701307
"ENSMUSG00000027247",408.229274471676,440.598620143719,465.209019584877,420.140507889049,492.139037634095,400.06717539768,460.27691874517,401.992718449854,408.741632064413,439.234373858289,412.614979190741
"ENSMUSG00000027248",4188.5635886061,3982.06181152285,3053.21613029231,3299.2785303572,3248.66098383053,3723.46604626722,3592.25639848989,2980.72246345405,3183.06543692759,2853.74352140073,3664.90627440663
"ENSMUSG00000027249",0,2.1564388044492,0,0,0,3.86458639342355,2.04397106560397,0,0,0.936170705727039,0
"ENSMUSG00000027253",80.7820870763974,77.9954546448449,62.0510062517328,56.6062552731865,61.2131679422882,69.7436842129015,81.7927699558919,106.701164515072,88.9089909898254,71.9526437602666,83.1137361192539
"ENSMUSG00000027254",25.3373893347055,14.298349195622,19.0690759127882,14.193677236763,29.0405312502027,15.6339357919441,9.33382427966188,17.0507415847918,12.4885559975054,7.58046492298521,12.7411318968092
"ENSMUSG00000027255",1056.72566220373,938.245158768124,976.983181361853,955.517573603636,866.962899879975,1073.10848744208,1042.38733744947,896.424378198166,982.120548732878,954.394352719544,1204.32865126458
"ENSMUSG00000027257",533.966746131435,409.191989268962,456.862904448939,305.855011241927,517.850442150679,348.722069597484,452.321938582962,441.645417507171,638.425589986086,487.686411828809,471.721495350818
"ENSMUSG00000027259",58.2085165227691,67.371212073151,58.353242605128,75.4518216549475,46.7762007101535,65.5562660072732,54.4325271434088,56.0490616294453,63.0586663612719,39.9479920309104,54.707675901711
"ENSMUSG00000027261",0,0,0,0,1.05095675570363,0,0,0,0,0,0
"ENSMUSG00000027263",158.055352984779,139.300014102691,154.169186255216,115.529695935871,140.118468580359,118.344708909348,92.4278896611282,126.125702659271,136.044908549432,118.60573672733,125.556856266871
"ENSMUSG00000027270",0.686795741208907,0,0,0,1.05576708015685,0,0,0,0,0,0
"ENSMUSG00000027272",138.437831584293,136.004799389472,130.545373786467,100.724344053751,104.789804318681,83.3359311791789,157.176569519104,103.411322255064,170.524342740354,120.927952626995,150.3290169848
"ENSMUSG00000027273",0,0,0.891208634260418,0,0,0,0,0,0.944110066260971,0,0
"ENSMUSG00000027274",147.322117564703,181.063634282843,190.585515662639,211.796193350802,157.714338053196,188.16064000439,166.950859593949,180.534829512166,150.120306153082,179.788220975071,136.2057377299
"ENSMUSG00000027276",446.29595338635,342.671429186864,347.745148892297,382.515342352679,614.377384308415,285.032628567569,424.93142531139,466.364951726505,257.432307804367,411.35371485582,244.483146084496
"ENSMUSG00000027281",11.9647579437606,7.72460914827961,14.5393011853954,65.3635994689236,9.1225807190927,5.89983051579423,8.1235833065247,6.55917827217508,11.9946855361463,44.7179528523722,136.017231231383
"ENSMUSG00000027282",1426.17201332714,1487.9031846868,1598.00782907509,1661.87940350169,1697.69681223875,1408.5884904036,1620.09318917971,1629.62091880968,1676.27707353616,1574.9444912015,1317.77070832199
"ENSMUSG00000027284",177.646599559222,170.804010678801,150.683758449744,159.136800529534,160.588236313431,244.706778583763,140.866377446532,159.370545094706,204.54957188782,209.423654373571,206.76146240382
"ENSMUSG00000027285",39.6851238680464,87.1402619673257,43.5730014792392,43.6793560457133,33.2278235464891,28.6951959411122,36.0611028855227,45.8209619387332,47.8426965345958,36.9651535597859,46.6472545923887
"ENSMUSG00000027286",98.0040169583584,122.607209802326,113.694663239406,105.748296246757,116.947791990556,122.772335467063,112.093704716832,141.228866706567,159.263218343485,107.578344017137,108.519556528054
"ENSMUSG00000027287",468.223770190967,465.995289491305,375.133197881538,526.571630283932,406.335683286884,437.13006048589,350.557108726143,536.574583587632,525.252505531704,392.028913725729,437.542314167252
"ENSMUSG00000027288",2264.31034365776,1592.50336556972,1774.26848067402,2743.74090202414,2300.20436458019,1262.94258346059,2277.68056199001,2102.99024194687,2398.63149240328,1609.02005524802,3193.25437129419
"ENSMUSG00000027291",593.182387249214,633.557788114631,651.024525712753,716.651208789877,560.5018912008,634.882588572577,557.361403617883,747.137251354855,678.410140656829,680.794226691762,770.671288203608
"ENSMUSG00000027293",986.727384638035,833.808865995463,1125.06671322969,858.759779063806,1360.5546745137,932.2280112419,1063.62262681894,962.521129478028,918.338448635199,1177.34961286603,981.036099392659
"ENSMUSG00000027296",18.4771862221174,9.74236486346836,15.0174478698967,21.7867513234147,20.1384628862838,40.0438533364621,27.6441771859504,28.5677859557898,27.3855475696689,31.9781666574245,28.5938683085091
"ENSMUSG00000027297",40.6151786908244,22.8159310204181,17.8142381180731,7.83955604045234,22.1495978615259,15.466846621789,10.2852370704181,10.7103690623924,19.807249060369,24.1096968749492,4.92950203032779
"ENSMUSG00000027298",1804.6537678156,573.621585012397,1259.80365542816,985.391195281135,1558.6937009726,610.753256647532,713.878529268583,515.048052247103,1173.70289352791,1465.92994082179,1182.10060501081
"ENSMUSG00000027300",135.403209597395,116.777907543501,94.7053771263822,150.605691468811,99.2242639269128,157.590895524301,101.563211664075,99.5792884260089,137.646818643801,120.288724727476,132.241172166273
"ENSMUSG00000027301",0,0,0,1.09779490640873,0,1.26600336764446,1.03220354259754,0,0,0.933993846619791,0
"ENSMUSG00000027303",1403.75778310771,1368.20061609529,1249.55970696179,1373.99204980769,1322.05193875873,1511.68516208127,1277.99084342834,1629.98546654846,1297.82029497844,1239.6220775727,1435.77128420549
"ENSMUSG00000027304",663.38386505685,780.114948777567,719.412949646812,762.430883764917,790.585782160942,735.674328957189,766.796113482934,735.983017169684,678.686125582981,750.482662067229,697.239476891828
"ENSMUSG00000027305",177.749204780606,193.704009798067,179.928330155467,199.04143803966,194.833398607486,210.821942097047,211.107130352134,218.420540216752,206.580450560002,194.644856676867,215.715916668059
"ENSMUSG00000027306",14.8029144556522,19.4959852677154,4.41015801366929,5.49530086641444,12.8030090851414,30.7282808197912,4.1669427668956,4.86884627630278,12.0296778528,10.667277658826,6.82975950673955
"ENSMUSG00000027309",206.666733749245,250.139995230738,168.0294398805,167.927972503545,231.966871252725,207.552275366621,144.897073167236,349.825998524692,176.650927225549,225.270866885214,193.455018775753
"ENSMUSG00000027312",354.985944878763,242.428600279172,306.066355807497,289.190970088704,281.988224577578,172.955655695938,243.275155267779,301.70674066453,312.858316624641,291.321609876062,365.529530723787
"ENSMUSG00000027313",76.6249547123418,84.6693846834182,170.906617504155,123.921848176189,88.7643614039915,222.976754975653,124.193380074468,64.2768931072072,55.9260242813425,77.4077958427892,107.028813815018
"ENSMUSG00000027314",100.486078862508,108.031654928476,124.194275533385,107.847830111971,123.999354439524,141.407338504733,165.751143042521,185.572240850945,138.915578938897,131.181696706168,113.081882473125
"ENSMUSG00000027315",1485.87816070431,1454.8279571809,1683.95988126444,1805.43364081716,1658.46095827055,1494.44249618876,1347.66477972737,1714.10494285375,1776.7244725787,1840.71444422754,1688.8918515238
"ENSMUSG00000027316",4.5811231956644,2.60467497922593,0,1.73006918888814,1.74547417620664,3.09308147930736,2.51526666860481,0.779890562497466,3.02530972108238,0.931655395958114,0.920307857940784
"ENSMUSG00000027317",0.787846282884047,2.12420817313539,1.38870490163955,2.63017076120563,5.13899808102076,1.55531320631029,0,2.99442541904687,1.11013811386534,1.53108641236753,2.82625202100017
"ENSMUSG00000027318",37.2650172236923,45.2181899257933,27.3535941272526,32.6658917993852,31.2563974262868,76.1455628910359,22.7002544317632,23.2725050013764,38.7416382530451,25.7510025318897,9.99883334255151
"ENSMUSG00000027322",83.3770845457107,119.026428903854,52.6587426014765,38.9505903979214,59.4575696691105,130.954075853537,37.892499810618,46.1094857582052,50.8221640079776,87.7408898291057,31.7879154168758
"ENSMUSG00000027323",8.65273849069724,14.606347938876,5.171705632017,5.34421772751,8.24483932510486,18.7456739724493,6.01390986146034,8.67678488834603,18.1891473528626,10.1712933109731,2.24016963893304
"ENSMUSG00000027324",42.4899675790266,46.4739858757821,40.7145288007819,41.4208724445821,48.6125756882153,25.8252393920679,44.0821304599615,32.5914773433706,41.5709348397068,51.7059965049554,53.5956730597529
"ENSMUSG00000027326",11.4066392649076,17.4043093967147,2.63415740399972,7.42878134623452,1.35101115294379,8.71501499297621,4.96727353099527,4.75697729513001,6.34707032922197,1.81489094470607,3.3721094753716
"ENSMUSG00000027327",88.5063855657329,86.997677787451,69.0266514875992,95.4083002603847,118.126071870557,115.15627748599,87.9956881993691,86.3565522155011,64.0552225851205,111.035049480062,79.8210078936805
"ENSMUSG00000027329",94.5633179489797,76.3327666841047,77.7701527265823,131.587261261343,58.591479050603,99.4331545940094,111.503600821213,98.8517011572625,84.7874106915589,90.7158370316512,96.866786682088
"ENSMUSG00000027330",51.7852253345558,84.2853593898736,55.7124829949948,68.0394429133011,33.1669561530992,90.7090343023033,42.4155275500493,40.9392716043117,65.8662963322047,68.4999223350306,49.9308692944295
"ENSMUSG00000027331",33.7488203854533,66.5410936435013,21.8027640494577,20.0437845192319,74.3550874937223,38.8515631921312,34.3970724400394,42.8158892111385,7.23922933315464,51.9003765060349,52.8457436070693
"ENSMUSG00000027332",1778.2138760305,2044.08909225448,1942.21802068721,2284.56310661853,1455.90356666196,2418.93931415971,2066.50945430055,2312.44562059439,1750.58438604139,1796.50322902481,2293.35539066207
"ENSMUSG00000027333",1792.10038951739,891.056609448959,1247.09603613823,1663.42127542524,931.659229066946,1091.11281871997,1095.73202827013,1263.19929050307,940.616815459136,767.882150855029,1402.60228978252
"ENSMUSG00000027335",9.61332929903159,6.5134898735409,0.88663966415995,7.59278798869563,8.52231488859376,11.537799260502,12.263511906413,8.86759647067131,6.62142743080084,2.81193689260621,5.72042582844464
"ENSMUSG00000027338",2.73440265441445,1.09066185397315,0,0,0,0,0,0,0,0,0
"ENSMUSG00000027339",65.0571072926632,70.6641691220045,24.4668914093978,15.6969023472381,22.2911313140627,56.7544778524717,26.5017793009747,15.9955284030405,31.4765424954829,40.2222623555312,31.7526758095505
"ENSMUSG00000027340",94.9291193559331,62.3633014327246,87.7023394543924,127.743823394063,113.870674972734,61.7109645920273,78.7218353778345,67.4699655786154,83.2400723236,90.1857663770663,92.6620008647308
"ENSMUSG00000027341",37.5021805269585,48.8763340081074,41.5874839585155,27.6108334474171,58.166748867974,49.590688928518,51.9304881446447,58.3437354477192,42.4512843126859,37.5374561950373,34.1677775038655
"ENSMUSG00000027342",600.866397492244,656.700339532676,627.529090691382,615.670941641581,545.092478123406,673.558380801048,682.653281878464,596.727765004173,657.394850469034,619.548116201051,547.413240066523
"ENSMUSG00000027344",0.68529046574968,0,0,0,2.11617225278937,0,0,0,0,0,0
"ENSMUSG00000027346",1382.60563083991,806.579286764686,2197.07081633448,899.268628395189,3005.69683221574,599.491508931588,1547.87327393844,708.793896791301,1242.48955374142,1920.52090874347,518.807181092836
"ENSMUSG00000027347",50.2827597365531,87.5638780409747,22.0602617463388,22.7389785369706,44.0315180205601,30.4477520321531,23.1307432653496,27.6256351320464,33.8084734100937,37.3158993692909,24.7202645790647
"ENSMUSG00000027349",254.518183884175,240.907717768489,215.371545362261,178.870576503681,226.281182292674,240.168296007806,258.133350116503,248.186579410548,241.956501057106,218.76516143055,244.579855543573
"ENSMUSG00000027350",0,1.07450359886983,0,1.09165476426667,0,1.28659225250061,1.02124006897959,0,0.946912516383423,0,1.14405904606415
"ENSMUSG00000027351",53.0311627235097,51.6151332269759,51.5710447713275,37.4520890274548,85.2815753973589,27.4326801574246,93.1657081134974,70.4769168640502,63.8702244699949,61.9867609214381,31.9613129739656
"ENSMUSG00000027353",35.1463452388441,36.831051065096,24.8798330030338,28.3977972384583,27.3646495881725,31.9182077779055,20.579035861826,33.5218851510164,30.9510105766877,29.2288748032207,13.7392949167141
"ENSMUSG00000027355",0,0,0,0,0,0,0,0,0,0,0
"ENSMUSG00000027356",10.3237337465483,10.8026375993478,21.2941290703654,16.4022404142091,16.8553528551043,11.4998089708241,18.5550390316457,15.779762923241,14.0743484354455,11.3360202001596,18.2865525817905
"ENSMUSG00000027357",345.928865249282,332.71322968964,304.911486882018,316.347119210534,325.404152412059,346.942419380516,381.105635371585,343.439007142957,341.330545921361,269.782911721079,340.180454431697
"ENSMUSG00000027358",3.44178094884669,6.42895046571028,7.09180739906289,0,12.7008482070537,8.94459093833155,4.09714784656598,6.93183266050485,1.8865221885557,1.88963549580827,1.14817206332672
"ENSMUSG00000027359",18.8815124257298,2.51057270067061,7.37038133226111,2.55665914281481,4.53029197245489,1.49170505847293,13.1845194186797,9.45675203236131,17.128924182357,10.4921060232966,36.6031188551498
"ENSMUSG00000027360",13.754090977533,14.0036207637628,11.5120365692019,10.9130181396479,16.8940898907178,21.8983268694688,17.3927809975714,8.9056361595934,15.120589652569,15.9678454608625,17.1424608901157
"ENSMUSG00000027361",135.918538481222,162.972285198223,195.486454248332,57.5867944107785,190.915589326759,44.426507528014,93.145672267348,276.756537766245,309.361047502311,219.491811285764,161.286864249117
"ENSMUSG00000027363",826.452556194372,821.862390231344,913.727563628302,832.64905473534,888.460093774986,827.16253927514,853.421065934386,935.794604147817,907.163221270367,857.656721749684,898.220769563313
"ENSMUSG00000027364",0,0,0,0,0,0,0,0,0,0,0
"ENSMUSG00000027365",1012.75100979719,1031.36786419601,1289.98735659674,1188.80357539119,1046.80365415469,835.191624285617,1170.37363160997,970.849444431488,1217.78852963,1068.25308741439,1173.11681521783
"ENSMUSG00000027366",1344.66246342508,1084.23107105446,1374.51814636235,1330.53508291507,1208.29238415902,1095.75132942783,1352.1175726364,1469.23826731195,1402.77324000108,1514.76404842706,1298.04761966271
"ENSMUSG00000027367",601.929510384432,600.436169371778,632.312603347551,701.124492536698,582.300957150063,668.670398095765,718.034003864504,795.096372234113,687.161395748876,606.869639372937,802.054117865319
"ENSMUSG00000027368",33.3261926278464,108.080697175331,11.4292196316201,14.2060623400933,10.6056935408957,64.7070944540359,9.2161122695057,6.88929111627585,11.3227369315393,34.9338192820406,18.3849056799272
"ENSMUSG00000027371",143.068777174229,153.829231172088,126.206453971652,131.566856223164,111.054597688887,112.012041885784,114.950290863956,156.231045905779,97.952167953505,111.083979654207,140.186377016039
"ENSMUSG00000027374",375.188586017641,464.820285128965,403.270787377172,392.251031359658,388.165606192332,417.417905911647,438.963004303359,401.844104581333,353.973764306897,374.438224098694,416.327756110641
"ENSMUSG00000027375",3.94084710707017,2.12267285548416,3.51504053662499,4.44001323778518,5.40631328462312,1.29430271707384,0,2.93065998844785,3.70848538831425,4.83323869788278,1.17164301219045
"ENSMUSG00000027376",36.4949066695039,30.2474554761977,46.1066373318809,33.7392498099339,42.3415263711211,39.8317518001474,35.0089892039164,56.2291258177627,22.6672716878837,31.819098769514,43.3515102671675
"ENSMUSG00000027377",7.22940694089197,4.24345423902844,7.8934800703905,9.95095535672676,10.7949829606709,11.6390092621465,2.09082060307791,3.890146830335,3.70346440845464,7.71372121891386,10.5054421613381
"ENSMUSG00000027378",306.621320286951,279.470657382401,300.478089944656,257.776187236313,276.226355056425,307.838302743055,265.131606950444,283.826683729502,291.088060869784,295.19707643839,324.06484902218
"ENSMUSG00000027379",22.3618754139008,32.0259174656664,13.3475350465996,7.69647776000911,22.8382524726983,27.0522772492932,7.29107165908246,9.77295560766752,10.2160974871067,19.9530165228993,15.91845056017
"ENSMUSG00000027380",2.11708525199612,2.46810402050371,4.2934007852218,5.01206125051298,4.85062563404063,1.9569378299561,0,4.74935531710773,6.02550124837891,1.51032929563659,1.75504595827247
"ENSMUSG00000027381",44.4777460714566,29.8381707505949,69.7589952048101,44.118756626935,80.9551225108476,31.4514997138482,39.9397891529705,40.6681981832917,27.0584769814022,43.2881562728127,30.1314596611784
"ENSMUSG00000027384",106.327530096653,123.268789695269,108.560592041123,86.1086768008835,121.248205968608,137.567626877216,111.966873640474,125.990826123372,86.3589440084997,96.9358725973085,81.105361338013
"ENSMUSG00000027386",42.6819935953111,27.0151076290087,29.2543864493941,13.0666134941836,27.6468384323642,8.98799228307831,26.6783311645516,21.6089077251525,44.2360939374266,15.0504224778225,20.5756757204848
"ENSMUSG00000027387",76.6069837942539,59.9520575913621,60.9164936134758,59.8927621263694,86.7560675081862,40.0168199005528,56.9497311285952,61.2633199884507,72.9093102316645,57.0810620283529,67.1610106860722
"ENSMUSG00000027394",61.9587582036483,39.1898298741197,47.0911292865762,35.6324665853252,56.2348163582217,58.2311946587937,73.0101494953264,54.4927420042922,37.0740884875858,69.9568303585039,36.1505365838373
"ENSMUSG00000027395",386.352253937405,403.667839227117,342.469747858763,417.324388317761,337.124071174424,437.983721116611,362.670717020628,403.089893000243,438.814956067851,350.450692677092,523.316833084242
"ENSMUSG00000027397",655.864524529045,1223.29284800579,991.783933029283,2014.93526485134,956.496256158089,826.064968486115,950.14306598926,578.219855761686,1276.85182065157,748.117381207553,1432.85030963314
"ENSMUSG00000027398",128.235091405236,127.925975898115,182.808247241218,233.857683740931,128.618207196085,142.695414606756,74.4572655427701,228.954866813471,59.7292930441491,73.6690347548675,39.2442137294471
"ENSMUSG00000027399",9.98314576585193,15.03055804227,17.552884023443,13.26406581644,16.9098130286499,12.8135827713555,10.4972875457275,15.5204682961139,0,6.75887081642033,6.86665858446094
"ENSMUSG00000027400",0,0,0,0,0,0,0,0,0,0,0
"ENSMUSG00000027401",4.84558989183118,2.15034885974041,3.55098739026121,6.54261177280441,17.9569871708223,2.55595356054312,3.06969467165467,0,0.944425019949776,1.87979020668768,0
"ENSMUSG00000027403",0,0,0,0,0,0,0,0,0,0,0
"ENSMUSG00000027404",886.896048704634,900.135945452737,849.292538629756,882.332840140277,852.677826376275,1032.03335161154,923.507095399442,847.518512334108,778.872294115895,812.85051655826,912.115665123578
"ENSMUSG00000027405",714.916595919804,753.075322053922,448.466469219607,500.631801135439,546.500991809906,669.199531996296,575.831395191834,489.081164477893,547.254576711274,636.940449308677,848.099711513147
"ENSMUSG00000027406",1707.08756048227,1929.13262614338,1784.63657117389,1876.57065085346,1626.91515952802,1862.6324675739,1543.5545529646,1980.5799401148,1553.70552369738,1639.52987498124,1667.84691347902
"ENSMUSG00000027408",103.439180287249,144.600626916218,61.0425789233242,51.3355879347727,91.7575840104292,129.420291992838,44.0081659018636,63.3377577852251,76.6299504570685,48.7883104843337,76.436054048014
"ENSMUSG00000027409",0,0,0,0,0,0,0,0,0,0,0
"ENSMUSG00000027411",664.229893707163,808.854020454101,740.609275702063,683.911491859435,725.210929286328,857.447070424073,713.826735622857,852.83346008225,759.324669128867,815.074380874823,826.57146834341
"ENSMUSG00000027412",201.378100054371,231.717795909033,271.365150695833,258.560973255612,227.29342871303,278.274731919825,247.873369403907,296.351048223098,222.439561917161,294.169554122129,292.190569103377
"ENSMUSG00000027416",0,0,0,0,0,0,0,0,0,0,0
"ENSMUSG00000027419",0.689939267648385,0,0,0,0,0,0,0,0,0,0
"ENSMUSG00000027420",8.26677242811851,6.49275886033784,7.97689579630092,2.16099066000405,1.05659395667927,5.18012515968056,15.3721060248212,6.84306540593122,7.58356349259618,8.47649018929487,4.57796941211714
"ENSMUSG00000027422",11436.3547593563,13848.6297981143,10181.6144875433,12915.753530369,10213.1612450727,13144.5724862719,12552.9812378542,13526.8132614943,10570.1812705835,10080.7681994706,12148.9995262845
"ENSMUSG00000027423",789.955028849224,898.372259863638,807.853871289766,838.801327479478,794.285298386886,819.645863260228,726.42539719767,710.738297794195,816.512905699872,764.323419588215,720.645008742688
"ENSMUSG00000027424",33.9689140235515,45.8734713873789,59.4175850524138,57.8142266132422,42.3410092787698,36.8417168423416,43.9762495527326,47.5623363153709,33.8961585087605,45.4069540694463,49.5161433945379
"ENSMUSG00000027425",370.892059268942,452.644375012843,331.141331460251,397.090065117867,271.153498970319,323.974882687106,405.403121155596,290.432625253669,284.090073703466,363.973809032497,454.27982785456
"ENSMUSG00000027427",58.2567601708255,38.2416503574229,39.8178717189775,39.8023429108707,35.4630121195243,36.115332368498,50.3077827828313,40.9305273963603,45.3066350623006,32.7478631999169,55.9418339468926
"ENSMUSG00000027428",50.5394067275363,43.4079500759212,60.5645356102892,41.9663788359194,41.6356622211149,46.460569049667,61.1843076232806,44.1794124793292,46.6674781523614,49.1580979972769,46.4433186976066
"ENSMUSG00000027429",1652.14982697806,1499.20328548789,1167.17629597121,2217.75867534895,870.518529415531,1334.22763062856,1141.02815055418,1446.18772647069,2139.66341705475,1065.61795885244,1773.8809548316
"ENSMUSG00000027430",57.3596915976106,67.2206365150653,51.0582579811891,68.2952722619674,59.3075720043279,82.1452847343993,60.0718599251014,72.0447740059065,46.0629049332357,48.1106761301451,88.7787766492579
"ENSMUSG00000027431",0,0,0,0,0,0,0,0,0,0,0
"ENSMUSG00000027433",707.686193451064,631.332693867779,647.717117550149,627.212752229194,799.471260138125,629.812713022206,635.321816118222,611.061357397973,717.005051551992,682.28626656877,741.097094781864
"ENSMUSG00000027434",0,0,0,0,0,0,0,0,0,0,0
"ENSMUSG00000027435",88.9465953123782,59.1808343532975,58.3864711728751,41.5401016374799,113.816065825222,95.6217613336533,73.6160563140302,124.042011881696,68.1958697717246,68.5602388928186,77.7094042352512
"ENSMUSG00000027438",9.49412490651771,12.9357082307046,17.0636503958782,12.3179848020028,12.5919250904284,15.3598614179786,14.4241788010509,4.46208451651825,23.2241817638241,15.5618835973855,5.35012669210874
"ENSMUSG00000027439",443.802944829706,345.455553549178,365.679655919468,465.407120943295,297.445430578986,309.315650153841,432.6759561278,343.01871889186,447.597731938021,349.39035589298,503.42908269345
"ENSMUSG00000027442",0,0,0,0,0,0,0,0,0,0,0
"ENSMUSG00000027443",0,0,0,0,0,0,0,0,0,0,0
"ENSMUSG00000027444",0,0,0,0,0,0,0,0,0,0,0
"ENSMUSG00000027445",0,0,0,0,0,0,0,0,0,0,0
"ENSMUSG00000027446",0.689939267648385,0,0,0,0,0,0,0,0,0,0
"ENSMUSG00000027447",1924.56222889494,2390.28343566031,2343.80853259071,1463.04471200832,1485.1989453193,1627.16718486368,2751.32969398408,1494.84811816254,2726.91205948222,1495.78258540509,2235.93006577213
"ENSMUSG00000027452",4006.97506926075,5461.61029939134,4985.28333808957,6229.01803626601,3140.2035423091,4363.6367603899,4160.79731106263,5100.777439977,7703.13777162602,4827.93460941628,6620.16646544672
"ENSMUSG00000027454",17.9856162443862,8.49536673482146,12.3140624095545,16.5919545193864,13.8699860041224,14.1590792846079,16.6406545908083,8.81004992180344,16.7465032279971,5.78867622305873,16.2089097853527
"ENSMUSG00000027455",1533.40144543965,1550.1550634786,1471.43819367375,1469.94671981102,1536.84185081828,1483.12779584018,1505.00862682422,1467.11260939349,1519.83422784006,1460.66783926289,1550.87640375091
"ENSMUSG00000027456",100.285827373306,89.5826923260695,125.181126730062,109.871752248353,163.014753435414,171.498962355121,90.4100929629365,110.756336298776,133.692051066633,152.136767662247,93.2166502822556
"ENSMUSG00000027457",72.1459481393314,42.2689740464408,108.091653698467,63.3118155438347,36.2373640183079,52.0780264528177,96.3700651367368,53.5248439798853,152.45104226068,48.3167530088795,164.477045256926
"ENSMUSG00000027459",1204.84801230887,1694.00965623844,2037.96032524123,1324.07784042276,1352.56363259965,1279.33138222859,2086.73731279606,1450.17693600668,1464.84305168447,1702.1315766113,1532.97609451898
"ENSMUSG00000027460",0.686795204129718,2.16033471776201,1.77123786184769,4.36481166889737,1.05896867364051,1.29047835849361,1.02544250930633,0.986172719018271,0.943745495691705,0,1.14216850619701
"ENSMUSG00000027463",65.6549657541169,133.270508535496,178.621852800141,170.010300812772,88.204170965146,72.6048162915694,151.513403224602,77.436038551974,115.947442021125,99.6438407281237,114.564306141374
"ENSMUSG00000027465",1022.45649520506,1102.21792940857,1123.87675146326,1567.16541959198,993.740518359039,1179.36093805736,1258.0533006461,1380.64867049583,1300.87595087091,1228.00342399137,1455.07648806847
"ENSMUSG00000027466",1012.28902332027,1158.36527060878,974.41154892879,1082.26079646071,1024.17138495149,1175.63813491347,1054.261079523,1025.42894167516,1047.72530155187,980.475723777411,1168.67362890152
"ENSMUSG00000027468",0,0,0,0,0,0,0,0,0,0,0
"ENSMUSG00000027469",43.922990441282,63.7299949347287,20.3967392012257,29.5418850485958,29.4572705547124,67.9073275558368,27.8100602412868,11.8599178995261,26.3338291424576,27.3642522719134,18.2664193156641
"ENSMUSG00000027470",216.545784098836,5.38489463190283,16.8600324974836,52.3289488336829,81.6288965023567,11.5383921467391,4.08953489063471,4.94629561478129,5.67423742264834,38.4635977659223,3.434527617717
"ENSMUSG00000027472",141.268767129801,118.524835056928,138.746654859934,119.240570041728,119.284973901334,128.850751755035,126.785553238714,98.2286617331151,137.986909852557,122.585144838966,155.135570357394
"ENSMUSG00000027474",59.7297684918734,58.1438817363375,101.239805346507,84.5389646961021,128.785401268568,94.9583584709011,59.0820579254562,112.427807758941,68.3863428759144,131.633752572438,94.7627294921154
"ENSMUSG00000027475",156.87676690158,162.437787346534,148.163554407967,95.9957776886166,135.106186602197,132.879520680083,116.840600564464,135.636469619658,194.1647394897,135.499319122876,190.089547430921
"ENSMUSG00000027478",39.3166586814004,46.2728699040923,28.8461176640422,48.6082349149464,39.3480041219547,44.3928295987798,40.5168013669301,36.6394950093025,56.5287640073695,54.5024973071228,53.6817457688327
"ENSMUSG00000027479",508.846928598496,412.446096040732,450.476809293795,412.695118039813,510.15786819414,435.519460550256,468.623556126239,440.839534533935,408.357759817666,420.242097923424,451.582278752465
"ENSMUSG00000027480",0,0,0,0,0,0,0,0,0,0,0
"ENSMUSG00000027481",0,1.07489134715229,0,0,0,1.29233161977038,0,0.986027460423844,0,4.70008513233456,0
"ENSMUSG00000027482",0,0,0,0,0,0,0,0,0,0,0
"ENSMUSG00000027483",0,0,0,0,0,0,0,0,0,0,0
"ENSMUSG00000027484",0,0,0,0,0,0,0,0,0,0,0
"ENSMUSG00000027485",0,0,0,1.0895783501383,0,0,0,0,0,0,0
"ENSMUSG00000027487",108.509949188375,186.837392981074,73.9108526456373,182.336699425423,119.630823981908,116.27975697471,79.2034864193435,103.900962749596,112.559924619263,99.5004475720543,82.2277600086326
"ENSMUSG00000027488",374.621561135744,308.056068937841,387.053130573829,480.90552149748,304.62980542689,452.795260658157,355.09320662428,458.652629537201,367.967584822674,369.640529586308,408.812061213271
"ENSMUSG00000027489",2.04914098247225,0.986326928461763,0.809279915185778,2.00167301122521,2.62814812454511,1.18124159973241,0.941360729712876,0,0.775086371152189,1.55611865102985,2.0951349235158
"ENSMUSG00000027490",36.3565899264137,59.2092488926838,34.6866033988982,60.2715355501015,59.1766466213135,84.0897954533224,53.546534219107,98.4146787294456,38.6482487239454,56.7683011186887,50.1251397611852
"ENSMUSG00000027495",491.612389494442,630.316403468481,531.139584746373,587.032326540984,507.870390246366,692.481490297417,604.848004814238,747.781063866095,488.570725931886,501.187734754104,546.546462174343
"ENSMUSG00000027496",11.4402521038721,20.3461045884148,11.2739992354268,6.42488887624774,11.3852450924216,22.631658959503,16.2069872102633,12.6262961466302,7.40080522279461,9.2410695238146,6.06285366226453
"ENSMUSG00000027498",231.387476451892,211.50598702764,214.226659185408,229.516267997379,235.732254525259,247.712929317431,200.892157588454,225.544549570188,216.857648927664,219.739772825463,222.368589219698
"ENSMUSG00000027499",12.4972475565577,1.81243103477007,8.16095982302642,1.82741934990186,1.86632891190833,1.07499898018438,0,0,1.58789206303559,0,1.96739768256016
"ENSMUSG00000027500",9.95164334680083,10.6144000745891,2.64143362585861,2.20673233897694,10.6898587293085,11.5807208755728,4.18681922661492,2.92490748819549,4.6497001289935,5.79180575266499,2.32003779778288
"ENSMUSG00000027502",627.345620921063,656.109897296793,652.860127822326,635.801013198849,621.143606580088,615.823237394372,652.188129219476,542.287880690197,664.528657169388,610.102430641547,632.811214356333
"ENSMUSG00000027505",3.35957464085472,1.05775649342022,2.64363162869654,2.20308344800278,2.14895116791617,7.66286726947707,1.04003494688787,0,4.64338528793118,0.966084273129579,0
"ENSMUSG00000027506",1512.03654260236,1566.15250833993,1644.9510550792,1855.762367539,1505.72101185154,2004.81973804397,1639.07416856496,1952.39412582229,1563.07801761095,1691.56670473639,1972.98037605501
"ENSMUSG00000027508",8.21385715271736,28.0078958697088,4.42326168431718,9.83265007690153,7.41468430282651,10.3185903985392,10.2534337860719,10.8471948168516,7.54502585536527,14.125521574824,9.14983310269832
"ENSMUSG00000027509",427.163378763089,372.623258053854,331.909817199601,381.213655839099,368.703726109409,396.607170644288,394.604181275171,442.496220514608,366.271304854141,369.499421414325,435.329155504764
"ENSMUSG00000027510",96.1304596532565,129.700627933153,54.3137278964695,85.618024397058,81.4102151356017,121.983496813215,85.9350707477278,83.9281287610879,56.3510460618919,105.53208726236,76.3064410494078
"ENSMUSG00000027513",1928.79628542671,1077.5600666369,2493.34039647856,2453.88701717145,2737.02261037106,815.493178872763,2370.32248027371,1644.49854061477,1923.71110612095,1444.85423401073,818.946247119163
"ENSMUSG00000027514",192.425616534672,190.588994304923,97.2424141263658,136.226920435701,66.9946565139112,119.459511608427,88.7322445704635,55.4529695899545,102.558789736532,131.636071142258,95.907226766391
"ENSMUSG00000027517",0,0,0,0,1.05245273618263,0,0,0,0,0.938960785339231,2.27137480933998
"ENSMUSG00000027518",0,0,0,0,0,0,0,0,0,0,0
"ENSMUSG00000027519",210.932664320726,225.667430243105,252.646674997625,270.974212182703,260.435668623435,186.263159739386,267.193658339741,177.012648647352,209.772487282994,291.022748669174,258.476885861576
"ENSMUSG00000027520",0,0,0,0,0,0,0,0,0,0,0
"ENSMUSG00000027522",381.79120735099,406.387540284876,388.928895198485,382.811860296504,347.055034821642,337.78048069785,328.184085062987,412.284310061003,382.658650106452,409.187766969299,360.247488310612
"ENSMUSG00000027523",9948.93242758185,12861.4504497823,11812.4514985313,15468.2667916659,11983.2687237924,13507.5969254621,13167.9244986784,13015.9600860638,13084.0957525369,11582.1868983421,11275.7175742584
"ENSMUSG00000027524",1.35334284437016,0,0,0,1.07156340668095,0,0,0,0,0,0
"ENSMUSG00000027525",0,1.08064173486522,0.888711478704946,0,0,0,0,0,0,0,0
"ENSMUSG00000027528",0,0,0,0,0,0,0,0,0,0,0
"ENSMUSG00000027530",0,0,0,0,0,0,0,0.992606609936369,0,0,0
"ENSMUSG00000027531",376.157797909302,322.392194681302,314.237986171628,316.493716386285,292.004233535777,274.91008489163,360.501111317857,273.372021748611,301.304345368099,297.209215957054,329.211898526605
"ENSMUSG00000027533",587.526001065701,887.696301696439,620.69262018135,578.000441241513,1017.9497763978,949.289730550813,867.765856627161,1004.91235133982,622.226976290399,903.637883856627,608.36151259862
"ENSMUSG00000027534",71.3494883267485,128.40686991602,193.686425966651,158.133268735104,145.917280423988,74.947340499278,153.380155144482,151.834884976191,103.318295146655,174.513596389607,105.629094000761
"ENSMUSG00000027536",33.1058829447372,23.3857613432578,21.1380266736345,23.0931792811185,37.2159742584529,25.703807598251,30.9426461677714,36.411212068753,39.3424345016992,23.9486244347009,31.1858278095175
"ENSMUSG00000027540",458.869327307253,404.26220263943,382.355001770043,330.545964677378,597.43150953924,460.708611249485,378.511323935191,340.739178246326,396.962052164676,432.827318877467,440.610106767707
"ENSMUSG00000027544",21.7379322448145,11.4167571534087,5.94958511800383,8.31026803530158,21.3056210330053,23.2776760907664,9.7515646507076,9.46117414392585,8.15396340795451,10.1285006527459,16.3724476696863
"ENSMUSG00000027546",1137.10589010161,1143.943550604,1225.3023666925,1185.05432833855,1248.33946977405,1154.92281006058,1231.49874018368,1137.43885525713,1190.14824346225,1286.73971091386,1213.22530342765
"ENSMUSG00000027547",0,0,0,0,0,0,0,0,0,0,0
"ENSMUSG00000027550",92.6939218355217,62.1382078864952,110.264726139848,96.8263900816199,97.9656889325301,62.2059575852594,127.695688874998,116.15904692235,74.9630521918827,95.4165592459852,74.854989503839
"ENSMUSG00000027551",191.565752370988,184.120752626836,175.600931635977,141.734746015018,165.408360273196,188.105574099975,199.809594541114,196.504780494752,182.490822406485,219.88374839596,204.695685498642
"ENSMUSG00000027552",134.775136092483,162.978141156305,144.18583371438,128.90988570365,139.802637436278,150.397562443354,147.924386601852,170.848699189756,157.698435258497,152.312110389061,115.906727764128
"ENSMUSG00000027555",102.80451559458,99.2871845001043,128.018277369461,110.962191922079,129.396180119743,99.5701977542955,116.899769870407,137.641641648968,97.121437133843,90.9373513595802,63.3732090753365
"ENSMUSG00000027556",0.681558773584057,1.07400533228076,0,0,1.06759896338003,1.28533947590099,0,0,0,0,0
"ENSMUSG00000027559",8555.90642303557,3915.12095305693,5642.21343575636,5188.65427931519,4721.85895642268,4974.87152890249,5235.974432117,3833.0264953875,5731.56042787729,4082.82152686755,4647.4112790897
"ENSMUSG00000027560",0,0,0,0,1.05757567046625,1.27388929741758,0,0,0,0,0
"ENSMUSG00000027562",1582.90948405302,1224.19250275816,1067.11191577513,1132.97345731167,1010.74593680431,559.106839723295,1171.73914795747,1344.18650149079,911.753946573362,636.728469035614,917.511726244755
"ENSMUSG00000027564",0,0,0,0,0,0,0,0,0,0,0
"ENSMUSG00000027566",2339.06104556952,2229.92606367886,2584.02214174393,2349.62736411999,2207.67190725573,2192.24015413739,2246.19178352799,2167.74357572172,2392.44517697436,2170.2997358095,2189.27573396962
"ENSMUSG00000027568",0,0,0,0,0,0,0,0,0,0,0
"ENSMUSG00000027569",96.4628996123314,109.254089093407,113.568839821257,97.9260347448359,98.1391177290336,137.037827031289,125.2346406473,114.791348797261,120.318100039231,143.380076458492,111.237607128023
"ENSMUSG00000027570",89.4068497003692,94.0263844000594,107.454166257097,83.4911317677316,80.6547875834417,75.5837602431861,130.53359459276,66.2944446091887,83.238067275075,81.9981459716532,107.367369544712
"ENSMUSG00000027573",332.981720715776,346.161638391618,323.576813379996,312.152806513181,309.1849717285,316.131502299883,299.911552443048,344.184938851463,344.741703457268,380.858147215757,370.084139281171
"ENSMUSG00000027574",0,0,1.77742295740989,0,0,0,0,0,0,0,0
"ENSMUSG00000027575",773.767931610338,841.486753832929,697.965680403878,800.966710369944,752.061669762459,936.277067366074,694.898214084328,751.868683080466,749.994012189976,743.945294939281,836.749593292974
"ENSMUSG00000027577",0.689939267648385,0,0,0,0,0,0,0,0,0,0
"ENSMUSG00000027579",6.88547792078812,5.39990893668821,2.6608581943576,5.44883842186639,2.12420016823553,11.559209296743,5.12005071562796,2.95400455521857,3.77286924806377,6.56614564220728,4.57304640560522
"ENSMUSG00000027580",1118.90086505925,1093.97091277835,737.496153863481,843.388046525306,685.820589268774,1283.42056246139,604.309035817961,737.988779030817,565.642280262571,981.195550004724,884.394656288686
"ENSMUSG00000027581",2.0113064258636,0,0,0,3.24090066794735,0,1.04533197740172,0.973912149536008,0,0,0
"ENSMUSG00000027582",624.652682095298,683.422652503181,720.82326732575,719.733442230387,491.945241405434,624.684772403616,594.388526801398,660.949061587973,619.509954304459,636.140102060351,551.572357472356
"ENSMUSG00000027583",779.390706268873,28.8527312613127,32.3941253524227,28.8844907549971,43.125095694651,34.4187995577965,30.3936211910487,48.3981572970143,41.6929019715723,43.3985438554492,47.7628551573866
"ENSMUSG00000027584",0,0,0,0,1.05095675570363,0,0,0,0,0,0
"ENSMUSG00000027589",281.634209600842,286.847986962603,340.777302450993,301.884591758787,364.363233007176,216.455792466896,354.243796143425,394.473265736945,369.918776754265,401.368007898284,221.814059296486
"ENSMUSG00000027593",2215.96196106313,1699.04382894219,2158.08228125456,1885.27903792232,1799.88032965931,2077.57845868437,1951.63894889486,1699.47814311962,1873.70014714298,1985.65648046543,1908.66587630037
"ENSMUSG00000027596",2.67063811328425,4.34474633895647,0,0,1.10936240243114,0,0,1.95760513006905,0.935120988967936,0,0
"ENSMUSG00000027597",298.382846138425,317.129994083005,316.932046774652,585.875481656468,618.079301537161,670.570037852881,297.634711783682,642.833088332445,232.003175428329,657.270885066677,328.355345712064
"ENSMUSG00000027598",545.483848023156,429.217557230928,481.208932537066,450.057344039512,466.507797976663,270.10936949022,446.521851670402,415.014843710765,548.672002501851,478.28329307615,508.046577756791
"ENSMUSG00000027599",229.733049336872,250.418616479258,224.876489007227,238.913420351911,192.809278739529,241.878297352232,206.327731456161,212.760198929135,217.79477170774,166.762649079375,248.592286242803
"ENSMUSG00000027601",590.597878096981,977.601549302806,611.422252635909,612.669172359309,565.734206179245,633.041594480832,528.939709271377,1005.58407686512,609.714044841579,600.868577148442,696.670961290581
"ENSMUSG00000027602",881.200261915083,863.768081878091,1357.86210744288,1294.41922393813,1296.33426364836,1004.44217300872,1098.91936273753,1038.41896718621,894.311038166717,1103.95443082256,970.292011504461
"ENSMUSG00000027603",14.7628512802744,11.5308648955225,7.92092595165311,4.83395954525332,60.8009587777199,10.181730321364,14.5499789607975,7.87150165861969,20.5608056464963,17.4747022262538,13.2556463238968
"ENSMUSG00000027605",2704.86870707592,3114.74960180947,2875.82709411509,3374.66783367028,4091.51590772664,3532.61760352959,3007.22560266088,3464.90658364234,2713.21563381281,3170.86049362342,2798.73744313114
"ENSMUSG00000027606",0,0,0,0,0,0,0,0,0.94676288413655,0,0
"ENSMUSG00000027610",429.907694575565,532.76720294708,500.265541989334,465.217378804865,553.481882391779,659.595411380151,522.187587648855,526.645420711848,513.848273082511,617.932850279155,491.090229584981
"ENSMUSG00000027611",29.821894154057,32.1732250603217,26.4038189357059,18.6535035923147,32.9846492408979,22.0084248506272,28.9371222916744,29.3221882899456,24.2982488901801,16.2209554507168,41.3330867247626
"ENSMUSG00000027612",0.68930681740696,0,0,0,0,1.28308841439485,0,0,0,0,0
"ENSMUSG00000027613",822.413942954262,849.664109293894,814.728457804101,794.320540492701,848.143659164904,808.69710651321,802.137641628423,676.187832628576,749.785940100869,774.913663441194,950.735635145717
"ENSMUSG00000027615",267.582461921507,255.655675254491,260.166307481285,216.253269095321,230.522600918756,215.270624772707,202.96366570312,233.251743281453,231.77748631502,252.620558384073,317.788313937101
"ENSMUSG00000027618",724.193298799064,739.642004908516,580.104339015528,772.649762913388,620.446790226944,631.422353519748,756.737271688079,620.671270726122,749.280192259906,635.745868128559,656.864729785326
"ENSMUSG00000027620",2620.54199428612,3217.38053242874,2758.06828951927,3095.26741746695,3060.6549274474,3388.06639761508,2825.0074731605,3091.93752191925,2497.86196265951,2588.76890460093,2872.11648357366
"ENSMUSG00000027624",669.069579985874,579.227797158539,654.507832804383,785.679584174683,726.388589871773,813.924043406982,635.883168660393,801.442821589222,647.466303470576,672.325822873579,972.753942512809
"ENSMUSG00000027628",228.147694571399,140.619885805933,220.545689359666,295.120528599295,252.10139296067,153.499347783032,160.871227232061,206.670368896058,191.904672779749,284.537040884036,265.135671003706
"ENSMUSG00000027630",121.146770133839,95.1184944569644,122.00342318172,199.895527180956,73.9209406199122,47.9883076270688,230.951460588116,89.0356268495759,167.636456389929,199.681293557247,39.336601029506
"ENSMUSG00000027634",511.882890011386,284.56432722837,488.538753040745,431.852528587839,328.603188186212,277.907626845225,379.110946401107,159.20778039414,234.601496733922,241.246078426649,221.577468969406
"ENSMUSG00000027635",22.9106311581212,36.8572117467836,37.0271200722109,5.65813474905485,7.84389229197217,31.8221856571414,3.5520355606024,1.6869039192533,3.74198949208274,5.99757769426509,1.96813637933758
"ENSMUSG00000027636",5.45730375469336,9.66316403834672,5.30274170040059,3.28282524657881,1.06952107709646,10.2641686817317,2.06237178172798,1.95270936054973,4.67575137824334,11.4058610768903,2.29928775528496
"ENSMUSG00000027637",765.20680431425,955.062772894774,916.196089816132,1129.32842781755,963.272362234349,1019.83720795229,1144.30833849563,981.059592968966,926.650955975925,979.082644272379,882.345880347523
"ENSMUSG00000027639",979.1418864136,887.832801534714,731.947665378788,548.436542617854,857.010482989076,685.031903706184,574.919640473649,499.114513439862,669.510864787097,995.813849415945,664.139574978456
"ENSMUSG00000027641",100.981306657425,75.4688837160432,53.3236424378954,35.0905613697987,52.2034815622436,73.17268977387,53.9045540283228,53.0001292638963,56.9110930177602,66.3677574811535,77.511618678352
"ENSMUSG00000027642",3887.13697679895,4868.80081058242,4085.19311657342,4303.31321488758,3962.92818821607,4421.79639274868,4376.0682680652,4672.14067093695,4025.6636449896,3991.44799678075,4183.27750268697
"ENSMUSG00000027643",0.692310665291166,2.19519018894387,0.898438902823057,0,0,0,0,0,0.938240891251212,0.917053351203471,0
"ENSMUSG00000027646",966.727870746765,889.974955898554,967.624836954547,996.894339132261,858.852721855556,838.28251395388,867.050709615602,904.169107178838,860.83185456575,898.181922839472,973.211341290515
"ENSMUSG00000027649",239.280116797044,278.41617107411,289.121460183026,262.501598243222,213.097348107845,266.130945482547,229.243462753567,245.800458333853,253.478309603746,231.422912290403,259.673286115001
"ENSMUSG00000027650",363.589678617227,354.526170164858,336.853109086171,377.887049065328,299.278623899534,415.931878931731,359.665981965173,428.459870496888,379.851617704599,372.827795737147,369.226158986686
"ENSMUSG00000027651",139.429994776115,119.809830674539,144.5374091163,148.056329720028,154.059044289442,116.574724374001,126.308476456996,129.014804095006,128.445631562094,121.847810865196,167.050186147018
"ENSMUSG00000027652",484.050555573479,402.120395525576,433.767841992875,461.293323406716,437.263263183226,310.686267366286,427.691848783465,431.002876672038,472.182648429126,433.516987839083,459.569653830695
"ENSMUSG00000027654",5.50117125665529,5.40977054851963,4.42520984985455,4.35506983953226,1.05649573441181,3.86604215461988,2.04810933750255,1.97596326169628,1.88941909151489,2.81919924983945,1.14061498236965
"ENSMUSG00000027655",109.073573205892,114.326690202064,110.051295515555,106.278876442888,121.428707739558,118.765500167081,115.97710469663,94.6080330391671,95.814676049221,125.928167805835,112.485832162596
"ENSMUSG00000027656",37.2164688298843,17.1091107821244,53.145123945035,32.8150996775497,31.1589000621333,31.8235286307733,54.6521580490101,15.6815630570678,62.8179362272728,42.8812595057662,58.9072109950968
"ENSMUSG00000027660",146.997019756065,124.039175589387,243.506363332773,116.976687983333,137.215390904383,89.6229832998288,145.999611411822,82.0370170465718,83.8013027971208,129.838625596721,86.6651381007447
"ENSMUSG00000027661",6.89694874946338,0,8.88835416545259,4.35326861250332,9.60434067297933,1.27593585207971,7.16440677048717,7.86388613672304,3.76981743760175,3.75019212253387,1.14590146118581
"ENSMUSG00000027663",138.301453716921,78.6314372566259,146.586632130856,109.310784707853,110.606610211683,127.704591738844,94.7837880772278,123.236607042265,75.8689465145818,142.174598556829,108.737993542547
"ENSMUSG00000027665",741.182962657353,685.710808816662,716.665867742063,828.685589976869,767.292052107782,660.066132807399,787.95176370878,660.950906570659,749.057535370406,732.852976997126,646.357522065702
"ENSMUSG00000027667",297.143034817882,243.395868646167,299.068820534773,381.999758400778,216.060639700008,332.15472539047,298.151613647872,504.352537498735,363.15256405458,378.571666420211,232.892305776101
"ENSMUSG00000027668",1337.64185592977,1146.4856324462,1416.80862552532,1455.38531791686,1462.91139952274,1229.89605648523,1247.31236151818,1360.35751776372,1507.94772307051,1487.80210075888,1320.82059751125
"ENSMUSG00000027669",666.719467207627,866.391742697981,373.137382112668,858.815763101021,509.028120307571,844.892852794094,457.176959551633,1117.00919647663,631.760283912913,567.475932495482,896.196007699764
"ENSMUSG00000027670",24.1124319426868,34.5404214310752,24.8940296787239,51.1321560382316,34.1541508901271,30.6028806027082,31.7423761526903,30.4953672298651,24.5173992566066,32.8485400376417,14.8975803095959
"ENSMUSG00000027671",498.836986971937,486.462167078519,458.34577608147,497.894872709438,488.065092095386,427.691371816609,490.765997882739,461.965371642789,512.74586410979,456.625095738544,590.718814835769
"ENSMUSG00000027673",1072.33801224755,1509.60567396738,1199.73662091156,1312.89061618614,1141.53584081831,1511.01361284783,1313.51911170637,1424.80218093933,1367.56964168478,1106.94795095505,1209.99587604954
"ENSMUSG00000027674",0.864230425050373,0,0,1.54913212635016,1.98325889118554,1.81514298371436,0.639663333103612,1.40170610017921,0,1.33897624477558,0
"ENSMUSG00000027676",5.48661310871328,2.20687768431632,7.14874427638603,0,8.36895470115942,0,1.02635683566732,2.93555539711426,2.79144633358639,1.87674345363341,4.61646197744537
"ENSMUSG00000027677",596.942583450509,693.18594362092,712.11339516223,556.48571879873,667.747474312466,658.391399445765,668.745955501136,648.281628733946,771.410031720508,653.567655152204,586.820669496122
"ENSMUSG00000027678",783.79939963692,678.797151293304,739.723949972178,807.189618020863,608.874715621627,696.869758493826,529.833471374229,687.531244859575,762.941911650946,743.309932369163,916.158850373235
"ENSMUSG00000027679",112.592665563102,98.4599455726303,108.234737995682,110.717179681394,88.0156841275539,110.607842399985,117.590238786321,130.873702144169,112.026105337587,125.291372710191,103.976119815584
"ENSMUSG00000027680",1285.31635547286,905.869583688673,1141.03473075446,1142.77841302861,1140.79074360728,950.852231498805,1060.18329677508,1021.69792760125,1173.48382081901,1001.03510537688,1098.04988975817
"ENSMUSG00000027684",50.1034939093115,18.3507510122609,9.89529936119968,38.3351897290587,24.0978996384949,18.2307657405808,32.1742769575539,19.3942173786337,26.2501593619758,35.1524309941281,22.3569574904446
"ENSMUSG00000027690",0,1.08064173486522,0,0,0,0,0,0,0,0,0
"ENSMUSG00000027692",496.605983355153,546.525218734028,513.438546491454,548.037088820957,516.838385931857,325.416440723629,545.813565422266,546.2364631073,683.619639445943,467.076430620029,566.071136484623
"ENSMUSG00000027695",819.030107368612,568.363970761499,710.666657464427,515.249226831552,961.284354563784,480.216833123599,735.791425745756,818.069567047602,667.949390025377,929.561229718231,521.253399633836
"ENSMUSG00000027698",26.6994585023854,36.4175609594919,34.484454464369,30.6324694373641,26.4048708074525,21.8713717057105,15.3583285996697,18.8245273093201,22.6606329526037,16.0549653207216,19.4975861171616
"ENSMUSG00000027699",9.56233052512304,17.4634871243343,15.1032232166625,4.38310672742127,3.13997574407678,11.5441419975674,11.380432581081,8.84035904779993,13.0729158094699,8.52038703062972,2.28487060062898
"ENSMUSG00000027702",0.689939267648385,0,0,0,0,0,0,0,0,0,0
"ENSMUSG00000027703",0,0,0,0,0,0,0,0,0,0.936366945291052,0
"ENSMUSG00000027706",2441.53248779233,3211.51310046753,2790.27369128062,3340.60081744873,2805.80539954745,2860.90044859102,3231.81185223696,3001.20435741739,2985.64616529176,2851.53954975472,2798.92289114662
"ENSMUSG00000027708",443.189873298653,275.119613955295,318.19509567115,292.197881583439,280.732254025697,276.61738890208,323.724251632014,330.524743196705,294.663382305716,236.66538790144,332.675081643124
"ENSMUSG00000027709",921.43899575688,922.273119169059,705.794833916207,756.993957411907,865.37579815896,674.412264326644,1005.62975708898,756.670087158983,910.299116045511,514.091861275482,957.582443742503
"ENSMUSG00000027710",1720.43988045032,1282.00660895344,1179.5440894589,1220.00178701111,1014.96745180115,1071.92949813407,1388.85195085075,1558.66588733204,1149.16972633737,1065.75054286805,1319.01383678838
"ENSMUSG00000027712",861.803646640254,879.392306508044,968.44559108432,1141.52563993569,1091.68850950687,904.604443451555,848.28654019565,1104.93613884831,867.875915865902,1102.1834719554,855.158703068935
"ENSMUSG00000027713",5.91556960365839,7.46853014515753,10.5292490377222,11.0591751127938,6.52221100367215,9.02361641787431,20.9930130991238,11.6542271188992,11.1159744142533,0.950408570112574,8.17933822469653
"ENSMUSG00000027714",292.78327616963,287.840755797737,219.89821586506,202.70894978552,258.09131259844,233.583353496967,274.999783014035,226.523770334292,293.472071340873,204.453683884827,301.139728394091
"ENSMUSG00000027715",16.1245422915169,27.3769066135489,40.9008681386057,13.5120744249443,16.4807136399689,77.5084336381785,18.2634765443383,13.6467259879034,20.4444919583388,29.2695829205492,4.68994030007724
"ENSMUSG00000027716",8.22044082719624,6.52237027726632,8.87393829057923,12.0067325547534,17.880177724996,6.4379137617788,6.14811208160024,5.9242408053596,14.1391523781294,10.3263158536547,4.57391931579763
"ENSMUSG00000027718",0,0,0,0,0,1.28191223901898,0,0,0,0,0
"ENSMUSG00000027719",0,0,0,0,0,0,0,0,0,0,0
"ENSMUSG00000027720",0,0,0,0,0,2.56382447803796,0,0,0,0,0
"ENSMUSG00000027722",210.413159195384,117.401059767595,104.272554313999,162.055025826177,115.482997465803,230.438681336251,131.70644105955,137.064343968681,159.582935347728,136.182440985048,226.01338877166
"ENSMUSG00000027737",5.53189184118881,8.45195614655296,6.24810019328115,9.91870583957463,6.37236815780494,5.15380569181375,6.06287130925792,1.98909454456153,8.51500484783042,1.9048305835924,10.1062534132293
"ENSMUSG00000027739",87.4137282229145,88.7864904362501,54.5486150168371,61.3295008620395,40.6656097882319,28.1825926672261,72.4804479481568,117.61934139119,51.0043818708574,30.3269334550903,83.3107263041068
"ENSMUSG00000027742",769.561973951285,853.672392111151,748.338959829495,824.098279726449,712.790192793868,796.304199316041,802.14102426253,1037.72782838111,851.781907493304,617.927385555634,831.335964214942
"ENSMUSG00000027744",0,0,0,0,0,0,0,0,0,0,1.14045445258444
"ENSMUSG00000027746",219.49138408967,250.644090053043,179.929579809299,204.681695189634,175.78950007817,210.308884049243,247.888625029918,216.837050340871,191.37076112614,176.44051071157,202.639379032286
"ENSMUSG00000027748",0,0.964257765022713,0,0,1.38170354459697,0,0,0,2.45457843924898,0,1.49989484039597
"ENSMUSG00000027750",1542.01337267235,1109.33379234917,1421.83907974235,1066.36606164076,1446.69668267271,834.275944385271,1044.98994487224,1583.17227562324,1653.76478611736,1112.67897722173,1029.74203437042
"ENSMUSG00000027751",474.828527182318,537.884691513871,426.189004210698,417.422054963182,537.433879888838,534.118905381041,457.980276276088,469.353513207546,510.323144763203,459.302545155287,570.436381270367
"ENSMUSG00000027752",113.400977329726,129.203046109887,113.418145863126,82.3918110760242,97.6050345546128,123.440411847307,101.00605366728,77.0057122954642,101.278531706104,124.926331728072,99.5282991410403
"ENSMUSG00000027761",0,0,0,0,4.20382702281454,0,0,0,0,0,0
"ENSMUSG00000027762",6.76662165436897,4.29276232761692,0,3.30223751990165,6.3411568046743,10.2283293483777,2.08223371776065,2.93551002850642,2.7886640493525,2.87883189291157,2.29281841309908
"ENSMUSG00000027763",194.635466870091,139.098151616279,129.281000025259,119.481431728564,159.605080376947,106.96356691399,98.3873308211838,114.145993118867,171.488133379925,123.329353733827,132.813741774443
"ENSMUSG00000027765",8.9206298451799,7.5037699838121,2.65565183062163,2.19044193805794,6.34952026159268,3.82585078626814,10.310729327433,7.8856956836172,2.81109133225027,7.59937985663238,2.29703180265092
"ENSMUSG00000027770",442.515174279035,382.441005572824,437.547258399445,392.343819386007,390.331953196712,347.277963396938,456.064934426738,380.256895496039,454.566940792415,417.343139157463,446.857041367051
"ENSMUSG00000027774",523.687745093658,440.767738293355,384.656356029055,428.682471662885,450.87079132559,490.624502272418,557.706329746901,452.783976490724,457.132545002113,371.46456982323,515.001869513453
"ENSMUSG00000027775",764.505034507231,755.071463853573,868.832953382765,815.378275600992,925.012154188562,758.887801400107,865.788094681449,836.31851060917,900.587901165228,809.675341226418,808.281433728828
"ENSMUSG00000027776",0.728975665561652,2.26276151731032,0,0,0,6.95312960100699,0,0,0,0,0
"ENSMUSG00000027777",56.8830457166311,40.9481288694198,49.9184423340707,40.1540650860196,40.6570228657031,18.2371873842275,41.8031834327589,34.6460464789684,44.9739914704869,25.1859852367317,31.5165619849508
"ENSMUSG00000027778",50.5607818739702,65.1751260020855,47.0139807684373,33.9867639923533,48.3510644001598,52.4909356066194,53.879553287102,43.2012732060508,42.0087453473734,64.4818165449538,42.2981166669768
"ENSMUSG00000027782",456.246605320111,346.107640812903,467.135198256493,393.47300277392,409.290504217232,327.192603627275,380.904572020057,343.443700816994,409.686142069611,394.533564565477,400.479822958604
"ENSMUSG00000027784",43.1901722461435,23.5020888140573,23.8916307796721,19.6910235275703,31.681259542178,28.2065606434386,42.9422044258533,22.8474734871959,20.7918722877029,18.8889071837307,16.0886745656534
"ENSMUSG00000027787",270.284750087589,239.91213030467,241.006075419959,225.867119438014,263.368419021801,273.549487810888,279.746810119006,250.625024012512,293.540614852899,275.56995325671,327.997363567611
"ENSMUSG00000027788",0,0,0,0,0,0,0,0,0,0,0
"ENSMUSG00000027790",0,0,0,0,0,0,0,0,0,0,0
"ENSMUSG00000027792",16.8139413245369,10.9620273912227,29.2253652634184,20.9860119043077,15.5974464019143,7.74405618260329,14.7123886319701,1.95354240405979,12.062463999987,11.510404790185,10.1781833484159
"ENSMUSG00000027793",0,1.25533698766508,1.5300731573737,0,0,0,0,0,0,0,0
"ENSMUSG00000027794",0.682851369470649,1.07887724526958,0,0,0,0,0,0,0,0.947633610119433,0
"ENSMUSG00000027796",0,0,0,0,1.06275537481789,1.27767043130807,0,0,0.939360317777969,0,0
"ENSMUSG00000027797",14.0696902715832,8.99314915126287,5.27666065105934,4.77398068705861,3.23710508044156,1.88070144279331,8.62657210030299,9.12735940397514,4.57774367751073,55.3634241819984,5.90381782991674
"ENSMUSG00000027799",1423.57700383071,1211.674941021,1808.36694764575,1639.7842688061,1445.75332634825,1080.07712027948,1333.22783453076,1456.95274918062,1928.59630562976,1408.25528427142,1753.32314924036
"ENSMUSG00000027800",183.846163275921,185.789694298436,182.232413230844,173.405839020014,239.399373025307,216.343037070541,209.291504014214,248.253212407334,201.480190716601,184.805703964347,183.058892913095
"ENSMUSG00000027801",0,0,0,0,0,0,0,0,0,0,0
"ENSMUSG00000027803",214.809581891913,143.94300622301,221.638710701031,141.350750585294,287.279180577363,168.64876457649,186.033887395428,192.982001383147,208.986323200135,282.112981915995,155.748479868339
"ENSMUSG00000027804",292.225918700317,257.091344588087,201.74468450953,246.020254439782,249.862733230131,286.983257322234,223.808373660979,220.435322786551,276.947056882387,305.577759621375,257.085106857329
"ENSMUSG00000027805",41.7812095289671,14.1078077923471,10.9170350191511,12.5290293991985,28.6945435357872,5.71837811770471,18.591801767304,4.31215633704987,23.7550537184745,15.3413512489665,10.4240813089874
"ENSMUSG00000027806",208.80673680908,208.826333262842,249.864331595927,192.396461542158,237.00308744421,200.654321249382,229.84374481865,184.215251527377,166.933399188703,245.085663846802,185.667170693403
"ENSMUSG00000027808",1078.20724236917,1386.45223903543,1099.95477370972,1342.12985307008,1084.12841221455,1296.03150742033,1691.66523099595,1697.67965040848,1120.53248930326,1289.85992666241,1443.61311936084
"ENSMUSG00000027809",922.864650738067,936.50731538586,955.444699728853,908.986740372058,1140.57083475571,795.858115781686,955.94769222977,1008.52607887769,1021.942090372,1022.70355741436,832.989684265275
"ENSMUSG00000027810",865.82881103755,790.805237527415,777.895913770447,911.35674092069,832.468326489015,728.726496551269,838.122881337638,902.320435853017,898.728439616033,820.625791168344,828.401485807135
"ENSMUSG00000027811",1.33986186895161,2.15517679783138,0.884615106893712,1.10591997860318,1.10975059386683,2.56654611380199,2.0745093014904,0.964346775012287,0.922795715301724,2.75974289407035,3.51272568440917
"ENSMUSG00000027820",130.342542905074,98.3134039390512,138.718687447558,139.795547527683,158.761899764854,76.0876727537667,125.199357810651,111.266161437523,145.536026624736,114.288099299193,149.118943249082
"ENSMUSG00000027822",353.526369865696,354.156366397176,298.106186068407,336.988974866123,316.355300929798,370.205365910558,470.841789665101,469.542442753484,426.025799963413,345.750169036767,342.115814877169
"ENSMUSG00000027823",632.011845547718,661.624295212951,573.514033240151,665.580338942081,504.893489779472,568.85566140243,565.51025057584,547.396794188401,710.545266284739,501.424696776881,762.942704919437
"ENSMUSG00000027824",0,3.29398372498042,2.66239888250904,1.09870336588296,1.03674801680317,0,2.08385518361874,1.95584791686089,1.8585965528982,1.90147157829183,3.39460125741492
"ENSMUSG00000027827",1.38877564834787,0,0,0,2.12642254224288,2.43933195860809,0,0,0.950520321896684,0.949573365077811,1.15628991315809
"ENSMUSG00000027828",739.709203946686,776.066175518766,835.203118659051,898.338349792237,905.628611637906,787.334319158027,1078.35993782637,891.790976617941,1074.11911576635,880.832448792638,987.122192415849
"ENSMUSG00000027829",715.539877571725,887.255780975742,957.321738544076,952.357908960979,994.726267140342,739.405771501635,943.910578121149,761.972888129885,703.947656133611,945.731693502805,626.809069032941
"ENSMUSG00000027831",0,0,0,0,0,0,0,0,0,0,0
"ENSMUSG00000027832",8.18123407161636,1.08050075308616,0,6.54132974226312,10.5914610717065,0,6.14041842163063,3.95199040638161,2.8355087596917,4.71026512847415,2.29239739705021
"ENSMUSG00000027833",2.15834088730263,7.79507277580786,5.55129197658997,3.94628190194518,9.49077871469308,5.21503496572807,6.24989145967802,6.65134876213959,6.96364226671622,5.53582472667972,0
"ENSMUSG00000027834",9.42110862351425,10.9134943877833,4.42594757812467,7.72146086116071,11.5322036078856,5.14505629096205,10.4520000053424,4.87420198129261,2.77725798571719,4.7893484637303,1.14456489891245
"ENSMUSG00000027835",490.824145274722,330.34082547823,424.09363390124,359.295121350434,458.07114733349,267.612966374917,303.762379095107,316.313036942714,337.869584009664,367.15782092108,426.455778857748
"ENSMUSG00000027840",0,0,0,0,0,0,0,0,1.8935257682731,0,0
"ENSMUSG00000027843",580.764912026684,620.888545701224,768.594691181239,629.983587624994,384.472258183155,264.797050418684,674.938975814595,193.281014998382,646.983608575663,268.37731662523,732.860911935169
"ENSMUSG00000027845",220.928325257547,183.779275838226,286.879700273662,157.542191341728,216.308009966617,183.922679022732,202.008574615694,200.872515015562,259.941455429065,197.256398897325,299.705010758388
"ENSMUSG00000027848",79.2542690648737,411.937988131217,71.0554237354138,59.3602809836991,66.1048814430972,200.530594357721,144.537605228794,163.3670620775,56.2424569297411,47.2107956853949,43.5895156285347
"ENSMUSG00000027849",0,0,0,0,0,0,0,0,0,0,0
"ENSMUSG00000027852",176.926936655816,181.287590608788,168.427838888995,131.996626626031,268.917851343315,210.278192057651,169.571897709666,238.99481899622,189.222760383249,210.563459177198,176.918432798698
"ENSMUSG00000027854",72.596707880159,63.8830627633649,62.7901183122607,51.6456204581171,71.7335579870391,57.8955681925101,63.5177958096035,75.4826177305066,63.9971231318791,66.1702513861462,42.303717857891
"ENSMUSG00000027855",0,0,0,0,2.10191351140727,0,0,0,0,0,0
"ENSMUSG00000027857",0.651604782518802,2.12031418952055,0.878676513556544,2.20625977087082,1.08132920559218,2.57511093296255,1.05408512781772,9.66300065104007,0,0.95565819270129,1.16395035781214
"ENSMUSG00000027858",33.7535524631194,28.7076845090024,44.3627529185605,42.0479974709926,55.0853626941021,35.1912229997268,56.8435480681187,43.2605449509778,41.2990318647596,28.0604717363787,50.7847172578262
"ENSMUSG00000027859",4.59773759383231,4.16194297618629,4.92025734512189,3.20285456968901,12.3360000753298,1.25967508399633,1.95299463443397,2.87681310047099,2.74497317170402,2.70272473273431,3.34414171282258
"ENSMUSG00000027860",27.7998170410109,27.1428412152875,15.9527743376329,10.83583289564,54.8173311614592,19.7529025268016,17.8231342308438,30.3424189296243,28.9634410788739,37.2047039457353,27.8422505109575
"ENSMUSG00000027861",67.9446325910995,48.1770524157449,64.773892333866,51.2704715092565,65.6329870539763,22.8654074408229,53.2967828131459,48.4669348070996,47.0090834909108,25.5030094842312,21.8437264396216
"ENSMUSG00000027863",42.7422253106704,188.132850011079,15.9409211402753,5.46199234428395,9.53389201810154,112.290899294225,6.14855166988246,7.90790643559036,18.8163351149439,44.4976204802788,4.60038206434133
"ENSMUSG00000027864",472.183802379878,287.386900348119,360.142100887085,333.214366352531,396.89768302319,288.052594772042,310.917512653276,324.045994206361,305.323217195863,300.638997892579,349.375426977733
"ENSMUSG00000027865",213.050739703306,214.344689902059,223.188033436311,204.975672429877,190.099307207469,213.396686141143,236.021360778452,207.888018727789,279.148013958703,177.419455401689,252.102745560723
"ENSMUSG00000027867",6.84263895689257,4.3616067963955,1.77619518654056,2.19168259462268,1.04768265441974,1.28171148793067,5.1854519681838,0,2.80414846138292,0,1.13826103982239
"ENSMUSG00000027868",45.2375360633419,15.0566609358877,17.7124453351296,15.3059240913494,26.4233257026883,21.7940120505125,15.4072949399014,3.95510974644003,7.5370657312394,21.6999296214871,10.308479142201
"ENSMUSG00000027869",0,0,0,0,0,0,0,0,0,0,0
"ENSMUSG00000027870",0,0,0,0,0,0,0,0,0,0,0
"ENSMUSG00000027871",0,0,0,0,0,0,0,0,0,0,0
"ENSMUSG00000027875",28.9462732981054,39.7720762764628,15.0604506341651,13.0913059698365,15.84254246355,41.1057689649794,22.4938236849556,8.91336347025207,20.7865710632836,24.4428081206194,54.9371974535095
"ENSMUSG00000027876",0,0,0,0,0,0,0,0,0,0,0
"ENSMUSG00000027878",195.694012964058,180.778771148376,113.609064262279,120.750957263747,161.646089911908,172.504116486501,91.9163507659213,123.614938085276,125.89896005495,165.254131189357,151.575760663724
"ENSMUSG00000027879",442.322776637579,585.149086152421,402.110665074808,415.39217228349,355.817130016788,402.516641264608,397.437558310714,390.72184440954,376.762862014755,298.563449445208,368.745731653708
"ENSMUSG00000027880",0,0,0,0,0,0,0,0,0,0,0
"ENSMUSG00000027881",1787.69453415096,1609.70885673661,1468.58271577755,1579.15696973046,1615.02433539466,1993.31664715265,2237.8502053141,2093.98249582778,1880.75179996953,1809.59291788869,2191.07131312362
"ENSMUSG00000027882",595.183861096005,745.891276926233,689.846246731526,726.194602043393,708.280533035314,592.014627436461,696.107435524404,818.75537937083,666.492350396266,714.590505752659,704.800260694274
"ENSMUSG00000027883",160.981972023435,161.425541159541,332.755081309802,117.84826899037,221.515661734427,131.67265069934,155.623965226595,154.858530988803,200.65708472662,141.205657441827,125.197077602365
"ENSMUSG00000027884",988.350834611124,1281.57564454756,1283.40502367594,1330.57226134503,1259.10407030171,1241.11020458636,1281.238032567,1296.13162754379,1430.00581477235,1331.66415800258,1239.1940159894
"ENSMUSG00000027886",0,0,0,0,0,0,0,0,0,0,0
"ENSMUSG00000027887",57.5067904390024,0,1.76028319837691,10.9585116231487,4.24475430152332,0,1.02902719980592,0.980730805023392,0,5.70437819519951,1.14759361610261
"ENSMUSG00000027889",400.842133187742,395.277501146174,485.544864942332,459.497001303523,333.492266106337,435.507813003347,376.152299309223,407.945333748809,364.707670511997,328.418760569611,501.978697920391
"ENSMUSG00000027890",62.5888742073389,64.354469809643,77.5404735928633,49.7525924581244,47.2699922497049,86.0590123328093,85.3008608293261,74.3406026853113,55.1179335750207,51.1719217771372,67.1642588259068
"ENSMUSG00000027893",1559.1348585222,1435.08249918566,1805.70536304733,1696.12952710834,1584.05097102292,1331.93765179703,1670.2752077985,1597.26679784368,1794.36740081962,1692.81804725051,1817.11480558879
"ENSMUSG00000027894",0.381799288781462,0,0,0,1.17562339534815,14.3142975311797,0,0,0.983433154497239,0,0.63535279273876
"ENSMUSG00000027895",23.0046103680493,1.10139586430228,2.70737979941221,4.43137195190687,3.23425918869903,0,13.5847390238712,2.01125827537138,2.88729639059791,0.956594337054581,3.24313341366249
"ENSMUSG00000027896",56.3270107109396,71.3860230540838,97.5370038571964,61.7740931309454,75.9043051671194,50.2332027629433,56.1670953111395,46.7802594465787,72.2024635752851,56.5754439545059,56.5336480985062
"ENSMUSG00000027900",480.128444919048,474.367762495267,515.465195578225,532.631470207193,510.945138519018,561.379884993358,505.382067880069,604.801155856094,496.210790293088,489.795790514071,560.602653400607
"ENSMUSG00000027901",333.655597768182,366.056889302313,271.293095052168,311.194427385057,269.928179241082,342.582373953097,278.175358222471,288.42322092034,321.184828916349,297.882239962363,295.359282806959
"ENSMUSG00000027902",4.0286950970674,3.27089359454144,5.30428251235773,11.0542718285665,2.09115417813174,9.021140630324,5.25585914335,6.82993237468751,6.48812589149104,12.4950582596009,4.54117704779885
"ENSMUSG00000027905",445.490458068021,441.960041901742,473.631059938759,618.02953784853,405.06896361522,458.20012190966,521.310752076732,525.431141361572,563.999638667744,582.056015555942,545.748317271936
"ENSMUSG00000027907",178.373456174159,140.231212239814,147.261248278685,113.89217177097,220.666437256663,90.8523661583119,130.89774611188,133.553561965473,129.245005574489,101.559460808118,122.407691514763
"ENSMUSG00000027908",0,0,0,0,0,0,0,0,1.8935257682731,0,0
"ENSMUSG00000027912",0,1.06474210128694,0,0,19.2243598640198,0,3.12623471901606,0,2.78873677445572,0,0
"ENSMUSG00000027913",0,0,0,0,6.30574053422181,0,0,0,0,0,0
"ENSMUSG00000027919",0,0,0,0,2.10191351140727,0,0,0,0,0,0
"ENSMUSG00000027923",0,0,0,0,10.8940657614375,0,0,0,0.913347570064122,0,0
"ENSMUSG00000027925",0,0,0,0,0,0,0,0,0,0,0
"ENSMUSG00000027927",0,0,0,0,0,0,0,0,0,0,0
"ENSMUSG00000027931",260.31590116298,253.012084433457,866.294708423472,219.654953365643,344.315636233257,302.643786600699,280.002688065849,310.607323650748,333.439666347608,353.037389462017,350.054850414913
"ENSMUSG00000027932",2333.102154817,2496.01252440479,1939.91721133344,2720.60366635596,1014.2856920051,2563.45729038769,1413.86226660628,1816.64197737934,2712.81339524685,1835.93347127394,2412.02033701555
"ENSMUSG00000027933",696.721291428782,778.11132011885,710.574708662725,831.320556829196,647.836830697425,1019.56158716071,662.904271080128,799.210298912154,687.159330520448,658.141295223332,809.283781246429
"ENSMUSG00000027935",63.9151801683893,64.8032505036316,59.929218832442,49.4462164239497,55.9723708401635,41.1709641786071,60.2371975600627,38.4894931232307,59.4175277620836,42.5362769017334,61.7646073060489
"ENSMUSG00000027936",679.741716447663,702.591405955778,638.089369399857,692.704609050683,711.811625132633,683.336463237177,646.536634688992,683.706941351841,710.531684332581,734.948175015945,758.554753781448
"ENSMUSG00000027937",401.992755578681,580.590464426227,465.348672530086,605.366713932789,474.654056422447,601.224171567647,615.176507909505,615.666848436638,484.635846937684,605.093223674412,539.094358105064
"ENSMUSG00000027938",46.2215784807399,31.0413734465791,49.4383953577199,20.8364278202864,32.7126627532067,12.912292873479,33.8193609352616,14.8759791667592,30.2378559945,29.3206959481711,20.6457556810216
"ENSMUSG00000027939",18.0062274684129,22.6403757869945,13.3224477782192,16.3491582018742,16.8647725738283,12.7640536736166,23.5699346619479,22.7923584364357,11.3196426145772,17.8395581752665,19.4363733495764
"ENSMUSG00000027940",1374.96796969584,1711.08322668978,1067.76875140102,1474.34327962226,1556.50468787889,1518.13464058044,1245.84873622808,1528.88019425285,1102.17774006614,1248.37545732293,1387.42823513359
"ENSMUSG00000027942",24.33123257252,23.1987944427599,27.048413131242,20.5535512925271,44.0138295696998,21.8804122618782,12.0140083925523,32.3329123123432,22.2338116074187,8.0800204791439,18.1596983395818
"ENSMUSG00000027944",582.70966909242,597.131249227475,413.334029462699,582.774842870767,471.305649056531,391.161209360194,563.691582345657,581.959567015476,390.458674548965,448.622703000771,515.387455247483
"ENSMUSG00000027947",333.248169595853,438.06630629973,517.472819596256,778.661186012132,531.138318794036,384.942681109536,435.817312276401,762.672315546218,501.69298623296,692.460026606357,467.033176396053
"ENSMUSG00000027950",17.3389381421621,35.317117498437,30.8320945281667,39.6713889026153,25.6780013694034,23.3603020159498,25.2760995082603,24.2884456393651,25.7514413550665,30.4009343416144,20.2138202697672
"ENSMUSG00000027951",915.854893109438,831.435101849663,702.450949114756,925.392749605501,694.736916219318,923.76483525254,713.780112733107,646.440933797604,831.11116121082,828.294964004453,883.0380243026
"ENSMUSG00000027952",611.259777003404,738.942937671415,585.514061120116,642.350295532066,916.129945369289,859.421995728885,809.246103748361,469.995342319701,429.130757321648,648.136911573838,784.597486850371
"ENSMUSG00000027953",495.97668850618,893.678981031477,487.687197250374,1195.52933514818,567.865356674178,979.961633836558,778.841828234148,1334.45466535722,843.425532090522,694.721573407747,1088.55783499496
"ENSMUSG00000027954",63.2494361561232,112.679462134508,129.561622175341,148.100688721441,260.452636449566,64.4593250571211,151.137388071483,141.852264183046,85.9411681499562,152.508246447049,99.8255799305609
"ENSMUSG00000027955",84.3701987182812,81.2259343973774,85.8714516024884,65.5867010797949,78.0598971063965,64.4638718207814,52.5492914403175,121.91707069045,84.5310053600231,71.697646409018,71.7851377274625
"ENSMUSG00000027956",480.372842652168,699.419200644796,527.240782546851,855.625854155569,586.095774242611,704.264836664153,523.190372464656,869.925746758892,1110.72190812209,814.117035479863,484.398511563685
"ENSMUSG00000027957",172.251116722209,159.169484260442,145.131538810905,154.007861524158,143.485643177792,104.640561715321,165.874610614507,176.023692557668,161.338513146816,145.174659515931,165.967500756662
"ENSMUSG00000027959",86.1980884448751,63.1652375088267,100.923924850548,51.2491458201347,86.5173163031327,82.8788802651591,65.9182231670143,84.1340196180895,84.289623027767,80.0591207494063,92.1274922522367
"ENSMUSG00000027961",26.2138561108913,6.47949615359407,8.82011104158868,4.41921424654299,20.0521932628117,6.41936092456729,12.5821810457361,12.6833753429444,4.63501098976739,8.66130674050158,5.71658512200999
"ENSMUSG00000027962",305.646867936468,222.323703276576,266.656651307626,237.838659081118,374.035044669441,230.723745332846,160.314470769204,166.787910529414,347.432979356242,275.289578180639,251.918050182733
"ENSMUSG00000027963",49.5097335707035,66.1565277329188,67.2722362357698,54.6712544226107,59.2649789289134,56.2006097114326,61.4335532848463,48.5507817279605,73.4864238240343,45.4438008622709,55.2575866239642
"ENSMUSG00000027965",0,0,0,0,0,0,0,0,0,0,0
"ENSMUSG00000027966",44.2313339637039,62.8906942509665,38.0225333782926,36.4523700704402,30.4147261931079,10.7106424984139,41.0923846226918,18.2722490739127,29.7218250326786,19.1713153708322,13.7405844928999
"ENSMUSG00000027967",0,0,0,0,0,0,0,0,0,0,0
"ENSMUSG00000027968",298.682416696724,287.177674334863,379.369601656235,290.749376655023,304.687985363027,377.748527215873,377.842278239717,281.863508703266,286.409586035538,258.031454392322,293.689372014842
"ENSMUSG00000027971",0,0,0,0,0,0,0,0,0,0,0
"ENSMUSG00000027973",0,0,0,0,0,0,0,0,0,0,0
"ENSMUSG00000027977",0,1.02923244175687,1.21557499711819,0,0,1.21729920405463,1.34792081812717,0.928960911742925,1.28431812603043,0.906297702312228,0
"ENSMUSG00000027978",47.0895714805399,40.911322517336,33.7232518217497,16.3015310279589,27.4664194034334,17.9104199947005,13.2484675075409,12.9123231777763,22.7386307296303,34.6664235312404,40.0829030696235
"ENSMUSG00000027981",128.408455523358,142.564723193178,100.910728993581,105.749373721346,131.883020752811,140.227295211132,155.8202845018,132.476079908626,135.41614178859,111.874204297049,172.581201465315
"ENSMUSG00000027983",2.75872063929381,2.16744002001665,2.67294454665529,3.06364199977719,4.25195521870223,5.18553871254882,2.06199211189799,0.996781890392655,3.8059254788146,2.84413003716557,3.45320824409838
"ENSMUSG00000027984",1021.69003672017,1094.29021118573,1057.00662609459,1020.88454355758,1069.50623323985,888.092252051015,1124.96674976269,1103.33937954398,1084.27508452206,1015.33789548156,965.613625872699
"ENSMUSG00000027985",4.90197746481779,82.2758158455332,0,0.926802112306212,0,23.8303181652576,2.24653852839753,1.07665239035077,2.05587346837234,6.40932184498408,0
"ENSMUSG00000027993",371.829378069379,317.441530915317,1026.69596742605,723.488376038208,644.757150087994,288.816161087242,1184.36379927475,551.167072340473,858.516421903106,613.481832101907,895.709107459495
"ENSMUSG00000027994",10.507698670473,12.4590228209999,24.5659878522558,13.7917629119099,21.2110149275881,21.7841688300484,3.9918797804485,16.1772674584375,13.7276992921206,9.18363260627343,14.2181526659078
"ENSMUSG00000027995",3145.24368532032,1596.2598325111,1989.93376377821,1910.69389842305,2373.00954264901,1623.26631162598,2117.33809531726,1865.58783925783,1583.35938081818,1724.49262124157,1900.6358246298
"ENSMUSG00000027996",791.132677891884,921.190223727385,1179.21427685581,1849.3983803813,1087.85378318653,785.223737833523,1038.36888623221,1312.75450782037,1370.17044617035,1801.36061978784,1441.38616662014
"ENSMUSG00000027997",733.098953159655,761.816621435921,996.857535039958,832.558368950935,998.815289291478,810.848656225327,943.141728621874,989.678232918975,849.556147974749,1126.59740488189,615.862121265349
"ENSMUSG00000027998",414.158240833215,377.776002731474,358.835062424378,328.969864049619,341.561744177933,373.068932346704,333.668392108141,367.001564690236,399.059852394702,371.97375055129,426.741669481778
"ENSMUSG00000027999",342.407136373986,463.860075647924,483.449464254373,569.620069309195,434.598092063047,492.490021619627,583.411720156707,507.189239798986,461.493467890043,538.88016638898,430.482263627348
"ENSMUSG00000028001",0,0,0,0,0,0,0,0,0,0,0
"ENSMUSG00000028003",55.8307423051566,24.4217335314164,48.3920032896366,51.772256354584,61.5120842728481,12.8891386734809,30.9124445608882,17.7777439382514,36.6235306417932,43.081153347799,31.1865018004552
"ENSMUSG00000028004",0,0,0,0,0,0,0,0,0,0,0
"ENSMUSG00000028005",42.105144601522,33.3614005704334,52.3430129518331,25.1189858529354,65.4899083998883,29.3166308208861,41.1315940695201,50.371023887787,50.7311380708283,40.5862469282628,52.7111632034204
"ENSMUSG00000028007",162.714263689586,159.7659711117,133.781109366523,138.376466725404,142.892833627613,139.032211230967,174.449673591112,145.066663376713,148.333222289116,103.784479966421,158.077268880429
"ENSMUSG00000028008",0,0,0.888711478704946,0,0,0,0,0,0,0,0
"ENSMUSG00000028010",141.619536663579,146.666568904379,126.970914345809,166.17080136922,180.223465893018,136.202048777685,167.888375209902,124.59531020462,126.066688648463,173.635146732572,158.772654926857
"ENSMUSG00000028011",4.82563262684866,0,1.79413765015032,0,0,0,2.99246565022898,0,1.89032735256858,0,15.1230661182857
"ENSMUSG00000028012",0.942624160123459,1.27133494302421,3.16850510567814,0,1.27143225220834,2.4026669962406,0,4.04312926810713,1.28057501082495,0.644107984350801,5.00232132975219
"ENSMUSG00000028013",268.422627860499,304.992900010399,334.04224794526,296.302651407737,379.12570946978,286.516712058585,309.180262720453,358.939070923928,280.011407836805,279.927832291453,271.531124813441
"ENSMUSG00000028015",124.753683549266,132.31709438079,141.703975849058,119.132463276589,136.483333054409,99.4019146228512,132.137791503804,98.0552681903821,140.252842605661,98.5583692235082,133.528674745798
"ENSMUSG00000028016",289.15003116044,222.521897650641,294.108893494369,249.596429129885,317.046541333748,248.660840280056,273.551990371798,280.762507834012,261.295764268108,271.446506023463,216.688296251538
"ENSMUSG00000028017",2718.10548305012,4819.86096974144,3847.19840697282,5600.4474358811,2921.94831005323,4548.98047957789,4507.38841044107,6465.74127409814,4955.31956841906,4344.96194208212,4977.6873120578
"ENSMUSG00000028018",84.3677016795085,114.442901694023,103.707435297818,89.7503850673983,90.6683907726014,76.758354471287,98.0392672906786,107.510670253506,88.2206226636101,90.7486358437343,63.994537040301
"ENSMUSG00000028019",492.346169516461,569.363350624279,592.677425539959,584.904882872594,573.700778532416,277.940876687951,735.155552106556,335.553477570016,517.333248636076,872.365923062725,569.065317209999
"ENSMUSG00000028020",26.8580048931228,42.9989797937506,59.4985794376108,68.5352792919768,60.9626012518466,36.8518960373637,52.2373748761141,59.1331548637795,53.4659304644402,13.1280364219145,34.8902174658594
"ENSMUSG00000028023",1.78981147558531,1.23383667413583,0.767005090183362,1.25309226300802,2.76725443051923,0,0,0,0,1.08865415643675,0
"ENSMUSG00000028024",111.405456317029,75.098259534583,88.9352666390906,59.9942720350276,171.217355494099,105.307367771776,93.9413744912992,77.2453206270066,64.3349349273159,71.1820735772198,42.4716258908391
"ENSMUSG00000028028",65.6312829553927,49.654104917967,49.7112745342551,39.2536561244955,63.1769996927369,46.1247564880915,36.86503487805,40.6386020341694,68.9417969384205,43.1510882480749,74.2308125464386
"ENSMUSG00000028029",859.139892712343,876.619295227341,896.94099076473,943.969563889107,875.042043968042,870.293727660905,908.931909231538,878.315259386654,876.887839731291,803.173917667501,827.199514790459
"ENSMUSG00000028030",70.0913068475172,82.5934808584835,82.4074669357149,103.272357018496,69.185324965087,65.4934544273065,95.6976313262333,106.096647251548,103.696895083338,92.2019677040123,89.8313369188652
"ENSMUSG00000028031",0.675916325451577,3.20165959395105,1.76478480422461,0,0,1.29419225172672,0,0.990085715408676,0,0.956171624599888,2.30901536644334
"ENSMUSG00000028032",2163.48861810679,2379.35903603502,2231.79522096271,2209.58339048085,1951.7651634414,2072.24239907401,2384.23114629259,2443.7426050364,1982.55739533387,1852.55173157282,2142.6919640123
"ENSMUSG00000028033",11.4083717968074,18.059420469181,12.0874815210125,20.0361344796363,11.3268968330798,6.30620410355926,1.16317901481876,14.637384523992,13.0230315428585,6.24687222076981,24.7820109667394
"ENSMUSG00000028034",557.223771607641,445.182476020526,324.94865507434,317.217163855427,522.389612822864,542.293186507715,473.607741676419,555.067611229854,483.491704452397,315.618007206706,414.790485221286
"ENSMUSG00000028035",226.468349467442,234.619069076425,196.355607615634,184.652643968029,192.51023599612,253.766821138298,228.554968415715,208.355865908982,225.488773244064,186.677381396526,241.202377300018
"ENSMUSG00000028036",7.5212035457961,0,0.884548863851819,1.0977319215883,1.06145357778344,0,7.24865043651831,0.982887161358938,4.67103955074191,0,2.30103798257587
"ENSMUSG00000028037",196.393425692055,132.906570019512,138.456732408749,141.701756836132,134.216315785262,140.991759130065,134.812924986487,89.0567589198855,135.720687280279,119.044201811981,118.180278545663
"ENSMUSG00000028039",8.64000006160694,4.19929516848732,12.1121906936589,6.22641300037081,4.20402473147374,15.0880224282069,7.09444223447131,12.4228583064989,10.9766936456595,9.36039532351148,18.2096936892302
"ENSMUSG00000028040",71.5253473197673,96.3123744254181,87.1158130808727,72.4692794808574,93.1461264127505,56.778851087532,85.0385917173658,64.2049694721364,94.9399348588407,105.450292812653,101.416104756338
"ENSMUSG00000028041",837.674625487722,738.938752458321,961.300601023961,874.338940748664,887.930141062132,857.672081401884,758.692969486533,666.734791553758,783.127817125212,779.154254622435,908.652743286681
"ENSMUSG00000028042",1772.39110478591,1570.65208282452,1568.43312869949,1726.70573760203,1548.49998475715,1410.73046367586,1845.66345647852,1817.47718903296,1594.05365769699,1691.68973805371,2326.00786132476
"ENSMUSG00000028044",66.0469377265598,70.8485502661759,75.9505019871966,72.9742524099218,49.7632288342868,84.8503916174578,77.794538567745,48.7497009351264,53.5660586371418,53.7104951420028,59.0909911253169
"ENSMUSG00000028047",65.4773522442269,87.6467583047466,74.4291922424508,93.689898642812,117.186974900107,74.9017233372379,67.5120890887855,111.626443673208,70.9152847859966,77.6893505200109,79.7467394535127
"ENSMUSG00000028048",1027.95195949723,1390.93243723909,1196.90532862248,1539.4797292048,1253.44269403617,1504.34290174624,1204.96188201332,1485.3408994912,1333.80724273696,1244.94901800005,1162.4515695662
"ENSMUSG00000028049",505.2865463002,500.918074477278,452.832989599477,520.086993260371,449.600053690093,592.214633367075,533.339325765596,577.155213395131,483.753500728159,478.888875006828,529.779832463869
"ENSMUSG00000028051",5.52562945235733,7.58783405981051,3.55080034682781,2.17239491539143,2.12185658775635,8.9880602032721,2.04813845863025,2.95457142684395,1.88787572442313,1.87311966893283,0
"ENSMUSG00000028053",1199.44616695183,950.718102615016,1185.08727018976,1391.53356309256,987.636125688369,685.609164720245,1066.03468896859,1045.32770566426,1207.24936895068,1033.14753556941,1275.67093448433
"ENSMUSG00000028057",556.514147546294,692.621372343877,677.176517661668,701.404376364759,734.372516586836,620.654777007938,826.474487200968,625.61499136621,708.847126390352,648.877180967692,641.588708986156
"ENSMUSG00000028059",216.394290067438,291.861943497061,145.936013979143,199.687360965444,196.94593060668,253.559656524706,144.922683015821,179.483797865445,148.367725122085,218.300082987711,198.050240593271
"ENSMUSG00000028060",889.87105464016,795.063973121734,790.321381751384,788.911497402985,921.570757347354,1026.02528965306,879.274570779661,992.671932841702,1035.48925781131,870.597831122686,1123.09824859788
"ENSMUSG00000028062",567.402199327026,930.212553679606,767.566115231503,868.806204970633,724.970695973237,621.770249507653,752.323066314641,894.526824431841,733.735209439959,730.103737181319,644.647780841487
"ENSMUSG00000028063",2465.71839766315,2410.73433280825,2635.62843300856,2981.36589589695,2752.45067764418,2451.69228741942,2221.4288407515,2467.4347838393,2605.66498245351,2493.90403361913,3565.35042709118
"ENSMUSG00000028064",419.471545083973,434.079255987731,992.547355904804,1382.5146469688,1303.86053397138,669.224115754354,964.471241070906,591.798875258336,858.255057391998,885.148741263535,748.205368090593
"ENSMUSG00000028066",97.5490537396506,95.7151479617608,111.334664331893,94.8682880074722,79.012494963353,89.1038403332029,124.443627387134,82.5105658152966,89.9149818541389,107.5165637196,84.4499366234331
"ENSMUSG00000028068",14.4469064546917,13.9425909968588,18.5664597013169,19.0204944020391,11.9953557137461,17.7597003131595,16.5268324160457,10.4736422006606,10.0252000835591,7.78461286678576,11.3424391726443
"ENSMUSG00000028069",229.724330999776,249.660105942068,181.019131578134,213.79894827051,216.123902528371,320.610152832493,252.959084415146,162.80391766861,235.590318798391,145.402705883949,312.808706023071
"ENSMUSG00000028070",895.41911844119,1194.3158542352,1073.62919340308,1221.24977202699,999.679993144496,1043.69637673522,1105.28231762332,1188.99786412114,1064.08253645227,1052.81700733943,877.456049696964
"ENSMUSG00000028071",16.5319137397491,61.396179743569,6.23592718194879,5.47601390432164,6.43732083702088,28.2622587686929,9.28103648421053,1.96762957869409,9.38179287598613,21.6482604876732,6.712571365934
"ENSMUSG00000028072",6.22283682287303,18.4275029161487,0,0,0,19.3064479141089,0,0.984137131884148,0,3.74286285779794,0
"ENSMUSG00000028073",217.973301688878,88.7965016380068,146.391297857919,46.9165501639232,65.1721548486908,210.376184361288,246.382572987225,233.569578110363,64.6831137594851,224.470149188906,193.918643155991
"ENSMUSG00000028076",2190.75750997509,1666.33306988527,1402.5974782417,2018.68605676839,1521.50231380176,1303.44859187213,1333.32687559906,1159.79499045535,1776.63780248197,2049.99794065684,1460.36713440171
"ENSMUSG00000028078",100.231878639209,103.101352063456,109.427564524118,93.918425455948,28.1641578262299,82.8178578616468,74.8946282134373,102.167874654006,111.98743316841,182.187332613416,55.6978928699783
"ENSMUSG00000028080",923.990975162261,942.910654734395,1110.13061712104,989.942684866231,1093.9963219118,856.525274587957,1100.13564086903,1076.09747789602,1043.8253515103,1000.62518182107,1053.08758058158
"ENSMUSG00000028081",13325.9799601003,17861.6106676072,14832.4647651951,18008.1686841734,14642.6906165945,15374.706479059,17538.3067023414,14548.2392295604,15436.1872784669,14653.2669407884,14882.1638370875
"ENSMUSG00000028082",1014.20953223985,1286.57387533763,975.916870633304,1578.08090465355,1396.88689608223,1143.65521789989,1150.0514483276,2124.1077471671,1212.82725325917,1236.5635229245,1069.05010075667
"ENSMUSG00000028085",126.523972371485,143.582064395185,157.757666350344,133.956887162225,125.362393201248,123.935680045014,149.895517739247,134.050932250211,134.175512855701,115.429910650235,100.674907661287
"ENSMUSG00000028086",354.926015472173,396.44581543884,360.547635812847,398.5529459685,386.093311327256,354.289328650407,383.578144504867,388.369049279117,363.868944144722,410.226173925438,388.109068569379
"ENSMUSG00000028088",46.6855173574942,45.1888001672109,65.5446328376309,71.1351135797247,43.3312554254435,31.9253703784853,55.7040986010415,38.4397271989148,61.8846563935389,43.5792596219418,58.4326804462119
"ENSMUSG00000028089",306.909053051161,383.673257870972,331.28616202822,328.775728043879,330.680383848922,384.827161492242,343.161494447203,377.904237357251,320.338379968253,305.931883313741,345.474773120427
"ENSMUSG00000028093",290.11480372628,451.8878689413,384.508458799948,374.472749093535,339.056725275171,445.549124617745,369.742647107385,500.556803274406,427.902037509415,510.139825067293,355.605905779498
"ENSMUSG00000028096",298.950803435064,281.769280699916,301.579467429819,292.794690970416,262.780587798181,334.599242713576,259.267769102864,289.671445764516,301.41317970009,255.203667431016,268.867100252743
"ENSMUSG00000028098",689.667262164821,670.767755871012,795.647783386311,825.996328402122,608.15570431088,688.37924221825,682.270573139398,706.018095145486,858.351075321981,726.366025683197,772.019773005107
"ENSMUSG00000028099",377.00257051056,400.235556514641,451.059021622298,439.085035154755,468.721820662605,527.578138191269,398.661967285886,388.899341970187,419.758066337787,430.412464050153,560.948639145521
"ENSMUSG00000028100",7.63497986583151,16.2327652814741,2.31156971531226,4.19617227043088,2.02584800658833,10.9838356638521,1.96757933277123,3.7643425683775,0.898942730943519,4.53721656995705,0
"ENSMUSG00000028101",182.661538959894,197.886614971973,193.767520169714,174.933653105586,213.147882196247,257.349656479852,213.585971705655,259.054883457644,225.046809018469,255.588962679383,218.853984070499
"ENSMUSG00000028102",198.702535862298,336.30815085101,319.667191789959,276.743481114862,210.222830204356,593.571353550562,209.222972318547,224.849811243693,330.057396251433,220.418448986121,214.320500068326
"ENSMUSG00000028104",110.232023841461,125.809961989717,117.348797061216,120.736368832405,116.211628816288,97.5591304145227,136.383830177686,138.532297471792,130.683881519618,137.000846816081,109.614702279443
"ENSMUSG00000028106",475.20847606575,475.772601969366,596.210558978231,584.152610636964,627.647331740739,537.969181356718,441.842957666545,660.678398826163,553.918543861358,545.102708742215,612.173103640203
"ENSMUSG00000028107",381.088673329959,490.709742557622,363.451864150697,409.476161547608,401.192852584248,564.344643625441,486.285649592277,437.997890072378,372.121984720639,322.561195947415,334.830344827185
"ENSMUSG00000028108",159.115536913514,204.303148364377,143.337966637752,155.148191008899,255.581775799454,146.745615390546,108.78807986962,189.814003735948,136.818752956478,156.064493425374,209.842830357717
"ENSMUSG00000028109",0,0,0,0,0,1.28191223901898,0,0,0,0,0
"ENSMUSG00000028111",137.804205676856,97.0400453607338,161.179411891723,73.2170343986285,150.210263092811,90.5878897213413,83.8695113414468,79.3486265006714,132.944710720126,73.80714145118,93.2500249909733
"ENSMUSG00000028114",108.883231716029,98.8262733283458,85.1481926819537,81.9337854819955,109.246034954316,83.1682969678132,98.56653025095,88.2597559992722,97.3985295481695,106.040486274515,141.834892390504
"ENSMUSG00000028115",43.7400293934868,7.27120970469482,38.1424386523322,26.3636118785383,40.4911056877531,23.5749005736072,23.5191998597867,11.4139104745495,21.8216472432849,24.6914942334244,34.6691603102321
"ENSMUSG00000028116",8.89758345183898,0,4.42025560366952,1.09598412658738,27.5282086573365,0,0,0,0,0,0
"ENSMUSG00000028121",106.571140400648,102.571872695371,43.4258814880612,52.2716791390419,89.9383058324648,160.96618567599,72.2506238030431,51.0200470645202,40.3779211060189,75.2590147977654,31.5280409786699
"ENSMUSG00000028124",757.556747008457,713.448279651254,853.296311358734,898.284261048714,900.514048481269,988.779944917019,932.326828919772,730.668983837174,846.347148513128,1106.46847395284,773.904727347918
"ENSMUSG00000028125",12.2841612399574,11.7919376451217,27.691243751989,7.3607193263416,15.3075475084508,10.4856750304105,20.734380001641,17.4133273558294,13.7359790602536,17.920143930694,21.9116056614197
"ENSMUSG00000028126",210.007956707667,162.237071933623,225.331365586889,180.202587087571,193.187856463488,156.244592449311,176.476357727458,190.219612812561,179.72786175167,185.518061867975,215.518226486032
"ENSMUSG00000028127",1196.99389189323,1316.32108693845,1432.52397910421,1452.04003804356,1228.19273068339,1028.8175031557,1391.44545541472,1540.13220107834,1388.92782862948,1166.5603864421,1352.17634555182
"ENSMUSG00000028128",136.795362463271,101.775309305454,114.73875931727,141.943683275057,230.0103835017,84.6474757164231,142.464763381831,66.6222592484021,108.977919936302,129.380549587,58.7007487537437
"ENSMUSG00000028132",81.5342126241043,61.2384764788617,113.881121504018,64.4388004189827,96.7848646657941,76.3623754580154,91.9928032817593,68.9263028498289,61.6820335678251,99.0861305060819,44.3610970240019
"ENSMUSG00000028133",22.970349637501,16.4012936728271,35.7071821459563,18.8039359943071,40.3145181041991,17.3699758941056,43.7305897698121,33.5630464167809,25.1920155317867,35.8531465968129,16.0418525077514
"ENSMUSG00000028134",106.610215839459,141.035676667895,109.581844926423,124.876282537313,126.170175220587,75.6806650871195,399.457896363421,103.758103449999,93.9870273159406,120.999308048724,82.2687061957761
"ENSMUSG00000028136",179.750363076041,154.605423628562,195.490913168792,200.673304696727,143.128182451532,148.171326094975,195.240853618052,191.76187727957,172.132303587651,170.916948804846,188.162927776095
"ENSMUSG00000028137",0,0,0.541917423985478,0,0,0.867048117589237,3.23439649850549,0,0,0,1.75170129382159
"ENSMUSG00000028138",1229.53354086595,1260.70655231592,1330.5526893659,1249.0271838731,1195.92638033371,1242.27761352984,1363.56394662123,1304.0089679588,1295.55881551281,1188.01571666871,1204.02740201377
"ENSMUSG00000028139",0,2.1374317736407,1.77176752775123,1.10970598590793,0,0,1.04398717423806,0,1.85068587504159,0,0
"ENSMUSG00000028140",820.357901075933,790.890746242948,1073.52767645676,1149.33186977602,959.654868795688,742.809339614262,930.567070120503,761.396401384972,824.327459144804,860.398202700262,951.109906049586
"ENSMUSG00000028141",0.64276760588003,1.01753087357326,0.843431062242668,0,2.04413915319115,2.47432912982001,0.994128680663151,0,1.24864403795374,0,0
"ENSMUSG00000028145",27.909105444995,44.1939916242849,49.3189769636595,42.2810373414676,39.1883918583392,41.2755312301327,41.237514969911,29.1900525503028,29.5473511441647,38.1926901264491,22.9951995188434
"ENSMUSG00000028148",0.553100540868412,0,0,0,3.51650869993064,0,0,0,0,0,1.27549608547551
"ENSMUSG00000028149",778.629209159803,831.979084898041,778.642177068051,908.762078661775,795.138717005298,804.617263791703,747.465443626577,872.873482409446,738.271677312375,747.444734939384,883.541801720687
"ENSMUSG00000028150",495.237210455134,516.057450367149,691.489406208167,658.75035473894,651.948018164378,598.456446836887,674.163808790273,831.268607575856,619.615924337577,661.745144111889,501.470367782445
"ENSMUSG00000028152",35.1767188124608,26.2612963789563,28.1086296655636,28.1769070155809,32.0417104566737,27.9850848537856,23.7203217258443,24.7973112133589,23.2033348227042,20.2173921428913,36.9424285205103
"ENSMUSG00000028156",409.959095742098,466.321550028837,437.93269644323,412.481621471874,435.48252818187,463.457863437872,475.188103144815,413.908782400021,415.289916638483,394.168493044675,482.968490895733
"ENSMUSG00000028158",53.4642829244278,40.8567831687608,58.6318744545567,63.1521381967156,48.5336677068995,36.9783660389002,73.5514004369445,33.7555693000201,46.3027315197854,56.2647191550569,58.4132360118491
"ENSMUSG00000028159",14.2023310754038,31.7079555458648,9.25294563341633,7.3440533062528,23.1610852220953,17.0800324117955,15.0766950213701,22.4213170621851,9.76340982870754,22.8575854140933,5.8657791093937
"ENSMUSG00000028161",908.270722093376,956.320215962025,986.334561222507,849.184790341038,1112.5718956931,872.460088090375,946.872737975139,913.648668302643,980.949073816717,1218.33762855364,840.650438672855
"ENSMUSG00000028163",915.636906885985,831.284996548107,728.642993943291,693.534190423515,1019.63779502318,811.769643791956,764.113446408876,786.312778508854,833.462653490444,881.631579877247,813.469819333022
"ENSMUSG00000028164",133.501053203625,126.482943854854,108.47444890224,99.3338320217896,119.646482292993,118.921725135059,122.661336497962,131.804618966553,103.343941577558,111.288453052615,133.139096140121
"ENSMUSG00000028165",183.181958699547,195.409756927174,211.177931140634,193.547748322808,218.865911006864,173.2725525788,225.339486261056,223.957272212997,208.324185914993,223.547951549936,220.719964249368
"ENSMUSG00000028167",2.74274185943269,1.07830790186041,0,0,0,0,2.09509400033782,0,1.7605803314618,2.90925979561368,4.6718843555315
"ENSMUSG00000028172",0,0,0,0,0,0,2.0489558229588,0,0,0,0
"ENSMUSG00000028173",1089.65939808957,1421.52410591865,1402.27688714809,1753.11674623802,1337.17507332172,1310.50517499215,1417.25731385858,1880.08561367362,1726.52229491559,1336.73331782519,1190.28376556567
"ENSMUSG00000028174",0,0,0,0,0,0,0,0,0,0,0
"ENSMUSG00000028175",3.93198845310582,3.81611474998846,1.03736789780711,1.24053373052397,0,14.9471671531962,2.10384532353125,1.10568362502704,2.11832478541056,3.16426126142044,2.63867705220503
"ENSMUSG00000028176",0,0,0,0,0,0,0,0,0,0,0
"ENSMUSG00000028179",116.151622448559,134.565992474326,123.753937747828,135.13113669418,91.7644193946885,137.458599738675,113.790157808003,115.28097790617,144.356310230279,96.9438002083067,177.391979985859
"ENSMUSG00000028180",421.37567490814,461.072365237811,443.092869536782,449.947516884714,522.075483637954,450.368981864225,536.4438782927,526.008951028816,447.581379306149,480.538814394666,477.197044778394
"ENSMUSG00000028182",4.23287136011192,3.02357761986188,4.44093813173208,6.68983293582902,5.18747090726626,3.54150413278084,3.78732074114653,9.67785050494486,9.33653273386586,8.04646038949803,9.70233759052877
"ENSMUSG00000028184",995.178999062356,1159.56462840358,1155.93903604012,1271.94618916887,1519.52535927378,1512.87357222649,1160.0900067476,2068.09923671029,1371.08508941008,1249.16261929336,1119.56247001799
"ENSMUSG00000028185",0,0,0,0,0,0,0,0,0,0,0
"ENSMUSG00000028186",0,0,0,0,0,0,0,0,0,0,0
"ENSMUSG00000028187",399.73921468777,326.534341352323,266.982941296586,289.622369543453,321.619352180313,343.941012863962,325.047606758685,275.211463138596,296.825258813576,322.825026738013,353.553253193472
"ENSMUSG00000028188",5.01290037138144,39.9626433689869,15.3998942937138,28.0211263063091,5.87374249564293,5.01608779999071,25.3318578016183,26.9363489892983,19.9385767382341,19.3731701055068,7.16694563610808
"ENSMUSG00000028189",47.978489312327,44.3422892905187,51.9329960959753,58.4854840421873,61.5779623709718,47.615219966679,72.0910578398359,59.2092625998786,64.8605737181756,63.2291422293179,64.2101319392586
"ENSMUSG00000028191",364.364204126043,306.417825154948,342.249411765392,273.309127053986,406.76573384383,284.957875603958,361.725754748247,319.713481159688,287.531769134004,344.427253370384,286.989313893327
"ENSMUSG00000028194",21.9939678464384,19.2768714071727,14.2346603913655,42.6105136691315,24.8043434741293,17.5366991872292,13.2627362896643,33.735258808562,18.2437152946549,22.2243660017529,12.9744422288747
"ENSMUSG00000028195",645.581348431941,740.499687632064,869.837518773212,714.686453173145,805.039582285339,1106.9726694447,509.427964452504,953.154664450339,379.852719645999,382.663409094182,412.737853429793
"ENSMUSG00000028197",5.5432542341835,2.16518579660953,7.11180326709305,4.35098684242744,10.591207247568,3.83656477490681,8.19103443735198,0.986622614132286,4.71760461217875,6.54836937549665,2.28307009044374
"ENSMUSG00000028199",38.1962380630688,22.5277987257046,34.4406495403128,20.8289337905046,43.4156209540081,38.5650716341487,42.2597295864825,36.4147548503108,38.4613765447724,25.6542538510863,32.1155731663507
"ENSMUSG00000028207",432.301787898778,192.438927998677,209.627906013607,188.72224195835,226.411665565208,191.471489785818,289.405927363584,134.981768409356,201.473371539337,121.643364088618,218.224147130258
"ENSMUSG00000028211",770.617971028942,635.462248647097,1360.12558206857,1372.58372551262,989.453611413523,315.00296378948,829.275215670572,685.857626730849,690.172802421395,878.871007377302,521.529461771629
"ENSMUSG00000028212",6.82901924234511,9.98822692061679,12.4915932043423,13.1360170106768,19.8676106612351,11.5289993473585,16.3778171470519,14.652700815712,4.62135342039982,7.51483035762407,6.9701607459282
"ENSMUSG00000028214",37.7379805086564,31.0146530948971,36.099213860437,35.1998991995507,65.5661739521688,27.2362232293656,37.021422468114,72.135178324301,32.9826311068946,43.7056675548298,32.144403520731
"ENSMUSG00000028217",1.83885311893396,1.14435618935285,0,1.15845562998731,0,1.35322734487768,0,1.03750096342225,0,4.24206103738138,0
"ENSMUSG00000028218",31.8592367341378,41.4743869609398,37.2974625275881,15.363645921257,34.659191725825,33.383407765885,20.6815027984836,43.9770603731715,30.678743722477,27.5801297466047,41.4402946947348
"ENSMUSG00000028221",146.737626414472,123.537470276091,163.562481683005,135.812275900886,170.607143632358,118.570188840553,165.466152106703,163.948103720365,197.995266061332,154.409358173019,137.205894876577
"ENSMUSG00000028222",0,0,0,0,0,0,0,0,0,0,0
"ENSMUSG00000028223",451.963744807129,427.857132044484,341.778509558198,451.614977146238,479.114765858013,367.643188224448,411.480010445434,379.240426304,355.885398321383,413.521509073027,271.060645869965
"ENSMUSG00000028224",389.563197715004,339.875449752387,376.512837429348,343.424526860279,384.399228789319,413.033800208561,362.082108452198,391.827933025381,410.646453582977,408.91652069004,424.113042369859
"ENSMUSG00000028226",0.90225922952739,0.908912708763147,2.33558251960891,0,0,0,0,0.826724279920382,0.786488458329627,0,0
"ENSMUSG00000028228",290.481931952077,213.061452816917,261.993550383007,199.7286609781,228.332210580912,115.431206726738,267.370851077792,162.50397041548,229.709419820426,220.360745556624,230.476788578011
"ENSMUSG00000028229",146.921008221375,157.823599221399,200.317070996442,216.395826681844,176.086953859801,157.280446625539,170.201588645438,193.874094018418,221.775196966078,201.679706317198,161.593846184994
"ENSMUSG00000028232",234.792357677278,65.3670033015736,63.5796469778419,76.66566504718,75.0838211715859,69.0987815525915,103.505435435371,78.6438518963386,173.486170328367,66.6663480698943,61.6118225945813
"ENSMUSG00000028233",157.898216154789,161.0763656349,178.292504533193,99.4247898168595,117.944492697275,142.28584584317,171.447468721516,120.054495552705,145.540213137701,148.501751860254,181.637909902712
"ENSMUSG00000028234",2675.79239882933,3502.88420479294,3088.72290138041,3252.15846651272,3063.22976944916,3030.40443080395,2975.34417196079,2994.09701119483,2971.26580212901,2446.83041900434,2883.02167139828
"ENSMUSG00000028236",0,0,0,0,2.07435393608815,0,0,0,0,0.948807385134094,0
"ENSMUSG00000028238",0.681243420257183,0,0,0,2.12879585622879,0,0,0.988436774659248,0.938935785432472,0,2.30956882990064
"ENSMUSG00000028240",0,0,0,0,0,0,0,0,0,0,0
"ENSMUSG00000028243",44.9807389516567,35.73578929278,43.2361961004354,34.2696363284995,45.260667246626,27.0011221106636,36.736244533812,34.1469332544354,39.8586529134095,31.7565625063209,25.0947667017979
"ENSMUSG00000028245",496.378576318192,531.607523658843,589.460300486569,532.645059194517,559.234600295883,566.47664223167,541.540875822857,575.043464891823,593.890874757355,658.348374009306,441.813938016941
"ENSMUSG00000028246",21.0378932667963,9.68744701092183,20.3316830822692,35.1317516400123,14.7430860480638,14.1838181216874,20.5999225759024,19.7753824065182,36.7149059955246,26.5116268271872,24.0308486849121
"ENSMUSG00000028247",267.188051799458,295.141738412102,271.357290645285,298.675277591336,287.210734142625,341.143225645343,299.371926351849,332.028796663473,375.4485446905,309.679526685879,282.546583534523
"ENSMUSG00000028248",1841.38582090944,2338.04714594793,2056.50003717747,1763.84974794414,2309.75979787958,2044.96619811817,2470.25268952841,2363.66088456036,2274.35982548849,2194.64602544254,2188.60884371992
"ENSMUSG00000028249",4944.44787055321,3182.6003789772,4987.20356102219,4265.65197242194,5752.22558294376,3083.84399410271,4153.14208785736,3562.9506611386,4326.28659262779,4819.60913995708,3577.81679997134
"ENSMUSG00000028251",23.6641200570721,17.0412705532433,15.8575720217572,13.2679097169632,20.3834957167792,19.284258462655,31.5614453674672,28.2089299973203,24.9081700083773,21.2818887205452,25.6118438401899
"ENSMUSG00000028252",93.4213960402272,68.516061362789,67.9483784139479,78.3069168537245,63.7388809937649,88.4760724330551,72.5862029156352,102.58512646832,81.2688959124396,64.0564403124249,65.5570980391488
"ENSMUSG00000028255",0,0,0,0,0,3.83241799649964,0,0,0,0,1.14441784962938
"ENSMUSG00000028256",460.160995768605,269.026463977208,331.819114872831,179.377336503173,362.496963420432,203.003769315055,724.267154181997,361.467746077168,745.591965213332,345.157721695948,161.776667995808
"ENSMUSG00000028259",4.03376223856523,2.14587770323251,2.6427696179192,1.10450916243037,2.12189901112339,1.28094825631928,1.04613763869761,1.95131011890504,1.8535409543685,0.963862415608993,1.14989965123692
"ENSMUSG00000028261",95.7892384813239,76.1598942476211,64.1613240568263,98.1348378983477,76.2111206627277,99.9586545916888,116.53505728241,73.2484243265737,95.0419196082441,68.5805012492998,168.691323601678
"ENSMUSG00000028262",30335.6546345874,7335.84772834371,16155.1190052437,10008.8060484623,18207.2653807919,5938.58254783214,13253.1396931089,4823.30534062319,7570.30527404124,11110.6749728982,11721.8778087061
"ENSMUSG00000028264",2.40288127269966,6.83652339492702,1.69722437707936,2.11769420306511,3.01169175789527,9.70179404442484,10.291091271635,0,1.77963756087272,0.859860537051254,2.19291134479237
"ENSMUSG00000028266",484.400582179287,411.35068141549,507.583712265586,504.774704795191,539.820340795455,399.065647883847,624.941642111684,481.500580232063,475.742586440981,632.679513806563,554.887472976241
"ENSMUSG00000028268",986.970932722047,182.235956170444,337.114724147189,283.693762456901,298.579563593364,140.786726306202,293.689021660181,95.3101174929928,568.431319912296,739.801500385058,381.507186617677
"ENSMUSG00000028270",369.914071006394,275.411639298911,454.142004342422,239.844265233336,370.748704468889,205.717274114709,275.12282573759,286.839035678546,530.678431223766,987.14078469324,208.550574233278
"ENSMUSG00000028271",340.525387016474,314.832107177406,352.176773988887,332.458951210535,391.463694296039,329.470184465217,333.574002145828,324.736558762143,347.911187882416,393.989798714264,325.758751571502
"ENSMUSG00000028273",703.059361917206,423.998049458179,593.81738734751,507.531400707856,664.603361718689,413.704251640088,538.816106359681,578.728113737132,593.645606808981,574.776761999508,527.280177897869
"ENSMUSG00000028274",123.528664619804,110.499185845976,96.3865409516196,105.508844788449,96.8842190185504,110.501387547218,95.3902141012744,117.03921788809,94.6406160413501,71.0376807746969,109.69708539587
"ENSMUSG00000028277",569.682125962845,491.787835361673,541.659183228474,484.027576046089,536.126981202294,519.910969978976,561.593254165392,502.199138997875,493.886012210135,515.819487380185,482.18858734674
"ENSMUSG00000028278",62.7676072320394,36.7954482850042,92.9326393392253,77.7055460841754,51.6657495540822,7.71880742516932,55.1419639611346,26.5193705659825,73.8541235757505,68.7340336545781,26.2777985551474
"ENSMUSG00000028280",0,0,0,0,0,0,0,0,0,0,0
"ENSMUSG00000028282",206.716208987604,208.623518620434,196.041211465184,210.211777351216,174.150166652318,155.569139713817,203.627631640698,129.57333839125,212.709055054188,170.013316330676,193.318284988163
"ENSMUSG00000028284",575.533712200925,502.221397120155,543.092044570789,530.419517061325,494.901192636974,465.085400504872,532.041610585738,506.421612483264,513.165728141435,516.85329404791,628.244431883082
"ENSMUSG00000028287",0,0,0,0,0,0,0,0,0,0,0
"ENSMUSG00000028289",11.1699907067035,5.13060997797362,10.9552831776285,11.4213730408884,19.0506700854146,9.68323858326524,7.82992394647116,7.513557499171,13.3726431601739,9.86305186902641,9.50399319079318
"ENSMUSG00000028291",160.858371623696,195.620588003421,174.299192981157,197.916717693651,210.428789334401,149.332885619756,200.646178126982,168.537014392393,152.756631443025,202.373329772256,128.461180175788
"ENSMUSG00000028292",298.046169098953,346.842102524576,331.288925162856,285.6699620124,268.895955039545,306.240710084122,304.485185806029,311.234202681851,302.283722920209,281.123131209315,374.512105338064
"ENSMUSG00000028293",484.58470099534,476.881222142561,436.387372080476,412.472075286035,502.745000076728,424.466810750472,541.158548817681,458.711486789173,455.642749823154,373.324481310122,384.860573844392
"ENSMUSG00000028294",0,0,0,0,0,0,0,0,0,0,0
"ENSMUSG00000028295",21.3179366816131,34.4670667501739,37.203405061772,35.3411187283411,31.976567991995,28.1095300904738,32.6757216751796,20.4357454186026,26.9174086582794,21.6765163461737,18.8145482613418
"ENSMUSG00000028298",0,0,0,0,0,0,0,0,0,0,0
"ENSMUSG00000028300",92.8898388604781,92.472750807231,129.889413781899,105.765895471252,141.64179515054,77.5310225496168,127.010920986859,123.362618579681,115.389754830862,146.876129189149,92.7299657448951
"ENSMUSG00000028307",0,0,0,0,0,0,0,0.992606609936369,0,0,0
"ENSMUSG00000028309",1301.30133429794,1140.758499488,1215.17918773749,1041.58186254161,1065.61311125188,1082.05485964995,1187.589091317,994.20072200763,1098.86800854463,1052.8948834337,1219.34568793465
"ENSMUSG00000028310",0,0,0,0,0,0,0,0,0,0,0
"ENSMUSG00000028312",84.9150621588862,122.92982876024,89.1151100736091,47.1805481617832,71.6235586788447,83.682134005066,81.9641363661976,71.3461552893654,90.0609558738307,84.2161137418036,49.0990253441713
"ENSMUSG00000028314",0,0,0,0,0,0,0,0,0,0,0
"ENSMUSG00000028318",131.646391186505,104.696912698419,76.0215002191896,91.5205154295255,74.8640996121601,98.5234535936193,127.511151778035,76.2997284139861,93.3342234106763,73.3692259665115,138.709399692585
"ENSMUSG00000028322",197.038476979525,187.875351572812,191.338625731513,143.751265942002,179.316667293184,182.398176908199,238.883380810245,157.170631263352,208.731949778167,246.43554497957,149.317619771906
"ENSMUSG00000028327",11.3522352957418,5.93422297373266,6.86246056910297,18.0399975358629,16.4687347363115,7.14927386422857,5.67639083547467,7.26407721089366,8.36634177806064,9.49105062238457,20.2623349300655
"ENSMUSG00000028328",79.3509802931284,3.20835953115024,5.30637992108256,15.3263985228773,15.8385130713236,1.28438082401554,1.02338586654045,4.96281964595711,2.83425122141596,9.44640038566891,1.14838218745015
"ENSMUSG00000028329",97.0521579911301,98.3190336513834,113.332195174609,103.637505779356,105.232544026143,98.1675658366397,102.089971738074,117.499995705961,115.299759758166,102.43686758426,84.1598783932449
"ENSMUSG00000028330",636.736969705109,624.039988644303,557.89804483568,660.709800548675,589.618861316676,679.38044026273,629.01746248805,561.944999145032,663.127350924037,510.491953464738,738.054560679705
"ENSMUSG00000028331",37.0019702420842,37.8365967445704,41.7083613853165,43.527108786235,43.5811110496084,52.3369188405295,55.9244168431156,40.2181020308877,32.7270348786584,91.8211551036589,40.5161702127323
"ENSMUSG00000028332",3.4647102994098,4.29491360118277,2.66422905964757,0,0,3.82522119569722,4.09701844542014,0.991810377375565,0.943353065293546,2.82784477330832,1.1474521068074
"ENSMUSG00000028333",2494.65810093122,2737.22692188217,2615.2863413992,2550.34690346324,2795.13526005856,2582.33786003867,2823.6014522978,2457.79974393757,2612.71798005966,2766.24734222208,2731.3843126231
"ENSMUSG00000028334",3974.12626905139,4699.00416826981,4970.85300037172,5070.82182545362,3702.04685239035,4803.18631451543,4530.59079478804,4513.03188111415,4617.25520440568,5402.49391857882,5011.96368578096
"ENSMUSG00000028337",160.245170618962,123.546330695317,111.326926219186,243.551015341347,52.79137029599,244.399400251752,99.331840145723,173.724526666998,170.647965428329,112.744535140604,567.019060481568
"ENSMUSG00000028339",595.070561437177,749.132445685505,543.728124145402,304.821088045355,1079.23915047843,470.769811296258,414.588963416531,659.483129667899,355.716190128643,279.993534724841,241.752749104311
"ENSMUSG00000028341",12.7469842941172,12.3457969980286,24.7759791464023,6.37403828515504,18.5964441602848,0,8.48258339286222,4.10231409948705,5.54780139131604,10.0898079102875,3.34601468161514
"ENSMUSG00000028343",724.371795357793,868.042218144206,702.070060494449,833.969913013925,749.327157535507,769.393797020442,849.583282792556,750.29418874822,775.136207033415,708.203324934443,717.969374218049
"ENSMUSG00000028344",29.9872297300718,19.2402246033169,22.0473224205264,15.1121195411368,9.44409523833771,20.2811608876485,15.1885229176731,20.6549358816491,10.3248725537576,11.1415020278713,18.1684876953812
"ENSMUSG00000028345",223.255274555727,252.3169024487,205.064382190751,260.194849309199,228.403386834874,236.114923505595,232.713647784133,241.982244088176,233.863783647489,223.953920456191,241.82269095208
"ENSMUSG00000028347",28.2060121682784,15.7965183205914,22.5824689887018,18.2166264382492,24.0286675187553,17.0847555774053,21.0593272385499,28.6651238191884,21.0899019503662,18.2192152781604,18.3030911634702
"ENSMUSG00000028348",27.5080683252341,0,1.76900005725539,2.18326691563121,3.16988198532343,3.82936080217468,1.02269104450379,1.97903020433247,2.82407449954077,4.72220582527217,3.44541207725705
"ENSMUSG00000028351",0.690328018496349,2.14709357165398,0,0,1.05418102834341,1.28300664820615,1.01998101668489,0,0,0.93816073405175,1.14570402239947
"ENSMUSG00000028354",0,2.16830495705941,0,1.089597710696,0,0,1.02594875214232,0.987748534409178,0.943966266825326,0,1.14407381844637
"ENSMUSG00000028356",0,0,0,0,0,0,0,0,0,0,0
"ENSMUSG00000028357",0,0,0,0,0,0,0,0,0,0.936366945291052,0
"ENSMUSG00000028358",4.28899594760548,5.97895055925995,8.16077502478096,0,5.84243068443797,1.1845973336643,11.2949440580951,3.05811683800369,6.25537600266281,5.80324751881198,8.25235849588934
"ENSMUSG00000028359",23.2192753363977,9.53366326522576,17.5362741091932,71.4994305359175,6.36600327297229,1.28562089402951,11.4148783128054,3.91727169312735,13.965974995525,11.5354055015773,25.4142107929874
"ENSMUSG00000028360",0.696585060396944,0,0,0,0,0,0,0.983136613828892,0,0,0
"ENSMUSG00000028362",5.39095491327759,9.60427637006273,0,3.30850445956165,0,10.2552539947596,4.16081582437624,0.979238303055635,1.8608310800906,3.85209537929616,2.30780289750863
"ENSMUSG00000028364",671.520893149084,490.531378239085,542.057577602258,1207.84171248415,694.325474844892,992.768027070678,800.557139954936,1280.37142584099,1016.874970978,752.752273266229,1258.17478985705
"ENSMUSG00000028367",518.869457308896,519.08807921984,454.293054547101,435.035189681909,437.873068787974,475.531525974573,505.443476943229,499.282573241456,452.087048098005,397.455331152215,387.629967419551
"ENSMUSG00000028369",197.172315489916,164.939603453106,135.81676953608,103.44045953226,188.486644644188,134.731632879778,110.179464629537,155.094626370245,213.293536907326,154.268012275654,150.753199849538
"ENSMUSG00000028370",0.691273077059342,1.07766016208782,0,0,1.05307805948976,1.28405521620256,1.02067385159531,0.99299487227635,0.947211573478723,0,0
"ENSMUSG00000028373",6.27186399392287,2.18080627216819,12.8857650574972,5.28761989304925,9.19212577104876,2.60488380287912,6.18818236764654,7.03492623915128,5.75709709493158,0.946916470327901,5.78163236002891
"ENSMUSG00000028378",463.309433777841,434.731216062384,576.750223957458,294.466492456031,386.064343928259,304.580443175029,416.294900152186,350.544013335602,388.011318870067,406.491208393909,453.183719377145
"ENSMUSG00000028381",181.306415747571,216.319191415689,149.693512273019,183.427258363847,132.664339639402,231.856757384019,193.971564005401,225.145128725039,226.852369199273,201.721158701445,233.441729309844
"ENSMUSG00000028382",381.817555856674,349.170165045826,398.092425364048,498.010816688567,351.614023037568,180.999835760762,397.385471441759,288.527002545427,377.108417427006,435.391743335836,329.633370480314
"ENSMUSG00000028383",660.83944576464,630.139594658,929.204929109846,824.173051929446,925.334439299389,597.36641872316,817.962756106691,814.122567450757,943.561538782586,891.485314873627,577.14589733006
"ENSMUSG00000028385",104.337989423261,78.1882209331309,154.005699221142,165.045290241712,96.1028073105909,61.5990532815814,125.860634364353,105.111744958458,132.224112981323,127.384843958671,145.696243922288
"ENSMUSG00000028386",4.81617161786233,4.30766671528826,0.886315562357647,6.54734985198284,8.4728275848728,1.2830231729893,4.0984019641948,0.987325120103626,0.943038299742808,2.82143777837383,5.72288649767697
"ENSMUSG00000028389",11.1116680791327,19.9896121741953,24.4056071018848,4.19214754140864,5.42440060293492,1.22545884974864,4.55931609241729,2.77631172151714,4.39402545411922,4.99497123992896,10.7566306611871
"ENSMUSG00000028391",69.9064657175867,66.478824519376,25.5177615524583,14.9388126205745,66.3101560325256,21.4392675078128,24.1246165153804,21.7480051179935,16.4461512278167,25.1324307361732,17.4188322109549
"ENSMUSG00000028392",5679.09681130095,3467.07646228172,6387.49528257351,5063.26188024724,6581.09855930417,3814.1438659763,5045.96613742735,4199.14855961091,5221.80078330223,5399.7394059426,4407.52119594546
"ENSMUSG00000028393",1317.69730372975,1389.52277396585,1335.76267301372,1502.48430714628,1181.26638160004,496.320667585443,1396.69326399725,538.722879347735,1410.24517339022,935.720828908053,1381.77881495323
"ENSMUSG00000028394",86.5017889723928,212.85972254125,98.3384679984344,121.927888589378,127.486568718721,101.963933940373,117.206131015379,108.029187744016,101.732644852782,88.7939421785177,107.118450461078
"ENSMUSG00000028396",5.98459114964177,0,0,1.13445487588481,2.19220710919828,0,0,0,0,0.994092851786558,0
"ENSMUSG00000028397",347.567754049257,316.92049890387,356.987000310541,328.744050752701,359.223103126315,254.110893262818,389.005717195336,394.473174160613,382.590027160253,399.697414060262,358.855764491463
"ENSMUSG00000028398",99.9487000407075,138.735241138776,106.425983059006,100.397065611389,129.621417608782,124.766978473976,113.123968338777,111.057625069139,107.153248623951,91.1244151932079,98.8171474387444
"ENSMUSG00000028399",63.4804782153416,25.795817112494,35.7412574522852,18.318740733665,46.8685253397638,28.6703720416623,75.7636118078032,13.0578686729143,33.2174598783474,37.9676225966244,23.3475089740068
"ENSMUSG00000028402",349.902671185942,290.799891147421,320.703264944812,314.183241372033,308.564648686457,92.4664605043571,282.059891764196,136.126343160509,333.917252719816,74.307486346604,226.401644580363
"ENSMUSG00000028403",19.7876058963539,13.5558697919231,38.9893718285255,34.6609891371507,27.1039601206875,29.5297182144684,33.7552647171285,22.4656618970038,17.5392593470697,9.42336135423859,51.593147439272
"ENSMUSG00000028405",2481.56079800058,2463.30152205462,2438.09062988971,2452.54057078209,2454.11002482389,2247.71521709285,2528.9785775036,2549.71972171979,2356.74089175556,2070.36552932339,2446.34991030114
"ENSMUSG00000028407",0.676103131002751,2.11794079477433,1.04506696427092,2.13545559310518,1.0298807248667,2.51240919052365,0,1.94540148184179,0.927776371482216,0.917588914219331,0
"ENSMUSG00000028409",846.942889804885,761.713672318412,738.050823522635,714.837963843883,738.517369583352,775.636075054928,760.082752025963,682.507601175377,768.4941968658,764.071044264943,861.95295817095
"ENSMUSG00000028410",3393.19147711728,2707.38988869461,2998.04077910606,2751.92381156058,2689.62230036789,2639.90293726348,2923.23815480922,2295.13246774665,2880.843039698,2624.69727275355,2976.17365412789
"ENSMUSG00000028411",143.72425613001,138.445602736212,146.823607622614,147.799722639826,144.922574637778,175.309625136163,145.124588895885,143.282591566511,148.608018439433,162.176273927871,126.604566769698
"ENSMUSG00000028412",447.850690110556,296.239907559477,429.016284590548,375.12253610382,401.186917436484,276.480555430712,422.872483843084,364.124047974875,374.003639127145,529.483674408397,414.233707746934
"ENSMUSG00000028413",5538.02876254093,7767.21408634249,4709.6969250268,8039.07937838783,5015.32792900036,8283.43154538444,5625.08900920726,10429.3179778139,8362.80020520917,5543.0936912415,8501.6105007061
"ENSMUSG00000028414",52.3766178758993,60.3181084374048,46.5055901938056,28.396951238209,30.1978317899958,35.6531538594436,43.5213984810706,31.9218406029658,35.0637954002339,42.6360771342842,45.1493848808706
"ENSMUSG00000028415",0,0,0,0,0,0,0,0,0,0,0
"ENSMUSG00000028416",2932.84754145655,4473.24513549288,2860.67635140168,3594.68669919631,2829.86442119819,3756.54804053128,3423.36922978068,3773.96323206671,3447.29063856898,2774.00816940985,3371.08205307093
"ENSMUSG00000028417",0,1.05996953605409,0,0,1.08975826984922,1.2573898244125,1.01864558263512,0,0,0,1.14971134244233
"ENSMUSG00000028419",702.82309505584,786.897424399799,747.631970886473,783.368455910851,692.758537979294,705.069436816075,710.671332637216,713.093586769317,623.926247299886,735.662341370983,655.384468606068
"ENSMUSG00000028420",194.723746622989,197.570443519528,229.579224158594,223.96570237836,242.981496115486,186.613968154238,246.725695448617,251.333913761682,262.996963584211,239.63960447662,210.087417680592
"ENSMUSG00000028423",819.780384221407,763.816952139954,805.442519337948,876.779583675949,888.032673804376,715.046908891188,818.612408652809,934.466648163311,914.27694575021,902.396069270824,912.792609455723
"ENSMUSG00000028426",1217.873394587,880.636362977712,1112.8065943683,1086.51189443098,1147.08394937704,1027.16052337092,1096.30127330888,1083.87270454112,1146.10653214077,1001.05628654541,1325.27178000064
"ENSMUSG00000028427",48.7670751151214,38.4261592581674,52.0094015425655,51.6367282303035,107.872727091305,51.643782294193,66.7625412635129,67.2769523042953,68.7865010468402,94.0681773546111,51.7331341756229
"ENSMUSG00000028430",501.285469049868,499.153427276396,354.43903139524,429.474336965048,416.541983158992,512.293540446634,448.700197898893,346.369984957107,485.03075334621,404.49618292,770.015083776611
"ENSMUSG00000028431",363.515296168307,284.058494813109,268.108898175785,294.647952185677,327.404928336481,375.139609618424,253.325707157937,322.702210777772,354.420334748176,308.230934423644,412.618983094581
"ENSMUSG00000028433",979.155694886692,1101.72881951807,1002.35621508804,1304.7718801719,817.673038945876,1385.85854211354,1064.83829997998,1317.06050305037,915.75739743791,1246.6216114756,1526.81294713173
"ENSMUSG00000028434",1080.83169123014,986.885966644935,878.607598325007,1320.93783595782,963.450211774157,1136.24380309727,839.626443866833,1503.96783949223,1230.72597897479,942.309503390043,1610.06157267397
"ENSMUSG00000028435",53.2268324639091,149.390115339918,207.674272636812,552.610765220905,140.528306298499,177.629709909198,129.627347009063,259.926201046876,377.332456614278,422.336874895543,99.8054931766732
"ENSMUSG00000028436",547.04036324974,505.776519802528,579.752730736191,553.249570948261,557.026183137696,641.147432677621,508.023735165926,554.157122216532,550.567715100418,582.518980143371,518.370191602483
"ENSMUSG00000028437",509.456762053732,475.242995844105,473.822465329413,482.787261867666,451.715165080104,460.800280974423,515.180418862068,505.143675337165,443.365114264135,480.609692000548,499.659130743501
"ENSMUSG00000028438",20.4530660197479,12.3869096178182,21.4031688743842,11.292131782612,12.0824038204077,26.6130193959465,31.810318261039,17.0712096967465,39.0685031368559,15.3798811725611,148.834261497441
"ENSMUSG00000028439",22.0087035864169,18.7446582925584,25.6887771808677,14.5831631484747,25.1553051495686,47.5299570163705,19.1553686680048,36.3696727938188,24.8027542059465,32.6506929856024,27.1896785877403
"ENSMUSG00000028441",0.798961120906469,1.06866619575499,0,1.0967425419277,2.54316334445937,0,2.76742270000078,1.95045441189349,3.0693058582221,0,0
"ENSMUSG00000028443",197.904061247831,251.366513569969,209.865485612303,221.252943469876,208.821262069864,226.21014873816,216.216593699091,158.713058954983,207.689907654629,147.492543829623,205.209148959366
"ENSMUSG00000028444",31.3597187577337,39.8731780790422,33.1792563418622,35.7737580679638,70.4095441651142,5.37984712708967,13.3817546956829,8.68039210354854,57.4590721680589,7.01943572378078,11.195199547132
"ENSMUSG00000028445",13.3782569274438,10.7221615814658,6.17247644300578,12.9729971541106,18.7697272974073,7.63150434592516,12.1978828125435,12.803276562204,3.75752455065517,9.03956355394619,4.6555715373937
"ENSMUSG00000028447",631.552009154337,703.748220311713,743.320936351183,733.912576198631,658.60387250241,805.734692611563,633.515684679944,778.600923164568,607.441469752439,668.573458588527,646.268051406699
"ENSMUSG00000028451",0,0,0,0,0,0,0,0,0,0,0
"ENSMUSG00000028452",10847.9852659623,11308.0728311326,9666.75128094484,9891.02939700037,10287.0966879344,10156.9515373308,10231.3379695557,9979.91373980783,9481.49071838778,8635.84258623678,9384.85370691039
"ENSMUSG00000028453",107.642181402297,117.652167720875,99.9375601038513,117.929836537131,110.78007071692,106.129652476196,100.380352364794,94.8613800190749,139.83757878238,133.396363148801,110.639784580936
"ENSMUSG00000028454",690.9037455948,883.630459364453,878.332223492243,842.880858556863,930.773166433258,1033.12449912072,883.82833035546,965.909352692339,790.712712278841,946.146578190702,863.122311056061
"ENSMUSG00000028455",923.397332320327,972.892144508632,951.429966160742,1011.0298413742,896.783328450849,1002.80713378122,914.828058406415,909.19560457463,882.332194069418,906.157941492828,843.619898957907
"ENSMUSG00000028456",1231.47298658469,1184.13568899683,1253.5526078019,1214.95413789007,1223.24743520551,1044.93006048694,1138.74605506365,1297.83558291525,1211.2738991636,1277.18783403991,1160.8502907847
"ENSMUSG00000028457",5.81673705868509,30.5047322958461,50.9957482813875,27.1688294916309,39.9070305508251,30.2818824075513,26.7164858782205,52.4984031768711,41.5106212736092,27.2143027529707,45.6824307581194
"ENSMUSG00000028458",553.677586970686,539.861193332398,545.057398406404,587.804202667291,537.550998641544,588.506415266667,537.291338444034,577.680421803005,568.344062233057,586.658209222494,599.344376544614
"ENSMUSG00000028459",180.175056434217,440.227146297551,161.312077376454,171.434061207288,180.069800681148,371.552785494091,146.516174182004,164.432813716434,108.270089184346,195.696406495515,128.701814157486
"ENSMUSG00000028460",2.00008608348694,10.6318385404263,0.879914863078997,0,1.08097490234437,8.9297027023712,2.07569261231406,0,0,7.67487154358266,0
"ENSMUSG00000028461",77.576201570443,113.708552273528,85.604422506771,68.802375109344,98.3111601581712,121.741846116905,95.7795095790837,118.04539710792,88.7575818000852,110.666647100843,86.5563488440062
"ENSMUSG00000028463",6.15409658549235,6.46009293884563,1.77021258678868,4.36928148954959,3.18060388905195,1.28711456368502,0,6.90207853957122,0,0.940890407005577,5.72064465557357
"ENSMUSG00000028464",3805.37548534206,2572.53698728042,2566.17406763561,2191.38469466857,2861.08790122419,1411.72686204003,2207.82289609589,1969.34914658015,2269.62416770474,1888.06520182598,1809.34449065284
"ENSMUSG00000028465",3019.3407565136,3331.20718598362,2789.67341073735,2668.60507662331,2972.61467780344,3315.772277066,2560.35995730092,2773.57618298956,2706.22057453604,3020.56418926769,2852.81633094855
"ENSMUSG00000028466",1296.67852238344,1359.8719398919,1489.2106180727,1498.14946830381,1286.90278930158,1341.88531887108,1417.224647024,1378.31233937342,1467.09016095644,1337.36586636668,1309.79820091047
"ENSMUSG00000028467",276.850926065809,329.3479919747,327.38758298887,277.402844365241,281.90569536901,329.709207669232,310.869799430049,354.849626105995,329.92717014006,343.502211431543,293.53520643157
"ENSMUSG00000028468",168.15559526228,141.940564214842,149.207166590742,169.770524633003,144.746547364043,199.432017240144,150.82715002357,169.900164818332,151.936699343922,154.786890339523,165.833007012544
"ENSMUSG00000028469",216.565279319168,244.481915185163,190.433791774995,158.382682861019,188.098950804488,192.355860057442,272.064562151744,204.270407906976,223.367991477489,269.738326174694,243.085175761049
"ENSMUSG00000028470",287.977121342382,290.248784709609,293.073541655017,310.594072163229,227.003262012078,273.242439225619,288.008477610554,249.516884604105,275.930543202961,247.707811719582,260.386210182222
"ENSMUSG00000028475",6.48097134728519,4.25377340468698,6.30203166617584,3.21671322137055,10.9691146265134,7.7916833693348,8.06538698800829,8.7912837256637,6.52186625086935,12.5421582932533,5.7765654837172
"ENSMUSG00000028476",32.3750984137467,37.7000072637718,34.5848401069821,41.4846377853807,62.1405866579473,42.31226951362,36.8843813753973,31.7253924344983,60.4347456849679,41.3680716448697,48.01154919718
"ENSMUSG00000028478",3753.68588231041,4018.07696729077,4285.31773711282,4438.3705518239,3641.12907122118,3395.06478259265,4136.37577291348,3760.59358881874,3603.64547191174,3607.52239107167,2946.2729880939
"ENSMUSG00000028479",1415.17965780125,2221.39898777642,1510.99757205829,1633.98865434414,886.61049847964,1752.1721594879,1705.95425987907,1719.13613657986,1689.2917107792,1490.21366579562,2128.20985154895
"ENSMUSG00000028480",14.4539424387758,26.9745303964922,21.7492934654878,29.8948630996266,9.98777988375975,11.1152465744779,20.3172827844232,16.0621674530458,11.3596320709276,6.86795721415677,7.46516388403279
"ENSMUSG00000028483",115.663743679324,89.9375079483369,105.014551277706,68.506239825747,75.3431859841824,71.7427819891787,128.632773572212,105.98806515447,112.083903478699,56.8221978602791,158.415562972742
"ENSMUSG00000028484",515.213961166037,370.08130934626,619.665115697467,489.721711171229,507.613594249742,364.43732880846,502.352159333943,365.104155661801,634.651610009263,461.194601367907,362.024816429609
"ENSMUSG00000028487",13.9711968068908,10.9829837769222,4.13121589908441,22.7944451773194,68.1628711081682,8.78483394246761,5.75404531795631,1.90199200143892,3.42943727253634,1.1966493665352,5.9178909763456
"ENSMUSG00000028488",1.83250511241167,0,1.3398156835956,0,1.56323466457961,1.88030192416368,3.09865510439748,0,4.28421332638481,3.87999195018432,0.662915161264408
"ENSMUSG00000028492",0,0,0,0,0,0,0,0,0,0,0
"ENSMUSG00000028494",27656.7227668614,37441.6867986371,45721.3665417797,43651.5318982988,40687.6822957211,31135.8167679172,41913.2373165056,37018.9981982339,46609.0103340649,38132.3785649441,31624.4616903875
"ENSMUSG00000028495",11334.9081835962,14049.3545639715,11786.8020344114,14811.4668386812,12715.0927982575,14575.7020874584,12565.2480079059,13456.5178931784,13226.9719287687,11563.8689127309,12864.6043316911
"ENSMUSG00000028496",436.135678684005,416.590724582338,545.178623339043,145.738283286666,297.48273973702,265.030124903146,424.182541767669,447.593441730161,479.906758080843,359.218163899755,349.896833688984
"ENSMUSG00000028497",9.06053719194808,9.66221120300078,8.34932226524875,7.02344364889554,4.71783386066781,5.4509031842986,7.36686036403459,13.0562315376156,6.79860756925417,2.97191507045358,7.23981370863094
"ENSMUSG00000028514",2703.99585988484,2246.85220871399,2573.21473300857,2670.4846622055,2484.15005282401,1898.64536777679,2512.07784396686,2162.41611772412,2665.66782121823,2180.46754772553,2725.25924118172
"ENSMUSG00000028517",359.348520441754,360.566904192604,295.334332889023,335.578311059691,348.288097698796,335.338460492852,329.130762474682,343.705895441061,308.508794188202,286.403291623904,367.777804670139
"ENSMUSG00000028518",349.428438867192,383.848185508334,253.009369934375,379.626725251105,186.790838419316,187.386384471826,443.749991554762,331.675620020502,339.999710808609,164.834495686651,458.489040419219
"ENSMUSG00000028519",0,2.42929137838591,0,0,0,1.87624671813063,0,0,0,0.853763933895455,0
"ENSMUSG00000028520",0,0,0,0,0,0,0,0,0,0,0
"ENSMUSG00000028521",22.0101748622886,18.0921766669827,17.5220035728808,25.346097160979,22.9855908119677,10.8080904747989,26.2399813789156,22.6420846225929,18.2544052281858,19.7435319549147,18.6924700947698
"ENSMUSG00000028522",296.183534856936,347.167307880895,345.144044060509,385.306315821703,397.349607880988,228.196227914143,341.088573453012,334.98761784901,353.251576481911,410.780696387952,347.993382547358
"ENSMUSG00000028523",0,0,0,0,0,0,0,0,0,0,0
"ENSMUSG00000028524",7.26165835970633,2.14459890927522,10.653273574669,7.19544843660613,1.60361619943458,3.24491426089807,2.03785131158485,2.14359696968268,7.99639968706412,3.52339093250679,11.4422470751524
"ENSMUSG00000028525",384.86717258916,202.76833758691,714.316617670925,268.494168090626,517.938484585331,268.253187785001,334.695884695913,349.427775650476,283.941782775814,416.486550831853,195.852874064664
"ENSMUSG00000028527",12.2932891485454,3.01678530134957,14.2355774182764,4.16525729833303,14.1371218592234,14.5331701552002,10.7487826249749,14.0336659647881,8.71663569337439,16.1207116659343,6.59690178130133
"ENSMUSG00000028528",443.831623186177,346.611599546746,383.935311515545,298.879188284102,326.163186042256,347.084525775034,325.035036772493,437.197725357541,434.115668923285,317.430954757586,407.201278974283
"ENSMUSG00000028530",4270.03574339189,5112.05512504243,5956.84034158116,5244.81613912093,4619.37637084559,4010.35911227974,5066.5558227576,3883.9902079038,5407.75037984545,6008.01427380196,4184.95255109088
"ENSMUSG00000028532",132.550038241928,102.277449322956,90.4886660213528,78.4746568434889,103.254150435148,105.240128530247,110.240735401727,94.4120643778654,131.691958883959,108.643064584056,82.3089328951606
"ENSMUSG00000028533",0,0,0,0,0,0,0,0,0,0,0
"ENSMUSG00000028536",85.0708722870805,79.6448034226768,106.35200512328,92.664512428816,98.0890031734058,151.727019289339,114.241307305217,99.6480955931895,100.805428735838,116.159806216967,101.005398583845
"ENSMUSG00000028538",312.593566575729,307.48219299127,294.024113773778,352.696735026374,358.360694020136,396.210242728894,282.523399128729,363.687898467787,357.680083975147,328.323194818678,365.602646340677
"ENSMUSG00000028539",1.32736311220715,2.18286835358371,0.87385285748722,2.165874312534,3.22937340930058,2.61384006769799,0,0.977200137256146,1.88830504345339,1.8999376327186,1.15482848041009
"ENSMUSG00000028540",75.3637089162912,58.438884269169,39.9159448839938,41.3490033889238,32.976230330912,69.3190893395345,53.3341842846447,41.1777757709465,62.0620622175626,67.603982806863,85.6575460089317
"ENSMUSG00000028541",26.8978967047575,7.69850819550777,16.5119215391309,5.67305307452912,24.5684337999499,5.00786420944678,6.67355934833749,3.83201120007524,19.7055896220003,5.51839770764279,5.95435615743399
"ENSMUSG00000028542",111.948899541164,106.211654879902,156.92565351975,192.36626712577,176.121159938609,198.201244466529,149.133785193774,228.482222910255,143.096265093927,162.030979770361,258.19244591372
"ENSMUSG00000028544",57.4568609110904,33.3831580420004,38.0301188162074,27.3290699165865,59.0239425346754,33.6292590965867,33.7621049301327,23.791666292893,42.5970314497124,36.6336511195059,46.8290881872599
"ENSMUSG00000028545",27.7818150465681,41.7656108184483,23.4261391333357,21.676207886032,32.2547075032743,33.9964706415769,37.0731973152082,31.6434602476505,24.8910593408472,51.7081370631712,29.1653874739861
"ENSMUSG00000028546",0,0,0,0,0,0,0,0,0,0,0
"ENSMUSG00000028549",4.64158822826861,13.8015579422206,0.880930140202184,0,3.21167735639179,11.5921412736767,2.09683562346339,4.89761555486248,5.58078766378038,1.93440692937232,8.1320828379741
"ENSMUSG00000028550",246.481819527342,225.898178074289,216.725126825234,191.83582125843,187.9565537461,235.619085770886,234.328531437642,244.5479891347,239.009016092082,246.60993951033,182.425795709992
"ENSMUSG00000028551",101.462156932878,96.2971755435425,94.9891875883064,82.6929390296051,122.319740286365,102.439577240033,99.9292918794765,89.942643097158,108.539620144249,123.606759169178,103.72804543285
"ENSMUSG00000028552",621.3947761052,502.481553540645,829.045738245391,556.522687085916,513.236082756558,543.040865830777,495.994490622657,522.898303582756,564.347042909499,549.078058765851,546.659348384636
"ENSMUSG00000028553",1.35003626317954,4.37312508724616,5.32514648244786,6.63786205252893,3.14781742929155,2.5805335852297,5.24811140076088,1.95713992052127,5.57609137040165,0,0
"ENSMUSG00000028555",1514.07934282145,1503.60990627291,1515.12089359382,1958.11893519823,1431.13536175591,1706.16528045895,1484.85138186028,1644.19996469183,1799.78835925979,1657.77188794988,1873.86187812022
"ENSMUSG00000028556",1163.59024955107,920.249199976648,1204.37573243772,921.003847476744,1226.78600983253,600.079321134546,954.092933597179,841.574957898199,1163.55487697271,1100.18882828556,804.418055877377
"ENSMUSG00000028557",360.589266017452,315.261932914571,343.383385845488,334.155723645441,414.835020652978,332.843603440218,390.728757164282,367.330433008846,322.631813145259,407.672315899472,316.060914763881
"ENSMUSG00000028558",2.21158116110248,1.28200201500186,2.13405141322395,11.5912111216689,8.89191693054815,3.05425302281532,2.46575465026472,5.54449234043273,0,2.27677895554178,4.60925322532068
"ENSMUSG00000028559",815.92016563224,729.650330789867,781.466510862976,755.109718270522,1122.67190747673,727.68203575746,700.350685056791,852.258052082049,828.806088391297,978.265608193365,655.952775824024
"ENSMUSG00000028560",429.547073399608,474.715260601513,460.375723008538,393.500775791296,405.57036895185,412.169827594439,485.789460036838,417.809242836393,519.138025387112,466.079497985562,533.640429751433
"ENSMUSG00000028563",479.246045492147,365.472282346117,342.04289032288,366.327832708623,293.927615608481,319.477787204941,388.159167112237,387.652878448114,366.17164816947,369.606721463799,313.843883253164
"ENSMUSG00000028565",177.201647979827,203.562634870882,252.868401828133,210.922305520958,195.089521197403,133.190884208297,211.040341200862,220.263760491151,174.475425726827,204.459202331644,184.97126563969
"ENSMUSG00000028567",166.948915889655,204.1670350654,207.380749224292,235.154173664627,214.034989904936,196.782081189328,191.862317160951,196.325122637578,216.958558817394,212.946034424759,125.421397405226
"ENSMUSG00000028571",0,0,0,0,0,0,0,0,0,0,0
"ENSMUSG00000028572",552.156790197332,507.096932205906,513.530351545146,553.27219019939,349.645260159969,268.100931926882,693.824988232212,419.223440156647,479.016803694475,436.655772968713,658.226118641787
"ENSMUSG00000028573",95.6077974942091,122.629695809353,165.552796146954,99.3618326548497,52.9602986252657,41.8858938895598,115.523419585238,70.0677507976783,124.659033174712,56.6456418067863,114.760029467005
"ENSMUSG00000028575",1.48841896310642,2.41089774522255,0.827829662446986,1.02865233594381,7.13857438461478,5.01676974351012,0,3.85301332894225,3.44882146832666,4.21887816946847,0
"ENSMUSG00000028576",124.493028280101,77.7454953606885,127.575193726871,88.5446203398704,123.016108582266,85.7077372340427,91.2053278898359,88.7086994924339,111.411068142304,94.8286453963693,101.5620103837
"ENSMUSG00000028577",1041.18809134987,839.27870216694,1043.03809060357,903.446632406778,876.41671096441,851.565229688377,872.095875956458,813.720027824178,1083.08995589478,944.437953161769,1042.91292799077
"ENSMUSG00000028578",87.52339858209,81.1979821389057,99.0971156651099,78.0033690073208,84.0862389619928,71.9387233374632,85.0260243743094,84.4327469426533,101.777490005939,86.8021085316211,84.6527422718226
"ENSMUSG00000028580",779.654053874729,635.885134457763,686.852456709285,694.659247409981,835.302990850376,637.998443868368,684.131540545829,765.803237355012,657.978667903581,763.634855379869,833.970526095594
"ENSMUSG00000028581",232.240926763838,420.786539729157,153.068493037236,149.698800072425,176.870403474761,391.878152705807,112.24385167131,155.927798550445,165.703742133027,237.656142740916,118.581752163713
"ENSMUSG00000028582",685.378962512558,779.880898298563,836.573703442054,814.81709913281,826.353786684227,911.431292660177,847.086124130268,838.87905891561,824.364249435026,852.709866711542,808.887896361746
"ENSMUSG00000028583",13.5946755896914,17.8447481551865,15.7153370370703,10.9335133423502,20.5018506515165,17.7985255577046,11.3368413426526,24.3864321520841,7.38561056405539,7.66333915228687,24.2689880158356
"ENSMUSG00000028584",3.3856851906987,0,0,0,1.06211859778422,0,0,0,0,0.944043922856622,0
"ENSMUSG00000028587",1.37119472766742,5.4015295031164,0.886463571392524,1.09427313888325,3.15635184802455,2.56560681077311,8.24039287758442,1.97599262344785,2.82153943229289,3.77517297198502,1.14161123573657
"ENSMUSG00000028589",0,0,0,0,0,0,0,0,0,0,0
"ENSMUSG00000028591",4.41963819834087,5.18752270813502,12.124973004884,9.69610137910234,6.80820937430564,7.21571169388575,9.93424924470109,37.0649650251147,21.1045827738122,6.8526453185236,9.23858519083778
"ENSMUSG00000028593",0,0,0,0,0,0,0,0,0,0,0
"ENSMUSG00000028597",27.7213750130491,27.9556290085682,15.4715687598563,19.4089130856979,20.7468903004019,12.5639119613647,20.1588189908314,14.5828778574901,23.7705240610942,17.7915585555518,13.2259925995835
"ENSMUSG00000028599",46.6343951985852,72.1860472991082,41.6192554196567,36.0300882594733,53.0153262381272,78.5095275571557,30.7476460774103,47.3237633486977,53.7536636132139,43.2765780862362,44.6231232521594
"ENSMUSG00000028600",41.6480610327965,48.3812643286601,27.3737948745497,105.662389586873,63.0341299604941,86.0231899438769,17.5499558467485,72.8534759005897,29.3554293894797,58.0063787028346,48.9233485550685
"ENSMUSG00000028601",682.474218331165,748.284317638886,948.169106954847,820.648420700942,915.016281698844,877.904637239301,779.431579368105,719.688546661596,735.911120936505,889.532375180109,839.466763632811
"ENSMUSG00000028602",1.02460642691156,5.29255730358082,0,0,0,5.26834280517886,1.54696070736658,0,0.768658160200473,0.766571819558076,0
"ENSMUSG00000028603",2081.69490613526,2224.87633097196,2230.35156797192,2197.01829783958,2054.92585156005,2226.48517404568,2261.95522230971,2136.20223429734,2090.20084707048,1875.15838422827,2055.08337090184
"ENSMUSG00000028607",720.04823647364,684.944686842676,696.864834893561,839.521601320086,676.506976641342,664.813373561674,726.132593618716,721.484057039497,703.2723247297,762.71050330362,616.383373284672
"ENSMUSG00000028608",166.767555504636,211.489097782524,217.968024374254,197.509630595077,256.71487279448,198.954038963019,233.263056395067,189.452975523802,157.261289726031,183.701671814864,154.217142877057
"ENSMUSG00000028609",93.3517492352967,101.10089423197,101.338101630217,102.193891782024,104.665718249304,126.295788238128,115.702611604832,83.498925910252,99.344928437564,85.5625971231678,66.7422246342072
"ENSMUSG00000028610",0,0,0,0,0,0,0,0,0,0,0
"ENSMUSG00000028613",48.3107078484799,52.15089777128,38.8599429941349,75.625538158124,35.0582352068267,71.1572694903943,40.9810228286153,60.7784831524041,60.1611253854958,55.408857728123,84.5725723385768
"ENSMUSG00000028614",54.1004774305976,42.0946783252897,48.721347948718,25.1979154904475,67.5357746539249,52.4128842059327,58.9584976068057,38.3739036897108,44.927125176199,43.6195340949568,37.7522062376145
"ENSMUSG00000028617",247.642933731745,220.112477841196,267.998155821158,194.454670711179,210.067818737732,334.902487320557,310.38210477868,226.566922670437,312.135772817593,322.031762205666,330.866498423406
"ENSMUSG00000028618",4252.23940462864,5555.44214588708,4880.20246901076,6007.57812433682,4727.1871611253,4797.71703960316,5168.2981317893,5956.79999963161,5584.62829756292,5037.35167255546,5264.9356779868
"ENSMUSG00000028619",91.5906030358268,82.7844055183456,96.6314664943097,99.9431569409675,109.112693560962,94.9938253437979,94.2818623419871,88.9989649335799,97.6343678321874,104.599154359292,107.261793582405
"ENSMUSG00000028621",25.6209196523958,48.2406263025152,34.7954905539779,31.6627760799292,61.6442298598657,98.8446933082209,74.5102592002463,51.6505180054851,43.6154531840866,40.448175249718,41.9670158473687
"ENSMUSG00000028622",563.599645993122,622.966710564002,557.483237124131,528.964520868081,536.605908443935,588.542733733169,595.640801681066,593.066367948163,520.793478070187,515.979063169091,536.521713017096
"ENSMUSG00000028626",77.111134629739,42.2057187408571,86.9510028158947,46.6226557094084,89.010757899524,48.7500235646561,62.6745369789413,45.5422404836502,80.4502820312571,64.1058878805572,65.0253176163264
"ENSMUSG00000028629",36.5818480715779,110.989280825118,89.8386660232753,129.24823528796,63.0838638052707,43.2159052211734,75.4704598303536,68.6017716629743,87.669799838527,36.725422640793,76.9519039985638
"ENSMUSG00000028630",249.976812187395,196.187807463041,218.649400890315,195.323234982733,249.421242429845,166.275164064042,251.935376854467,219.368777372283,242.685996792968,240.676229485722,241.096799229644
"ENSMUSG00000028631",35.2431828446606,10.8343208451757,15.0821481268702,11.9588948007467,9.54202287001986,12.8485657180031,10.2292954837874,11.8149129888102,16.9970230543681,2.8099374595812,11.4118843758214
"ENSMUSG00000028633",248.467477781012,202.356712947644,140.080339538495,138.83989444203,152.002548173283,163.460676689128,130.730554319032,109.60239806146,185.057374826848,136.080669446825,193.507437075737
"ENSMUSG00000028634",376.918442247051,358.595740554726,420.354810150338,315.330755146419,413.235275477178,299.3680273626,244.722527143657,406.032308971685,307.391762398111,323.417338231277,300.499051172331
"ENSMUSG00000028635",0,0,0,0,0,0,1.04451502162478,0.973565267722463,0,0,0
"ENSMUSG00000028636",131.976870267176,242.955058166775,128.433449297214,163.850015775162,68.9115644690953,203.862107935793,156.59684663568,100.409745350699,169.671118400926,127.729636627435,231.29574720738
"ENSMUSG00000028637",1.19625401208802,0.773843388811661,3.13072003356293,4.42963811932284,0,0,0,0,0,0,5.19500361666743
"ENSMUSG00000028639",4355.02620453514,4993.2093956945,4508.16169351102,4976.31499263099,4954.50855426401,5207.71181017318,5147.11477492309,4899.90277228125,4326.28133629458,4820.12885951869,4753.0838558597
"ENSMUSG00000028640",143.524353763387,120.013571360833,192.099285824872,91.5872483689766,168.194904100543,79.2275544060384,171.267958179083,145.511416586129,133.54063630912,114.812585198942,139.1288994982
"ENSMUSG00000028641",216.960809803729,177.306306661769,172.834238762037,164.984938481276,205.342413206085,194.838829754624,148.903013397895,183.485525605287,186.349960115597,162.468183292921,103.134077586587
"ENSMUSG00000028642",0,0.909012535441439,0.754686119847059,0,1.81176342193937,0,2.67462903354661,1.27291782407698,0.800386775179366,2.48779925090128,0.985247820896882
"ENSMUSG00000028643",52.6610268546214,92.5125007214732,71.3877229563985,57.7763055432848,81.25001478927,60.7999451264242,76.7089813726086,72.2746456298542,58.4494195330026,66.8381997370372,72.6903164366265
"ENSMUSG00000028644",1.90819909246745,4.98110665935429,2.45994230236412,3.03653264946403,3.69501565419841,0,0.947898023580854,0.918244597074857,4.3803735841277,3.48696833234928,2.41555885028752
"ENSMUSG00000028645",2480.76201139065,3185.91544207177,3032.12627141923,3040.96048449194,2221.67663433649,3397.72610924435,2350.97604168635,3068.44938805327,2847.07071508725,2989.51921978671,3359.30101407881
"ENSMUSG00000028646",448.628412524615,403.773997243812,502.107898559716,541.479278823788,515.420830193081,399.713061962529,464.232674781412,499.569486626996,520.968029111551,534.187161190361,586.890365608384
"ENSMUSG00000028647",64.7461878168453,58.7558118126353,64.4271056278477,52.6770463027315,65.8239756635672,61.9547867580591,78.3955708010482,74.1616035317953,50.7196454472047,46.1516416821525,60.3649579522515
"ENSMUSG00000028648",213.700986465662,247.947131868832,195.116451616695,227.571357035178,199.777106918102,231.956521863463,185.940006240716,222.781306240558,204.35880994835,163.775060486201,160.708695258626
"ENSMUSG00000028649",1734.63410169897,2487.24540871323,1774.18281553413,1828.9788526841,1993.18954243603,2135.8706308061,1846.39827450289,2110.83854148204,2015.67938158504,2097.87174924477,1700.96338798229
"ENSMUSG00000028651",194.091045274327,195.320742469149,136.773863188086,182.322162739768,215.864404723056,178.845034670684,182.883059919562,146.476815961699,195.850797800716,189.923577457548,211.735552042061
"ENSMUSG00000028653",205.207659628709,264.611567870951,229.399533680043,229.824444900634,247.456294512258,235.153149768639,260.675113345479,315.594321363123,230.87286802056,235.548699556287,269.34507629187
"ENSMUSG00000028654",6.82509316172943,11.8935146353497,7.94903889246996,4.36020400402304,2.11667318339494,15.4901433777504,7.19723541990498,3.94089642885318,8.48207137158891,6.62302832382582,18.2497220638112
"ENSMUSG00000028655",1219.34053608492,1902.73344088925,812.796757291169,1002.20757654678,528.590079040433,1735.81544248446,914.26885182735,1684.28415247863,1385.14667953163,782.074408300628,1114.89522859484
"ENSMUSG00000028656",3160.78750295914,2766.26384227164,3693.1208731935,3108.8698040353,3552.39113932815,2843.10019395586,2920.92700562132,2583.17227599908,3077.39026373066,3220.02675584069,2949.06674832482
"ENSMUSG00000028657",831.560480807119,912.204981397456,977.711717027306,1029.70557106227,818.197930122883,911.453027316731,880.126600228037,894.720010580924,994.214498731455,940.555091482161,874.179046911621
"ENSMUSG00000028661",7.5961735814643,3.2493820290664,2.66852948891151,18.4430232327927,3.19085263713042,16.6191095936196,7.16650141147449,7.8847668664924,26.4503645975041,4.67997409328155,43.3973238693134
"ENSMUSG00000028664",13.8179991714474,7.57833393830505,10.6522616155358,2.17589887257177,13.7586829166967,7.71417287476785,6.13812351485197,7.88946972351805,2.83407270741186,6.54933794787073,3.42261603019961
"ENSMUSG00000028668",1596.47868828365,1764.13380584994,1564.96555109482,1931.42018094804,1517.24077544461,2076.90312561365,1607.02548696221,2383.04613390268,1898.03131255041,1667.27485266895,2168.24676241059
"ENSMUSG00000028669",118.914511008979,153.628920805776,144.843457512817,118.010395017543,145.67468031445,138.524435220575,157.464580372925,104.704481047223,157.125908328945,122.192761926564,180.005750723914
"ENSMUSG00000028670",424.597423447858,455.920373035244,387.803616251518,443.904086007508,373.860524764719,466.590206430601,423.001977099054,410.246322217756,394.586719997403,413.370924184631,482.785429675099
"ENSMUSG00000028671",1296.1301234951,1404.14436463447,855.546438123176,961.783307331845,798.647719695285,2187.25835149272,1017.07383550619,1156.23231895085,794.912557206715,590.321943062591,1695.04013273667
"ENSMUSG00000028672",1710.04563853582,1991.77135656891,2373.60522732958,2429.37944953143,2110.6239398612,2321.77840709775,2200.46275719469,2160.90677875254,2565.35786091621,2470.53616331358,2280.060031971
"ENSMUSG00000028673",2645.10339036504,2657.78714370846,4138.3748787523,2992.62574737294,3604.96716127397,3601.97391025495,3103.58507719086,2307.49372821109,4056.49113368562,2874.69656265119,2669.30161296198
"ENSMUSG00000028675",673.793371705114,637.85549202024,635.926364149783,514.882568272759,750.154692744873,569.37089355105,662.684743464587,563.084665595288,697.583244570936,522.673918624826,744.196313973217
"ENSMUSG00000028676",372.610129596902,336.96409906801,342.731523241616,338.179571981056,280.422607692109,383.750174954259,356.312099091784,367.249331380948,347.441687643576,319.978550830031,409.529456457324
"ENSMUSG00000028677",423.400818888315,589.231880378989,510.365847268912,558.038906341649,543.383580106503,573.07688760888,541.475665690086,562.872773281558,521.50178806946,533.127288944847,597.776632937222
"ENSMUSG00000028678",10.671143713346,19.3493608506084,6.71152082672358,7.94310707290992,9.85804355717118,24.3123286493856,7.45022493690773,9.25136839709491,8.81372057797531,3.56475442282927,0
"ENSMUSG00000028680",177.689152303415,222.860474661499,307.033434406557,200.245984894388,208.204588387144,215.99592456973,203.356302279006,205.639312394839,133.799176814287,214.420977965754,119.567004615556
"ENSMUSG00000028681",10.6644255929857,10.4120112828819,5.99760531056605,11.1955841976444,9.22801081139975,23.3028212020818,18.6657452066288,8.53049818376997,11.8193999550714,11.6679193261739,18.707768875198
"ENSMUSG00000028683",163.784269532175,158.746010421753,148.485437175944,160.930016542422,158.389979058055,158.64662537405,142.667165019077,170.387235879432,186.298116296231,132.628519023186,221.59750289348
"ENSMUSG00000028684",856.255503786038,1061.91790179487,1016.04889239196,1106.17294579479,929.556272404869,1055.38772186605,1045.08611736044,1121.83967064668,1102.59647316746,1076.0012709083,1070.77454968332
"ENSMUSG00000028687",46.2001884687888,14.0791569416004,13.1299594504918,7.58028750033881,13.8842695604328,17.8146744038167,12.4621984473644,11.138608867577,27.6435793479474,16.3116852012619,11.9487632535906
"ENSMUSG00000028688",236.733530519165,204.54732007566,223.924484964917,235.436218473935,172.362529689571,198.051627480191,182.831477244039,188.604422099312,218.631186805212,215.248481489538,197.637770134725
"ENSMUSG00000028689",41.8625043756414,57.372479439848,62.2252625520334,56.4767157725318,41.2074316179207,69.9022135461266,37.0884944667352,69.6565872300124,44.415640402483,49.1898525115395,58.8090396219455
"ENSMUSG00000028690",71.8399618660702,74.5814151776982,72.1538756995091,67.223624451668,56.0376992827793,95.8884698409497,71.9906190543509,72.2922365480454,79.1907534274528,59.9938947245493,77.103580528509
"ENSMUSG00000028691",3784.45668436415,3444.55153940052,3849.13222180417,3717.43595381881,3841.93728798668,3442.50516782754,3857.34138628975,3641.36458584644,3728.48804587987,3483.11861513171,3166.08235727887
"ENSMUSG00000028692",4414.22712935715,5085.24730065718,4712.47145188616,4792.94363257862,4506.07258172451,4579.76979036485,4909.25806152716,4401.97748105914,4274.79384792901,4428.64747482921,4680.28600855997
"ENSMUSG00000028693",534.05160285779,556.561857558274,561.458887719357,510.445839706278,495.72920394383,542.611545931538,477.396772894919,468.421441423527,565.818378051085,552.734659950086,586.432758312642
"ENSMUSG00000028696",152.553370976779,156.239703711805,153.723910460342,162.893336035128,117.775507224287,160.903585203118,160.610819257125,181.012807451585,163.606853881098,170.138698982439,157.377479208713
"ENSMUSG00000028698",158.918917446456,71.3360324702488,158.956289842275,70.0515340177887,39.4871837807494,193.614841594742,142.259207721006,45.9305432452162,92.9868280142394,95.9160053669393,199.797033808904
"ENSMUSG00000028699",64.8648395620644,76.7079692127919,119.823059773556,99.156736576594,89.456808327813,171.133272521077,85.2444827383901,115.533933098582,68.7930554534612,97.1820053575436,157.177537811013
"ENSMUSG00000028700",1006.26421474731,1175.67375702228,999.601643069573,1092.31494127439,924.178060227038,1281.19455042552,1125.14009852492,1304.94405130098,968.811586955103,975.760828886733,1240.02621592139
"ENSMUSG00000028701",116.671943129557,99.7242711472013,121.780290547052,112.770180377102,124.060688629429,106.646881628881,129.230017288076,206.952539014062,124.23785378458,135.566392825368,117.351527161328
"ENSMUSG00000028702",15.2662262660615,12.8796263571389,5.32834059864009,10.8902078632455,7.38700222365164,17.8583533260293,10.2045198701041,6.95638607423244,7.56576496360777,8.44229040359241,8.02504907037554
"ENSMUSG00000028703",916.471000397357,804.811686862571,971.400911008239,906.144412482873,936.415360862524,757.354635473149,1023.86276897803,902.286604719667,1037.47159017025,960.736081551426,1020.87554558848
"ENSMUSG00000028706",107.317920939943,110.107692727842,110.876737245913,103.277672291452,108.291011378394,147.58017257875,176.588839477667,134.832696771291,123.844843725225,122.373898043944,117.649132395214
"ENSMUSG00000028707",0,0,0,0,0,0,0,0,0,0,0
"ENSMUSG00000028708",269.07285435658,244.141933963102,311.251356902818,355.24896165625,333.019023541927,397.108165935433,261.000120340961,295.253144793456,351.908128376842,344.759160257093,485.822611168402
"ENSMUSG00000028709",70.3688688692788,111.599241596227,110.483398662562,119.327599146611,83.9080556407752,166.039424568081,112.857211838475,80.8255929010063,82.3426636095679,81.1927797608249,131.300310931922
"ENSMUSG00000028710",221.969687377022,117.285770892506,126.569430022857,119.711250170446,168.918653513455,170.20464830595,138.759496469502,139.892693703209,223.322417168352,149.297502605812,126.473167370966
"ENSMUSG00000028712",0,0,0,0,0,0,0,0,0,0,0
"ENSMUSG00000028713",187.680827757889,238.253844953445,313.329066678924,286.220842727994,311.68772536127,283.933695543383,265.698863181335,296.957617452227,409.8336654153,365.543925671039,318.45036794588
"ENSMUSG00000028715",0,0,0,0,0,0,0,0,0,0,0
"ENSMUSG00000028716",149.485142178343,233.427207642816,168.720970441998,219.671456653141,113.178472420362,217.261199787192,226.524320982144,220.170300313867,186.655854088326,204.737115915466,216.962924664781
"ENSMUSG00000028717",2.92491789088667,1.55225897170522,5.52920320861619,4.67916952593808,6.85832466548917,0.925447241294626,14.3082055057526,6.47925741601308,0.675854295183719,2.69774807046063,4.11359210789284
"ENSMUSG00000028718",5.87267505179333,26.0059608732079,16.1107076674325,16.7899661498509,22.0504786317757,22.0807468978385,17.893063714459,21.6130172645114,16.0879844467678,14.5177814361278,12.4432853937126
"ENSMUSG00000028719",693.628830805935,646.791200036689,727.334003236787,665.884673746408,770.672839018465,550.630770939036,798.264620338307,687.251877223116,749.985638375684,769.685683157176,735.678258676433
"ENSMUSG00000028729",498.888256328088,749.830917191642,512.708448934336,682.37742001462,518.700880877777,748.93320866566,597.944631611233,622.638006757406,572.358658594283,512.370521722722,713.819253501074
"ENSMUSG00000028730",0,0,0,2.17901827504019,4.21240410065372,0,2.04423214525595,1.98495997212597,1.89051569672795,0,4.5711876977405
"ENSMUSG00000028736",0,0,0,0,0,0,0,0,0,0,0
"ENSMUSG00000028737",561.171130043687,408.215154855025,529.350529936691,484.518816820367,406.782102679755,490.13224367963,538.402010697639,433.946273589175,579.978036134711,478.057361886107,587.251120379905
"ENSMUSG00000028738",0,0,0.897907158212713,1.09901546779493,1.07318658687058,0,0,0.95382958603483,0,0,0
"ENSMUSG00000028741",189.426733800074,236.007048772763,185.732152710246,168.447776585669,156.099027874763,157.031168105773,189.809790624452,176.457456769273,175.264392672805,149.292678788806,248.307796398966
"ENSMUSG00000028743",686.369070374263,721.941402556395,779.259415979177,865.48379794211,727.476437990578,836.830428458133,786.394364775425,875.925641692444,746.50710012581,744.494380991828,618.07305271381
"ENSMUSG00000028744",224.555920686303,154.070434295002,265.838552792512,319.659020658715,202.462670049475,199.75535773388,260.168603426587,176.827712015526,132.158952850854,174.338552635548,156.278824883631
"ENSMUSG00000028745",1811.10686496551,2126.45547454831,1912.60987055426,2080.2821873894,1869.49237036811,2145.91237703001,1898.02278748622,1776.95411448093,1873.86159896086,1867.54685442972,2008.29804258993
"ENSMUSG00000028747",0,0,0,0,0,0,0,0,0,0.936366945291053,0
"ENSMUSG00000028749",0,0,0,0,0,0,0,0,0,0,0
"ENSMUSG00000028750",0,0,0,0,0,0,0,0,0,0,0
"ENSMUSG00000028751",5.89172833937173,3.19826479665674,6.11828231542025,7.7101383025311,2.16491125684133,1.29729098778679,6.27864059820879,0,5.50695771773325,4.78351785926103,1.162074854834
"ENSMUSG00000028753",0,0,0,0,0,0,0,0,0,0,0
"ENSMUSG00000028755",81.6863988284978,84.4541402854354,86.9465091036209,109.162032145761,80.38856741205,98.3960947007052,101.751421926198,97.312999506031,74.6076456427114,55.7516813698126,117.671885528083
"ENSMUSG00000028756",2267.60284045326,2362.98015939424,2487.7709546971,3159.00582432797,2611.23643368397,2435.66590981709,2764.80709925332,2610.01214305835,2682.05522911801,2998.31190388606,2724.4987269099
"ENSMUSG00000028757",2016.56397544973,2517.34339068601,1923.2297436559,2116.77663656665,1773.49785512504,2363.38610001573,2129.37268112472,2415.44196038405,1818.89807663018,1808.29436662065,1879.86539515923
"ENSMUSG00000028758",1.53716039914453,5.76007670803707,5.6766345983397,1.23781333474311,3.62446692203804,1.4623091556907,1.16522198965249,2.91175496537177,2.79208587720841,1.06511815920764,2.5968495771342
"ENSMUSG00000028759",1199.44317584912,967.792660186059,1267.24986485048,1249.97054731208,1489.02554694281,1167.44844078441,1286.63934505429,1089.41194062585,1102.99371743574,1340.82083059488,1286.95593715445
"ENSMUSG00000028760",3441.86244971975,3623.89364680858,3416.5282682537,2868.66550417645,3375.64116290913,3188.18643019837,3406.4471024159,3555.79921788553,2692.76519842334,3066.90336342224,2956.67008787439
"ENSMUSG00000028763",1858.30435913823,1402.11371755783,1578.31309470215,1382.98248333933,2242.24889440966,1534.56379623897,1377.35345513566,1920.8584611751,1600.13054594005,1660.09915509507,1631.11134925633
"ENSMUSG00000028766",223.626674605488,184.044904972769,314.687726044036,216.814726956674,378.10080273882,200.710972378385,237.312222981726,401.916757259038,428.966607253659,223.116894334303,385.555514783276
"ENSMUSG00000028771",621.759525195361,447.403604555441,562.405880526704,513.083039860315,746.840610776105,435.35355700095,578.472960497191,572.105374016664,549.87012798286,672.747568084917,485.782318162873
"ENSMUSG00000028772",245.166616029026,244.748910252171,211.062040171599,250.124170447276,222.931375539786,238.305534746111,258.861930284223,221.604304810621,181.440886477113,158.882526264946,228.631618471562
"ENSMUSG00000028773",46618.2059857976,87837.3139709953,78457.5462259355,108516.665653209,33368.3649427283,71389.0829098455,63189.0350674742,70032.7238823522,95602.3859338869,72635.4610999883,94409.4647742468
"ENSMUSG00000028776",442.228796849875,620.343154074868,607.852544075172,748.970165199108,519.802578561622,669.602741084848,562.836547797466,728.13347650643,548.065968115567,567.460307992318,932.298936846596
"ENSMUSG00000028777",2.04345224975852,0,1.80035607929922,0,0,0,0,0,0,0,0
"ENSMUSG00000028778",6.90237328031159,1.08148546009382,7.9799861795495,1.08971610075298,2.12829122972662,0,5.13539642691295,0.98045432762411,3.7602162248841,0.941426482068248,0
"ENSMUSG00000028779",494.485851043449,510.272635812398,547.089300757612,594.351007621148,582.125265140681,581.560840153149,528.372906047884,503.722495916489,539.637344034232,516.583408526814,492.952165303082
"ENSMUSG00000028780",96.6941723379718,55.2065200767771,91.3727951971065,44.8888282297939,71.4008899332647,24.3438441055661,85.7112186546395,54.2804568481854,63.8403880820389,70.9118616139052,70.6547439016629
"ENSMUSG00000028782",4.2398166042969,6.65578424604958,16.5896170876467,10.5935264084181,12.4288957705529,2.59831547262562,9.00670268068004,10.938744504969,4.83456175761111,5.73865736866249,6.68231096823678
"ENSMUSG00000028784",0,0,0,0,0,0,0,0,0,0,0
"ENSMUSG00000028785",3.33177301489522,0.959281760951415,0.731641115298165,0,1.92686168045603,1.59115651122792,2.56336004792813,0,1.13072982070391,0,0
"ENSMUSG00000028786",126.369080454783,170.404267334489,116.852194087295,105.919818047134,47.822203404918,153.495328320752,69.7951503058432,142.215367806494,124.66222133456,86.4467073433861,205.868251146218
"ENSMUSG00000028788",839.04605546063,755.55334901362,919.134460987259,913.675181881224,946.985406840354,837.279821811081,911.626247254092,801.425880273359,806.157667009311,940.430508444858,890.301524394
"ENSMUSG00000028789",39.3931223363584,22.7330744604847,17.721477062366,18.5056658247081,15.9348767130675,25.7369170972505,36.9523282113325,15.679027242993,29.1309049963623,18.7965410146102,30.8099491410101
"ENSMUSG00000028790",398.509616221983,423.296480575697,323.542641511991,379.615518743109,442.450890274365,492.643525962656,409.603093642288,425.044554128589,404.537664663395,401.78411368278,417.759806978802
"ENSMUSG00000028792",1158.15787368196,1165.43940553356,1030.66994472493,1209.28904507129,1134.76602121675,1294.00962380604,1247.72990317957,1311.97201558693,1106.62689034372,915.169221183984,1317.27419105964
"ENSMUSG00000028793",1005.0421215923,1128.10704253317,1054.37461584138,1080.20253853479,1094.20471664935,1010.13696095727,987.493917651548,1075.52634307457,898.333102122979,1137.85326811187,995.393079405138
"ENSMUSG00000028794",6.92107422240862,4.35065988180055,3.19300053883314,1.1042187959727,2.16130250800799,0,6.2318781533895,0,3.8035669073673,2.86510329204119,2.32395862546621
"ENSMUSG00000028795",70.0113264356252,102.244642168029,113.083029195928,121.415899410175,124.197883669641,97.3702120968429,82.876683854663,100.153941307416,143.999282366419,96.618967876828,116.784451684791
"ENSMUSG00000028796",538.976207047309,459.911202014822,571.948255342978,560.704458100819,623.276889329667,451.230735851488,744.003741079417,413.538268647521,420.861601224254,567.439591790931,551.232904862921
"ENSMUSG00000028797",628.35456596124,686.897373279818,707.787222730359,766.035772803024,688.881168002848,711.190824528461,602.328736532894,688.469886257946,643.131022719297,659.532981818087,703.270440400332
"ENSMUSG00000028798",1709.31066744166,1917.10313625343,1875.79682937501,2078.33806314456,1834.42951858065,2020.34500099691,2116.60613116801,2030.81912312188,1826.25389502985,1709.75451371347,2022.77518768246
"ENSMUSG00000028799",229.827021216306,232.143143212035,258.041772540625,255.745249092642,282.17416315737,256.236636731894,242.396742690916,266.380280159578,235.365948790562,317.704008879136,218.572927744142
"ENSMUSG00000028800",820.329790436867,974.251996572254,735.876843288904,793.49912415187,714.382818701583,883.770273079596,776.553415638923,774.752596108919,781.700667869427,742.479845625017,791.449961382461
"ENSMUSG00000028801",0,0,0,2.17856829141351,0,0,0,0,0,0,1.14076247758898
"ENSMUSG00000028803",101.128682169264,44.033943080857,93.6104882723994,196.729806352272,157.252045463555,66.4423988767008,207.334371881903,74.4394041665205,65.1803037800798,93.6054725303302,124.463814960418
"ENSMUSG00000028804",0,0,0,0,0,1.28191223901898,0,0,0,0,0
"ENSMUSG00000028807",1099.59393576218,1159.58463268415,1858.85967615712,1735.36363137435,1651.84400501385,1191.20591967768,1652.81519466535,1314.88562996459,1566.39168253349,1855.4027327104,1567.94445105515
"ENSMUSG00000028809",1236.4274868915,1526.34337171935,1327.06477162696,1435.48241807306,1326.74693566744,1304.99713916221,1360.90677346557,1514.73680941837,1421.1884972854,1339.60367731466,1639.68610398156
"ENSMUSG00000028811",659.460578719453,670.299182977709,691.073189573226,708.361197723807,559.507916717024,968.422478885121,683.881571190448,766.595398214882,549.006580740485,488.838204197417,900.765730029038
"ENSMUSG00000028813",0,0,0,0,0,0,0,0,0,0,0
"ENSMUSG00000028820",2520.60887253529,2016.2433295524,2302.29793064587,2297.1947209481,1842.5329406532,2013.65455688445,2211.13642188504,1836.56075563504,2020.9840672836,2209.31179778747,2327.56966585825
"ENSMUSG00000028821",684.065002979583,633.58735932297,724.22463927915,745.662617924532,712.205783722606,668.787279446556,706.885800110068,723.278172881644,706.465795949358,779.476922612043,675.986673832871
"ENSMUSG00000028822",470.141851381333,494.344395202969,513.540075349471,546.623475427045,541.867059197588,522.855760820877,504.747177545406,500.119474121575,534.526277285729,587.947809470734,481.213513354475
"ENSMUSG00000028825",0,0,0,0,0,0,1.02960297400803,0.988916441588331,0.945565460964012,0,0
"ENSMUSG00000028826",1179.00025105595,1164.9305418414,1330.60545245887,995.071094763317,1177.96313518755,1000.37517165315,1258.73198179748,1267.47182568701,1203.80800719434,1257.76725042924,1247.93716275228
"ENSMUSG00000028830",1464.4492044336,982.971186829946,1255.11123361253,1338.36974253137,1431.82343952792,1433.7095509063,988.770715177618,1360.42902921475,1656.56396920766,1414.15079465157,1352.03339179045
"ENSMUSG00000028832",178.105198973118,123.86617076913,220.829669111483,223.195310965356,209.243094406284,136.648234228622,180.794886424498,111.830461529506,195.375138419502,256.325271237037,113.502329803536
"ENSMUSG00000028833",602.442793430765,404.945575129161,418.711576672535,408.388895488569,472.682848945898,436.163183907104,361.430429703123,390.372175635766,503.550326384171,517.722389449921,453.622256137994
"ENSMUSG00000028834",71.5811031471617,2.17070387718143,5.33240967672075,21.9887549817932,24.2334600674635,2.60301080252698,7.15891367245891,1.97614530139101,11.2235484341577,25.362827483959,87.4810075960208
"ENSMUSG00000028836",922.123996441174,886.755550519873,1222.17534699223,1458.79095147446,1182.53060789602,1090.83711376878,1284.8597613001,1340.29269952142,1484.03085494746,1687.72058978597,1496.73820937182
"ENSMUSG00000028837",603.988398307087,673.181317105977,519.369666673579,522.346313890055,485.135877950031,637.126069697683,540.003007064816,543.229201000813,545.10628338704,500.944031087321,551.162316465747
"ENSMUSG00000028838",304.284750155006,189.480336638561,198.126311881624,205.358460208009,152.10393601877,158.819272316832,200.746912515827,264.452253624086,197.967750512988,220.139139304463,240.969721364304
"ENSMUSG00000028840",43.6613470677043,31.0188834280823,55.4492769449774,54.0373107889082,44.9561511040435,59.216246870025,56.6832518255921,46.3419038763081,51.6596524030405,53.5686274120514,60.8880378345689
"ENSMUSG00000028841",302.417072799539,343.287442921145,321.406989864398,386.048571530433,374.06533114231,340.07415537031,290.771282938173,337.119096109899,266.717188855508,409.943277452032,275.146498789511
"ENSMUSG00000028842",56.0757806558641,46.1973847931795,38.5502914152817,32.99197353182,26.419213900791,37.4852005192364,38.9581158821879,37.8706445191328,36.0338733607637,39.1169407388368,80.5883523264836
"ENSMUSG00000028843",116.849531118146,305.724615540397,191.006650644135,203.019537362141,202.715066777839,258.137820617859,142.523105407779,126.678285889472,163.454434820719,191.347022571877,179.873988445024
"ENSMUSG00000028845",7.51115373924965,17.1645585048627,10.603694689067,15.3260977505122,11.6065303494193,10.3267332614721,13.3134903511102,13.8722871238845,16.0649828939779,8.49191791789954,6.87067132753445
"ENSMUSG00000028847",586.947076206346,659.047011528755,662.067559304685,810.019074206968,635.841726501964,616.310928807923,690.908316408091,691.244736989011,679.066659816935,610.366965178364,691.016752069167
"ENSMUSG00000028848",138.009218672926,160.268118437519,122.470329996005,126.874626296045,134.295665002103,151.982466845406,138.545181485311,132.341931292421,150.897734255115,150.573314146201,142.286228633487
"ENSMUSG00000028849",1377.79890837278,1123.36650206985,1195.94578716368,1078.29359487383,1310.95457810135,1310.70751104451,1252.39435858005,1083.18319789861,1249.69802652013,1279.55286032759,1578.2276267698
"ENSMUSG00000028850",150.200654331948,178.998092605539,203.856619064035,194.392462030805,190.475037057943,165.686383280593,187.280699019348,175.933699466179,170.763804123249,221.281375352835,187.443550917027
"ENSMUSG00000028851",1045.36326285137,1015.27429130915,958.425968416493,1032.63340618855,962.300941877015,1122.35443040361,1028.40339255354,979.916440253331,967.334459609222,954.426913243246,997.201686377998
"ENSMUSG00000028854",708.363973908914,615.033619425937,771.134684381347,603.696626078403,487.529811605745,599.168791347644,552.632525222481,423.408093205343,587.86613874213,628.969975959394,680.832125496755
"ENSMUSG00000028857",206.114196798457,262.564852258669,217.442771439364,234.250331181336,208.894786888521,231.987182309472,225.832570695606,213.674007893927,221.90620886556,224.236182996408,218.183756627334
"ENSMUSG00000028859",31.0326123332509,54.0722897185869,38.9687048936414,40.3118689732452,34.8407372268743,52.9421425410636,21.4951870289519,49.3504983192502,41.5551001501121,22.4970131220524,39.8880825114849
"ENSMUSG00000028860",846.101852629873,1070.59751910298,934.544895928644,1063.97183868811,761.490184785317,1103.67352201362,986.047442463983,1297.74966281013,1009.81576687077,965.890807362764,1015.43580832803
"ENSMUSG00000028861",381.771272712971,491.913774979699,414.653338929037,468.198285430987,428.354216195575,470.429710503657,455.519944097981,441.055043155188,379.02775179529,431.532958806328,345.758372787032
"ENSMUSG00000028862",596.578234381412,489.936836727277,717.888717990114,840.369320101629,790.117111013935,601.660667523561,565.296847885102,502.284895684929,627.019147841457,1001.64799663985,766.567939232444
"ENSMUSG00000028863",97.5278104175765,98.3687596374601,93.41957205605,98.1114199982551,115.198048094075,119.675961676071,111.850512886436,97.175749924373,77.8029714153571,105.111732423535,95.8565978553931
"ENSMUSG00000028864",14.2976414511902,10.8692734216169,11.5181215019139,10.9742110402792,17.7966219350199,10.2535014377562,14.5499752258384,3.95736774511258,12.12210738652,10.4521630095303,13.6434514924961
"ENSMUSG00000028865",56.3675955052899,106.671245959883,68.4069974260501,120.203447908287,70.8055462177566,90.8765250867633,112.608056161432,132.239613617299,74.2610613778814,82.8581284940039,97.2236148470962
"ENSMUSG00000028868",545.722665716299,381.456836098566,582.243896420086,656.757664042211,824.229748026812,581.2758194595,573.597524179139,578.319161433304,451.857170020496,633.477345479871,539.607834293129
"ENSMUSG00000028869",641.216261864115,564.680564620752,564.200088188356,592.01002353813,575.190390798601,589.965359804014,534.698421633714,549.379782590461,654.904142666813,582.418344393902,758.928174444398
"ENSMUSG00000028871",6.79750631943312,3.21699551836109,7.94623326499317,4.36769793013014,2.13526249833306,0,6.18256086300866,9.76956143153691,0,8.55111743424327,2.29639396169976
"ENSMUSG00000028873",30.7488483941173,33.8983296824379,36.1422290238774,30.9968876319798,47.7133859254526,38.3781601133878,28.2910999167265,15.9638509629376,20.7758435843721,18.7467411753162,16.6704887677532
"ENSMUSG00000028874",16.3990282688727,43.1087621823582,7.0712856551229,13.120782595797,17.9376991859211,56.9756101161791,14.3421337980772,12.8574927463922,15.1240912093203,25.391313880534,14.8429601641062
"ENSMUSG00000028876",0,0,0,0,0,0,0,0,0,0,0
"ENSMUSG00000028878",177.579309213882,194.16835535304,220.132330769661,210.702392815658,252.65182217301,158.314806360079,243.559552999115,257.538559706339,225.222125816035,274.066555772626,207.96355998444
"ENSMUSG00000028879",414.019712531849,380.527133852459,411.066399869659,380.291585938262,467.158400028768,363.888546012037,485.157673444629,417.974885883053,472.272142667782,400.767354622104,447.165189018532
"ENSMUSG00000028882",216.696957647747,230.759292387582,195.355499012572,177.271627496312,213.763412321148,226.686430850844,231.823521418934,169.831903450903,223.363917605782,216.418735182069,229.191932318325
"ENSMUSG00000028883",5.77938162449522,7.13701136660392,1.92027598638388,0,2.95881545262284,0,4.86759525860225,1.0640775362948,9.66109899420898,1.02813187747484,7.40707255721446
"ENSMUSG00000028884",88.6696339860594,94.7464930679223,90.4950769916245,131.510913894416,85.7699256401799,129.486694706379,91.4297481599158,71.2317300236383,101.588242533122,117.295911865914,77.8105988982116
"ENSMUSG00000028885",130.12034235008,123.559662818557,113.923849581553,119.363837532694,114.040625859455,135.834397260641,134.362924364855,122.607171865066,117.996199226379,103.844223380267,121.29353200857
"ENSMUSG00000028886",312.643823844937,272.798808214164,275.353263582013,282.568943270706,274.441572568585,227.762672485965,262.711353081435,290.92109812885,322.359284387864,361.152509073663,305.117886791622
"ENSMUSG00000028889",381.466795550514,368.070559656604,308.890995982088,380.822536004394,293.948941249752,414.072394618471,395.448172933099,369.903920184671,351.489522587942,356.720370783237,444.60290202202
"ENSMUSG00000028890",191.844723110187,152.052204415962,150.944657490117,139.510626430583,178.448053671627,192.049252501397,97.6991350277245,148.057189740493,185.183652046441,156.355542650372,251.053760363661
"ENSMUSG00000028893",224.806686506969,162.917297601488,246.834686357155,150.27763729445,173.649383739864,281.430281827151,207.008740352899,164.346712642337,130.100033845469,208.582119272191,192.416725688196
"ENSMUSG00000028894",755.612328112201,802.988729744068,743.401629463073,788.364140288483,780.921701428144,901.524251728902,765.672594691577,930.581110978118,832.727774546974,750.179358754709,926.154911596324
"ENSMUSG00000028896",174.568364567548,167.310359743019,124.540137435251,98.0796562361794,116.502287079737,207.299928374792,150.364576179543,130.143159527584,146.425374439691,154.129514275896,171.501358687047
"ENSMUSG00000028898",371.737894223122,295.180280181525,278.162450241581,304.673894797832,239.242564988589,328.394041768219,257.127200862499,288.753790646976,240.207433986835,265.213785902772,290.413752253632
"ENSMUSG00000028899",104.503640531605,90.5111011178047,103.512448036702,65.0791758366016,99.6743812105235,113.925253874302,115.927462847929,99.0780648930046,109.692026401601,84.415580439713,110.114114286321
"ENSMUSG00000028901",176.79570327161,187.447993668762,171.744135015155,137.491588966484,157.4230023528,149.437629096113,164.839070888979,163.051833110535,148.207584433759,171.107960683402,173.723334569185
"ENSMUSG00000028902",498.151520088676,499.754851443396,387.673769027857,498.928526785339,426.422659892822,535.239230133859,424.237680316866,456.918150102528,472.841966575114,422.189047802154,510.739906684301
"ENSMUSG00000028906",847.697826094422,738.707327181143,943.842399766102,1012.70914255496,975.017250709516,897.459920073383,836.93630914875,979.388308936938,888.322153675128,991.414819847021,1148.89033221506
"ENSMUSG00000028907",195.96854372582,204.231113841109,166.582061107617,193.457560054439,178.24761969728,207.986996154291,182.160481829197,191.474418614551,199.356581466284,194.288467573345,228.090018798977
"ENSMUSG00000028909",15.9378694742904,11.9274309008878,13.3411328766795,16.2824210678082,26.5465849203924,17.9333339413111,15.3336988555256,15.768250625558,10.3953846798968,11.1997863602198,21.6705806929184
"ENSMUSG00000028910",463.713565152358,583.467440019581,548.374374855463,559.977443253949,496.484450890508,562.317598065391,490.162439874302,579.773635392631,496.263475785789,479.292171497888,458.73768417999
"ENSMUSG00000028911",930.0891070826,578.831206904652,526.397423939793,550.441935170905,1114.4437913313,801.44298234167,844.610696279825,664.366149629234,645.192755669585,605.576608652849,774.192277145317
"ENSMUSG00000028914",160.979594935297,163.959178154116,240.25965842244,244.267518508243,186.567520229364,180.374370764475,211.2852983971,221.446640811483,188.77902222616,242.53050173707,186.696011508164
"ENSMUSG00000028917",757.082224364303,793.851523771608,1585.19870853833,2326.91359423673,1383.13910460194,805.58502481969,933.878183065264,1282.40704780167,1451.34578772102,2071.39770968101,903.234467312984
"ENSMUSG00000028919",108.052037485793,249.284332171376,384.883147120212,58.2664519588674,31.9249699113933,93.7908573592729,236.258324818397,471.403162713646,227.844187587944,59.1821249830986,136.930452842503
"ENSMUSG00000028920",213.687682621572,186.504475080439,229.78219061468,203.731070734589,216.975976368047,231.078324888083,200.329180766689,244.359879380414,240.189246075834,260.525759691645,270.996591531483
"ENSMUSG00000028923",694.629500855829,715.085162328473,711.835491884383,814.277250881415,648.192255543469,795.524085876242,653.023157200005,702.758272101314,633.082039122174,633.256278677791,774.40388662213
"ENSMUSG00000028926",13.8514776792422,14.9071364139761,12.9554595871821,6.94931428975988,16.364471465361,10.7089743982815,6.54315419282016,10.7582148278669,10.766978094748,5.15897216154942,8.3527857845209
"ENSMUSG00000028927",22.7927795495706,22.704952390395,14.1870504683497,18.5073451623257,15.8939004539054,30.8688228583406,15.3609995585048,16.7402356897736,18.8596553861769,13.1301426632248,23.9680787093771
"ENSMUSG00000028931",15.5652392262883,45.949981541389,14.3194407837871,15.4727354001329,6.16189060534784,43.2224247850639,11.8978904793771,8.90301706362367,16.4028830524442,26.3281901487977,9.46095728648501
"ENSMUSG00000028932",1636.69211439083,1586.70938586061,1427.28437682781,1394.68545030695,1376.75499408298,1504.3997771628,1351.64935498032,1367.65888565468,1501.91109179143,1336.66614575749,1497.82279349191
"ENSMUSG00000028933",4.0862330175653,2.14675607700004,3.52969297486471,3.2909550652127,5.29400702459068,3.86396586141741,1.03201630607334,0.98199062732394,3.7454861337994,3.80900662296367,2.29354570761272
"ENSMUSG00000028936",2403.58848901994,2776.8707771987,2645.36403867354,2629.22608495282,2382.18913501971,2467.42449822783,2590.8740145442,2477.31524260356,2454.16154070267,2178.06997950281,2466.58692483532
"ENSMUSG00000028937",94.4057874618,106.24460954345,115.413145122546,144.117798620149,90.4210090184906,182.839133771144,118.587953657786,165.401439891618,114.847080840457,102.40528340077,106.778267898196
"ENSMUSG00000028938",0,0,0,0,1.08635108165172,0,1.090669550984,0,0.860330420523167,0,0
"ENSMUSG00000028940",0,0,0,0,0,0,0,0,0,0,0
"ENSMUSG00000028943",4.59056626449874,4.8687772968839,3.69050553379234,3.24682922711673,3.11435456354203,18.790483723613,1.56914584539656,4.6131827367359,3.43932303396978,1.83651861014282,2.31496914354222
"ENSMUSG00000028944",180.430777590171,257.069939330152,203.896504332451,204.130103598258,206.288767083437,183.709618617413,205.236979870909,211.948043470783,249.693257543225,211.122050264279,251.094620346379
"ENSMUSG00000028945",1025.7545715918,1237.05209239766,1096.89691132109,1418.37763778933,1182.5598948218,1233.11561857062,1283.91244458828,1402.14491421425,1357.06853598174,1165.27968350563,1235.82208398677
"ENSMUSG00000028946",0,0,0,0,0,0,0,0,0,0,0
"ENSMUSG00000028948",240.508221026742,189.679101441218,148.611209368734,169.255868782964,206.207703493626,236.345143956174,184.959546393656,190.280938310793,259.178880572225,204.804695287342,285.463681289845
"ENSMUSG00000028949",105.770721736481,30.1900592948219,26.5020989804331,36.0504332458404,52.7725626690489,33.6304851217611,45.0302345359808,32.6618776323777,35.0167718590691,45.1923538938606,35.431669168851
"ENSMUSG00000028950",19.2914073387271,32.4116783715135,19.5150265216431,25.0520968043747,19.0528837528907,32.1529321935684,26.5885088930675,12.8443316251574,37.8186218053772,28.0917162004549,19.4106357651993
"ENSMUSG00000028952",259.415137313021,301.554649751691,208.366435540346,191.550500142597,177.536280704116,248.641686965324,214.898171617227,245.467093773404,218.341595395775,278.588286150182,277.276043957574
"ENSMUSG00000028953",1147.83996734529,1086.47800692843,1069.2288301601,1061.73992274956,945.620683437486,1046.99389868951,1272.82832702502,1161.69624240225,1185.5384724452,1120.56300485903,1460.00813217411
"ENSMUSG00000028954",915.456502580613,897.577793705416,1016.52682810409,926.838296777868,981.996717252084,954.281231437738,975.080133040089,932.692863154782,909.170788624587,1042.56890963764,942.347490373339
"ENSMUSG00000028955",134.195583888224,136.705143641626,163.687551439519,191.448469309443,143.532342221716,137.46556769294,154.404927257495,136.48837935004,137.12380989913,145.350904199852,134.731961114346
"ENSMUSG00000028957",121.919130602928,49.4422583667462,87.8440685874184,258.149107218041,44.5351101871461,57.7797945751634,85.314552609904,69.7449380951894,331.668098385253,103.629048050598,286.810002755392
"ENSMUSG00000028958",160.054419397319,165.22940460962,203.039505487244,217.013023608019,177.627062399983,235.976249949474,197.73136938462,190.100898033364,180.667690354663,200.255904375774,206.334865617001
"ENSMUSG00000028959",802.233643382528,894.036148578293,761.624433057659,933.557709280434,886.810742465404,1291.08274275695,823.340602177104,1065.36323494103,824.543859697218,942.260878446357,1271.24589782541
"ENSMUSG00000028960",665.954974739772,989.593054535086,816.317588420419,947.148105200155,940.772474623982,814.979151815556,948.101770930585,1207.63779557284,862.763411791629,1052.04333614205,889.309057613437
"ENSMUSG00000028961",5576.03477032911,6297.76233164899,5559.04400854455,5452.17537032604,6068.60324590016,7488.59113444501,6003.34215388868,5192.18945273106,5066.35186025834,4648.52078446434,5661.37303188483
"ENSMUSG00000028962",1403.1749238926,1247.05644635154,1523.54731387772,1639.17854446371,1732.80435174851,1661.94973933976,1361.20887937229,1684.72058801365,1044.46728826383,1133.94187875176,1460.83324500682
"ENSMUSG00000028963",0,0,0,0,0,0,0,0,0,0,0
"ENSMUSG00000028964",1160.90805275018,1242.82057388446,1217.72444665082,1259.51577873791,1113.97174425394,1346.65859407511,1277.24723368248,1245.26481719964,1226.06238875498,1167.35532535647,1126.99536859281
"ENSMUSG00000028965",0.770594424874353,9.99810569138339,2.12939307752466,2.25078986084547,0,12.9503249027775,1.0552224997502,2.38615540154819,1.56198013362975,0.979696591395241,2.7885857595082
"ENSMUSG00000028967",1170.43997349891,860.450935124362,1573.28617837082,3386.34956975676,2282.24668937173,1254.28489543892,693.727426329145,2784.21128092901,1499.76792243127,1224.70208207389,1616.34968785977
"ENSMUSG00000028969",323.733152441298,407.581663087772,372.364248885261,413.482627572684,314.337126072657,385.662983479353,396.199988261293,390.901009932166,349.945628721319,381.299615177975,324.391458279226
"ENSMUSG00000028970",30.5270258456397,48.3711081762449,31.7655538524282,145.96714936151,29.3222240568348,69.6116806781607,110.710923615207,22.2955641529533,40.8895440912394,24.9491060665953,122.364660754018
"ENSMUSG00000028971",0,0,0,0,0,0,0,0,0,0,0
"ENSMUSG00000028972",104.279245151938,47.7400429739858,188.500194144764,503.818008539741,259.635897865509,123.270056016452,226.110901619285,171.114124967379,719.46015343516,721.407212076455,264.794633043799
"ENSMUSG00000028973",715.425662279637,584.145868225745,759.351881577583,755.82408027662,594.589808788855,633.095413372823,786.881365855073,769.749076889326,530.287963638077,595.323773725751,688.658992155157
"ENSMUSG00000028974",221.68377598706,232.855207115434,231.427069329041,208.021900953895,240.675991871349,218.20988063637,210.775765866813,222.867291404738,195.470433412475,234.147702814331,225.669406196377
"ENSMUSG00000028975",573.109163086476,574.193979885236,695.316836570783,666.272980698853,664.823889812001,607.863437750228,660.220438651083,720.861878677938,698.313323641145,700.023316917428,671.390617371515
"ENSMUSG00000028976",26.9031314903144,23.7211066532142,5.31251582063505,20.7149988599801,65.587431876776,34.7586390119419,24.5931950883332,37.4539845920146,14.1332646717911,42.3288828807207,5.71238680291796
"ENSMUSG00000028977",581.542346786467,1139.51306403429,958.187900280971,930.832765971844,1305.86186633019,671.294022363925,871.507535117932,1294.5886148809,960.646324389136,1171.63387481721,1024.43902625796
"ENSMUSG00000028978",152.547058973264,153.967492028247,127.165895479127,194.225023160415,211.858113360503,216.292315988498,144.169082940814,166.313197000045,116.110406424685,156.86597424103,167.680968504605
"ENSMUSG00000028979",0.468704766304329,2.92623480693446,3.01037105862263,4.44574417823363,5.15460017271012,4.358133499099,25.1061588405383,3.35992579878963,2.56350049692141,4.4695781159277,13.2782666331776
"ENSMUSG00000028980",213.758592318477,109.229433901304,124.355680961103,81.4210257336073,135.585509041594,123.911346350039,155.305141116668,101.183002070747,163.959439895209,114.872664456777,182.654450317418
"ENSMUSG00000028982",360.792661943999,373.460961524444,564.383492845059,682.874754914686,449.004489248931,382.661793945862,561.648471595291,406.907382358054,468.230168857823,554.396508313478,449.340857300643
"ENSMUSG00000028986",235.118212547907,210.172903339426,207.84160967017,184.339305540153,229.743013996512,189.210428664574,247.79518187503,245.485757852561,264.066955382499,228.951990471476,215.556562182642
"ENSMUSG00000028988",64.6235752815004,82.4314611188075,82.8787098447757,69.2540210399493,98.2621709158779,77.9482693419015,85.9933334227318,57.2987902346553,59.7723422552871,55.9426650593033,56.8466005194091
"ENSMUSG00000028989",2.71954084221564,41.9106842843088,22.9298078039124,69.0567630877008,4.2297271657933,19.4381170572524,27.758035748202,16.7498199849179,39.5406662176773,26.5173916377646,27.4570464341224
"ENSMUSG00000028990",220.853850511475,103.731183778082,268.292167027896,192.391355259656,137.80909093886,211.662644377426,184.42148347421,225.112449272594,175.083752150528,222.10936785695,259.915135355272
"ENSMUSG00000028991",824.92283033556,631.177361137862,869.862036069426,727.147682300174,738.409670027734,997.769238013279,666.631272974574,955.736798348967,882.107713780291,704.313238805866,1015.99856511791
"ENSMUSG00000028992",113.678730218003,96.2693166267106,72.6105015146703,101.502609456941,75.2342446633601,128.240273099667,95.7917581034815,98.9361303417708,102.466845149922,85.8899741085366,71.4109957236238
"ENSMUSG00000028995",53.8741831617682,55.1146075989393,27.702581584453,57.7763236637328,39.2782341645381,26.4894833812829,28.3465929731593,35.544269275753,37.5067882911835,33.0087690943728,34.1717505839964
"ENSMUSG00000028996",133.46894762509,200.074545373302,217.99257246872,210.801719706424,226.020904250065,161.96214872351,301.028160798584,177.13363206804,195.665736407365,231.613101285469,138.425595106297
"ENSMUSG00000028998",82.1027728501578,81.0481301148916,94.2034167427242,76.2704845096811,65.1593188536254,91.0157689703475,80.9337550068726,82.3863486247186,85.2086595722895,69.2911539515379,67.2868127024819
"ENSMUSG00000028999",261.067617458977,283.924598651013,188.50769127047,372.236714039397,251.156157421027,429.333525228513,223.393670216248,780.394952978745,242.867541619814,210.64498012899,313.10040227432
"ENSMUSG00000029001",102.255792615237,98.3107642669829,119.461904624815,151.975622050312,142.586820467157,97.7936160228524,109.700385077188,127.856641902713,126.667125469566,120.41064563133,157.433664364465
"ENSMUSG00000029003",84.6190131419345,84.4588960543874,78.7100294966535,90.4231368519535,96.1516345181879,101.044532234997,108.608342977075,85.6570704893785,98.3734649511509,101.995901735143,88.5602923205236
"ENSMUSG00000029004",1383.74704769696,1548.65673528912,1651.81094976989,1762.66760637111,1567.28556288449,1467.90552863266,1542.20076535463,1807.48040928242,1398.30697942538,1627.38886971247,1565.55310900381
"ENSMUSG00000029005",0,1.08064173486522,0,0,0,0,0,0,0,0,0
"ENSMUSG00000029007",132.746469549931,109.064775132839,121.973742242362,144.287315500726,141.329735264141,152.943828943548,124.555995017985,168.010442852479,141.280483092544,154.177551204644,158.827622905086
"ENSMUSG00000029009",236.540477328727,234.174217088264,200.713109113468,193.771776721878,154.208110917584,351.340140205951,185.552272371476,357.791734272035,125.658176748548,223.076469370103,227.609615610945
"ENSMUSG00000029012",97.4803834356947,106.894383332555,89.6523842006671,101.500951781989,103.839189622324,126.468063534374,108.74547928574,110.126548720666,160.942391888037,111.018963917999,125.420816711627
"ENSMUSG00000029014",591.88768753441,647.355544064379,466.673188352953,507.099978554568,658.981870218694,551.31091990021,548.037961067168,506.687071212278,672.170288196133,559.495954563932,597.84384513055
"ENSMUSG00000029015",0,2.16128346973044,0,0,0,0,0,0,0,0,0
"ENSMUSG00000029016",62.7799166604567,188.321345216599,41.4913591914705,60.3540961283816,74.1397966842136,73.4429400822796,59.8820584649831,86.8123304082312,40.8274686708913,55.6919266560663,205.705046617882
"ENSMUSG00000029017",1135.6312391071,1209.24185352994,1149.13455104484,1245.40623190195,1119.36858642415,1147.31704672807,1213.70171218141,1396.10107528667,1145.45400960448,1131.17763246986,1039.18794264428
"ENSMUSG00000029019",0,0,0,0,0,0,0,0,0,0,0
"ENSMUSG00000029020",1016.24466383142,923.366796432084,1072.62692293502,1126.05685447046,1559.32683530946,1105.48161537702,911.13368125184,1054.28837397718,986.625497018169,858.824983218393,1051.40143168878
"ENSMUSG00000029022",210.263975117938,299.960342230099,250.868850764774,270.864907325419,260.57316647708,300.331839194969,252.682291314565,289.124803992025,255.780861644628,281.032441607936,271.75461404834
"ENSMUSG00000029026",1.36417670895052,9.93707899402236,1.6292796675587,2.00159462152973,0.876880277806313,3.82212498547068,0,0.813116925533544,3.10171787149664,4.320284716746,6.09458232526691
"ENSMUSG00000029027",70.398009697643,60.2949278231437,60.7075650789872,47.172088550905,63.8586316578877,84.7810835614229,74.972487790316,60.0009154957753,55.5621413306966,81.4893300861405,77.1961972885036
"ENSMUSG00000029028",672.164136624277,402.262855717807,472.191592632163,532.01609419654,439.773610078761,515.88571700691,476.534654694293,556.440025723425,563.91855969981,503.89920723853,349.557409779999
"ENSMUSG00000029029",168.647888444071,201.124380660715,139.956339318287,147.669843752262,157.988062710719,190.418753975554,148.083943541385,127.26596877504,149.016920308945,159.150646647929,152.152961167664
"ENSMUSG00000029030",797.67974417872,722.719692786975,843.208890256482,874.375256680999,825.15778258685,780.760791382888,716.269070287531,840.039064899929,846.223794778274,896.305233801629,864.581939745222
"ENSMUSG00000029032",904.482042844615,813.642772896468,1025.51357201553,1072.71420595039,1101.1135341097,1057.37022985249,967.635921772404,919.635750296057,981.763612237156,1121.86703954302,1119.62110707077
"ENSMUSG00000029033",232.503596838325,221.322728991989,199.751117682897,192.737667107076,215.108773028039,209.130972733919,210.514691448401,238.217360218681,257.21475165916,245.181435118399,260.54649319622
"ENSMUSG00000029034",518.419145811729,515.46233004682,423.14064979381,477.448314360655,448.74453486524,576.220534701637,522.721972184284,397.490105324701,526.185969153385,459.301562691432,486.83774468953
"ENSMUSG00000029036",551.866300239989,633.521320105318,533.152806146833,527.371513310502,570.901888297684,668.426166144551,593.971899798029,513.331873715946,571.798863376961,516.573133823181,844.31127649221
"ENSMUSG00000029038",631.117026926994,642.497993683626,648.545781765272,796.687695328645,599.20931182143,642.729876767087,664.09538276339,594.742160182054,680.938564576918,630.964955937289,712.11868142029
"ENSMUSG00000029047",123.207690271642,164.514704961707,152.563762213972,151.677448239762,118.800884738816,173.522752475994,180.871540765463,169.596699778339,144.626685990688,166.35889872363,172.416703246113
"ENSMUSG00000029048",1262.9899407169,1607.74815456496,1469.77130616897,1745.47361543945,1362.45939440495,1536.90369689289,1511.17944502778,1738.51651790255,1656.97345828127,1561.97780085535,1468.0641148448
"ENSMUSG00000029049",67.3212491591124,66.7337615430091,54.7998099677359,71.6807444092293,60.6990368408864,51.0854886966947,77.5732849424864,82.1461630715582,66.2904689973506,106.409503250901,116.875732326842
"ENSMUSG00000029050",424.203450439365,352.451820511746,408.789425138565,394.768188034208,414.521535811088,353.130639239377,349.185772892271,405.880083665255,406.224023606464,455.61751321649,387.407330510996
"ENSMUSG00000029053",135.688845817209,73.352458795752,112.161674647197,109.24287025263,81.1206909584553,107.015995960372,154.215159473298,191.395910088055,163.101366450106,110.818017423975,188.393871650972
"ENSMUSG00000029054",0,0,0,0,1.05115259977399,5.15494968852088,0,7.88196300034422,0,5.62915250154672,0
"ENSMUSG00000029055",449.458173644944,378.350374442638,332.213578934378,241.476346618036,320.507844242809,357.301763850027,257.716684485227,224.445090746751,275.819902391977,146.814523249431,386.273158983858
"ENSMUSG00000029056",625.90129441857,848.160214520609,943.441808360276,1235.08107689662,784.232207650367,919.174751475673,799.499889028912,991.359181668375,884.478702716834,1009.69564991952,725.233001919032
"ENSMUSG00000029059",254.339438531491,283.978067730333,265.253582353469,263.991951694842,225.393417331397,258.401463967441,250.733339438293,259.157043226141,264.445529865284,201.283853873226,226.99230756991
"ENSMUSG00000029060",875.393118839474,1082.650809446,1211.98557123399,1066.01750932038,995.858049870423,1144.39447739931,1006.03327402135,1221.75347161638,1057.66750096107,1321.57692083611,965.694272685721
"ENSMUSG00000029061",14.3664724188481,50.6403907223115,18.56042485445,16.3926907833021,33.889096833342,34.8715296474529,11.2955925365534,14.7677146534893,26.3656888717345,18.8725786538129,21.7199089319787
"ENSMUSG00000029062",1567.33149978101,1924.56355053011,1634.19942083588,1709.09277345336,1733.58958645502,2033.80243521067,1646.61965181964,1787.32362279972,1604.01867338213,1691.72745851937,1827.94835757916
"ENSMUSG00000029063",2793.06614372263,2903.40553553702,2443.26973072607,2779.93685099867,3032.22600957624,2758.5934632164,3244.1752563732,2943.52336339503,2628.62268994282,3091.87046152599,3197.90982548695
"ENSMUSG00000029064",3116.76241922324,2849.7554342422,3115.08695939767,3157.60504786051,3359.93180103465,2976.02846781547,3150.28991497501,3068.79206790023,3111.67546713723,3315.09147012537,2733.81743589559
"ENSMUSG00000029066",472.406437849955,525.755429727593,537.602998856592,489.917789622922,470.942631906775,532.3447123059,566.458345781326,587.566098222338,492.225958977511,461.421215373775,479.653862066004
"ENSMUSG00000029068",2610.57236316544,2902.84178767745,2991.5656980218,2997.7096233147,2714.32129371555,2908.69681091656,2690.7961258862,2720.4447531618,2416.6509982594,2854.57616832476,3385.20994326271
"ENSMUSG00000029070",77.9098661083056,71.2526478155307,61.1151684734501,44.7986926634157,56.8257258199542,36.5811224527095,62.7534420161942,65.1773627137007,61.2883548709227,52.0488184921999,70.2137345101444
"ENSMUSG00000029071",1612.77128724005,1412.8256350969,1595.837423746,1555.5056687284,1506.06567746037,1576.45958643743,1436.50517869824,1587.9019850337,1509.54270972503,1729.31604107267,1648.48041477614
"ENSMUSG00000029072",22.7376465112123,33.4825500204201,30.1271513206943,40.3291269140276,21.1227780838104,24.494362759969,23.5246363972324,23.7247477083637,28.3584967752983,21.5510609552604,41.0767476053556
"ENSMUSG00000029073",167.017207585382,172.489431235277,179.41399080341,175.610416631116,131.166995162009,168.236610330071,167.79813929737,139.403071747259,194.839078814651,177.147464611323,226.470101984169
"ENSMUSG00000029074",86.2323270068078,92.6774915904319,122.938220573759,115.474315922786,74.0238039767767,109.493952317569,81.7629467198443,98.7618613032557,115.233049448012,110.551396808472,107.164770354472
"ENSMUSG00000029075",18.3462669253328,70.5807982528733,9.71242135914233,12.0625582561653,17.0470051137038,25.6889010696918,10.2964321663076,8.83780403381988,16.8814246438935,30.4408709467659,9.21098126873817
"ENSMUSG00000029076",1560.89286297696,1899.86167489726,1527.22755008811,1659.24851179548,1470.35282820081,1711.98248684537,1643.63551538274,1650.86997356839,1617.33419891278,1453.39786374332,1562.8994922195
"ENSMUSG00000029082",8.92081652329382,34.2318832923718,1.76885418729831,1.09384824844202,7.41636710235551,49.9538127829208,1.0259400212634,5.92374470022596,4.7029362711122,12.320468783563,3.44756793993814
"ENSMUSG00000029084",27.7328944662307,57.8838359250455,20.2798627290933,15.416496880324,27.6085327992693,29.4511077862591,16.6428694086191,23.4969165673905,27.9266426694832,29.702695352055,27.6031243402555
"ENSMUSG00000029086",2.64514778919004,1.72197211966726,1.97197137173996,1.62288907029168,25.0455253053524,0.948303655515969,85.7865447644925,3.11096155364247,6.50524403627759,4.20729177568677,5.91921170155337
"ENSMUSG00000029088",0,0,0,0,0,0,0,0,0,0,0
"ENSMUSG00000029089",59.736966740397,37.878757487961,39.2690388279881,18.5913178492866,53.2128539220668,72.9953805320326,44.2715694322845,49.0359890241038,44.681114090976,52.132571887346,47.19635105459
"ENSMUSG00000029090",652.897467577724,493.452332050924,543.371067224394,530.332691609048,554.176759738704,540.565145061067,502.043034210879,652.96036669282,658.350223237528,556.713745030794,609.210044157489
"ENSMUSG00000029093",35.2741454790784,17.3775277601215,21.2687654896616,15.2145879461978,24.2942536362965,33.593274239208,20.4622150395164,20.6997758490337,17.0057869783422,25.2379690949953,23.8815868992903
"ENSMUSG00000029094",220.506466937526,142.091160031403,129.466068017476,138.754747504079,165.892446936077,130.271213559473,104.229829019249,140.677067446736,153.455401970845,134.624342248047,196.556700984673
"ENSMUSG00000029095",50.3034234326372,16.8296391759783,75.8087689344229,24.2916100802563,37.098969103274,101.443992385919,43.447381648941,23.1991827185958,45.4014014306124,21.2796750865756,62.5763423353781
"ENSMUSG00000029096",186.013869250422,141.800905603149,139.205833404658,120.800214651458,210.983978316805,155.321542948027,107.496378412203,122.826823428601,152.774686867341,93.4619312415764,143.655393466751
"ENSMUSG00000029097",63.4320955629254,76.6291698722986,78.9287732382487,88.1993962806561,63.4141406144776,80.893114808514,70.6102453302385,66.2825165648507,90.7229139112165,81.6389963896786,97.0874588318241
"ENSMUSG00000029098",444.068559666768,425.175039158738,628.749418737248,367.546734987497,413.71558235965,369.546818191556,520.364377844784,415.055840217229,495.829967902416,283.671181404844,561.264042150563
"ENSMUSG00000029101",357.445766336405,398.572884957017,387.324392197074,468.646840991462,488.371848887375,326.318178045664,247.207470855754,350.441378016778,284.668466127844,353.860551834545,256.193764426735
"ENSMUSG00000029102",60.471688680617,240.393012039716,94.4756659201125,634.618595859248,206.229445420891,384.046731121092,96.2918665629534,291.489419051651,243.782718168332,218.466299282631,239.867579238459
"ENSMUSG00000029103",1202.333618436,1476.11903073936,1651.70432454921,1585.26183309451,1334.48459918204,1588.27103427394,1439.58950888145,1536.0927771805,1332.50866783385,1516.72767548418,1101.86183353723
"ENSMUSG00000029104",696.862190571495,761.610458046366,581.321777314116,657.251861790093,824.264850517782,650.612622852061,679.643320687019,688.267282381328,620.104086499311,657.159226665168,858.587315209391
"ENSMUSG00000029106",1005.00607007948,895.989829020873,1007.73295660094,779.416610566793,959.644981031972,818.810812058463,714.458307924489,886.407926020625,837.069522730379,1122.9785410919,911.215446862228
"ENSMUSG00000029108",56.636377532491,57.068108103595,48.788585492623,28.6090218889826,40.1376656480491,38.0457242087314,45.7681977256512,54.6409136245904,57.975821085772,50.7776121174797,23.6205957951066
"ENSMUSG00000029110",331.332150727776,233.717583962196,319.467918026651,321.52134180236,402.567998999343,255.180041439061,324.629456774135,224.115590797748,325.984638097059,379.30591324008,479.348437242459
"ENSMUSG00000029111",301.588754765398,258.161661314356,233.572020039572,214.904861165269,257.084168635812,304.890258991914,285.086492452753,244.286193516501,235.66174528042,287.650737907867,301.293466622923
"ENSMUSG00000029112",0,0,0,0,0,0,0,0,0,0,0
"ENSMUSG00000029119",151.340813035198,188.569758815314,138.400606276688,186.980184571349,291.979777063616,215.449649271415,111.520146748226,205.661587108812,142.162116073862,147.141707172589,129.278959250228
"ENSMUSG00000029120",0.688095057959675,1.08357626399174,0,0,0,0,0,0,0.946729482162402,0,0
"ENSMUSG00000029121",0.963856219534127,3.78964100454486,0.622964062475436,0,0,4.54769193964549,2.16154582213589,0,2.66499206684112,5.4093337674644,6.54820495869189
"ENSMUSG00000029122",37.5685146913528,29.7331992605043,50.7894719862444,63.5019662579408,101.960771679298,27.9787661415323,42.7980653479531,20.3114352055723,47.2402652139959,21.6467051643605,42.7868481822932
"ENSMUSG00000029123",0,0,0,0,0,0,0,0,0,0,0
"ENSMUSG00000029125",317.735353480697,335.05488766066,270.02641605634,313.769018519907,229.332036582565,332.46541576697,320.34791983325,302.461952151178,284.115220476541,266.85650486958,322.979621389527
"ENSMUSG00000029126",3.01296125161405,2.06294574230695,3.99054279218427,5.01378795621688,4.24718112548425,83.6700604783757,2.70501932035738,4.43915878159121,1.80737093320511,2.50353652590928,2.15984946184702
"ENSMUSG00000029127",89.1726588802347,204.394921843632,91.6165636859771,83.3924803443035,85.4754018404201,49.2087083671869,54.7137900719306,92.5788401197522,91.5282805161896,130.849875465307,148.420587751857
"ENSMUSG00000029128",285.620977609694,272.397521566196,283.286140680062,268.925156719033,246.642969435385,259.318340784921,319.545170099008,261.515104788097,253.226858996764,220.615549876507,258.398058909473
"ENSMUSG00000029130",2.67624027090331,14.2419862719737,7.20571270717006,2.59987818990289,2.08533722299074,5.98527309907917,3.66538871212788,1.89462012465975,2.20599968366304,0,0
"ENSMUSG00000029131",868.593191239505,856.926007098399,1196.87584923708,992.106569618877,1232.57970661067,709.056067176779,1216.5096677621,967.559795043145,1115.74474310109,1057.31366933752,1023.57040845601
"ENSMUSG00000029134",12.5052399928629,5.37352370031662,0,5.43945947341511,3.15975765686652,1.27797068533729,8.14374376389245,8.96564307182157,3.79428388202609,2.80440609994627,8.01174060459811
"ENSMUSG00000029135",647.157052322674,408.106729528389,695.413203999391,683.041374768046,464.42122983067,350.898380483142,286.429479035299,525.928942733907,459.675169978674,578.086485079569,188.85368632963
"ENSMUSG00000029136",50.7699533698478,91.4477538072367,50.3291083883191,89.0772688175123,46.4254659162607,77.3144285589269,57.9299651489639,77.7418595521116,53.3895619197261,59.982545088788,87.0694718823177
"ENSMUSG00000029138",0,0,0,1.08744028804163,0,0,1.02141423165252,0,0,0,1.14612420860147
"ENSMUSG00000029141",375.336237148326,330.569807881112,307.937170563014,273.564168313791,371.27568518452,437.600099689512,339.654476123586,352.107052157298,334.468365192466,263.843192948427,360.590491423398
"ENSMUSG00000029145",1442.6666170523,1241.30926277926,1249.35841571663,1451.26188147452,851.976770597895,1283.7617182814,1122.2726522665,1071.06460116224,1169.23044014121,1090.84562472684,1393.10363040884
"ENSMUSG00000029146",1609.96203004955,1730.35552651039,1804.22814794684,1879.54048137756,1517.52074860254,1663.77655437536,1697.87150523159,1503.07466327565,1763.6227602772,1656.07228339181,1927.69356998888
"ENSMUSG00000029147",1544.0146818299,1575.00674250753,1487.81968068215,1534.0420987916,1298.34025649618,1652.99740296358,1400.75146885994,1441.2220891716,1458.43018647636,1325.57227895069,1826.73042583932
"ENSMUSG00000029148",1810.88933451028,1880.58817465337,2051.76600564369,1904.96191197138,1726.14803925671,1900.08321679147,2052.94469644444,1768.2786478303,1954.34822950344,2026.3419936385,1850.58554437632
"ENSMUSG00000029149",1139.75880179151,1384.32479378006,1371.99403613936,1481.82204004795,1170.86002911102,1374.15471257574,1270.83662746244,1289.14986788606,1159.5992737069,1225.18605180561,1274.02851049658
"ENSMUSG00000029151",0.459205499331201,2.40630480792853,0,0,0.709119987225275,0,0,0,0,0,0
"ENSMUSG00000029152",728.30572375389,827.379651675121,713.914103615969,759.692419598197,774.821298552042,698.681284671213,728.303256017844,762.315005683227,758.397898580799,686.061197382354,672.025556483491
"ENSMUSG00000029153",2.54295168158559,6.20627907440223,3.45622918809894,4.54925703833364,2.77606286291633,2.43426474150723,0.676529997190971,0.624269795429166,0,1.72165887092072,2.24531752052438
"ENSMUSG00000029154",0,0,0,0,2.10793514154674,0,0,0.987439108604839,0,0,3.4294433768652
"ENSMUSG00000029155",0,0,0,1.0895783501383,0,0,0,0,0,0,0
"ENSMUSG00000029156",68.9615465504426,34.1957228597207,34.4701616638328,19.7247828335513,39.1180729446873,30.8082721302593,31.7807096406258,31.7106125276106,31.1166332308278,35.0332328404482,29.8883506938016
"ENSMUSG00000029158",18.2926160465838,1.0665426023412,2.64560347344732,3.29914678062278,1.06117452617199,0,0,0,0,3.82156989562788,0
"ENSMUSG00000029161",6.1404493153982,2.1522874516701,4.41339084477012,3.28306920422347,6.35558326506202,10.3475440814942,4.11272715875733,4.91711430324729,4.70221717370125,1.89236708411201,5.71888258445414
"ENSMUSG00000029162",146.556411310972,211.174865500311,183.022790048573,237.134565769824,161.600274246295,194.393323301205,213.845090039914,213.627641622057,187.85599794506,196.856352119786,257.673024858957
"ENSMUSG00000029163",144.478471590855,147.042766519978,66.8479065603569,86.8300644664597,100.37765439389,128.39322594315,66.4173360013896,91.6638346121931,76.5628302964117,77.5497700303841,84.7646842990551
"ENSMUSG00000029165",222.544631727712,215.223213925429,297.266271122924,252.761829809488,209.023648563013,337.987207682991,155.87783344634,359.003002088009,288.461834119226,526.100298710508,163.53056441204
"ENSMUSG00000029166",96.0953119550169,118.955312515076,144.014834948564,99.7489919294757,119.483183193836,93.4420020891325,123.704764459455,114.664048916986,124.27754462702,113.092773032844,84.3469803733833
"ENSMUSG00000029167",7.30076050409246,6.18585326109795,1.98544738942001,8.36007097176896,12.9925873487622,4.2875178504861,12.7527854305586,7.60502630064662,5.42969389584443,4.50259257266011,6.58873867132677
"ENSMUSG00000029168",1.37929901724589,0,0.884812027810554,0,0,1.28927523965356,1.0241692508773,0,0,0.937300087217975,1.13862596830114
"ENSMUSG00000029169",1264.51842517731,1042.0258358209,1256.83644341991,1253.70790237438,1154.83492083658,1045.64303088012,1189.40288842381,1114.42577175573,1269.62304528334,1184.55794857801,1391.80326757745
"ENSMUSG00000029171",300.700762368802,303.125673315088,209.285493420194,232.541269424157,324.751194867473,358.716267168975,250.633454005635,395.986114426219,264.423813828535,306.270132507571,289.078047218098
"ENSMUSG00000029173",103.002582453217,107.478598095439,111.590069027792,101.781206515718,117.476172410143,103.314950408305,106.293897462342,108.337825099866,104.915922337921,111.886320644077,134.210194386259
"ENSMUSG00000029174",142.664827645052,141.254272308661,101.447338284771,72.1675655015927,142.806580289169,141.493794745096,112.833016854774,112.241003301968,88.3996125979481,97.8700866160892,128.895180661606
"ENSMUSG00000029175",268.077796751727,237.574212191014,274.346536581868,216.519647648373,271.387192384797,266.756567695642,198.152533178457,205.405708194732,226.502320789093,234.292109973958,248.028985727252
"ENSMUSG00000029176",397.344703806874,442.243088939367,384.38499094152,476.529957903036,504.291938734821,375.553620719837,332.999770040465,435.611826899118,637.47953250623,329.30806762767,592.673554463607
"ENSMUSG00000029177",6.22850252975721,27.8691233719602,7.66079388073626,5.29972427155294,12.0314117628886,13.2807067668804,103.836114843546,11.5713651999101,8.7571782173538,12.1453383048809,4.75986222755213
"ENSMUSG00000029178",731.957896994573,1217.70066239927,1111.6731278889,1118.53498101222,1598.38723385401,464.008317297821,1783.60702495058,1518.95377930734,1149.55030120443,1471.42291125764,1165.04753503037
"ENSMUSG00000029179",59.8722568408824,68.8418110431203,58.4280461441763,81.7737445571689,63.7120174380706,66.8191276267725,72.5751178335277,67.7618372197486,75.904864581275,74.1974789785507,54.8659939731845
"ENSMUSG00000029182",0,0,0,0,0,0,0,0,0,0,0
"ENSMUSG00000029184",0,0,0,0,0,0,0,0,0,0,0
"ENSMUSG00000029185",307.186599103153,403.110864609805,237.551969302324,306.951668550804,311.807300492222,371.418077601076,313.771765647488,532.782825882627,258.803470641448,282.454607573534,336.480090282816
"ENSMUSG00000029186",178.346628866093,113.015839214158,204.396716403961,141.857411324749,292.702221280278,124.206215852295,176.208793589805,189.708156168877,138.134352810291,209.506212589295,90.3411759996329
"ENSMUSG00000029188",23842.2261115118,26288.2935083052,22518.4845809001,31135.721820784,16069.9657311379,27471.0851911581,21505.1144707936,41795.3745689065,32840.4589558009,23621.6790886663,29518.3360835885
"ENSMUSG00000029189",47.1133973679786,1.0763016656687,2.66333385045824,6.5319357568277,12.653153866596,0,2.04152023163162,0,0.945969749931113,4.6818409624595,10.2938393122458
"ENSMUSG00000029190",695.252359396232,456.269249769466,662.353892321208,234.975515951307,687.747311664558,645.833729352204,474.860081673601,392.323519730656,447.649532634824,465.035019625234,732.912475892421
"ENSMUSG00000029191",551.343295048257,783.190293829581,624.454478056227,648.885910894456,611.162914491604,699.836477627114,572.195650709111,593.456516387826,642.039816842988,731.701593008082,525.708055625651
"ENSMUSG00000029192",602.252060409479,548.152382454016,575.382265891608,1119.08292273495,518.108895394127,502.435008677816,707.631943054544,772.734553468437,656.103980095868,678.205595079652,705.394430206223
"ENSMUSG00000029193",0,0,0,0,0,0,0,0,0,0,0
"ENSMUSG00000029195",66.8230241634105,38.1384424801749,41.8052470915347,13.9002998654103,87.0326687848744,35.1799134915172,51.2938508737898,48.5062656111801,49.9583268843394,42.3663420031802,32.5155462731715
"ENSMUSG00000029196",236.807593578519,253.469761092193,170.610566083362,167.413959582348,157.154696099376,274.034614375785,229.477370238175,232.794344048651,251.611433839151,222.915075157402,323.440704433352
"ENSMUSG00000029198",747.592638680922,688.227209049576,749.659042276041,723.638976063272,629.066521006557,746.877240494517,685.230085611209,704.954270409184,694.77584603407,657.519716326491,709.275578912976
"ENSMUSG00000029199",385.023543465979,441.505409884705,423.417825272612,418.099803065062,428.015461431907,432.241175606366,430.019265275436,446.800817622365,433.458782932504,371.463151035753,450.947441732036
"ENSMUSG00000029201",347.515012931245,270.005762874229,309.10448568176,256.124017130533,315.555078158611,176.64551677088,246.110114988501,249.899797300375,295.084150725672,258.2509320674,355.044256954606
"ENSMUSG00000029202",1034.79071482043,871.354867400724,990.075439817765,977.337549653309,749.056019819796,891.889166425093,1160.24170267032,927.100527873109,1021.38398922575,1048.95969876269,1112.11072052909
"ENSMUSG00000029203",1018.0393387598,1343.04941793466,1136.86138831275,1224.20521949238,945.8369770907,1142.18786632692,1118.44782260292,1117.63039653566,1057.94483171534,1057.90072615311,1202.36623847221
"ENSMUSG00000029204",24.0439336561458,83.2722326701229,16.6705051496441,14.3241860890092,12.8155449726307,46.7400024429501,9.35028821079984,4.87620235270486,14.9027848044725,21.1438824185022,8.07461611211012
"ENSMUSG00000029205",0.591529599439152,0.928409359239272,0,0,0,1.11436685100931,0.885331724028598,0.857182282575248,1.98129202502136,0,0
"ENSMUSG00000029206",0.684129800786751,5.46644012020029,0.890135746035744,1.09675702828697,2.09332047187633,2.56880825391952,0,0.983854241001038,1.86306371140915,0.946978359490734,1.14572842612568
"ENSMUSG00000029207",39.8449571901566,29.6483087880949,40.4284791057368,46.1471348860016,55.3318695382179,149.818100126341,94.9424841301841,42.3252136270597,47.9407647611612,47.0102868231958,61.6945115380796
"ENSMUSG00000029208",217.151118964281,269.952816039028,173.774040831656,194.66935673952,209.638327816006,199.125819397935,213.592850783469,222.913329214097,220.292897875235,183.617473321732,214.800866788379
"ENSMUSG00000029209",52.5001754259171,35.9775207369703,37.0393043126942,45.4595860856858,42.7834102887831,57.9760628911023,32.7815858361656,54.2844980578296,59.2007031617076,54.3371443630803,41.0825039988108
"ENSMUSG00000029211",0,0,0,0,0,0,0,0,0,0,0
"ENSMUSG00000029212",0,0,0,0,0,0,0,0,0,0,0
"ENSMUSG00000029213",138.400022503869,152.721211155973,137.755601330395,143.671703424032,183.73155753721,117.604889780824,160.841927561987,150.314722475333,151.335986463046,135.829271519143,139.376048493491
"ENSMUSG00000029217",883.457239353777,238.147929599367,226.502270478366,1186.6694736747,2356.23145666266,186.61510442884,215.60387699832,188.585432787256,263.82248342963,266.082980673375,220.475684415396
"ENSMUSG00000029219",0,0,0,0,0,0,0,0,0,0,0
"ENSMUSG00000029221",459.377463186728,486.437816571155,432.299843264745,432.068480227905,417.782616117603,475.311800609426,458.689853947475,546.500103464505,463.518237033447,453.159970007396,544.659290405771
"ENSMUSG00000029223",2.68077420533765,5.31815444611759,7.02928271242878,5.5115890113907,6.37689348821017,14.2281881347896,4.13354866695664,5.90018183295576,6.55584096028488,12.4677824396274,5.7714203282878
"ENSMUSG00000029227",527.744968948221,466.177398687942,510.455282375558,508.119868436853,442.176775615648,487.770018184167,492.87053194392,480.65288403946,547.253799605144,493.762679031063,547.362994542986
"ENSMUSG00000029228",123.01011962567,148.593825628981,358.149863734206,410.735327282174,241.140568649832,127.172828937157,173.915850949385,191.336626832621,302.738927511785,262.620875267885,307.114979694239
"ENSMUSG00000029229",187.507442434332,181.63606279406,264.292232496707,215.471639736263,371.805077180058,173.667094880586,240.466908006607,227.330295669241,219.42815063666,345.368868725625,148.829461274751
"ENSMUSG00000029231",90.709713091248,66.2093606507775,62.8638899008577,38.0838270831001,113.431634358388,74.3581943122112,42.2491723940894,147.700547041728,91.3076259520728,55.1531293921823,56.7676613412185
"ENSMUSG00000029233",310.529100588105,389.424618136195,394.868240907652,489.692368564285,315.352179072524,396.531630709365,419.95445467462,405.815855195006,451.897119709775,425.542782030284,386.348657087871
"ENSMUSG00000029234",1078.33744027146,1424.27972917474,1175.88994082111,1941.42595472305,892.260790287572,1506.58937852838,1608.81436360984,1334.24002843469,1919.24119371066,1180.70277569279,1699.33009641078
"ENSMUSG00000029235",0,0,0,0,0,0,0,0,0,0,0
"ENSMUSG00000029236",0,0,0,0,0,0,0,0,0,0,0
"ENSMUSG00000029238",143.296894824688,87.3556040416288,129.333307393919,111.279359395328,83.997208452361,46.0117342940552,103.42746912716,67.8073552124658,147.860661094052,88.2575808592109,120.880240262956
"ENSMUSG00000029245",0,0,0,0,0,2.56382447803796,0,0,0,0,0
"ENSMUSG00000029246",145.193358096869,95.3840167498226,77.9870691510293,116.366063138087,77.716463733439,115.351719391417,95.4243453791127,116.917162224028,149.428411522173,101.757158842652,173.565406703867
"ENSMUSG00000029247",904.819531169617,780.349909852169,835.952944832478,868.680804004058,885.3088246038,765.382538312328,928.203050003958,832.865555759252,947.750247280385,836.874553360578,852.252242737268
"ENSMUSG00000029248",0,0,0,0,0,0,0,0,0,0,0
"ENSMUSG00000029249",173.274687085099,156.649240936553,221.600670143889,184.236228542285,203.807647519721,102.828665702313,234.760542729149,144.396516972423,152.995034932874,211.273997922098,130.131928408218
"ENSMUSG00000029250",743.987174695832,733.422914764888,636.946444309277,641.239856943609,592.80332684441,648.699338157791,652.736499611597,534.680524054216,759.710904023078,622.331117548987,795.435768947107
"ENSMUSG00000029253",159.780004636041,198.500220538121,153.911632232215,159.510370778386,156.941668449676,167.422105962776,206.209786060068,144.581096936657,174.541619007758,183.525325070084,209.44411093802
"ENSMUSG00000029254",19.1908790562631,51.6895637829602,8.74805807304072,8.36978479982676,20.8488203839851,35.8186207473777,9.42288557374007,15.4490724297744,4.58461670426214,18.2400382992691,9.04424358594495
"ENSMUSG00000029255",0,0,0,0,0,0,0,0,0,0,0
"ENSMUSG00000029260",0,0,0,0,0,0,0,0,0,0,0
"ENSMUSG00000029263",241.399066739253,246.750475509776,279.322162605552,268.900891452733,267.312619042266,202.724067997443,262.768077624303,301.037574274924,297.896580573256,245.11735308633,274.057346438074
"ENSMUSG00000029265",94.7014245857961,85.885863067036,96.7800983271851,93.7903906266341,101.574844227675,101.624904792745,96.3327864644106,91.9590435231192,97.5406066261785,112.054096300938,114.865829499421
"ENSMUSG00000029267",249.427243382807,292.733396174334,253.395550752637,215.012354503674,143.36979340337,264.149748409368,250.852875588502,151.281346328899,155.421067255901,253.482031274805,328.63703963866
"ENSMUSG00000029268",0,0,0,0,0,0,0,0,0,0,0
"ENSMUSG00000029269",0,0,0.885247121935303,0,0,2.57968874785367,0,0,1.84046812430924,0.961183352158141,0
"ENSMUSG00000029270",584.775732558134,511.279200644662,763.261132236715,567.061568196212,665.457410150329,434.442383842854,553.460747004782,526.994840202881,617.266307085642,732.16773363644,420.621825182335
"ENSMUSG00000029272",2.03649680656078,2.20718626848373,7.13882759323544,2.1895797259587,1.04732140869497,3.84218484281804,5.1274353961065,3.8923225664771,0.923166557789839,2.83658783261423,1.16947194088664
"ENSMUSG00000029273",90.1950766990977,105.075178160475,124.176776660358,93.6979514786902,93.5601251812845,82.3049750594026,118.303029220043,118.544621638075,172.781516302901,124.05758116313,161.802314211517
"ENSMUSG00000029275",2.53894145353555,4.16415996017642,1.35531314818508,2.02734657832473,6.92265444446281,2.41094235682651,11.3390715473843,2.76099112637672,3.53159345011105,2.638044635902,0
"ENSMUSG00000029276",79.1732546490483,66.3616838126566,53.5367806319182,54.5263152419144,108.105787185849,61.5170921604196,70.6897656543145,62.9029070482777,73.2215105854887,75.4358325606206,79.1781399672242
"ENSMUSG00000029279",21.9035155112813,16.2949061190329,25.7269424332082,15.3229494756583,23.1179615617739,25.6535502793884,24.8247049948661,27.558371111775,26.247188135515,22.6921190188184,10.2497265609949
"ENSMUSG00000029280",0,0,0,0,0,0,0,0,0,0,0
"ENSMUSG00000029281",0,0,0,0,0,0,0,0,0,0,0
"ENSMUSG00000029282",0,0,0,0,0,0,0,0,0,0,0
"ENSMUSG00000029283",33.1945044214543,45.1328091618172,25.9851711624607,19.003624068551,24.7313980476445,29.0418726232709,34.4063800462212,21.6569443110041,14.7298555737062,17.6852207188807,14.3808260064831
"ENSMUSG00000029286",0.687163277939002,0,0,1.10056908219873,0,2.57776568530719,0,0.988471514435066,0.939920577545656,0,0
"ENSMUSG00000029287",463.784317740114,308.860256692703,344.124142182544,276.622421574109,528.103526285194,274.731451456388,397.365861333816,345.298386911232,295.759979025484,436.358158674782,450.126379742905
"ENSMUSG00000029288",0,0,0,0,0,0,0,0,0,0,0
"ENSMUSG00000029290",417.067327063531,310.480204829269,320.880264404572,311.447098906566,379.055753240311,231.334546215477,481.641499331021,255.669638378806,337.48340128295,346.995034713383,352.666534200404
"ENSMUSG00000029291",296.012896568855,209.295583485997,295.785382183418,308.303696586457,269.505934170244,270.48932775737,234.281474338125,277.543472543962,250.147337111705,341.269779271348,272.573232895852
"ENSMUSG00000029298",129.863181624723,146.754595932744,67.3843008248061,77.6401583499637,63.2445432830102,79.3639652014383,88.5193163964134,56.2961680740268,114.689992127359,111.335149157206,102.903284295732
"ENSMUSG00000029299",37.8431454400285,46.8672978291084,17.1626639134869,21.9966139339521,19.6179077323797,21.8593440701802,13.6285442039729,22.3350774633463,23.9891748743963,22.913483137205,16.8166557843751
"ENSMUSG00000029304",59.9278104794645,72.420055750145,69.9374260121444,66.6874402401382,880.141939922584,22.9325314562733,2433.89767924457,63.3944617446561,76.2360460660668,55.011422342382,1630.11278444964
"ENSMUSG00000029306",0,0,0,0,0,0,0,0,0,0,0
"ENSMUSG00000029307",0,0,3.55484591481978,0,0,0,0,0,0,0,0
"ENSMUSG00000029309",871.768395408618,830.350628427049,975.537773000717,936.008481443453,1301.15582443642,781.425321424709,922.19988131928,1074.44339295643,1121.14571613918,1024.8278003575,1072.19181212682
"ENSMUSG00000029310",526.748324596947,640.442260544112,583.512686736471,613.139232782128,660.627992672276,666.703416745742,563.466207139329,557.814765694561,571.650353114566,588.048513674797,584.574136673561
"ENSMUSG00000029311",1800.41914564561,1778.21360028351,2332.61066747978,2035.31049262801,2302.68703702205,1665.94621558689,2172.00029805466,1919.1582975639,2233.96217605572,2020.29338498404,1765.73256853965
"ENSMUSG00000029312",120.458156252064,129.754530388772,112.35539611376,124.181635219998,101.312971859011,99.4513619112711,97.1367141261259,116.322195851248,112.710668538137,141.492212349577,68.0993024518768
"ENSMUSG00000029313",827.124570598784,807.838170364253,1159.28302942951,1443.34093091166,1011.73836181531,641.527226533978,1149.38542732197,907.812025248257,988.939565499062,1210.18703702607,870.442440949766
"ENSMUSG00000029314",162.204083533595,65.501430403663,77.0162508213683,44.898873702983,68.5786606638026,76.9028720633593,94.5930842072797,32.6448141070154,79.9930868870775,52.0312202126398,64.1896943377981
"ENSMUSG00000029319",636.492627865339,661.642534996113,632.613407410993,759.297205764843,627.974165825116,689.237434552936,754.437738508646,747.288402930729,716.544115999363,641.878008663385,706.672722918496
"ENSMUSG00000029320",0.67471234575178,1.092819031942,0,0,0,0,0,0.992513315820263,0,0.946918470461521,0
"ENSMUSG00000029321",15.536835673752,18.1975898232149,18.515998210388,24.1718157454345,23.1920256379843,27.230675115812,11.2764361998647,19.8579169913261,14.1945487724387,27.4284462360527,13.7561086052286
"ENSMUSG00000029322",31.1685054399958,36.2230570226873,7.09384934418295,5.52130540222746,9.95752245299287,31.6794256603631,3.09582987135682,9.7326179893045,10.1658066432881,9.21456834739339,12.9780330704854
"ENSMUSG00000029326",82.6303414448176,78.9161759298842,72.1076150940588,81.5142044798612,79.4799159563263,98.5159690520918,65.9663373124035,57.1877216501929,93.9694033996226,78.2641939629063,78.2580821398378
"ENSMUSG00000029328",1513.79826345741,1735.87589840191,1535.55579531639,1499.88733228599,1777.1310839522,1760.8004727201,1696.625651314,1973.09362194715,1633.4332367408,1683.86880290771,1624.78668541408
"ENSMUSG00000029330",37.0860388433048,37.6220605619933,32.7829648160382,32.8273155539391,32.7020425606211,24.289825143408,29.8488802810772,21.7252742079386,26.3032504140796,32.2052125040614,28.6373562149095
"ENSMUSG00000029334",1.68244961042001,20.7618576094144,0.725497387394956,1.79327138942463,0.817570674028775,2.09565625640418,0.846493346699688,5.6383877037008,1.53392515074667,0.775236904584397,0
"ENSMUSG00000029335",8.91623381382067,6.44277885905538,22.1395391995823,26.2287213925831,31.7262807670447,24.3690791545081,20.5006359024353,16.8308805797544,32.0760462168772,10.3687248918381,17.1918843439446
"ENSMUSG00000029337",0,0,0,0,0,0,0,0,0,0,0
"ENSMUSG00000029338",36.8468180773029,37.9946989050774,29.2376286956947,23.1881035817151,35.9866301811708,28.4051789904266,21.8804052473132,34.6019912778044,37.7850149278045,18.1436794421281,21.8056736919194
"ENSMUSG00000029343",0,0,0,0,0,1.33757528464674,0,0,0,2.69220041927979,0
"ENSMUSG00000029344",359.966021577364,440.195092487676,422.408773568622,562.873409995897,437.515453878971,553.391821117691,352.789476785457,360.283041985938,377.83654807149,565.285545371146,466.584232399548
"ENSMUSG00000029345",416.650451322958,728.073523852683,579.786987839201,580.399260730289,718.040887319122,648.388923160137,270.082137923971,719.91499645199,544.840941685906,632.036611304476,1000.1903265578
"ENSMUSG00000029346",89.6984122476554,83.8861621569086,125.520957593957,109.092521108971,106.69721168007,104.233790730374,98.9521511416014,100.092642907011,122.985096807598,94.2670360793372,94.6304847624791
"ENSMUSG00000029348",2.0691440688661,1.29762228479865,1.06925257181675,9.2675871341954,28.5617890198302,3.84759511121593,0.61887999341334,0,0.565922512679027,2.84328948914338,0.692002336310879
"ENSMUSG00000029352",3.73309517182048,11.7673550981735,9.10150583434547,7.81676993602302,10.5794531793913,6.04175865528903,38.6978126228791,16.6258795544069,3.69395396182828,6.81557444716462,11.0216874721361
"ENSMUSG00000029359",5.70125987617346,12.1279376667546,1.66514520590892,2.09211934051692,1.80663554676834,9.84839578501769,5.89158197467935,1.86021925372138,2.66102928576538,2.72974492870417,4.37579829484159
"ENSMUSG00000029361",15.5461840388889,3.25631147684026,4.43859797829055,1.09274688287838,5.28769214797959,0,3.08154168120077,1.98191691997979,0.949116849431033,0.938497525387701,4.57250770483493
"ENSMUSG00000029363",80.7735752079123,152.421118447616,129.487261180329,82.8983573864141,80.1721466726648,95.4739573109966,117.600646611403,126.875084790598,99.4325318514437,93.845268924176,103.513833924126
"ENSMUSG00000029364",1330.18029678813,1480.48502407539,1525.45698743338,1832.23183852885,1302.55710644989,1456.97416666201,1448.07029108643,1137.54935856526,1319.391866787,1587.80083073488,1690.92015334573
"ENSMUSG00000029366",51.3551516805348,77.9396527709319,50.2631432568525,46.5377059611865,44.0274778918148,76.0976541880569,64.1177452847524,48.7509741462751,49.961934375502,66.8174599676578,55.9505702876022
"ENSMUSG00000029368",6.94953130152515,6.4437619097684,15.1067685451584,25.0764621949607,28.5681190461844,7.63001019735134,5.12557361063388,0.990436548950753,15.0704618468785,2.82709899746921,0
"ENSMUSG00000029369",2.05467718040164,1.08452448191816,1.77557388781466,3.29350686374169,3.1521541076105,1.28175204334298,0,6.89623784150835,4.68270428537781,2.85210974984938,2.28267203169487
"ENSMUSG00000029370",82.5892416904182,127.635153456471,126.210947052088,244.488306520995,122.861479153367,125.509461079812,167.129974965102,190.03402355801,170.363048633791,144.673219972355,109.293340446315
"ENSMUSG00000029371",0,0,0,0,0,0,0,0,0,0,0
"ENSMUSG00000029372",0,0,0,0,3.29515109024867,0,0,0.967446888806262,1.83778777281299,1.84285490790943,2.34449617100668
"ENSMUSG00000029373",14.8862454781021,10.7794098839928,22.1148458380592,7.74221055796263,21.1144674505121,10.292361058431,6.18233039822957,8.70835145912106,11.1015217301781,9.06433129035496,5.86163379845971
"ENSMUSG00000029375",1.97584307163211,0,7.02562962255932,3.31333646953349,9.63734924177914,1.28614452503841,16.701397921182,1.94222102822599,1.85251917920612,4.82025775557539,4.64802203399665
"ENSMUSG00000029376",69.9616763212901,71.1010403931442,58.2096286358421,101.428945164591,90.7410881936596,90.4160224909446,105.621878460731,77.4221667912102,64.2109408369018,90.3228409635694,87.7119906982688
"ENSMUSG00000029377",0,0,0,0,0,0,0,0,0,0,0
"ENSMUSG00000029378",1.99764299434961,0,0,2.23018009638529,1.0550647307893,0,0,0.975512538023614,0.925542692872622,0.976031333941043,1.14846520417068
"ENSMUSG00000029379",0,0,0,0,0,0,0,0,0,0,0
"ENSMUSG00000029380",223.984686820118,59.417232176914,125.534220180999,124.867399746578,146.093037851097,10.187227790966,87.7844391284548,57.166877475499,37.192639412872,66.8985046318676,52.8776067631106
"ENSMUSG00000029381",2003.96913791492,1917.90878727132,2343.21396496651,2375.92947737453,2427.17624990274,2138.23450417995,2063.51572420739,2101.8144755891,1741.42500705543,2293.14481073393,1975.13597055518
"ENSMUSG00000029384",4.61088079571727,5.32675239356418,4.42881967866254,5.5518415071539,2.19126138639948,7.75114089816194,10.4402569882041,3.87215561246805,5.53997904928437,4.66630672960055,5.87711073759222
"ENSMUSG00000029385",306.256321295934,357.581573141515,651.027366348444,527.288823617767,1236.27855313685,307.593376675253,617.084407922087,692.394475761993,363.495286228451,629.033588336331,267.825236401945
"ENSMUSG00000029386",73.1362313053322,63.6464411266196,75.3312862019072,44.6804424650791,66.5654917613762,84.932077001319,66.4912026346348,72.1499075455679,118.074625404393,85.3670030593998,85.6499298821382
"ENSMUSG00000029387",161.147248530294,202.607988407021,157.272914641051,175.346836844753,182.907026377732,162.961970713399,182.381722282104,160.614609152179,177.295563874432,193.471391669541,188.7093089109
"ENSMUSG00000029388",582.304596148772,690.805083989515,348.185201196601,408.631766913365,325.662940178238,349.631000781494,333.074395783234,345.583331101742,355.31698188867,329.651922203251,746.330339557035
"ENSMUSG00000029389",238.62355598627,296.574840478893,247.125711159342,309.230465962713,241.902650735063,321.955045721821,310.989235967589,333.280222211966,296.551764751942,305.197055913909,319.687200493353
"ENSMUSG00000029390",2000.9064198919,2176.89692979294,2032.05189526121,2497.87042240976,2230.2024020268,2035.24618525165,2942.17295580159,2399.36570959646,2107.27396809424,2294.18316407912,2383.6852799678
"ENSMUSG00000029392",144.723525125524,73.1693968948349,95.427004671988,96.5091591757106,95.0806051097767,86.7531005532052,76.5160934554871,62.7301576183478,71.0701876723795,74.7451707821501,99.8970523658502
"ENSMUSG00000029394",280.139126229439,378.41459448381,290.797748155799,275.7390548661,362.774398559205,407.139877016695,381.555397166634,378.109320102816,390.660500499939,267.240622503041,337.008901426035
"ENSMUSG00000029397",440.224680720134,470.314395806406,443.535204392833,459.342214130883,445.316625246427,397.126195019444,440.784856657165,496.345206093749,476.472906880673,528.632352103338,421.332144019621
"ENSMUSG00000029401",190.205090812237,175.091582211892,222.139897661564,165.821124376413,191.687109121433,229.539449429457,192.972507446365,192.477139584931,221.403977899431,194.863653026676,187.521912401884
"ENSMUSG00000029402",68.4453652592127,78.450586471591,67.5742599398723,81.2689445608814,50.1595934455266,69.5018456171915,66.9243697157616,57.8484943660892,59.6508916931958,48.534155396803,91.9044270427935
"ENSMUSG00000029403",43.8230169285833,49.4939357411819,36.4999992428841,56.161611779558,48.9954414688008,47.6342115824512,57.447047061811,58.7381789089853,49.1768214516041,30.3597610704194,68.3222553478425
"ENSMUSG00000029404",465.996293644486,528.460910683941,519.519065706344,665.094457775952,478.730090053881,770.466530037893,681.994210039229,632.081003433368,472.442987620419,620.61428036317,638.461869753898
"ENSMUSG00000029405",669.471393468287,518.497430792683,576.295470634159,560.857346763687,748.130479768173,580.873579781137,539.055433943887,434.618317871997,695.153390001283,516.819188689029,628.472302331118
"ENSMUSG00000029406",83.1814916527786,116.043850508634,55.4355170295891,89.321076231242,97.2636165565641,109.380077197216,64.6760006560036,76.2085637923298,75.5048773383169,72.8126216663089,75.4385308021378
"ENSMUSG00000029407",2385.66487981263,2653.0093093553,2004.79473793341,2371.42452581919,2048.1903164789,2391.84805182849,2505.39272821035,2381.57023904623,2225.56507943583,1960.93420045705,2613.71210267459
"ENSMUSG00000029408",377.32838483327,321.830313921058,327.953184110871,337.652369521805,293.748606785229,294.514698193056,277.846169174834,325.733071580559,306.620906679057,311.142519849532,401.195835605225
"ENSMUSG00000029410",0.686263475064558,6.4712476196238,2.65810910675219,1.09222932601551,1.05603972712714,2.57105941964462,3.0775233538787,0.988734134218081,7.54878498988545,4.70133513804939,1.14273804187486
"ENSMUSG00000029413",83.6520925134134,124.50738105067,47.6631914673256,67.8380938338977,67.763251003018,87.1548883179827,79.5809925234579,79.0106386955385,70.6432606389221,71.5074740764306,70.1394489212097
"ENSMUSG00000029414",10.0769921866516,14.0787238823996,4.50602723538468,8.0126062550881,92.6200963506051,6.49981892045007,5.81515077826946,2.22508983761878,94.3100588432194,2.65818250399627,1.28422188893137
"ENSMUSG00000029415",155.911855283185,116.878611848612,93.7608675049042,108.046272306491,116.889765551913,126.106332278316,103.747642072328,80.4495419534194,122.095273418622,175.54181743925,164.499703040216
"ENSMUSG00000029416",168.783450046323,179.076209775683,167.613653624523,144.300276223479,167.477605762392,144.277501006544,163.5120186338,161.230431799668,127.474557051707,188.715618548449,142.101742679678
"ENSMUSG00000029417",30.8607880749681,65.1478785792503,34.2542216595637,17.7410418559711,16.3667691602356,27.1268560840565,27.3777651339529,36.9227046953913,25.7048714588426,51.8956120562778,10.5497580839327
"ENSMUSG00000029419",8.89350685461969,9.7895774819779,9.7435031974412,1.08360241456455,5.28337117565201,7.71771928098787,4.09615879059156,9.91274320348611,14.2334622312962,10.3433633654253,1.13730925631955
"ENSMUSG00000029420",0,0,0,0,0,0,0,0,0,0.936366945291052,0
"ENSMUSG00000029422",795.556675136921,986.040980298653,738.665774392884,711.461269505891,521.055321833946,683.57200473122,816.452160132364,578.818171981867,827.528310433654,601.604104727587,617.026820930844
"ENSMUSG00000029423",0,0,0,0,0,0,0,1.98521321987274,0,0,0
"ENSMUSG00000029426",1286.2097299041,1147.91909169361,1635.6423092247,1344.97241590522,1766.80235190257,1063.31504357112,1552.08492536345,1445.51254041026,1589.10731897743,1590.17008315947,1331.71099269998
"ENSMUSG00000029427",549.419584123493,564.460182716987,499.932331668444,517.465447502809,524.50005482495,590.948881344666,684.475900603524,561.917088869981,515.310247843904,602.19645841702,505.888369611051
"ENSMUSG00000029428",43.6929474230572,40.3910839392408,38.0749327708997,26.4147707723891,23.324686142396,34.4090975479656,26.8072992733845,39.4422721767429,25.3964226861532,30.2928911614615,27.745198995771
"ENSMUSG00000029430",897.044568858023,997.703954243076,810.083659483259,755.467907206466,943.717002145999,985.091423948645,894.565440110201,807.122508719573,669.660295484063,764.234848918941,815.810051063092
"ENSMUSG00000029431",0.683778269541372,0,0,0,1.05853424091111,1.29109235561073,1.02687530807138,0,0.93876832272883,0,1.14135860833108
"ENSMUSG00000029432",556.155660963306,539.66678030296,485.913834499904,605.026711117726,503.148724699507,531.232302392002,521.02112665827,620.712258422263,537.405348242594,497.121139644583,571.847176482166
"ENSMUSG00000029433",314.584158089044,425.278014321673,335.058898280241,371.772140683481,288.078274047853,329.781278054298,352.654549476138,362.169635648461,342.483727552988,333.189004369296,329.055144828172
"ENSMUSG00000029434",414.165849089998,370.291393976507,377.726973027215,542.283578693711,396.496932001803,407.649369488163,366.633408803583,418.815739700256,404.054625079266,422.196525329165,451.632643155543
"ENSMUSG00000029436",16.5670724258315,8.64781671260723,7.11206361416475,9.78532127247285,12.7965091842281,5.10683518845577,10.2346258552125,8.85167924566394,3.77249324199354,8.43365648477672,2.28950516487598
"ENSMUSG00000029437",0,0,0,0,0,0,0,0,0,0,0
"ENSMUSG00000029438",66.3991940917569,63.6442249157924,68.7720696395486,49.5595910835543,63.0556436667113,48.9398911917347,60.4919919195698,53.5669806870215,62.6862047559795,71.6878765311042,55.0465754006347
"ENSMUSG00000029439",599.176552296654,648.39057364956,819.575444636015,644.416125331162,798.826421109841,720.002173268037,718.519311833538,688.269070655774,598.490278305579,554.750279262052,1013.69386496758
"ENSMUSG00000029440",302.522950747351,266.083022140071,256.98166696705,258.453446157902,250.383993303124,249.242892888542,295.320972782201,237.316150482056,253.020791709645,264.892638318888,296.624177431529
"ENSMUSG00000029442",72.018193982297,65.6321737546513,45.0584227304053,22.7551729625481,49.2342676759711,28.1207210833513,44.5213089450305,25.55531942229,21.5108132020712,43.0057295794598,39.0663269277602
"ENSMUSG00000029445",3.47395674539768,0.914612129681266,3.62962593479992,5.62964921147907,0.900760215859937,3.31833640572173,5.25252804035626,0,1.61820574002744,1.6155946412419,6.85941656754216
"ENSMUSG00000029446",114.612138220638,159.016844492983,100.189240541369,62.2639410029988,100.049386101646,200.751682736469,191.516930906957,99.5824914019332,81.710438134285,52.0816389895579,185.63273611319
"ENSMUSG00000029447",1184.04683668419,1148.84923956115,1013.29958550153,1042.31800104175,1009.39258562756,940.905319791952,1179.31234933814,910.156062878658,1072.35973875996,932.313582900282,1261.28868534502
"ENSMUSG00000029449",10.1322373307136,35.4074560376528,2.64361368980662,0,0,20.7780963835343,4.158404434165,0.977207266983729,4.67093982595135,12.4965355080337,4.61663270423326
"ENSMUSG00000029451",0,0,0,0,0,0,0,0,0,0,0
"ENSMUSG00000029452",4.01106047428118,4.34271811023197,2.93844572890301,10.7570722234296,12.6450346293021,3.84943630901078,4.14703542091927,2.28966767043105,15.7775050646435,3.16086315126875,10.3781837581995
"ENSMUSG00000029454",620.633163288823,1029.58593202875,732.818108760492,679.952081344342,726.565815220772,700.855310233813,655.903798621691,768.063838294927,621.317972624708,626.077418656043,798.785091982334
"ENSMUSG00000029455",6717.22935065571,7055.32536406645,7474.52643988815,7738.09561513223,7154.29871496942,8396.20250978865,7018.71902743749,7395.83416019887,7077.09056532743,6557.44332237036,6687.71352442098
"ENSMUSG00000029456",161.84578220684,239.118988714413,201.978074968539,312.742687908245,209.96642670327,324.41230801941,256.704138779034,301.507704916354,253.520765977086,267.599140834996,284.796410443591
"ENSMUSG00000029458",780.224369546616,792.402380517172,758.414111434553,680.258593958386,1069.78398973859,697.571890187184,807.668948541998,993.870546378997,749.521729130103,729.17044207114,914.376450294565
"ENSMUSG00000029461",38.1585891077165,34.4206901368769,37.9264978365749,46.8285490871751,42.7352614787985,20.6965959155452,29.0107328405884,24.3741340714397,34.4281073040509,32.4044944918969,52.7757601579648
"ENSMUSG00000029462",372.658193797537,427.501341231135,431.603704042764,405.050270777773,344.003363499525,355.389614963392,360.628784528441,377.378248047562,423.474267233594,328.930924248311,315.830912658153
"ENSMUSG00000029463",76.0541018525962,58.6543080954135,69.6912867865789,53.8978426498787,60.5464557801804,67.6667564122083,61.136329576592,56.9365418046925,80.1850516830065,56.5979772897563,56.5144983576564
"ENSMUSG00000029464",139.968423634617,196.255004979578,220.297554409256,263.268582681266,201.245746519942,197.128936039346,223.773558577595,235.602711951273,191.222208782746,270.608783250148,232.700935305805
"ENSMUSG00000029465",864.499885765113,856.806193301141,934.001214074747,849.790523012265,915.416083117545,725.818530405153,838.828639235453,750.246354403668,755.184113828169,783.574057703083,637.853848502165
"ENSMUSG00000029466",536.017319907086,644.023528981609,699.217043909255,761.632482623714,748.075407134529,540.470794107838,639.781213872963,599.397851092617,772.231470025067,847.427766982426,569.178854358429
"ENSMUSG00000029467",3552.4384219066,3062.78884388797,3834.3236789941,3702.32011809599,4171.90518550393,2855.6149706417,3402.19515844123,3706.88076409786,3575.54974869412,3739.92841585732,3578.28376085225
"ENSMUSG00000029468",232.580807402493,227.240762648708,301.59814641809,260.407791058939,340.168735290229,234.909692399734,239.379986303705,278.764487219994,222.299588188249,265.99738780249,234.69774191314
"ENSMUSG00000029469",116.553433739642,91.8926184042504,109.409205667102,79.220311452194,139.637833724427,102.298269686922,238.480730752256,139.623155024056,136.305473761036,137.430574590911,78.4172966258343
"ENSMUSG00000029470",412.468989769971,380.334344461018,511.209232027435,552.437118091213,492.582248350718,304.593614738831,387.668603982407,520.311968887166,437.598763306289,517.435217593815,336.784559385497
"ENSMUSG00000029471",229.765990100803,238.885826217426,228.129817515601,284.158619720377,328.053803306645,341.520422344837,163.885959749551,349.265364872219,261.755699675859,207.073331944878,376.030361097313
"ENSMUSG00000029472",3276.87535875418,3467.02782947981,3627.22513670343,3256.30253770367,3416.67134690916,3711.03729537694,3487.33298278056,3299.69935099397,3235.6385713371,3261.02391165284,3488.22684072031
"ENSMUSG00000029474",268.132757903025,266.884236403166,258.049357278004,255.215479952389,211.809586159419,240.65120215917,231.998647720471,239.158403823309,305.281397825034,277.652854814917,285.453486375285
"ENSMUSG00000029475",505.200083591146,507.463144061565,555.055407942329,673.015877958392,668.366547152513,662.783328154864,515.705245573586,652.677446881639,666.85120345994,778.547754664159,511.965674327175
"ENSMUSG00000029477",6.2972851492772,4.27403925385985,4.15053584182025,8.65840972017036,0,5.09838821351658,7.31461688221344,2.31687801164741,4.42145325295849,6.77204275143425,13.4720101681096
"ENSMUSG00000029478",544.232936459238,631.468027762413,354.916022256923,416.832654433174,722.051591743725,908.075717076641,539.695493043732,527.719808524372,639.851866412033,546.25490369821,922.186994012828
"ENSMUSG00000029480",184.35081059382,192.605163978846,124.218072949849,215.105414377479,197.462746226507,275.422881851668,165.924460329647,173.81769846593,137.117223846968,93.6668225963211,162.117349496152
"ENSMUSG00000029482",1245.98659824812,1146.00928340962,875.318206535938,1300.51069904158,860.543097153147,1327.72416347248,1477.23566740241,1002.32890024664,1345.50330540883,938.273974282433,2118.88371764616
"ENSMUSG00000029484",205.515317492658,72.2573910357657,197.144187777201,191.918727825734,131.329957266093,181.879829537584,89.7865561467071,121.864174193566,135.262456332105,118.204520027933,112.484063281726
"ENSMUSG00000029486",203.304896909256,170.721877339475,196.951287660378,181.19556326358,163.022798139188,211.967056311198,194.821998955338,219.332256804456,215.465420085066,170.207761611313,197.055468413705
"ENSMUSG00000029490",94.0395143290527,57.1993844782631,78.8843256660107,34.9546960910546,48.8900480080771,54.4892566646618,44.0025097508637,59.8301859583727,61.9773965350113,45.1138895346607,119.114794676998
"ENSMUSG00000029491",0,0,0.888711478704946,0,0,0,0,0,0,0,0
"ENSMUSG00000029499",65.9743648784393,139.925781938768,78.7445692663006,113.728545364675,91.8406497179251,80.5082671230271,136.63904965813,120.396591464681,93.1248425787078,110.622555358062,111.44874604772
"ENSMUSG00000029500",201.598037114556,188.097052188708,167.513226790371,187.920315402004,168.259431733267,203.004476657087,198.403580995703,203.708860952417,215.100311258368,170.00260798754,232.146378301384
"ENSMUSG00000029501",541.795480175562,520.380027760344,539.427432802369,464.147849163787,526.799104964654,411.250284100849,432.164756689719,543.498604549534,561.997044441258,563.150391603396,520.216413526715
"ENSMUSG00000029502",1056.56969674154,1119.8994252882,996.41660663415,912.529998255383,1057.34166160931,675.791945048871,952.83456406685,829.023368091398,1117.69707547736,623.192246988956,1070.78478228631
"ENSMUSG00000029503",18.1173630771827,13.8959303172275,17.8856483925683,29.9883639125947,13.4095745699908,31.5492060934023,20.7727802266876,21.01199021503,36.5236612394961,13.6467648691012,50.0907682837956
"ENSMUSG00000029504",156.759010426853,156.920440242772,132.026378082846,105.537538024555,122.877981508314,161.020135471489,128.830989521066,106.631627396129,116.328519622029,132.127043878108,205.542497204869
"ENSMUSG00000029505",1011.58623723232,820.881399018212,866.348833467507,897.7693222576,1007.47463905342,870.292414773327,843.20124839114,1026.93778696346,898.452406505406,904.731368547512,1246.54748872303
"ENSMUSG00000029507",455.0120938995,491.274610755314,467.823239631211,570.304425139888,428.705362149307,596.754100997688,520.752080912914,459.953537386167,521.727343081484,481.25223285157,619.450193092731
"ENSMUSG00000029510",17.9071186124924,24.8175821814647,15.9669373746019,18.5110072808521,23.3639887282265,20.511227135752,23.5378122492908,21.7529593922539,15.0885993993817,16.8796633870302,18.2959777454265
"ENSMUSG00000029512",1003.11910632803,1225.24942656221,1475.92818635269,1748.45346538256,2033.36429830317,1268.04641876496,1454.38925926737,1609.06692922747,1180.47452013233,1709.22692026642,1142.0737178404
"ENSMUSG00000029513",206.63866527636,243.703066635743,195.658963608149,183.442465567004,249.892360102318,325.516308478172,185.824001764377,260.341658997751,160.047621919189,213.853342678096,225.156567078634
"ENSMUSG00000029516",8.02480112885206,27.0863295512591,7.31728454479049,4.98943003151665,13.5424514142684,24.194493934401,9.35672545914981,9.76504688366363,39.1289109698518,5.85743904250082,12.258054681764
"ENSMUSG00000029517",0,0,0,0,0,0,0,0,0,0,0
"ENSMUSG00000029518",235.917581546408,179.987961955476,229.43516079515,231.567095905811,311.2600700828,218.715974077676,222.251502084744,199.694638839046,240.258293570922,252.843440907024,240.099458241671
"ENSMUSG00000029521",400.423142494284,477.602732926158,444.541458026632,438.192238143645,2161.7734682155,1574.83252723903,434.10748039203,481.372794610096,451.932870977626,432.87401359087,1408.56062533262
"ENSMUSG00000029522",0,0,0,0,0,0,0,0,0,0,0
"ENSMUSG00000029524",154.763558218988,146.36388031078,174.626495687915,161.471866544468,182.66314133369,216.11647414574,194.22777256602,202.042210612523,182.253983881451,197.489253100582,173.336383826764
"ENSMUSG00000029526",0.682847344557206,0,3.53354950189378,0,0,0,0,1.97988945659507,1.88261401970857,0.949905423844535,1.15243552757959
"ENSMUSG00000029528",917.645681859345,705.527336636555,844.988185469313,761.031405467251,782.771620646439,770.734025153767,843.061001739659,806.565277988909,771.360656989865,865.020845429094,865.008543215887
"ENSMUSG00000029530",12.6539604149797,5.48408233378825,0,7.53077251391872,7.28564474997029,3.91119898067914,2.02756705310437,4.83433342337533,6.43297993339181,4.86538556545994,0
"ENSMUSG00000029534",323.253734867011,327.921157330977,191.854297098708,313.914173212569,359.940978635305,193.06106033006,347.720007112652,678.634091607514,367.476450122114,127.116728445865,191.25497370366
"ENSMUSG00000029535",96.464273634726,79.3439957028468,96.9960583900908,74.5947336361362,70.66250276671,106.841060842952,105.714984375377,80.7591290846713,76.0898721507672,80.4521156301211,72.1613588296023
"ENSMUSG00000029536",82.8419751108991,73.6855323490682,76.3877441895895,74.861986670069,70.3045534736612,119.97015250736,98.3923014189099,90.2490161729761,68.5453120303501,101.33769697643,126.758086194108
"ENSMUSG00000029538",422.166229973325,512.877824577878,498.774461413439,465.346971514838,517.95379008741,416.46848349521,476.969983993948,448.231315397346,464.924425967107,504.006554090559,435.927456640952
"ENSMUSG00000029541",0,0,0,0,0,0,0,0,0,0,0
"ENSMUSG00000029544",2.30134407239928,6.63933003230158,1.10828093145547,2.57278436514921,2.00857301225061,6.96852464765384,1.21579946234497,10.3135778406592,3.55600327284101,2.64124080252743,1.35343465656455
"ENSMUSG00000029545",717.378064960314,597.602973897125,693.112474630485,681.902344332995,731.199921339034,680.531222649521,650.759782969652,633.091454035958,714.123676315718,758.327180229177,652.815619578557
"ENSMUSG00000029546",0,0,0,0,0,0,0,0,0,0,0
"ENSMUSG00000029547",857.802746086868,1058.59684103335,809.69498772486,826.471188207625,792.735538392478,1286.2731104124,810.097360878418,1093.06366584679,768.949965196778,790.314656296803,999.739793836538
"ENSMUSG00000029550",309.527008366327,315.447164519889,346.424004457533,408.73433752292,403.997780706769,296.747596054205,403.369203317536,355.233503757618,358.539523257465,421.100838432183,312.105135873435
"ENSMUSG00000029551",67.1843824106158,93.27985181863,66.0049534235503,82.0019677589859,65.8426770401594,75.1822214389783,93.0197984948249,72.3433864949523,63.5382380509076,95.8701670628614,59.6609089232272
"ENSMUSG00000029552",1542.34719955364,1908.77972236226,2226.20117081316,2268.62379127109,1763.33273117065,1581.71072645415,1931.40588647116,1687.20351324931,1872.40811003095,1587.87235963429,1424.70940808725
"ENSMUSG00000029553",3.66220803683098,2.90922713206314,4.77522164964492,2.97512489430057,1.89481648671852,7.31003358077715,0.937648757381516,1.76649136575961,3.35469221142496,0.864148352081603,1.02990317342734
"ENSMUSG00000029554",234.956175888054,236.111288888438,278.12079848101,223.086837209561,218.811635709245,205.208155488749,227.283309668326,212.634378508824,190.51490877494,202.219034474427,270.936731302077
"ENSMUSG00000029556",0,0,0,0,0,0,0,0,0.94676288413655,0,0
"ENSMUSG00000029557",61.5823939871723,72.7856157986226,55.5280947881168,76.8458391114166,50.0570983060056,64.5164633952347,58.7879905000753,77.4665035384959,58.0963639252031,43.8124362972411,78.2162030871835
"ENSMUSG00000029559",166.194887095229,169.118589243598,186.866147276839,165.863472001242,214.319578657502,215.109131157889,212.263684673846,225.62999836295,187.880617592216,222.029882331109,160.513761986204
"ENSMUSG00000029560",617.581690548574,607.336671131056,710.508488116866,748.678785123612,671.588891483526,624.108105088434,783.652220478533,571.092359705705,674.250918406079,770.739100176822,741.277269110033
"ENSMUSG00000029561",161.008264582807,121.516984483056,219.073966199362,113.127553252923,111.629941174742,113.139156783367,69.7981307813899,56.8870407565039,109.609573169212,104.116075154023,82.1197583706892
"ENSMUSG00000029563",1.37987853529677,0,0,0,0,0,0,0,0,0,0
"ENSMUSG00000029564",0,0,0,0,0,0,0,0,0,0,0
"ENSMUSG00000029569",352.913198305175,359.926604133361,331.405742283917,371.841311333555,317.268133117558,285.571322454285,342.680196352361,345.859348211398,359.997141136583,341.031081354364,304.722171811507
"ENSMUSG00000029570",93.1840655425796,156.603381003155,75.3348673062163,77.3010217490232,102.371778823553,130.584371000484,94.3915869330544,131.672436279357,104.544782630285,131.07654083779,108.832499558999
"ENSMUSG00000029571",204.322972669949,218.082421788456,387.855202638853,355.962661965847,264.745052803093,256.134091567442,395.320297447378,318.911402716626,368.248710635449,497.922981798811,381.710418718
"ENSMUSG00000029575",65.8451952565359,76.9072040847208,65.5390343214399,51.2352660207081,66.2800947971644,88.6280660429994,96.5006316546411,63.9186906317263,53.7328014640832,58.365968036226,75.043869877884
"ENSMUSG00000029576",136.976039854344,92.4316121985413,93.9217452265485,91.4802154144128,107.406556093728,175.5672363881,101.669853799837,191.259730388102,108.199725506464,145.968987019304,117.558449455354
"ENSMUSG00000029577",1263.01126891987,530.906213527921,562.710508294632,578.061151976166,613.520794513793,912.558956296012,896.470376844619,727.377537612068,595.879827375262,605.329222177094,720.988196749577
"ENSMUSG00000029578",917.782573430338,901.118484382211,1085.0301096573,1041.20973811845,999.412115536922,1023.16074524628,983.866767683298,1075.13321859887,992.047364303447,1163.62331022555,946.826813182799
"ENSMUSG00000029580",16372.9122456898,17077.2387000739,23766.2437835127,15337.3442954999,24275.1009388919,12884.8927168437,13280.2109005169,15221.4045440387,15805.2275746864,17874.6222544508,11782.0054500884
"ENSMUSG00000029581",151.781194644688,319.648843125064,150.264637162944,133.749097091208,114.402355513713,299.04227919313,103.563020285183,145.633093394622,134.489064959991,216.706257890133,119.013985945629
"ENSMUSG00000029586",0,0,0,0,0,0,0,0,0,0,0
"ENSMUSG00000029587",317.137349820014,94.2296602092827,331.954220321764,317.789279203377,308.500091775549,362.93474673971,115.139267665624,110.079058743515,106.479742487709,286.957201317475,520.467123248011
"ENSMUSG00000029591",84.2958415141957,98.5148496805283,103.553545755409,130.461507512519,145.24984774853,128.162475351678,103.975157347514,132.106740690159,180.807990281207,120.963320734205,122.627361247944
"ENSMUSG00000029592",278.258776317575,282.852038465262,381.90161234568,332.966040759142,400.492709490491,332.349347640759,328.053485018707,401.280928933964,396.737968161599,387.198594617183,412.962341845396
"ENSMUSG00000029594",245.226332442475,210.97482865348,214.654904742063,200.284471208713,196.749027788982,231.75695428349,196.353296686756,205.295411137526,173.870536049616,171.206060908207,245.165729102736
"ENSMUSG00000029595",0,0,0,0,0,0,0,0,0,0,0
"ENSMUSG00000029596",23.8430763429471,13.9663257745406,16.8545960219196,4.36081712543946,9.62675985688457,6.37632751702705,34.9743759617545,16.7109330873699,11.2878611211251,12.3114882281789,20.6970345324926
"ENSMUSG00000029597",0,0,0,0,0,0,0,0,0,0,0
"ENSMUSG00000029598",485.132421650971,479.496058629097,549.966434757131,508.925442487118,527.383499503164,500.611345782336,505.061833792936,513.458693208408,536.611961295178,541.845953945484,546.922410638822
"ENSMUSG00000029599",2010.84010648214,1900.05814945987,1839.99215837415,2150.19327409294,1862.19201102906,2188.83497556186,2154.4409015275,1922.25402729652,1914.29985623184,1955.1031123361,2397.67075528926
"ENSMUSG00000029600",57.3569203679523,48.7985281117062,57.4626613163397,62.6868596121555,108.461316254941,118.055949035185,105.073776121063,55.5047907482972,71.0125395441055,82.8594220453362,73.8763319014506
"ENSMUSG00000029601",52.7694095549583,105.348749510868,76.5475200160709,107.575144906769,33.3540369230255,125.957047647426,106.048789289074,113.232114152202,69.1579783459459,74.9957065631073,129.883347971045
"ENSMUSG00000029602",567.540552145185,156.6132743907,422.364524247097,239.723454026015,617.981674472327,366.210675351423,375.643036929287,352.980093238215,712.631120274001,687.792840259871,595.352460594579
"ENSMUSG00000029603",29.5422884514347,67.3915676697299,14.1720725708324,5.42085746971426,5.31745299744568,102.920885783434,15.3394734433995,8.86086914479325,11.3440832502751,37.4930259140757,15.993675066963
"ENSMUSG00000029605",69.4903248461931,42.7715215157649,30.0315532800471,47.1383260821697,42.2501823592207,65.6987012678433,37.9180873878185,32.712107014269,41.5374846227654,52.9852161730508,72.3383184547116
"ENSMUSG00000029607",0,0,0.882130719182166,0,2.10891516775597,2.55917081570726,3.07268789652474,0.986793900342764,0,2.83118000441964,4.58106531596333
"ENSMUSG00000029608",0.689939267648385,0,0,0,0,0,0,0,0,0,0
"ENSMUSG00000029610",308.73605358241,291.706451776371,242.925114317704,258.303356539699,215.375034295682,299.291393991738,303.107799955057,248.355845431943,246.764046496833,187.080092418743,287.028863346362
"ENSMUSG00000029613",537.796091932713,446.889859984457,644.880550281063,599.172027495649,501.51247222171,585.725764029214,483.939779408336,608.431173511685,539.536939055074,490.709788410101,590.751920477709
"ENSMUSG00000029614",12672.122303145,15827.7482934517,14853.4552718127,16766.6041956387,14076.0471805528,15942.6693580213,14367.7510788799,14805.7234252258,14755.5865640861,13253.0572158204,14939.6485522898
"ENSMUSG00000029616",1252.93390129569,1322.19774547522,984.216302011708,1176.82078017584,1031.44971453928,1319.67827835105,1179.37366687555,1375.05527993161,1104.21731324216,953.555068751355,845.297104437656
"ENSMUSG00000029617",845.521974201281,910.730195060666,934.665261927429,987.09451645642,997.72498917002,920.694476513117,981.601986076365,891.513288987517,979.071861660595,1008.07449728755,949.766718473345
"ENSMUSG00000029618",0,0,0,0,0,0,0,0,0,0,0
"ENSMUSG00000029620",0,0,0,0,0,0,0,0,0,0,1.14045445258444
"ENSMUSG00000029621",1748.98871238064,2090.36134120552,2132.94256885447,2521.98946804791,1964.33654056283,2406.97387589956,2283.70291498045,2136.3348596536,1963.02994692922,2220.72124847973,2071.56884598292
"ENSMUSG00000029622",7257.16434771144,6170.75129443549,6798.63551123083,5556.34223778341,7120.09803502527,7173.09887546423,6076.21434241619,5357.60072065639,4748.51034762378,5222.49813736895,5611.77839919349
"ENSMUSG00000029623",906.502519067105,1231.70097240149,1077.10704567565,1200.22828855966,1082.38048914852,1220.77898495226,1172.22211145378,1075.29570860297,948.487378386341,1036.43405489281,1126.36636094256
"ENSMUSG00000029624",334.93391148703,311.843970264369,341.312590213834,441.912470962509,286.966980919209,407.205403930276,285.675787112347,372.212179836504,389.641876460744,359.646721880541,491.355324559984
"ENSMUSG00000029625",199.170178378394,179.028904214756,205.889547354766,197.144612730154,226.272830562558,168.350012997009,184.101263863872,202.043900389168,225.611359865788,196.924784967601,283.776375628325
"ENSMUSG00000029627",174.917824299094,162.891897088599,204.441293175243,262.517947173943,227.108730984465,195.320921704913,132.486553128329,237.186579061919,219.716563952763,173.092345059117,346.008659969498
"ENSMUSG00000029629",395.683204190034,590.275547523044,397.223251171235,463.895196832838,527.519745991562,460.201985710801,645.292018226051,1969.52625168305,495.875794360244,459.039177357531,528.295415555173
"ENSMUSG00000029630",0,0,0,0,0,0,0,0,0,0,0
"ENSMUSG00000029632",406.469880649177,421.491703372244,381.679221103829,262.257061920344,366.520042184211,306.960182133978,350.64655513028,332.978623652234,341.007712639511,289.259445512327,282.989937069051
"ENSMUSG00000029634",807.834340370808,894.291571725852,984.393605100959,783.523141041664,887.360780623985,826.101296716295,827.91254250768,916.837743009093,859.066554337592,876.834191494953,987.050009499262
"ENSMUSG00000029635",352.006619436744,375.493084495007,424.313468970352,484.166973524573,464.609069801549,418.608853071296,493.211079677159,426.438245535769,415.082273078823,453.988670877919,394.557091899693
"ENSMUSG00000029636",3.54983849475886,0.489764610569023,0.808559343667294,0.495758141568937,6.03390990558918,6.26942413599338,4.39947677766645,3.26956784958496,3.54943259970206,7.03544009356122,0
"ENSMUSG00000029638",31.1902140329358,31.8165328130097,34.2609186553632,40.100857671341,26.213600952097,18.0101260820983,26.2791992369065,21.6052243320026,49.1277783436729,31.696639721278,20.1690055079535
"ENSMUSG00000029640",232.832848682648,202.4412765267,213.644536808549,210.918173835567,237.7361298332,199.187492996836,182.378946178881,230.473028534422,214.335480635358,204.786917027181,232.69771729158
"ENSMUSG00000029641",7.37603380045459,8.50952577181836,5.27449412968324,8.81859320686033,16.9586583136114,9.06138966711995,9.27612434621559,17.7699345764992,12.216601934987,4.78196099559761,16.1433930279823
"ENSMUSG00000029642",787.293154123005,893.240869397042,956.097211047786,1031.2999202893,890.16707180794,1001.33765595203,994.528069640325,1019.96715315235,878.319975522024,916.271091435833,778.338508767414
"ENSMUSG00000029644",0,0,0,0,0,0,0,0,0,0,0
"ENSMUSG00000029646",0,0,0,0,0,0,0,0,0,0,0
"ENSMUSG00000029647",348.918263914287,437.097964286771,373.48701523908,358.865706374215,362.078738290881,279.384337407223,407.201518627191,427.930876409613,261.37698773796,348.57015561501,351.216498163964
"ENSMUSG00000029648",252.271282597972,144.909028024164,235.996372922876,230.403747615215,350.509631669116,226.963125959135,253.098548355727,377.195093252404,273.853373867481,273.366903099916,378.88628439453
"ENSMUSG00000029649",1023.81016794389,1113.77545624129,1006.63668568323,1055.73246010574,998.543408823168,977.613549490835,1074.28976918388,889.900567417415,906.086036508251,885.4248005471,1002.26921154574
"ENSMUSG00000029650",299.91581451095,350.003017494467,312.022336583415,357.435583407772,620.993148271243,308.323107990934,374.099483326226,358.543337958228,377.286496006249,351.698354371785,349.662835458844
"ENSMUSG00000029651",2.79238568207301,2.21117623107951,3.68349905867681,1.15520183631462,10.9716323308808,4.99478683649922,7.6414422886864,0,8.88503159410819,1.00918368088302,13.7249943747729
"ENSMUSG00000029655",492.290140194306,416.158417587968,418.365517637315,478.822479560649,395.099179376286,425.640893302155,470.310014347015,531.608423689224,466.201558521178,443.991896642691,470.995775502766
"ENSMUSG00000029656",0,0,0,0,0,0,0,0,0,0,1.14045445258444
"ENSMUSG00000029657",564.661710334628,540.093973502685,430.905128886685,737.502685576851,363.973984476452,511.387809902482,413.955373708256,416.082514463125,608.382824101041,438.970280954982,403.913833097056
"ENSMUSG00000029658",0.604775067638673,3.57232421229187,0,1.90624633029256,0.923604119877822,2.84097651114954,0,0,1.04089440204195,1.03509165049393,0
"ENSMUSG00000029659",25.9402106941403,14.8250259933725,22.0361254673003,8.55504778936146,58.4518118125072,11.1250408367703,17.1341118684342,22.4755862098064,25.5776739773806,15.7271856272019,44.8852248538912
"ENSMUSG00000029660",0.689939267648385,0,0,0,0,0,0,0,0,0,0
"ENSMUSG00000029661",2730.8506312136,2716.92406259849,2194.9920160804,1455.66392237272,4031.26598404026,1288.61341794174,1600.27215069033,2359.67201879886,2338.77416147502,1659.48148205995,1714.10415956038
"ENSMUSG00000029663",0,0,0,0,0,0,0,0,0,0,0
"ENSMUSG00000029664",1.70116067329767,3.65793869856067,0.74859626084732,0,1.79346712813941,0,2.67961005787847,3.63686134403435,3.14848413041227,0.825018289300213,2.9248979851775
"ENSMUSG00000029669",73.1044096699069,47.7259407678996,76.466269531108,43.018408799978,83.7345886215725,49.317420811484,101.858085788149,81.7342001432799,54.0160815653933,79.8049775440721,64.6872807190551
"ENSMUSG00000029670",114.790169364893,130.836220586868,141.94009230714,112.309188692224,128.27080418461,118.26797115266,156.136672309684,112.123954833859,142.213297513417,131.269226207386,127.726020967727
"ENSMUSG00000029671",2.13978516224042,0,3.45465741896834,0,1.65411193971503,0,0,1.54007145119076,6.17379121586408,0,3.80189344858665
"ENSMUSG00000029672",66.6236986590064,71.8901530169464,44.5934970702084,44.6042571218584,57.998333287359,70.7612446464795,55.2279547510314,58.1633013091348,33.9870504985342,50.0725824104566,49.5963427639221
"ENSMUSG00000029673",144.802704151009,173.401183002774,450.151155358124,269.402169224462,328.986514517168,174.871061844621,308.504331435635,423.618951742984,322.913223957133,231.174195199782,407.316100087604
"ENSMUSG00000029674",100.269348418023,120.107185180576,102.790617112291,132.233705287225,122.85754420656,193.69785651836,104.270330194972,102.48561198095,84.7987479167716,105.220666918444,96.5493453838153
"ENSMUSG00000029675",425.647270777686,600.002859983869,629.497560407071,622.870671831819,1049.27892233872,416.429386921362,505.496380443977,594.026296611344,368.742701839391,566.607590529569,558.678412789577
"ENSMUSG00000029676",123.197923706143,140.520694667175,173.341941969299,188.086726200805,183.978397419796,181.372247744583,166.375547018859,168.176008089967,160.725578355899,167.73556603744,132.1084313003
"ENSMUSG00000029678",0,0,0,0,0,0,0,0,0,0,0
"ENSMUSG00000029679",0,0,0,0,0,0,0,0,0,0,0
"ENSMUSG00000029680",0,0,0,0,0,0,0,0,0,0,0
"ENSMUSG00000029681",169.4006104793,202.522686563902,140.351424669514,175.985530180724,172.789396162543,246.666937716585,105.175772084271,281.157316420328,236.134918883405,140.197338899511,187.142905803269
"ENSMUSG00000029682",0,0,0,0,0,0,0,0,0,0,0
"ENSMUSG00000029683",38.2231160159632,0,10.6102625177678,39.3588506277773,65.1357862745961,0,1.02845665763741,0,0,22.674517981692,0
"ENSMUSG00000029684",276.656392455764,233.905011537405,298.81741169558,297.065029078257,312.233683861587,183.044283337147,284.536756054238,256.59308684486,263.795782256715,354.392151643332,301.167760818022
"ENSMUSG00000029685",4.13290752386418,0,0,5.43447258574438,2.10350003470388,0,0,0,0,3.75799222467866,0
"ENSMUSG00000029686",975.526217622168,1023.71485381605,1515.09377081346,1473.48098762147,1803.98061931828,1408.78095927209,737.121703221554,1354.83087009468,1522.59048498017,1166.228554851,1233.78689638234
"ENSMUSG00000029687",403.861100810025,356.163831902572,419.069881603311,390.818281716309,346.039174339699,401.25934300292,489.683691252131,428.326167302755,340.060337504945,399.876790377101,374.149641970691
"ENSMUSG00000029695",543.853225658679,793.519902049307,696.354780205621,769.370706901293,769.182813152855,718.320964200034,832.210804477696,1194.81162952601,873.778216413198,903.139659879977,835.2076685109
"ENSMUSG00000029697",0.687722379523479,1.07666655033121,2.66358612416638,3.27554813666748,2.1241856198645,0,2.05588269115519,4.94261538999809,1.88593824616146,0,0
"ENSMUSG00000029699",16.5524581941277,12.1720190989758,15.6916240720986,5.83483920539171,11.1820492855068,13.4788722515229,29.9217066516542,17.3390858145966,10.9164599018611,13.0530563138664,32.009607189371
"ENSMUSG00000029700",2.72267876618444,0,0,4.42844809221584,1.05157569741677,2.58510413836539,0,0,0.936019776570047,0,2.28118254945884
"ENSMUSG00000029701",598.632908806264,667.677441369883,467.382519345713,504.028440904111,541.407606415138,640.708303541278,593.539290886246,548.402618409175,597.158252466696,477.704779948528,656.202056009093
"ENSMUSG00000029703",183.095738683265,195.658600048022,260.729609704018,197.219051782846,201.504603235414,251.233666081138,174.922377125264,191.003362026361,170.093458348674,238.519726842588,166.519698018778
"ENSMUSG00000029705",281.570060793072,214.345689012571,248.792595657141,252.977889453169,326.557980639269,319.019119396901,268.928660050327,307.263862066734,247.567873045764,268.843710844003,313.548117098999
"ENSMUSG00000029706",0,0,0,0,0,0,0,0,0,0,0
"ENSMUSG00000029707",0,0,0.881165977625881,0,2.10310392635335,2.58966173013753,0,0.991570274983565,0.945795657000292,0,0
"ENSMUSG00000029708",679.328783291588,562.054589135239,563.715222702063,599.761787718241,494.18436370606,555.934849511579,572.733993142153,631.561433977879,652.54377040042,633.135649798004,623.472039909994
"ENSMUSG00000029710",367.394376144797,310.884378367879,431.614269105241,322.452014365767,364.11852680308,352.500681193351,364.658401229232,342.624143703785,414.860303959234,327.864827484468,530.589792891472
"ENSMUSG00000029711",0,0,0,0,0,0,0,0,0,0,0
"ENSMUSG00000029712",0,0,0,0,0,0,0,0,0,0,0
"ENSMUSG00000029713",2949.64336261359,3448.77672218185,3558.91863365772,3676.06794748812,3245.57438844354,3350.02502409334,3616.98279632801,3176.34449888519,3313.5732439599,3730.23126057971,3371.82558896604
"ENSMUSG00000029714",650.536489666004,817.96391074677,908.510956022719,887.082973826991,1204.2195532659,882.372488204421,763.814859254421,1010.66645338272,779.01401941431,1241.80913564369,723.59282260005
"ENSMUSG00000029715",57.2470731190443,68.3212804868777,45.841253762208,68.4249532832556,76.805002646718,107.732236303456,76.5078925701771,49.0330346518394,57.9894650892689,57.3961294208384,57.4262313475779
"ENSMUSG00000029716",42.8873465976818,1.08212428732072,47.1228573421709,11.9576323233711,10.6420640308521,5.11648745581609,30.6784671904508,5.90594908214211,30.2049977397173,3.73994496564642,16.0023017783861
"ENSMUSG00000029718",264.214047280528,319.565810891435,200.500369781108,116.606185127256,270.660865006306,161.809907980395,177.556209435446,162.624195742661,191.175095802181,151.704558037564,106.53258674029
"ENSMUSG00000029722",285.299452350683,248.351152799763,387.371300290245,293.706364395626,303.307490550083,217.698037154007,231.455755247281,298.651045434293,301.368117488077,344.312051988564,298.580720392625
"ENSMUSG00000029723",414.900262320868,739.377692345298,755.904518572745,708.953675347478,671.219758260167,595.250421409364,613.600047985327,554.178547855674,635.23960085099,886.343410509228,644.008409507773
"ENSMUSG00000029725",181.027336414559,137.759602103096,182.436525059693,139.181449268097,152.677644357116,154.272375015227,156.359313131321,122.370849136586,165.967672203635,200.498071273484,121.773403502247
"ENSMUSG00000029726",586.183796968105,796.107129637649,708.407021807514,830.488609772012,670.131198745676,720.116966414292,797.104004953545,751.102321696639,695.826970658383,690.27137733378,803.976749580952
"ENSMUSG00000029727",0,0,0,0,0,0,0,0,0,0,0
"ENSMUSG00000029729",105.532150094347,64.811186740143,103.841075169791,73.5690366183205,96.5647244101905,41.6590416798325,104.998899666856,33.0225121160389,97.0934012617936,66.1344821904775,92.7328408928381
"ENSMUSG00000029730",330.002040899608,318.925821738305,302.962187094199,331.728846939612,433.69033237153,419.993253711082,269.93763243923,316.063492711606,296.133456236729,354.59873225697,265.062529228797
"ENSMUSG00000029735",67.4566474041558,59.5505658635282,76.1022847419335,67.270327397462,79.8398244284975,54.4165453836364,44.5002037359239,61.2917199183599,70.9406223620962,60.9379599416349,57.4792158991266
"ENSMUSG00000029736",0,0.776675563157409,0,1.51335255005433,0,0,2.82762271339795,0,0,0,1.6556918901862
"ENSMUSG00000029752",2732.08096438111,2439.83424931638,2377.117492081,2837.91834868123,2647.79409649514,3123.36758589371,2872.7008701208,3546.01390827586,2278.27808262083,2171.8460228647,2814.44337344319
"ENSMUSG00000029754",0,0,0,0,0,0,0,0,0,0,0
"ENSMUSG00000029755",0,0,0,0,1.06164725054353,1.28170092701924,0,1.95878180696491,0,0,2.28878627303332
"ENSMUSG00000029757",0.689117798569282,1.0737239182334,0,0,1.05513210467422,0,1.02167617104119,3.97085118464611,0.945624566192127,0.939170241812864,4.58236370754214
"ENSMUSG00000029759",273.557074160775,236.4569282565,244.036515818562,98.9619423271611,122.504421130133,96.8942426071058,230.144131157284,98.6790538324956,146.340581662092,116.124068993701,172.70607874194
"ENSMUSG00000029761",1421.54486868035,1634.21781082088,1634.23842224706,1178.70571235945,1749.05811535275,999.027528844126,1329.20462199962,1358.26707805444,1534.58326604718,1094.83000215346,1094.62868834006
"ENSMUSG00000029762",145.981941525954,123.67395901849,110.307069867516,110.880072974166,179.600899389872,265.3151591793,105.583526623055,129.986997928222,103.843708948376,140.418605870351,120.778727469764
"ENSMUSG00000029763",648.305981724612,445.687440595181,496.055529890091,472.473412077816,569.414375702883,536.048463762206,365.625639914764,608.017487663329,423.070857324141,481.60134811678,477.509695322054
"ENSMUSG00000029765",4.13008251224866,4.3171006139912,4.43167214335712,3.27126430129298,9.47885247856084,7.73761597360605,5.10677164466328,2.97767659739165,5.68686965388824,8.41962918716457,2.28151841150614
"ENSMUSG00000029766",0,0,0,0,0,0,0,0,0,0,0
"ENSMUSG00000029767",872.599461399493,952.428603353811,676.550360788623,1070.63160020643,971.727709108995,852.265872723626,917.410725640786,860.996745956073,714.133513811242,684.929397919492,788.178978900417
"ENSMUSG00000029769",29.0353131989261,13.807931727029,15.1250344127615,15.3946656668306,23.4931219962833,8.12076551957594,16.5278359425766,19.157298260138,17.9169963370326,15.0538307971834,14.3684892648377
"ENSMUSG00000029771",118.267621761135,207.603584711494,81.3557198745074,108.503040299052,119.570974980945,160.523932345474,68.7227214935202,86.2848528061577,73.3689620006701,101.860809379239,82.928787844014
"ENSMUSG00000029772",405.46792466819,731.485541940919,529.667032442133,466.638993324391,698.844992103636,500.405285685108,553.711465318107,625.401974085933,512.492282741511,386.643196387492,502.052863285343
"ENSMUSG00000029775",460.043995045706,414.943779576278,487.715420554908,501.560354958071,425.656354550254,483.658499447917,525.984698024883,501.99495881763,503.995459870672,455.457743857977,491.067302470746
"ENSMUSG00000029776",1376.1799262357,1497.21716886894,1414.08243918572,1512.55547469093,1494.05334500132,1585.33139743789,1498.90601671374,1608.46285871837,1522.79595343969,1624.07255648686,1562.79770841557
"ENSMUSG00000029777",1411.81791027813,1511.38567418978,1355.65353960464,1592.89656703296,1528.94119930198,1802.24614098706,1567.13164101884,1606.51269859162,1273.56027742717,1376.89512939492,1708.16446729356
"ENSMUSG00000029778",15.4259922230751,11.8867795749256,4.16286515583246,25.253463199868,27.0314725631619,18.0130966340207,13.8635249762634,14.0562345645156,11.766074435805,10.5713587395476,5.79426379043901
"ENSMUSG00000029780",128.064633115163,110.113528254102,114.958263163166,137.588856377266,215.962224175445,122.609208618265,139.800600625771,130.763416326958,124.502233693031,195.081469922382,125.597042644621
"ENSMUSG00000029781",481.511621873007,474.289662714073,425.276932764421,365.789475425752,469.413657543578,369.676783297338,357.532734542325,438.065447975039,442.903956978042,380.704889962203,351.739019515237
"ENSMUSG00000029782",131.274634122875,100.061376235484,91.0832257112125,92.3294988569073,91.5605554401693,102.949052208191,115.730991695701,88.4461490248981,127.081816581138,101.065358617285,126.664006319802
"ENSMUSG00000029784",0,0,0.714969772108226,0,0,0,1.27343185003015,0,0,0,0
"ENSMUSG00000029787",192.947437750365,122.184772568242,193.118297360002,182.413767699328,146.701420008619,69.0660246256669,205.973448202711,132.827613877185,178.617817079117,214.030984921972,130.614891232066
"ENSMUSG00000029788",0,0,0,0,0,0,0,0,0,0,0
"ENSMUSG00000029790",77.1679416034164,60.4383624966797,1.41674722449935,122.698545529332,58.93211177806,1.07713781327531,1.21743292739247,165.997933440097,53.4762750717998,53.0403059590492,1.5972027297567
"ENSMUSG00000029797",33.0711791424955,63.7268797355517,7.71640284527783,9.64698413541906,26.2811780989066,24.2880138781476,10.8994288538927,101.518740160093,9.82584952069992,77.6955107491824,4.74075205867815
"ENSMUSG00000029798",216.933443507208,170.254168794062,124.716816639733,186.84444844185,141.858813398903,113.590400798549,179.987859235935,274.454628796005,129.465660914327,161.408756817112,148.565365839335
"ENSMUSG00000029802",14826.6168832106,19556.0520010305,15439.599489686,19755.7356986009,14156.2689209457,20027.9310851083,14280.9065233131,21406.2052586711,23265.7472436628,15417.5230381107,20648.1299327339
"ENSMUSG00000029804",547.268717569798,574.412519505543,524.968597930783,265.772419405305,224.612797460971,253.39188842944,688.664181290887,494.582112758184,494.198436542562,540.225121897284,534.166153441134
"ENSMUSG00000029810",3325.70711051198,3527.46236693631,3216.13917469317,3309.7853393103,2883.28853830295,3755.35633343973,3170.63529869692,3465.18221037754,2925.62429199495,3062.3034441063,3119.94788265154
"ENSMUSG00000029811",14.0965888139846,11.2376941759085,12.092822058357,8.9541609868678,15.3197317709224,2.20286501271005,4.36444288813565,7.60480354370547,1.61469356923522,7.20631899618636,3.89557001013277
"ENSMUSG00000029813",0,0,0.889002444819563,0,0,0,0,0.993647864454911,0.94546121479978,0,0
"ENSMUSG00000029814",0.686562537917616,4.32438380967719,3.54961318299341,0,2.10992575550488,2.56974062351416,1.03143900308886,8.89614177371197,2.82430975713908,0,3.43131867632633
"ENSMUSG00000029815",289.457052264583,262.291383005046,329.312769413227,288.73911403892,271.747580558542,264.812072150983,323.726392586282,294.134246865261,358.589504877216,300.333975376916,298.869135021487
"ENSMUSG00000029816",13.0621429907112,18.2856770445339,12.3996275587254,8.7342459823394,28.4887731541099,38.598575642346,16.3590656914565,9.91542107709604,19.8621401000933,14.0874058372783,30.886491270501
"ENSMUSG00000029817",385.029432492355,385.567243158887,341.139876258099,466.371563904687,414.806478586492,487.319064614772,435.949020593971,388.241434961066,340.37508809506,541.180267207581,261.250532368611
"ENSMUSG00000029819",0,0,0,0,0,0,0,0,0,0,0
"ENSMUSG00000029821",10.9850115842338,9.8900732517242,11.3058521962815,10.8375369804916,8.03949597702428,2.97955313730735,9.23938711195405,3.05311678437502,1.45526208054445,5.04345122638276,1.75890956954103
"ENSMUSG00000029822",52.4845234417835,86.2025809747883,266.999024521548,49.2333687982476,55.8860839809164,103.534850397658,122.563121717418,17.3426134514271,32.8723930504814,113.220583483522,52.6521808276263
"ENSMUSG00000029823",1690.49009447984,2008.5565688001,2094.38885299937,2158.8982156998,1999.52888861455,1545.047215019,2413.04519981669,1645.22523597651,2111.74965726851,2012.90817867901,2155.69147267694
"ENSMUSG00000029826",665.435285043209,571.104562317034,498.161369852487,547.016103016161,601.634709818294,453.414933735294,517.66090129846,393.909755046911,521.576456385146,610.613163931377,608.21832013529
"ENSMUSG00000029828",24.3877995561032,29.4401199825418,30.1268383323859,35.2305305037854,33.4398271275878,23.1602581668732,32.3474892681692,45.0918095442318,29.8135727239221,38.1435349648421,30.6651679417655
"ENSMUSG00000029829",0,0,0,0,0,0,0,0,0,0,0
"ENSMUSG00000029830",0,0,1.76395134658102,0,1.05214528814294,1.28853571755773,3.06320146723768,2.97509143096298,0.944878517075001,1.88139964683906,2.28765085172993
"ENSMUSG00000029831",0,0,0,0,0,0,0,0,0,0,0
"ENSMUSG00000029832",73.8261705639916,71.8508467855063,82.4770083683849,32.4187650904324,138.437476252507,29.9003820701592,69.5878097443744,64.7650248166035,65.0130857139487,101.732526939211,43.509476936454
"ENSMUSG00000029833",274.419460203999,399.930398752663,359.092011729716,342.514938591094,414.651731701782,330.357429629934,381.118555986917,596.180579689807,421.188200167603,394.667651001692,331.677541898464
"ENSMUSG00000029836",376.574963773211,428.358730840226,403.245868997785,362.532731463032,437.620110321985,391.267793969742,431.355240283366,386.232983760364,440.374635373512,505.022374103304,419.681391645512
"ENSMUSG00000029838",42.8449903005644,30.8251934732524,43.9239652662137,30.922342444306,47.1089653880384,19.293836396306,61.8930827392666,31.2430352109531,45.4076735527464,32.9374366486696,34.8550125496217
"ENSMUSG00000029840",246.434469175508,266.612907836942,253.65226940549,263.626761617055,241.596443893107,246.903662686829,292.848709138783,297.424049426899,215.30677152945,234.526001420116,237.514865404131
"ENSMUSG00000029843",1.37612419174767,1.07748876273325,2.65853156303209,0,1.05763043333721,0,1.02385254510647,1.97911842601633,2.83598089522881,1.88044278562779,2.28837382933701
"ENSMUSG00000029844",0,0.463482780392198,8.10172188775534,0,0.456644804719797,0,0,0,0,2.20467197814266,0
"ENSMUSG00000029847",1.08990152578357,0,0,0.861594420136425,1.67665968205425,8.42483233545623,4.85899214500088,5.52995259047098,2.23896330442163,2.96553886084243,0
"ENSMUSG00000029848",0.687643191762022,0,0.891678931914159,0,0,0,0,0,0,0,0
"ENSMUSG00000029851",721.447387672341,586.011837389397,483.102078867047,557.544138967544,500.076833663888,474.39743142437,574.450534433726,576.141078211847,651.495711165308,462.073704813137,770.784725377329
"ENSMUSG00000029859",316.167827625819,318.718653189217,353.687715601546,288.535301928739,338.690350024289,251.439732994212,342.190024225782,315.659255073679,351.279190636912,352.701673632449,327.304457287645
"ENSMUSG00000029860",554.843007664598,433.019527996365,748.147225986012,448.689624593402,742.02932023819,348.196207026155,482.159553420027,552.536996505445,568.163920159525,713.581393836857,409.612786900379
"ENSMUSG00000029861",0.617820610618773,1.09255843277673,0,0,1.077944493971,1.31921599121515,1.04733622507342,0,0,0,2.33475214556273
"ENSMUSG00000029862",40.2414557584154,2.04589987350354,6.42602243518747,2.25203451824924,11.0399799695983,1.32342973048051,3.16305983877132,1.02782864937174,0.97947794950255,7.13257827787403,0
"ENSMUSG00000029863",155.945497393973,113.72501210712,185.044768024024,142.416302591778,169.364136007408,116.211552713732,105.581904132694,141.644974868287,115.542142710657,149.695146328933,100.505863882295
"ENSMUSG00000029864",185.89264122796,233.073863191706,197.885360487033,155.943467405402,133.371854354346,204.532688401026,162.124626890816,192.752023684268,138.582428149262,134.072182156306,194.464804167212
"ENSMUSG00000029865",0,0,0,0,0,0,0,0,0,0,0
"ENSMUSG00000029866",0,0,0,0,0,0,1.88096701141031,0,1.03131810002259,0,0
"ENSMUSG00000029867",0,0,0,0,0,0,0,0,0,0,0
"ENSMUSG00000029868",1.37902681032589,3.22250674135397,1.77286391930166,2.18154392670637,7.3789758830352,1.28395517940003,9.18479884806643,2.98138296497808,5.68283464360794,1.87662362172057,2.28930054772584
"ENSMUSG00000029869",434.725385650802,679.501694509689,1050.01885333951,920.073544870921,690.218894663445,477.280064774913,786.443167309298,1300.81216494426,599.272432345418,566.758306472592,728.044241313057
"ENSMUSG00000029875",1.33934809346002,0,0,1.10254901563849,0,0,0,2.93776659735721,0,0.966351573058521,0
"ENSMUSG00000029882",0,0,0,0,0,0,0,0,0,0,0
"ENSMUSG00000029883",0,0,0,0,0,0,0,0,0,0,0
"ENSMUSG00000029885",0,0,0,0,0,0,0,0,0,0,0
"ENSMUSG00000029909",0,0,0,0,0,0,0,0,0,0,0
"ENSMUSG00000029910",28.4420912209008,30.7596298688719,21.0722999068749,9.91572462657477,20.1911906636774,50.0490861527234,27.0245981287963,26.4777351927325,24.2400154422358,17.3336772452948,9.22553189664239
"ENSMUSG00000029911",147.829684329537,107.247550417354,155.098010336781,126.221590370228,189.537006140419,142.145390396906,160.522972175836,171.393047328704,148.203613327033,128.541001502686,173.567714476983
"ENSMUSG00000029913",14.8358099406508,14.1503961255107,4.57465739215092,3.75221859962044,8.29480904624443,14.5853644985223,10.5764486585771,5.10517701149181,7.01956483328967,4.85563040077934,10.7461461549167
"ENSMUSG00000029915",8.12753759030654,6.94711854691336,6.99421512535751,1.77850393421926,4.17612013825378,1.40226876805887,2.28927161206002,5.31763948463594,3.02769931070793,1.55886563456258,5.06974857495585
"ENSMUSG00000029916",112.639391100075,109.749345906695,101.71013955846,99.532727317958,112.42515624233,117.096116640651,99.4176020446486,109.55113925905,106.004359626107,76.8539891383109,96.4676164964513
"ENSMUSG00000029917",0,0,0,0,0,0,0,0,0,0,0
"ENSMUSG00000029918",124.888213291489,153.646131890935,157.264184439633,136.696614022095,138.898917004004,150.168147205203,148.799023753621,153.956732029312,109.188722591292,111.907899891638,140.572487125812
"ENSMUSG00000029919",13.3443465598172,10.63133191173,8.80405357228768,6.61465472209752,9.57028386157767,9.01516504855696,9.36247909293629,10.7790663197822,6.51996410720936,4.82292801873678,1.15804036476915
"ENSMUSG00000029920",219.048671558225,300.215464555529,320.882124428234,207.604153880867,190.08807729647,185.094947052586,121.432219956325,178.289820185924,197.811318551328,147.112226167216,296.541476199719
"ENSMUSG00000029922",815.559724837564,818.745226913741,938.137183536584,930.5346487343,1000.70846525432,827.284072052898,905.37079015458,966.84938310522,989.965084508382,1077.83832696031,698.664372875832
"ENSMUSG00000029923",9.30397443522284,9.57157026472147,4.39207771881502,5.53776463125041,5.31663402284022,5.20696343386812,8.28112189868309,1.97507736265611,3.75953484720081,5.67125722481467,6.94158700204406
"ENSMUSG00000029924",413.752497780389,402.624688596096,398.022536109972,309.918878134235,328.113862308976,214.674159910955,273.918721905166,381.171280756625,292.117526843106,353.112635585389,259.660647130856
"ENSMUSG00000029925",30.4799834003026,34.397563292284,22.1734363597194,38.1183446859407,32.7789480528795,16.6430562090691,12.2619063744621,15.8318952515055,23.601322138756,19.7320293412277,13.7410844966803
"ENSMUSG00000029992",371.867192701504,283.086730741404,260.509559229403,393.147940955175,331.366462281591,211.841830980285,335.289151475969,351.312548258818,298.335554188245,280.673049395828,337.780817157224
"ENSMUSG00000029993",339.017354082157,417.392884545164,324.828273501551,326.82038860595,336.863535044131,332.112270968808,382.105376586363,332.200197537814,334.530914951547,333.101580259917,304.632112034565
"ENSMUSG00000029994",590.955278829088,488.247064623649,451.402262875123,649.570053390827,423.000501660124,608.690843114681,425.817071790168,588.692426952276,348.163646031051,426.789042000603,484.188019425699
"ENSMUSG00000029998",642.411392184033,617.533475973617,600.721203056652,508.833741496128,588.056047392831,507.636870522557,683.282270240697,526.301129878627,708.788270330301,573.839561403098,696.50596065766
"ENSMUSG00000029999",4.36281717435041,0,2.93137005062854,0,11.165553440843,1.21501890139899,0.982856118801781,0.902788312682081,6.91216283785724,3.61352718376083,8.70759807763668
"ENSMUSG00000030000",0,0,0,0,0,0,0,0,0,0,1.14045445258444
"ENSMUSG00000030001",0,0,0,0,0,0,0,0,0,0,1.14045445258444
"ENSMUSG00000030002",631.074720864886,584.559607362693,659.04960250128,591.933488579039,612.37909846652,554.148801891303,682.818927165898,704.328796486481,678.941242234238,582.977107792279,606.479544898932
"ENSMUSG00000030004",10.065466263846,5.33111103900428,7.02922519736955,12.119409190342,10.6299715201617,11.6601561775693,9.30174184346979,2.94562123212926,8.42696016160406,5.74450256831255,3.45719336525344
"ENSMUSG00000030007",3048.03813803324,3061.76310950379,2573.64362522437,2719.27812385825,2349.238046365,2897.0851141712,2861.14875496705,2745.0980107331,2557.88027390642,2133.57322479851,2905.21601398978
"ENSMUSG00000030008",473.410852165653,560.296031603491,456.749453689206,323.49135683961,386.217435824001,552.249215188811,572.843663291383,341.011025699654,336.339891977372,404.541728788058,445.006930661417
"ENSMUSG00000030016",962.443307262652,739.34407377458,771.918678892707,740.462329872242,629.453612422615,606.340181883814,888.415340965293,752.30875048004,826.066353617081,781.517869536565,702.333848068896
"ENSMUSG00000030017",6.73307939360557,0,0,1.1031842746773,0,1.28031840573777,1.03980448537375,1.96461059453976,0.93179465686299,0,3.50711198192223
"ENSMUSG00000030019",247.810584892827,217.97147230439,244.5645293817,204.467503021869,190.359725132415,230.601282898204,251.912609314693,195.38103995404,219.892669924716,289.483193433965,214.020294656991
"ENSMUSG00000030020",16.8314975154139,16.9419442117104,19.1084877293567,17.1118136156766,20.0419663706015,17.6840969500433,18.0464309592668,18.4328546728796,17.6307707606581,3.94997720427369,19.0162877623602
"ENSMUSG00000030022",223.884872384036,254.567814308888,196.991805531653,187.885118825984,301.861329527097,132.068160014634,190.492999117945,249.533471881768,264.207039195407,190.332429882415,132.460725645643
"ENSMUSG00000030029",1215.18735508915,1498.4027488863,1549.30645244576,2364.73798667831,1426.70082468219,1738.11559370257,1452.80383284131,2545.84497790847,1841.97176551282,1942.73195419795,1594.60937941433
"ENSMUSG00000030030",1.67572518222383,1.75137603749109,1.44081074318689,6.16413478083198,0,1.03434953888967,1.65988235782348,16.1768294120754,1.52848993914167,1.52007791149086,0
"ENSMUSG00000030031",32.9475612562667,24.0635484810133,21.1922181007244,16.4087775632206,10.3676607940207,8.95962678259009,24.8667809266309,12.6175213808063,24.8925949187031,26.4902065890569,20.4349946087604
"ENSMUSG00000030032",11.739910649402,23.0129228726742,21.3478707637702,39.573871727558,16.7681234414094,28.7303815238009,21.9530925451632,30.9949641446561,36.6535180781238,15.7895357297643,64.1776844226997
"ENSMUSG00000030034",353.63738687925,385.206175486495,370.554166918606,396.534070163796,270.469359531109,405.778361757135,381.911945716803,377.761530379036,356.124405765102,423.225099183675,389.492568548187
"ENSMUSG00000030035",569.919688479014,645.913102085809,628.078913049534,632.283701651119,566.493339599103,670.281959260238,608.04250657361,717.640553381971,526.442674754768,654.956195090152,607.984614231066
"ENSMUSG00000030036",973.023976751598,1019.73000099191,826.995504335919,927.44988624802,855.549755631326,1080.67981919782,1076.43694299908,1061.41175476722,873.340147067804,912.210648807904,1054.4646394178
"ENSMUSG00000030037",460.688611157055,575.439786679652,472.159306003972,514.640541397117,458.88006899282,623.741417332951,560.547632078669,585.400914593277,423.867915540818,423.046359304288,444.395270229324
"ENSMUSG00000030041",1.54118018526731,3.19217493074429,1.31859602440893,4.05091718888069,2.35732907498615,0,1.51903645400329,0.736429806459297,0,1.39676026597359,61.2895048826651
"ENSMUSG00000030042",240.108747404151,297.492858757121,248.245420976853,279.537878615479,249.545339753217,300.822221230314,303.236126835379,248.413860346596,214.076099611078,227.76343672717,224.837067560908
"ENSMUSG00000030043",33.8764468074339,32.1127566486965,16.7656765201099,47.2004662456173,42.1802584920253,44.0058176450099,17.4158821264361,97.3194062140145,1.89246577609035,19.8418714929109,35.5484335274768
"ENSMUSG00000030045",233.268684716401,198.647837639048,160.772684978816,194.037671152482,178.901414146934,193.682450417454,222.989609300783,176.877894291605,206.876708114486,198.663168586343,226.602933684945
"ENSMUSG00000030046",0,0,0,0,0,0,0,0,0,0,0
"ENSMUSG00000030047",61.3979979388339,130.548559674609,55.1907712588712,45.5498556853531,55.5917682237259,141.415518550203,45.67887464801,43.1570787429225,55.5035199248026,79.6883267194771,56.2525815805009
"ENSMUSG00000030048",0.670044676960396,1.06920821876904,6.1783875197572,5.55739098835781,4.28832133278698,2.58529419590254,0,3.92841812825525,4.68372923367858,0,4.65350751260491
"ENSMUSG00000030049",0,0,0,0,0,0,0,0,0,0,0
"ENSMUSG00000030050",0,0,0,0,0,0,0,0,0,0,0
"ENSMUSG00000030051",129.669931700216,139.355620514614,148.723644775372,123.380894386148,148.134286992598,124.294626061829,175.100381794784,154.655945745307,163.610728939499,168.208986179861,101.212072266199
"ENSMUSG00000030054",0,0,0.875269750309279,1.08931375854593,1.07724665099472,1.26041620477905,1.02998054686405,0,0.920363099983799,0.95281987905298,1.15559902971802
"ENSMUSG00000030055",107.444287785812,128.38811835416,176.911618372719,133.152286041935,144.493697347557,100.579000017114,139.547854633145,128.057476110152,117.045474893883,166.788355496365,115.879528440843
"ENSMUSG00000030056",245.082734866572,271.969864486226,220.009376219848,228.638414752542,248.778798459287,259.598765129962,269.852942820773,245.912213097855,202.772045007235,174.144669313628,242.266382053578
"ENSMUSG00000030057",1264.88744295946,1189.10405517274,1254.27554281639,1323.18262615641,1334.94322128748,1309.89487685303,1356.67057409161,1214.96083021807,1402.51693270034,1273.46346872292,1544.51702683065
"ENSMUSG00000030058",2260.35439044707,2511.12016408902,1841.79260606367,2076.76603819002,1960.67160152118,2593.80202446319,2130.38619697067,2355.02303320692,1889.69141591835,1844.87325399768,2375.5116020268
"ENSMUSG00000030059",1207.29738155962,1178.95737622014,1223.03072992145,1240.11726268405,1127.93446466034,1050.64268192631,1380.91534609693,1267.2924410822,1206.63612972107,1193.0928351985,1063.84971438668
"ENSMUSG00000030060",265.882391041683,217.698014723693,215.489728199402,194.530702416336,303.21246495294,264.197300565097,210.256514924719,194.677161910491,239.873485598741,303.588440998491,233.68697651155
"ENSMUSG00000030061",536.885462780449,364.384134522489,616.111586997047,372.707704496939,549.471373795391,306.880163284132,455.678031599392,346.85510973575,449.837544187676,408.523544509366,419.587572768496
"ENSMUSG00000030062",3658.7053359142,4447.86846080107,3247.13658950284,3297.32991927931,3338.19632963096,4339.16390253596,4020.31852493277,4032.71630947732,2832.66503798688,2818.10362789229,4036.0732116258
"ENSMUSG00000030064",566.074954518093,515.690662541038,552.979338539851,1171.84952624936,624.916272078599,607.089315092287,524.45531170797,709.219135449771,576.342875319701,623.194963871719,1126.37549653565
"ENSMUSG00000030067",117.946683436275,164.979510833094,180.198573043573,118.957229169775,225.849301812318,112.519361824887,186.954061951031,146.235063476927,260.011205481522,240.521797096132,103.764682481819
"ENSMUSG00000030068",0,0,0,0,0,0,0,0,0,0,0
"ENSMUSG00000030069",0,0,0,0,0,0,0,0,0,0,0
"ENSMUSG00000030074",7.57430318062335,2.14956523935046,2.65321949794768,1.09237585531,7.38264383374673,0,1.02105337540986,0.989951200429409,2.83723035624626,0.943245497912515,3.44186724531046
"ENSMUSG00000030075",0,0,0,0,3.15287026711091,0,0,0,0,0,0
"ENSMUSG00000030077",2.26988097555833,1.95341424121763,1.40344718629661,0,0,4.61085588558119,0.550094865105294,3.48017998445867,0.932646349962666,3.43506806815717,3.81110762488119
"ENSMUSG00000030079",301.136896891316,363.647085876998,251.505356488435,289.502132127098,284.115147249235,357.834479344533,273.259533318078,277.531803408111,258.700662137813,260.969234496298,334.797640674955
"ENSMUSG00000030082",1654.56963906354,1595.08625932491,1244.7273410999,1639.86940558396,1228.54729018628,1546.58270546753,1574.04137858774,1371.93135168082,1334.09409446527,1248.53878302287,1871.06309172673
"ENSMUSG00000030083",1145.06619455147,536.142061868408,587.828475697394,600.710409981643,688.53894709412,783.223740226821,628.735038616094,614.080144363295,539.411394987654,725.500319274441,354.297979163078
"ENSMUSG00000030084",488.316095920537,231.88296368078,297.722397822078,236.927776882786,396.377449624045,301.638655406729,197.121908538253,260.5354176696,338.60566978883,374.970281990799,498.321198128884
"ENSMUSG00000030086",82.4145104053266,202.908985187403,84.6982804467478,59.7499999473641,85.7371961136024,135.808261283957,130.827169539125,103.463082891063,39.2373670154535,33.5604120532372,49.9240518911987
"ENSMUSG00000030087",659.727144430409,922.157258280071,1221.91577565763,2198.67176083822,852.731936873759,1163.50442068781,1227.1132383625,1536.72960003043,1248.09169925344,1624.95226293879,1474.90447712793
"ENSMUSG00000030088",2012.92208596626,1655.16697372425,1990.67016630486,2273.62781972386,1638.91795700213,1910.58170501269,1911.35276525129,1513.30850711821,1703.25716610249,1350.0315697361,2443.69104044239
"ENSMUSG00000030089",43.9955702342878,17.2189346960926,18.5697757320533,20.900132554204,15.8455628488199,25.749014383471,25.5862722543567,21.699646235377,25.4467256922066,20.685390116997,21.7021288865221
"ENSMUSG00000030091",174.451233742724,283.457001671722,129.275515850445,120.56308359397,95.1628220918778,246.210100065534,146.209310672295,77.8060627582746,174.570349677257,198.095152143036,115.700596266642
"ENSMUSG00000030092",0,0,0,0,0,0,0,0,0,0,0
"ENSMUSG00000030093",0,0,0,0,0,0,0,0,0,0,0
"ENSMUSG00000030094",307.555579738709,305.734146521364,310.969344089322,304.88503551487,281.25579328134,307.904995794114,294.011498897632,349.029421947724,374.505117125123,385.620782230387,288.778853838691
"ENSMUSG00000030095",266.131266732311,181.284860944633,243.554529946523,199.598488961734,260.60808974585,229.238205355251,219.442611254885,200.082684975962,218.275663468906,227.702130706358,195.805579952864
"ENSMUSG00000030096",155.30089293645,61.4891468873246,60.5540927366524,35.0350613691889,68.3471779594818,113.538312636465,115.779028964655,132.176897494886,97.4981702278018,184.948012278323,137.48221214015
"ENSMUSG00000030098",2.54581596902556,1.992424954839,1.6342169981844,0,1.21922823471022,2.94522551454385,0,3.6169014494966,0,3.43750623921653,2.61815424986015
"ENSMUSG00000030101",499.596483813276,427.30170039302,518.233277916075,541.988565111342,482.217948722403,402.288645250977,580.369290378641,481.065580727285,531.169390533505,483.422704484546,528.293765001825
"ENSMUSG00000030102",1948.82935526834,1916.54930962524,2054.30043490242,1605.03811263768,1905.26022320627,831.172659814972,1864.89448016651,1415.51424427311,2174.02298854225,2337.732516918,1782.71980247669
"ENSMUSG00000030103",317.766816200145,469.631375328705,315.923271284095,593.488688962537,292.659763427073,253.605494080488,320.796594942363,590.518891697608,333.458138237265,424.973290219119,363.949432826273
"ENSMUSG00000030104",1191.80316586184,1424.15249536528,1172.27614768433,1144.19986615835,1085.89491525068,1237.16845479008,1083.53758934493,1153.32671281882,1026.11827845065,987.708892847822,965.919335960977
"ENSMUSG00000030105",263.956076671026,261.534309027148,283.270134239756,320.265477672355,255.938596196621,223.188919685186,320.276882560845,242.887990048648,228.372365955006,275.399313647124,246.162820568358
"ENSMUSG00000030107",231.532792072507,123.947686114117,193.034469209621,203.783912756469,98.2975831728199,93.3934557513959,136.727091939154,46.659954755947,147.088595667847,132.495441193609,153.592805550143
"ENSMUSG00000030108",5.58482360509123,0,5.61075178794448,0,0.955435059393691,1.17081063001119,1.85399016665233,1.79599489080032,4.2869321214539,0,9.13622492646869
"ENSMUSG00000030109",2.13489732956675,0.672506942818555,0,1.54477179000903,0.743211706064983,0.914084243551879,109.764615117039,0,1.18616995437922,0.663622520497205,3.48301050637696
"ENSMUSG00000030110",50.8606295841967,31.2211118156977,43.8051712810665,69.8086917498633,69.6805887651312,56.7021873964749,99.3329178381847,55.1972436711139,29.5048123079666,23.5639919058948,62.8859673957756
"ENSMUSG00000030111",0,0,0,0,0,0,0,0,0,0,0
"ENSMUSG00000030114",0.675914505748704,0,0,1.09846794671684,0,0,1.03315575243307,0,1.865339941578,0,3.48689928779094
"ENSMUSG00000030116",41.5691874735203,30.1171535412239,46.988178554516,51.8061219046911,86.7451209552861,34.7726390181694,28.2273011096203,45.0705694605929,57.8434105297348,28.3875934752328,54.9710067486476
"ENSMUSG00000030117",15.6334501394043,27.8463486543202,22.9464421216204,20.8386694279398,17.9609040562179,24.5486991163455,17.4387406615688,25.732752370719,28.3088565901526,18.9242086477253,22.9365263875347
"ENSMUSG00000030120",1338.62150329025,1362.16703361464,1424.57338601256,1508.03707879852,1456.63258493365,1396.46462323166,1739.19626912629,1303.36299778771,1233.00649497469,1448.68935981727,1453.26545888183
"ENSMUSG00000030122",1200.97323425568,1211.78941577599,1588.49845246003,1383.91306093118,1545.23363579118,1294.75715892877,1458.44955904006,1118.55727484132,1157.73563894448,1574.95238287392,1084.34331287673
"ENSMUSG00000030123",514.011310979888,452.046869958328,410.448357695346,412.036213094768,529.562459467497,646.608503106314,398.161581139507,631.986216627234,437.071091371119,439.233505787254,502.562733068338
"ENSMUSG00000030124",53.0569509617301,75.8856884996721,45.1694419669952,35.8768176944305,51.9234159459573,57.9861279487828,40.0165211967246,52.1164068360383,43.3452470082668,49.8144149461503,28.4863743156563
"ENSMUSG00000030125",11.285695780037,1.68783496816732,0,0,1.67127834123493,2.03432020692951,1.62067645448665,0.78212357130496,0,0,1.8163741052889
"ENSMUSG00000030126",267.389590151944,283.445588315155,444.441641172627,429.632224692506,372.119425546962,291.816931721521,486.961257451861,349.74172330221,304.543627902311,377.634337698145,333.03815202639
"ENSMUSG00000030127",665.44645822832,602.668608079319,622.845550493275,732.130783108671,696.533144998609,708.914726912524,720.171602545336,710.909301236626,759.577430371218,615.516071399982,675.011935052447
"ENSMUSG00000030131",0,0,0,0,0,0,0,0,0,0,0
"ENSMUSG00000030134",4.17159767749299,5.32185104353502,1.78753893845238,4.40648433625755,7.46592744627868,3.89967556567091,1.03456409189731,5.68808921658736,4.65641671851478,13.3045786711001,0
"ENSMUSG00000030137",154.738124661252,7.53755567610594,24.7256818507355,21.8908840330033,35.8989684895277,33.6961806161404,18.4645667363757,12.8408157837365,32.0931314244514,38.6454921841781,23.9948121357783
"ENSMUSG00000030138",980.277149363264,1038.42591094366,980.186955305343,983.783061000808,962.98347064911,1182.94351089394,987.769073349362,1086.5596776818,1079.17273005476,918.896136041405,1213.41792952447
"ENSMUSG00000030142",0,1.83695384159197,0.950276992617399,0,0,0,0,0,0,0,1.25487945300166
"ENSMUSG00000030143",0,0,0,0,0,0,0,0,0,0,0
"ENSMUSG00000030144",1.13715429398863,0.889575323687732,1.47757448331339,1.84241712648566,1.78352630723713,3.20422500810402,2.60223179928965,0,3.12301368455513,14.0325083471099,0.969994800548568
"ENSMUSG00000030145",40.5992508213156,23.4604473842039,26.4494598010229,18.7366030348514,24.8372056058581,26.7144978789487,25.6183245794301,35.1869182874123,46.4050241785246,30.7010978800527,37.8043738057649
"ENSMUSG00000030147",5.38938262709744,0.949449727268563,3.87923400215586,4.83297804308659,11.2908143218627,1.59727776128753,2.72652953383959,3.64414149309597,4.98628509935115,4.67014837879804,4.04691692178451
"ENSMUSG00000030148",36.036573269715,59.4627107901858,48.3817293325272,44.8478857878324,68.488336215834,48.2503958167627,29.9674043202055,25.543211852839,27.5134823685869,31.0622618392509,22.0057898329265
"ENSMUSG00000030149",11.9402875825115,15.3834513261262,5.32029451007665,0,1.05176860731803,6.43455785658717,5.09460445865074,2.03103730667953,0.97171135258271,3.67958384246684,10.208415128387
"ENSMUSG00000030154",2.22545971642035,6.64588584643813,0,0.851839831834541,2.47261453988754,1.01163293772859,4.1371450922783,0,1.52293803171308,2.88345822021911,0
"ENSMUSG00000030155",0,1.10362722482434,0,5.39098174307516,1.04321801227887,0,1.01377596503605,0,0.963811601427291,0,1.12854098687095
"ENSMUSG00000030156",10.4165872344042,29.7671419300989,9.53298995477151,8.09944262391013,6.83580345480239,11.8272794796838,1.57349975144117,10.7988851446178,7.69837197104163,5.31497521297048,7.44442149962118
"ENSMUSG00000030157",100.543067994216,76.4163743246267,100.145338003194,138.382832687494,105.934653942682,124.518933220924,99.4621844486897,106.603155799563,106.9328790543,90.2047753190221,51.9008678624539
"ENSMUSG00000030158",0.680079315815508,1.06684051144805,1.76506244898391,2.1987462496449,4.25370438624578,1.27479395911402,1.03671624726311,0,2.79477879070076,2.87540144167943,0
"ENSMUSG00000030159",10.1558997992616,9.02882020397276,19.8930040213372,17.6326179750252,22.5305466123451,14.4243746611633,11.4892837654646,7.3645574368725,13.9788671709624,20.8695972639585,7.60173202930466
"ENSMUSG00000030160",0,0,0,0,0,0,0,0,0,0,0
"ENSMUSG00000030161",380.619409733542,315.481160212384,478.311830841181,477.935444234332,665.761347434903,324.034263024153,419.411104850797,439.808183921385,506.297250340195,592.201927484319,329.946482516591
"ENSMUSG00000030162",1.7300031504379,0,0.383534290935383,0,0.458517950926272,0,0,0,0,1.98333071302456,0
"ENSMUSG00000030165",20.9120261278314,10.5439540516609,4.53589191470982,3.24807362496696,3.93358174664115,11.3637204264023,2.31095603365808,1.96686288281152,30.7678063557716,9.78818537883772,11.2136451912315
"ENSMUSG00000030166",129.565305047791,107.674040486598,78.6064536513265,87.7551706656077,161.532529264331,100.384204283156,110.338422100248,87.754435672128,96.7166079310361,123.69345663915,82.5485311619758
"ENSMUSG00000030167",3.68663266327138,7.44671647433356,5.95674538379789,1.15550374206081,1.11098448426167,1.34652749325911,2.09892807903533,0,5.13056210403597,3.86153312495018,2.41891624855425
"ENSMUSG00000030168",843.742268784013,378.643682642368,485.094959544059,813.285523139878,873.284140832098,372.724698247074,674.030530007247,726.290020644328,614.960602271075,574.080931364615,780.870413497683
"ENSMUSG00000030170",78.9276192991155,22.9422919193794,16.0942736544233,8.33137518327192,16.1296692103157,10.9656766901718,19.6164865772122,12.1991275073327,15.2844833726161,11.7124004116281,20.8570298025093
"ENSMUSG00000030172",276.020563240673,137.5269579653,208.323775882106,154.784414685185,246.612597773078,207.148877261275,186.325942075605,207.478633290067,200.715156937718,206.253112983894,291.480070259309
"ENSMUSG00000030173",1.21583153009,1.85223210802769,0,1.98363169401933,2.83592746998283,0,0,0,1.66231424657829,0,1.05057781774631
"ENSMUSG00000030177",111.114304073086,97.7263886961477,117.844420561328,52.9544362778819,91.7480315613239,207.856839964806,108.398873724985,50.1187854288181,71.351737964856,78.5777995068746,84.9166253397062
"ENSMUSG00000030180",460.014535106938,399.6269773234,487.771828437908,439.829127023851,406.860831035727,238.280378935458,551.007077150735,248.870967326761,425.747296829725,386.482464521123,410.892073366548
"ENSMUSG00000030187",25.7798200041569,20.9438341658867,30.3543784603215,55.0410649341806,30.3599123950355,48.6969284147214,16.5866391423394,36.6515883194862,13.901633069047,28.6649169781192,18.6934701443427
"ENSMUSG00000030188",42.1460227330752,60.8485294318287,50.2614429859861,13.2441400641311,13.8515797990941,7.0951659573239,30.8630614723255,14.2674052459891,32.320098225188,20.4148028516918,45.093470606112
"ENSMUSG00000030189",928.979322106626,721.322251046562,684.010876519393,772.360704966607,810.09147771098,778.441331067847,696.018024677078,716.654531804336,724.597950020633,706.303976397513,750.430637356312
"ENSMUSG00000030194",0,0,0,0,0,0,0,0,0,0,0
"ENSMUSG00000030196",0,0,0,0,0,0,0,0,0,0,0
"ENSMUSG00000030199",470.973695370526,268.992290445731,393.899039583988,353.382854615987,607.881957161017,335.473393182575,388.935608377,489.300954561496,348.424099777812,419.793829234867,393.930441847216
"ENSMUSG00000030200",88.4117046259946,25.6659699156654,70.5017840614417,84.5013961684697,322.250601805886,36.9278901685209,139.915890922241,115.681431064065,76.5465755964016,72.599803586273,56.3535232909952
"ENSMUSG00000030201",911.703652569075,687.219227734097,814.114670680752,955.959470989571,795.97694065819,460.661292579647,852.227839634121,756.968074281475,917.749166467494,718.979455996244,855.203327632464
"ENSMUSG00000030203",453.157748635672,194.078213163181,370.975503969028,383.80764165665,1023.79998835468,195.021578467144,352.576792507932,237.371683258396,238.414685799421,343.978436078677,199.516951226244
"ENSMUSG00000030204",568.233369003973,586.823863337378,555.813807441096,648.495057026173,556.278952784581,650.432667740074,506.024013992448,638.077938816144,605.912291116759,650.993172928011,619.412040240778
"ENSMUSG00000030205",1.36937279460317,1.07458594932787,0.889608146171036,0,0,1.29771724091534,0,0,0,0,0
"ENSMUSG00000030206",0,1.07692073052407,0.882245347157437,0,1.05947464561506,0,0,0,0.93907621275188,1.89312872116509,0
"ENSMUSG00000030207",1360.69172737147,1121.22791716694,1198.91168420434,1277.99964547896,1029.29821162438,1111.65536744884,1125.46970208658,1055.82833628787,1102.9773470112,1037.57543837718,1351.20454502625
"ENSMUSG00000030208",30.5961439565724,27.4683764443768,30.7778079088895,23.1655941866253,53.7785714559703,28.2119696104007,24.9663585468144,42.0570101133196,27.8532284026123,26.9811574804951,35.054053275326
"ENSMUSG00000030209",0.689939267648385,0,0,0,0,0,0,0,0,0,0
"ENSMUSG00000030213",576.391555016602,495.55424504949,423.218840989832,489.011104296363,564.425698003803,472.52263039088,470.313269723485,465.175785262125,444.05739882733,467.146970693249,455.660666649256
"ENSMUSG00000030214",130.071605585184,223.649952612535,121.406971416116,127.922469865165,172.246296520541,207.983696599671,104.033302974139,150.924787397215,107.92053861069,138.213570238145,93.9670129339598
"ENSMUSG00000030216",629.447018078034,646.506738047626,618.287867127472,659.605172285804,618.614064740277,616.403025283244,647.763070617818,568.978893928209,684.920506870034,716.372697600932,747.041097235726
"ENSMUSG00000030217",7.50089471999428,0,8.82133920882842,3.28387176215043,7.39907260225161,6.3994572288129,8.19003481286538,6.9237112202382,9.4050275762561,1.8963690800373,1.15042001052732
"ENSMUSG00000030218",27.9815721853018,20.310131221785,45.4934147103954,69.9279336184864,65.1103431488169,20.2887676630872,22.622617375738,32.9067144724918,24.9249003736633,33.7812908861497,16.5115760136907
"ENSMUSG00000030219",0,2.13316743653057,0,0,1.0607367392246,2.55249422968968,0,0.98048135584952,0,0.955809712922787,0
"ENSMUSG00000030220",109.794146007735,339.1980732427,57.040552631609,67.0629374852639,71.9552679532562,362.294253958856,45.6067159559998,51.6296442235018,48.1448311659435,175.585401624265,34.7983402411479
"ENSMUSG00000030222",0,0.940187978673809,0,0,4.70196434142804,1.39533058741672,1.13476920742915,0,1.00869535646361,0,0
"ENSMUSG00000030223",12.6075881207211,14.5937237494789,10.9050875831292,8.19374696797066,14.3940240977079,13.035359537533,8.85805442259363,10.5065998585326,4.6911003532543,7.02757470322918,5.74295875290507
"ENSMUSG00000030224",1080.5551128143,1024.75484917485,955.85945400493,1132.71269502841,1128.52912418164,989.909158610331,1084.64755250749,1036.62325456221,990.103604307779,1008.66828128538,1132.82336014275
"ENSMUSG00000030225",224.775092837653,307.257952612998,322.262418796257,396.411749131278,236.34745477149,387.802983265897,333.794305344938,347.302190505499,271.756132469528,361.941243258157,423.159031804407
"ENSMUSG00000030226",0,0,0,0,0,0,0,0,0,0,0
"ENSMUSG00000030228",6.64827223836513,2.12829994245178,7.39775980585992,4.30438409084345,9.85126256332553,6.44329866965053,11.3344947996034,18.40528748057,13.7890681193856,19.0513047640309,23.8382364391687
"ENSMUSG00000030230",0,0,0,0,0,0,0,0,0,0,0
"ENSMUSG00000030231",291.745261387417,248.479806320141,342.029939708118,313.188868393613,376.232752741932,259.166094870776,354.761923595029,217.570886238257,332.919484972766,369.840014354636,299.865149645917
"ENSMUSG00000030232",502.722033260614,458.640224400683,482.224390941436,653.319442639334,551.768985732215,405.888612673975,496.153222255,403.555490715717,543.176827673351,509.117023435809,612.87018625221
"ENSMUSG00000030235",0,0,0,0,0,0,0,0,0,0,0
"ENSMUSG00000030236",0,0,0,0,0,0,0,0,0,0,0
"ENSMUSG00000030237",0,0,0,0,0,0,0,0,0,0,0
"ENSMUSG00000030243",133.645625680939,187.14424428153,123.791010032413,112.416790518543,111.343459082693,137.280528408685,164.877963020877,94.57033995321,155.431508818579,78.7367894866125,151.870502776882
"ENSMUSG00000030244",59.045407860618,28.0303458145503,21.2768846573888,39.3725610030516,101.001224534539,41.0134407425787,34.9578133507236,31.6751134408902,40.5047802281477,54.7217963459116,28.5610330485173
"ENSMUSG00000030245",77.0773436670629,75.4551768520665,72.2276257541238,70.7729165068564,53.1146692684976,70.9886807098878,91.9296077497707,73.6183483406439,75.7618185664509,60.3536590745342,77.0085351324204
"ENSMUSG00000030246",508.523222465368,598.748324266144,563.893648424637,438.447227453678,475.823546457046,419.656456588433,713.833857546413,582.382869550031,511.802541117388,466.461639915919,544.382012986485
"ENSMUSG00000030247",62.6703215805053,53.1740647764877,106.204312935561,36.8020053917161,125.519889739288,118.942310049522,62.8031641615385,87.8261297574497,56.5507123242237,87.826866692718,82.6857301423745
"ENSMUSG00000030249",187.98025655828,95.710140878221,65.8680702702236,57.02177393157,118.746410580881,71.9196145583226,91.8110699510876,84.518527618106,97.2623440648143,101.825962371958,144.759909650899
"ENSMUSG00000030254",43.8957863575596,43.6807619917216,51.3291624123035,50.266629551305,67.229473206471,37.9479331745297,42.5777921194297,63.7815118058996,50.479563597228,70.4370336504006,45.627915889534
"ENSMUSG00000030255",11.9810486100958,4.3381074053417,5.72179768950726,9.52689921406741,6.06644054298285,1.05501501815143,9.26202727607985,3.19675630334968,3.04865836226662,22.7040358987016,9.80242347933241
"ENSMUSG00000030256",301.337466280979,160.778677079989,606.742389266225,447.259594608776,521.078827731817,70.8496763961304,273.144674579495,132.733023311302,371.887271840504,482.158191963271,323.43197393672
"ENSMUSG00000030257",157.776588989444,98.6926811929039,154.102165846172,120.601979746929,104.282706756566,165.427808511674,174.881857317684,134.839003678464,160.707376827212,121.774723950452,359.551674166291
"ENSMUSG00000030259",159.878699796116,96.8634448752995,175.382282902233,175.730686379652,172.296136618255,151.346466551255,194.484145673474,133.985612169709,202.935751487453,121.643182720371,270.777622723912
"ENSMUSG00000030263",264.854350248992,383.975156787192,79.4721889103772,71.6344879968406,70.2414961172224,654.439264985382,95.3961020859629,130.636006577771,123.585665058675,196.413638696919,110.635155196154
"ENSMUSG00000030264",244.766694561995,445.427238313077,207.950955832457,219.001398287716,216.51300771417,222.977479534263,279.724326187086,198.869471792371,286.800689425703,269.752787985139,207.287095948219
"ENSMUSG00000030265",221.543751020655,261.845137779958,229.188599430851,237.046169967304,300.181136502474,251.823181372071,244.508523497557,253.007782849926,299.733231145505,259.413229660252,391.78309437802
"ENSMUSG00000030268",4.81041354973688,11.2617892125163,2.34072623962775,4.66111501457796,18.3109837256744,13.6685524486947,1.80838661022804,0.877288089134386,6.68346005268287,1.6692714170957,4.05479277520934
"ENSMUSG00000030269",396.085785670413,391.681269134326,481.213814130884,385.467050750287,521.813254868039,493.497064336103,423.442865092618,570.921107977851,416.162003406391,537.265318216319,325.680807859956
"ENSMUSG00000030270",0,0,0.883881501795491,1.09335993832199,1.0536281704512,0,0,0.99205714310104,0,0,0
"ENSMUSG00000030271",103.7827059837,136.319607758479,163.664531879957,160.09465335057,162.607968234259,122.364468074223,129.28012035844,105.838101179668,151.657816431659,152.924765735841,121.349146547377
"ENSMUSG00000030272",580.405364713733,399.233052698034,539.555711854906,553.638571610552,517.084666212975,501.055433072112,513.340899522683,488.597818973493,653.839689631789,543.201816034482,483.460492676669
"ENSMUSG00000030275",104.47716252702,107.551674393849,67.8812169892445,94.2638735843177,86.5512539819965,52.9673193887137,127.429337738668,82.0162154819794,86.7024145751112,82.9280271506628,99.4708388227952
"ENSMUSG00000030276",132.352239328914,148.367125564938,167.731598406834,122.082509742731,131.790899461913,190.696431451272,143.594035369525,149.069215653867,131.730691865032,146.591564519052,170.602611483728
"ENSMUSG00000030278",1374.91436136948,672.327395920841,1042.43544946321,931.591161595878,875.49836014927,940.85578595645,1271.87155361261,643.930042875131,977.698700258349,860.667776320646,1081.73860473887
"ENSMUSG00000030279",101.102256679987,134.721863884654,231.324001864296,95.8165529089756,134.604434270614,309.856429091941,142.69614641142,110.703714779246,107.183789469031,111.830944134883,65.9613300563796
"ENSMUSG00000030281",400.345510320502,290.152035449835,288.120839480254,473.71976778859,265.742019378702,446.778028290178,237.051474643804,453.072390202575,316.619814736064,281.879681781354,473.36966216779
"ENSMUSG00000030282",3066.27308631641,2443.22435363871,3327.86545654449,2422.32765490985,2691.46998360894,2067.13036128451,3015.50462672232,3157.53110082178,2567.38011079491,2640.41349528355,2874.06403084627
"ENSMUSG00000030283",5.21832491181842,3.5674319583512,0,0.728248672049784,0,0.852672336902426,0,0,0,0.629810192291834,0.763739070149471
"ENSMUSG00000030284",208.989426131512,186.773928109244,167.646712335837,228.624479970895,236.530270358101,276.681358777459,198.158009322439,197.34752571945,165.57607017934,169.518771164997,154.524081415939
"ENSMUSG00000030286",704.932546306125,764.326216127542,716.132084419376,792.531287404962,647.644454881984,712.395831701881,746.361920363136,811.638437598634,734.78448722756,645.648733780628,789.745804359004
"ENSMUSG00000030287",1455.09410801804,1185.65311784736,1465.55401390322,1504.05839809496,1200.89106833586,1616.75040017935,1422.51690869345,1881.16269088166,1146.77079334036,1253.20162137059,1552.65310462957
"ENSMUSG00000030291",176.863082109621,181.5133780009,160.623618436091,160.787162712238,159.524278936882,131.208751326266,148.150097076142,162.655796306747,206.012671816636,173.822054081221,131.206381516386
"ENSMUSG00000030292",0,0,0,0,0,0,0,0,0,0,0
"ENSMUSG00000030298",1152.045592584,1343.63296289863,985.602847365453,1208.50117749921,964.717342226697,1402.05884710863,1175.38225459796,1407.96122133076,1013.1755943069,871.839752537709,1196.96072371267
"ENSMUSG00000030301",741.164111709451,649.901778836356,799.448641135051,842.759524651348,770.460019349029,661.742482160658,817.642034847957,793.7757714234,712.218167246289,720.948965135008,707.883061876421
"ENSMUSG00000030302",1631.37629405987,4934.69476039989,1353.52819755131,4180.28152079403,869.091795064076,4908.18373923306,2015.49698879876,8547.08170544569,3678.99355161077,1801.33193955707,5723.45705093186
"ENSMUSG00000030303",0,1.08660942076886,0,0,8.29540062383953,2.58424704331705,0,0,0,0,0
"ENSMUSG00000030304",738.370402097713,777.616102091873,834.574967461715,874.32746818656,867.322772006665,773.15820481241,866.279585195127,977.693537875826,845.399036774763,776.678818151013,734.430635584447
"ENSMUSG00000030306",31.4463922530436,15.0858807855657,18.4132025142478,10.6510886633348,6.97183072272373,7.63491245936138,8.68109829248027,9.3542784535141,3.57269232072966,3.70994448961974,10.7833695976966
"ENSMUSG00000030307",0,0,0,0,0,0,0,0,0,0,0
"ENSMUSG00000030309",73.4923471510978,87.6339883742767,91.5819844916889,71.4639397723859,109.616873760996,98.7246305266617,91.366093273569,213.967499100564,101.059592876577,97.3177868067104,68.3743734002067
"ENSMUSG00000030310",0,0,0,1.0895783501383,0,0,0,0,0,0,0
"ENSMUSG00000030313",46.3853590031649,25.7807126946417,22.2743594443524,13.8505118610305,11.7540272276368,16.1697228042061,41.9327439049077,13.1808445969804,15.3265520994263,26.3602717199483,9.33623338107927
"ENSMUSG00000030314",217.379777988408,206.347197149424,200.866056978651,241.698941638624,256.689592539404,276.485444703046,178.469207697212,242.447647336524,255.13763242785,226.937639372752,244.738012176335
"ENSMUSG00000030315",252.296325852137,222.256769003508,266.039239967447,249.625068307059,207.47322960775,183.440159586289,233.694587154768,318.133521117315,331.65431856839,271.582924336597,252.874410665168
"ENSMUSG00000030316",58.3346333987606,58.2241553007843,77.5698578203791,63.3065776150844,63.0945687367418,81.8134069115134,66.1832819081518,72.8660326917083,104.270055607,87.9953855379213,99.6582100915189
"ENSMUSG00000030317",171.969101763797,229.782473837988,227.16280954264,270.865508249612,267.554199243148,286.123071188521,319.570852700467,277.171354811476,234.500066614281,293.393948323659,278.236799286862
"ENSMUSG00000030319",63.5822914999243,31.4295384379937,20.4590737565959,28.1995448967052,27.6316065862178,17.9095248916861,28.6595953893553,27.6047240005854,32.1287670691868,25.2541836970611,33.0957195085414
"ENSMUSG00000030321",2.73773421472043,0,3.54275343552692,2.19088745893964,0,0,3.0711297692035,0,1.89728044399192,0,3.43789327945286
"ENSMUSG00000030322",30.4498800558855,24.7116917734715,25.5524945472278,10.1243394602369,15.8572438224998,26.6168098703824,36.3174573458007,10.2670009887567,31.4712208425019,13.7505147454332,17.9388617344847
"ENSMUSG00000030323",92.7325241604809,95.9355192541695,100.262543893476,81.6306061546335,74.8294804156421,84.8106713318041,91.8285042038848,98.2614193621701,87.1382922588943,82.3444310326468,78.7959301110405
"ENSMUSG00000030324",0.989681519756996,4.46899272874417,0,0,0,1.91815786816757,0,1.51663807560983,1.21224721198192,0.970566404646479,0
"ENSMUSG00000030325",2.57770831648583,0,0,2.11282218899758,8.02463757708581,13.5849213860653,0,7.22518187687831,0,6.48828014238507,0
"ENSMUSG00000030327",197.007558340424,174.663991291383,166.99954348665,212.529758407627,183.142072769783,190.687465472544,216.491713987163,196.883555178409,196.613578603511,194.059490512975,256.932120146704
"ENSMUSG00000030329",0,11.7864701170608,0,0,0.58540205220374,2.0430517279448,0.566298704626213,1.40100361874058,0,1.39459886820664,1.21634957434658
"ENSMUSG00000030330",613.138985723575,729.716500552862,705.552155076555,702.674021505448,833.079048626144,846.841902405862,792.360424957825,864.082896984835,637.865250480288,776.44659000383,606.313033579438
"ENSMUSG00000030335",458.808604953934,499.083697162171,418.15061874857,445.332074903284,422.63757329666,462.193903059005,510.066222204512,434.51681503073,396.936506023076,392.231752286512,414.416105188186
"ENSMUSG00000030336",13.9080340204266,56.3679489963752,0,0,0,28.3838947251694,1.72026228401418,4.99799874257552,11.1044964525857,11.2031874581307,0.956413512816211
"ENSMUSG00000030337",37.688082526365,50.3612073694274,27.1223504959468,35.2508525754629,39.6893199251149,51.2491764321987,53.8605915047279,41.8361015709591,38.9270835496356,43.2734959035917,51.6526739804378
"ENSMUSG00000030339",767.24974613211,693.287371456446,824.139800240784,844.194230198216,829.219023560902,865.873507774906,728.536543986874,805.913647097135,807.496798446621,750.767733291916,900.682193024504
"ENSMUSG00000030340",71.6791925307897,52.9245535798771,54.7098610781624,78.1908534855221,52.07309088876,59.6365988468682,48.4222824755776,52.5365604354696,67.136516540816,55.9766336690124,49.8144043686432
"ENSMUSG00000030341",2092.97192379028,1773.96075706327,1864.3389690526,1604.92048534463,2497.91377207113,1529.46755478659,1854.56606531971,1568.51453613522,2249.95918486952,2124.20840954422,2120.19408952389
"ENSMUSG00000030342",2881.72303926759,2009.0564608959,2515.79778642226,1868.78175246139,2252.14614274782,1511.79553552301,2081.21093303313,1725.19711445616,2099.09373744752,2161.06812675503,2211.74351611897
"ENSMUSG00000030344",0,0,0,0,0,1.28191223901898,0,0,0,0,0
"ENSMUSG00000030345",8.91631643812727,5.38678589763931,3.54401585540241,8.75671974299362,8.43878033922828,6.39779016720696,4.1230502446415,6.90954068986131,6.57422485777953,5.6742921224264,1.14404900817815
"ENSMUSG00000030346",19.8291657478259,25.8515007289495,12.4016707385213,7.67397066656335,6.31435358833604,14.0590958707337,29.8972914388754,6.88513305709393,10.3180750459469,10.4636935301254,9.19064403604726
"ENSMUSG00000030347",241.877445428572,270.096015983547,283.361388271268,260.810843042398,207.933932632159,290.889700767172,283.997738557231,472.610513004531,220.142146901339,331.316249032466,252.025283130151
"ENSMUSG00000030350",0.689939267648385,0,0,0,0,0,0,0,0,0,0
"ENSMUSG00000030351",4.77191647057002,3.21925952906664,1.76951507964845,4.38122597657873,4.28819021505239,3.84358117574187,0,5.86201146365814,0.935730753206349,3.80732096700716,3.45616544752102
"ENSMUSG00000030352",86.7957464062652,52.8539375909734,154.027481528294,50.2164736259118,59.0015222828408,55.1687244263156,155.17960271311,47.4333994001676,53.6561322301381,47.4077747216596,74.1560822677017
"ENSMUSG00000030353",25.8361044897154,66.0651476259428,11.3686923856607,8.26262294473884,17.1014630816322,17.7886673337604,66.8819416892828,60.3259624272299,58.4804606171975,178.494303369723,25.28191067287
"ENSMUSG00000030357",4425.77893529212,4791.22291973821,4440.40404577774,5029.52969539462,4232.52098322825,5844.06452748537,4998.00485167726,5455.07227768669,4044.65664097545,4159.68489454304,5039.04021515471
"ENSMUSG00000030359",0,0,0,0,0,0,0,0,0,0,0
"ENSMUSG00000030361",2.25392913688987,0,7.27157994562184,0.982571897011174,2.6661353660993,3.89246235636647,0.883778269963811,0,0,3.36713942295344,0
"ENSMUSG00000030364",0,0,0,0,0,0,0,0,0,0,0
"ENSMUSG00000030365",1.89578258851293,16.734396409499,1.47706180563239,1.8654532347845,1.86098896719543,11.4209334224616,1.80286854424185,1.79684865729692,1.71933645278325,4.70026018958273,1.00659799815327
"ENSMUSG00000030366",0,0,0,0,0,0,0,0,0,0,1.14045445258444
"ENSMUSG00000030368",0,0,0,0,0,0,0,0,0,0,0
"ENSMUSG00000030373",0,0,0,0,0,0,0,0,0,0,1.14045445258444
"ENSMUSG00000030374",1002.37046038599,1025.44792195123,1213.1614298912,823.802791348303,1049.75672735868,1055.12372298373,1180.48143108371,1016.06151081243,990.858222182173,1049.66376019462,1091.46409741736
"ENSMUSG00000030376",4.80300302113131,5.42360224642427,8.01503804060694,4.35946065242802,5.27501115164205,5.10453576664062,2.05133385675483,0.990784278495923,0.948478207456714,5.63348011824828,4.5446822649603
"ENSMUSG00000030378",0,0,0,0,0,0,0,0,0,0,0
"ENSMUSG00000030380",16.0536173416745,30.3613131475236,20.2516984178752,16.051632056329,9.0369571146013,13.0588201285928,27.6243743398361,35.2757204785478,19.525770790527,9.51594441682213,24.1977438886233
"ENSMUSG00000030382",2.43650775978234,4.81133631146577,1.45558949144412,1.95899717168608,1.73972925715791,3.47827683397423,3.65799598950722,5.33867881940103,4.24521320105442,2.52027778960082,3.06639443784042
"ENSMUSG00000030385",0,0,0,0,0,0,0,0,0,0,0
"ENSMUSG00000030386",88.485713091593,134.690106637389,66.8117103586236,69.947572680802,124.086985657695,126.028999386558,150.036827534176,158.913588119468,174.617704549829,143.842098121803,134.920463421883
"ENSMUSG00000030393",4.71458666720088,3.2551561314302,3.53275468988672,2.20716594078641,5.26210954071945,1.28513102407769,6.29199051685769,1.95253347645208,3.71246715923964,1.9178551558596,6.83542604509189
"ENSMUSG00000030397",672.466638724535,548.024209118531,760.461103428275,623.429694135279,718.799982802409,680.338468983608,624.649968429625,724.039932599678,818.992658778568,786.997906030783,611.744430618429
"ENSMUSG00000030399",9089.09688218924,203.298883152238,169.738425996477,781.772977710905,1024.47440253515,79.0772771520635,71.5009056658452,5.77187915694084,9.22153386508472,890.879802189528,41.6196123185029
"ENSMUSG00000030400",948.62108679702,1041.43665108451,1127.14860316075,1065.95111502774,895.363639629987,1229.08573976778,1073.98858584062,1132.94268275098,1150.14534673844,1210.59353866811,1456.88557090697
"ENSMUSG00000030401",202.87017135551,32.1178251930663,24.4086485757547,36.5178212658649,72.525775911143,19.033837031855,33.0433353169516,6.69003741760075,13.8394608386327,34.2451827939741,21.5502570730739
"ENSMUSG00000030402",0,0,0,0,0,0,0,0,0,0,1.14045445258444
"ENSMUSG00000030403",881.038024282823,941.441296806076,757.904279034911,779.679792513086,726.195294503562,790.146221760485,862.300286199597,703.541995457177,748.666264097034,867.033698586748,732.466350659816
"ENSMUSG00000030406",3.58772764158539,4.22041323067598,6.94677577853773,3.5434928031722,26.5271375160634,6.69849391563002,6.67126495424144,11.2858579232179,5.51147530754606,4.88780370772695,6.17452779724105
"ENSMUSG00000030407",268.148895389591,287.449435419572,310.13103183845,318.272730669323,279.546080240442,370.358992376474,314.738820648856,284.471326169622,312.241687001723,297.447131790459,297.667238648148
"ENSMUSG00000030409",488.380807398156,284.67658560455,327.02038742441,237.414365017267,301.291152805466,218.541582956108,279.46708769337,258.427060249076,277.092215424184,198.720198711734,186.983858176527
"ENSMUSG00000030410",330.011564960939,264.69089786141,515.561962345868,382.047012806813,563.905770427855,449.037381106946,342.429472627126,287.169964671282,368.067486491277,494.70959443678,232.798074665056
"ENSMUSG00000030411",14.2205736470631,13.3598370075932,15.2403170746772,23.7583845256741,13.9142109731602,14.5798520645908,26.3187968782525,16.0379080827258,13.5548078320085,16.3420870194603,14.1596362966248
"ENSMUSG00000030413",31.3155482347018,42.6828259228678,19.3064251561085,27.5459692831943,17.1431834629301,37.5911485575157,40.5888539230215,46.7100335653648,23.2367898442516,27.9124217282377,56.6418796045448
"ENSMUSG00000030417",162.051087673767,146.15733565206,176.458955280479,159.075341510833,182.808278164642,165.881451621465,123.599921865478,152.50470735388,168.545120455146,135.830293468098,123.480101995679
"ENSMUSG00000030421",357.327888373704,294.737219380935,349.082510673272,455.363649306455,325.912043099632,405.362118588346,420.508708942429,394.905066392966,430.339220005311,388.423808482011,459.770471227846
"ENSMUSG00000030423",177.265921460621,238.268651769591,231.718858525576,237.325649654612,232.78866518779,236.782926203975,217.561584025094,231.687146339597,241.776067113142,251.900363339739,266.633418994891
"ENSMUSG00000030427",2.16465954795724,1.8191789149034,0,0.923910690281544,1.7862246339137,0,6.17768368943376,1.9902711812175,1.48027051279268,2.9382378530532,3.87949405504122
"ENSMUSG00000030428",223.035047036603,318.026130008862,309.92522374112,392.563444105982,269.241510429344,514.791009634075,297.637428101973,593.940645118506,347.147985148434,390.421383765706,343.110914393216
"ENSMUSG00000030431",436.421250363913,538.642202938942,520.852892815396,582.603838245445,502.528176705337,571.157692759224,585.326387321799,533.166794894681,489.560949447582,521.631137952644,516.316102295375
"ENSMUSG00000030432",5571.94531595417,7852.01018854663,6252.99966077252,7697.83048999846,6296.43030240206,7180.50731142699,6786.85092059678,7247.42935243983,6590.93357259628,6136.57240770096,6876.61820495237
"ENSMUSG00000030433",4.76965472383784,0,0,1.89613753498918,13.9518558694512,3.37640585376421,0,0.853853272981475,0.818025989963877,2.46170814493918,1.99796121100971
"ENSMUSG00000030435",1995.17008451458,2257.77206668236,1960.16169574708,1869.3527631184,1848.89274913771,2119.77592189703,1990.97174544213,1858.98650643816,1898.21777496074,1937.74631266893,2087.85339030835
"ENSMUSG00000030443",32.8142098471489,39.8378780241245,33.3282249992807,37.4620568582139,103.7776675901,35.8575493789433,134.374340357819,28.4099958800356,36.1973682048798,34.8453372922698,39.7246909018062
"ENSMUSG00000030446",15.566581860585,9.21397187174944,21.3080021680846,26.1885374104187,12.9616924274244,22.1097672691774,16.0730760533749,27.9614268331773,12.3885415381947,27.4879219766318,14.3794485200009
"ENSMUSG00000030447",1379.01372873271,1059.76085741716,1294.48142890391,1152.02019146461,1275.44024600341,1066.25362157259,1101.08539642243,1131.45227829523,1208.82875514309,1171.74412301939,1242.73363773074
"ENSMUSG00000030450",0,0,0,0,0,0,0,0,0,0,0
"ENSMUSG00000030451",2841.16472991958,2609.92643826664,2618.37817954087,3039.50538708141,2828.66179853599,2428.98380618085,2691.35139220035,3085.44258973755,2683.8294404776,2734.40431563991,2679.17757994334
"ENSMUSG00000030452",305.810207762484,287.984673927625,379.451683679355,357.948231988121,418.900847323179,279.774054459299,434.376996846407,343.57616294119,335.226013709213,347.213426526827,404.837383057326
"ENSMUSG00000030463",0,0,0,0,0,1.26691054729878,0,0,0,0,1.15395875733198
"ENSMUSG00000030465",67.4066166940597,52.3025652608066,90.8029347419333,107.886873696608,47.0790446686163,26.290858075719,149.072738891424,65.9352539113368,108.902727788071,26.7149131221462,63.6444707796536
"ENSMUSG00000030468",35.2708103375633,205.081389961833,0,1.08844529656629,4.23579766663218,162.72502430115,2.04732215559877,10.8610789015029,1.88726893073313,50.6715742306267,0
"ENSMUSG00000030469",89.4902368133196,84.0110896967281,103.688522633174,95.6997642276818,90.0354061225108,74.5319217943281,92.7899145283456,86.1415411745095,93.0457425220736,81.0076369124829,77.4553416440008
"ENSMUSG00000030470",5.96119270155383,0,5.23420427777047,1.09785513951898,54.1709443949418,0,3.10210523578155,0,0,1.9181186326457,2.29910866736707
"ENSMUSG00000030471",103.801213229033,88.6624098813382,100.063566101044,93.9442831089764,125.619360383014,106.603464733578,89.1784044630597,77.5073298842646,95.7692861491795,120.362690761428,91.3737669454078
"ENSMUSG00000030472",0,0,0,0,0,0,0,0,0,0,0
"ENSMUSG00000030474",47.106487186885,56.8120515263301,36.247355309458,79.9271527312276,37.9868160094137,47.7014530450911,31.7243281309588,55.5776172351431,34.9917065453276,26.3892442410636,34.3894982692088
"ENSMUSG00000030483",3.43969197212484,1.07225453427786,3.54509088458292,2.18629394352197,1.0558911941489,2.56738355347389,1.0225611833796,0,0.946446434542183,0,10.329055825782
"ENSMUSG00000030484",0,0,0,0,2.10191351140727,0,0,0,0,0,0
"ENSMUSG00000030486",23.502618116822,34.3240566012409,31.0517584613686,38.1587490980312,18.9839082379083,49.8942585343796,28.5633220356932,16.9085067959334,39.7652008306577,21.5836967542747,19.4877065787337
"ENSMUSG00000030491",10.9868654870591,1.62869309759802,18.0246643679023,7.51010536638474,17.7625250771684,1.50531491864878,17.5291359660885,11.250390826843,13.7790025493134,3.11021819156383,9.52625072344823
"ENSMUSG00000030492",0,0,0,0,0,0,0,0,0,0,0
"ENSMUSG00000030493",18.9475307509099,25.5341694115134,7.04808242810123,16.4982852852339,19.1443108492058,19.2243700625585,6.20496334425032,16.6991032743685,13.0733226710139,10.5536732043657,10.398715514304
"ENSMUSG00000030494",2275.26099106346,2411.47594544811,3158.51453810972,4177.27282654682,2838.4141723261,2376.37920817223,3041.41788204437,3126.75265136863,2670.65840569052,3939.32972608139,2904.00540246273
"ENSMUSG00000030495",223.747794949148,121.478664041986,160.453296367901,168.194001018685,186.75458749404,149.226963575434,221.419604493339,137.97981662416,182.79980604886,105.782382127639,164.315619341636
"ENSMUSG00000030498",12.3810168392515,18.1545777915435,22.1273897473592,13.128121659963,10.5995462615316,22.9458456388013,20.5410445369014,13.8256891980011,26.2867788068162,9.489965172115,29.9382703325663
"ENSMUSG00000030499",26.2577509929367,104.38653230325,21.1077364629719,17.7481232877871,21.7930595760868,12.1158838206858,21.990822053616,26.7562944679682,23.2066899410263,25.1023335792559,16.6300110770839
"ENSMUSG00000030500",0,0,0,0,0,0,0,0,0,0,0
"ENSMUSG00000030505",130.93586912108,110.96824866518,117.908823851613,130.820176138012,109.135413819998,134.711038806118,107.087502702623,111.587369900608,120.04738480322,102.037657551968,147.492416523975
"ENSMUSG00000030507",0,0,0,0,0,0,0,0,0,0,0
"ENSMUSG00000030509",46.3467825636015,26.2145546813908,25.155627840992,34.7343700010326,16.6556476177021,24.3850904499188,26.5309094612597,34.0923055054376,28.9960373697599,33.7709814561152,36.7134708602837
"ENSMUSG00000030510",0,0,0,0,0,0,0,0,0,0.945609727750057,1.12930717681061
"ENSMUSG00000030512",225.934469529162,255.571150418523,212.61445978104,251.832741905345,214.323354251326,261.293084943037,219.165977134364,233.471144138959,194.586522387679,223.074725463549,257.548459901553
"ENSMUSG00000030513",70.7747883513131,35.0153645583734,49.7549160900382,66.292959152468,51.732215022263,44.3463933435494,74.7738962738894,58.060684956767,68.906397034838,29.5030600605957,41.7617822874294
"ENSMUSG00000030515",297.392482276808,241.661401110036,244.626712702428,319.602012560334,257.720374985533,335.603293071596,263.573264456674,370.285936496903,281.2710255895,230.947652054556,294.245591499365
"ENSMUSG00000030516",1584.78610024099,1511.41143214246,1808.26286184644,1710.20230524811,2108.84130991553,1320.81677344263,1828.03428435767,2251.00725722184,1816.43490408012,2225.20431439912,1610.88524076653
"ENSMUSG00000030518",0,0,0,0,0,4.99175801801215,0,0,0,0.48092886035346,0
"ENSMUSG00000030519",0,0,0,0,0,0,0,0,0,0.936366945291052,0
"ENSMUSG00000030521",501.216358206053,433.811222037184,306.572058680593,337.613638264972,338.882770183669,533.574578273951,485.465535535981,418.88245009811,513.056559851809,401.938215884633,644.483919526379
"ENSMUSG00000030522",375.622604784997,370.014804287599,501.407791664095,579.562063092575,339.378208285444,264.658609198073,351.704598803266,413.366609138034,414.25058400154,457.572198107899,521.10252633483
"ENSMUSG00000030523",0,1.55484440187446,1.28161413227391,0,0,1.86563720910983,0.339259487667428,0,0,0,0
"ENSMUSG00000030525",0,0,0,0,0,0,0,0,0,0,0
"ENSMUSG00000030527",137.339374356606,86.5525749811637,145.612548680581,144.641760130091,190.264759153019,157.726970632477,130.097810965447,131.831433063643,115.038623403423,192.157873459887,134.796375278928
"ENSMUSG00000030528",31.2443481161781,42.6157013559737,1544.59343230558,49.9678471865611,69.6671274919517,27.9633088268707,22.5068617204943,42.5967056343129,66.4801389714008,25.8343973920786,22.2602962468148
"ENSMUSG00000030530",3956.31014335946,3622.68960798174,6435.65625708309,5876.30224745513,3639.98210011336,4248.67648333839,6334.47411083732,4847.7141074713,5324.0830492413,7700.73907599883,6723.92689330914
"ENSMUSG00000030532",48.4953507305216,43.0641485170736,46.0562498522639,46.3365906729572,44.1766711681474,39.0215007192242,16.897128175998,41.4390869816538,37.3880859747587,41.9014780470998,43.1089811940185
"ENSMUSG00000030533",2422.74307823715,2192.69409431219,2532.10343406724,1996.41664405607,2396.24017947512,2387.98664091162,1988.74458757463,1805.10774934494,2191.1137804578,2599.55965005053,1838.58687709671
"ENSMUSG00000030534",261.719400145933,557.727826645379,412.026241350154,384.376348143055,572.163408741961,525.052899757686,285.892429018595,499.770332541017,474.963169757925,300.049400568105,495.073180193431
"ENSMUSG00000030536",2540.69527944323,2256.76992416296,2526.04960599686,2701.15072661207,2934.81785628047,1688.18998642673,2241.46676923997,2900.38672908135,2871.04941645692,2772.68202893634,2809.20085680479
"ENSMUSG00000030538",900.205896770133,991.390601673489,786.414168606314,976.447869157344,789.581751638921,810.007842258201,894.644107929614,844.272876534303,757.923190118401,646.163344188774,776.98531056863
"ENSMUSG00000030539",669.034679215356,834.532425752936,895.153986005139,1034.38883596052,948.891375862517,697.912775768312,930.421933768449,883.143742559732,792.654924623657,923.22133305794,971.864183497249
"ENSMUSG00000030541",744.692078895688,718.652689955191,647.204501385862,735.712826541244,653.210706347615,673.485928235198,628.9929947353,719.459310853725,702.660779786763,749.327146242157,775.064203453816
"ENSMUSG00000030543",0,0,0,0,0,0,0,0,0,0.937067384140603,1.13960198602947
"ENSMUSG00000030544",0.670894981969673,0,0,0,1.06912499026911,0,1.03373655892005,0,1.89704061041094,0,0
"ENSMUSG00000030545",335.563123823664,343.596910705225,537.567513692869,589.620725674228,473.056196255817,341.582149287609,551.260313828415,488.698493450497,534.867990131407,613.550518595174,443.628543299405
"ENSMUSG00000030546",924.924316190592,707.573422266785,645.538987081638,727.945737466189,1102.70173615434,725.944616559012,777.87488370033,583.504694215252,918.492545326895,772.510925633188,666.858619598754
"ENSMUSG00000030549",0,0,0,0,0,0,0,0,0,0,0
"ENSMUSG00000030551",77.169196109922,76.9700181963491,74.4489522384203,80.4537980742838,87.731487697682,55.4222215047898,67.5463294098761,86.3692300066682,96.7198832997722,109.322426819396,84.9678462414607
"ENSMUSG00000030553",1.34133520334608,2.13762792523261,0,2.21716681259094,0,0,0,0.983697491116937,0,0.965906122334347,0
"ENSMUSG00000030554",1159.7011354718,712.197419998307,619.691573499129,526.680007514175,681.229369947605,355.149104210005,440.473009922479,506.087916597254,582.686677847009,452.448667309513,548.640872393036
"ENSMUSG00000030555",170.852590092133,163.809184550462,189.094165211314,169.406516042964,147.890406133261,151.017446352861,124.470985332882,133.034570147131,144.33918563675,127.350057641377,123.618414715227
"ENSMUSG00000030556",73.4501909658777,88.7567370796719,76.125660579786,89.9828351675347,45.6127890598598,54.3132399326959,73.0659698083117,68.5061319061592,78.3320153540585,68.6912494989978,62.4920178970435
"ENSMUSG00000030557",235.045607824694,166.682742659832,219.294067513506,155.849839698796,167.223687900976,113.745003050718,157.05551240269,128.446100414758,183.523833475296,320.786125737443,130.366843809936
"ENSMUSG00000030559",15.658383747589,14.0486151256547,28.5556123672492,10.9058185970342,10.5192469450009,25.4197647918047,32.9179883685596,9.91817400797218,32.022570176328,11.4281513807555,12.556553013499
"ENSMUSG00000030560",2301.83062514045,3836.56554249991,2719.49538670795,4275.62021693229,4232.72690956761,3892.6716173357,4635.68570533703,5557.45301806092,4672.39035675312,2481.96100365738,2940.71991658086
"ENSMUSG00000030562",6.91860210545897,9.45234792814606,3.04630366683653,1.90278355458462,5.3512605604197,10.0104200578782,4.53273852323898,11.7343431794216,7.18306504899563,6.61282689284065,6.79029784485693
"ENSMUSG00000030577",84.1991631428269,580.64890358825,9.5478634208535,10.6734539948457,4.12899298250002,378.902363043013,3.67942111151569,15.5417783988201,6.4903555866538,127.217709231486,6.71046457148726
"ENSMUSG00000030579",139.964537988837,155.046940143576,151.532740587941,118.968200781079,140.163414192737,164.658562637187,83.8898314959752,106.371874797986,133.550568820245,98.5486270091952,91.8932245799668
"ENSMUSG00000030583",703.297526340975,670.747373732007,696.475373998421,719.361961066515,540.335819623162,1025.57361965113,732.433582776945,666.173837592556,748.009847799797,784.33123501457,1048.71715320831
"ENSMUSG00000030584",2.30984749088247,1.49036083145632,1.78874112855946,0,4.61842990127237,0.86879935447124,2.76769985652123,0,0.720963168068271,3.94665828714932,0
"ENSMUSG00000030587",34.660339682062,19.3580422176978,29.2228728787715,26.5162346813795,17.7830276203942,8.95003271634903,12.479726086366,19.2719338295202,16.5981100942058,21.2887555447441,25.8080217153668
"ENSMUSG00000030588",357.975456886766,458.872845564448,383.617268098955,461.773350108194,372.454885711241,437.958414974204,460.397645560077,467.125732646185,355.500365485972,424.998551412221,411.267982063655
"ENSMUSG00000030589",9.56873748530714,16.6367565657287,7.11347151729561,7.32709325168693,12.0206801717529,8.22025987988309,4.13774936183164,5.50302546329833,32.9681546069871,4.5384034510888,4.60753620680961
"ENSMUSG00000030590",308.415930808797,401.754533095264,422.910640603702,288.999450618172,439.007593506094,310.79713219754,393.390081973304,423.931864940992,420.386177826741,355.034128347194,332.539227686966
"ENSMUSG00000030591",1871.91058644526,1979.58790941681,2035.69813344033,1865.7706464652,2167.92779345996,1735.51258332239,1812.16088615178,1826.53653189692,2063.75510314677,1738.16978556959,1831.70442204578
"ENSMUSG00000030592",2251.30331510396,21.6849481452419,39.0660160357973,238.997898313967,289.73048686334,29.5729396650578,21.4329075317363,6.9249303015801,8.52753408419507,117.500690089956,5.70077453949872
"ENSMUSG00000030595",499.931631092373,416.634800441767,453.620552012182,439.338395815684,423.402109408759,383.855554138814,450.562430063815,408.38440751216,411.992875549365,476.342672199803,459.300842935556
"ENSMUSG00000030598",36.5137310692172,50.9860895968973,30.2201776124099,42.1410981290106,47.3773398214868,58.6880598682838,34.1435224379382,50.6389315300769,15.8151929203843,33.3545869505489,38.4344326467918
"ENSMUSG00000030600",135.014009823892,93.5831712822249,111.103059767807,98.9185079093074,124.361514468067,148.095424179304,125.427944870041,146.229301814561,138.553624544585,136.295538230997,124.763066059339
"ENSMUSG00000030602",358.021656777399,285.587459221866,327.691564881947,337.894295483472,348.775487835163,394.025582402001,320.695466310273,442.855376327541,340.101628142263,411.419693162023,393.156302414489
"ENSMUSG00000030603",1281.568558676,1368.42682717439,1310.71666124006,1249.20597156459,1271.9103384765,1395.01376204045,1267.83734836485,1283.81642278465,1119.75445627295,1135.65710852061,1351.96012822799
"ENSMUSG00000030604",51.2985488699096,54.6041445960623,75.2512385910454,77.2157719312096,65.7706889046233,34.7752797538695,76.5649784005278,68.4659111667181,58.5651397396361,56.4536395904793,74.7262527719117
"ENSMUSG00000030605",166460.832039122,188627.654959738,146835.472264428,164535.75379933,146844.249512302,159747.560337061,124150.882729267,189978.554195374,154887.186422917,141068.295368928,136526.939849058
"ENSMUSG00000030606",285.840086018401,442.470545697214,259.647580500236,227.611308033293,501.195914134458,228.278854656862,235.781249779968,225.778829816086,288.558398350862,202.946220760819,135.140473221599
"ENSMUSG00000030607",0,1.9451587824657,0,3.01372798358044,1.90491616929273,0.71026165450914,0,0,0,0,0
"ENSMUSG00000030609",331.170949560866,302.855089987211,192.245313119125,390.572515561496,232.658160347067,457.495293793613,246.71709144749,316.112214449462,335.830074568928,238.927134090339,427.535250280961
"ENSMUSG00000030610",147.36908344408,158.421342096773,95.809621987081,202.916294889309,93.81627452464,169.305215011928,165.726665936857,110.731801830715,152.012495214646,187.611974210677,132.681074974768
"ENSMUSG00000030611",259.321339871354,328.460710359297,229.577318170665,201.236832334909,268.112437220901,270.861979847311,245.342405764093,201.017937015515,215.954498110466,230.190967538881,311.410268834507
"ENSMUSG00000030612",405.6827515046,531.909570454123,408.608737171596,426.73167375854,314.577755766682,480.489031952211,398.328689338621,423.19889015843,376.463047968547,380.357299466982,433.002287592086
"ENSMUSG00000030613",156.314002574648,162.389793673858,225.080245031196,161.84569331759,193.634442527902,175.114111580735,201.547754960105,199.305791522888,146.488287942052,183.760939328526,129.110356571428
"ENSMUSG00000030614",117.528652936421,124.282999905057,102.544223268983,130.928352001373,116.532066614559,82.132640369952,117.933102894552,100.670542454133,111.220147775521,124.769325135702,104.796701234296
"ENSMUSG00000030615",240.534894828856,296.537496622619,187.815911737287,263.339778345047,185.041525699172,261.651005438422,235.541886322836,286.608518230998,257.442968308812,185.318516424518,215.913278007814
"ENSMUSG00000030616",15.2522223885836,20.3350388059231,8.61080190838986,5.91181229959671,12.470699695873,14.6524327104353,11.7476724856575,6.37168031245113,7.26716761129143,15.8850951574399,5.42142290779885
"ENSMUSG00000030617",0,0,0,1.10594578749564,0,0,0,0,0.932751273103199,0,0
"ENSMUSG00000030619",572.296579578949,531.333789316294,558.195806122404,557.80738003819,515.074961384427,478.926555549176,597.454194083375,496.149224068595,555.289770177167,631.138405425792,644.719611307079
"ENSMUSG00000030621",33.9411358919114,11.0070842556601,18.1114149457624,17.6881148942802,22.4779949588172,13.1875661346623,8.71914675387188,11.8295440773238,22.5820534589015,13.6228101772124,50.7277838350931
"ENSMUSG00000030629",758.05942238931,804.907364552136,783.751727692218,822.654675563112,810.066731912815,634.25324390201,956.134614478031,714.048702844338,874.369587531877,813.382247189049,719.199845843006
"ENSMUSG00000030630",1526.7938647383,2439.39326187326,2097.66194807459,3272.97036249133,1944.21780438119,2995.70918411913,2182.04566181519,2772.06270693304,2263.10603694833,2505.94491416239,2936.72672958012
"ENSMUSG00000030638",2.51413240948221,4.89413065417521,0,0,1.13178954433523,5.44830486072696,0.941312781627823,1.05369631073681,0,3.05023021408644,0
"ENSMUSG00000030641",44.5047306018713,23.3560095878155,301.81233996674,15.3183557968096,32.0413941304062,23.6486894814543,15.2377800849755,21.5361871544641,16.3690821105546,19.4607711592718,12.5992436632642
"ENSMUSG00000030643",592.938903343241,1061.7044145095,1887.23772517945,3119.72392440753,2124.49857684266,900.20189352278,1590.46506688387,2502.28271368147,1772.98513540667,1973.74180083075,547.628722369093
"ENSMUSG00000030647",589.034217424813,810.986978845553,762.867280707838,755.727663348392,580.149792514293,736.065664154807,746.830138333491,727.27676803809,783.518686531393,717.536091561599,737.688769467564
"ENSMUSG00000030649",253.485480192553,308.693682829764,311.473318509912,359.985864630497,368.673227429392,368.130233122049,411.901728074155,374.300957835468,371.991903412273,347.846340007027,364.966049640181
"ENSMUSG00000030650",1323.7259430086,840.413888517295,972.476296337565,617.688491836065,1674.14144080536,583.172437469919,1107.3283558394,1094.00308260334,1059.85692333287,1074.0259363855,1267.64692230495
"ENSMUSG00000030651",7.96297668788435,16.4398017295268,0,0,0,1.31296706625752,0,0.986089420997281,0.934819512183233,3.83565704354672,1.13636044117274
"ENSMUSG00000030652",200.487011464971,252.684824434516,162.325368200691,185.62698143655,229.567957930367,186.712541048424,222.356383284897,180.270872953248,185.592709691608,166.810359668945,163.014805559006
"ENSMUSG00000030653",188.721733596564,178.933813975448,253.514652104565,127.538748132488,275.265389036159,207.301051265624,121.528922314048,185.495614652962,281.330493237816,445.855053916621,320.921460798979
"ENSMUSG00000030654",381.894299659137,392.537656205372,413.974363011241,340.232612449937,385.523154147828,329.542360315845,378.1401920457,320.539987569261,426.508110269574,376.428746541408,349.20428873167
"ENSMUSG00000030655",627.65136463332,442.519058215333,394.139830065773,607.555286283728,351.967254636338,490.407567170303,586.813595319168,477.868258082895,641.717067536095,258.175788268714,628.48885635147
"ENSMUSG00000030657",17.8446444933078,22.7100822516895,17.6944460709867,14.1770437924131,13.7073475027044,12.935915940511,7.15294393973134,24.7522691711271,15.1580205933875,16.8553369600486,12.5473763563147
"ENSMUSG00000030659",10435.7958328482,12645.5750876087,13612.5694843271,12023.4298956839,10956.1087666009,9845.75493121592,14929.6210309652,12133.7876368706,12095.4567186861,11194.7121074383,10365.3864634767
"ENSMUSG00000030660",433.67198966369,245.416027728151,450.719952616466,333.585871465184,315.140642359114,164.505269298525,442.578284770819,180.499616545702,394.527598321201,326.195145879777,321.114271301185
"ENSMUSG00000030662",1500.86976435409,1430.53033527882,1353.98973454346,1570.54320345437,1547.26711210225,1253.67726331951,1622.84000969484,1481.44480367554,1610.54245150843,1450.10138867782,1670.79509943629
"ENSMUSG00000030663",299.52034268992,365.738960774491,327.150651652087,273.801109016477,313.694961269286,383.395315848265,328.337159988651,275.314311291201,318.367229197018,346.029487290039,386.051263316388
"ENSMUSG00000030666",0,0,0,0,0,0,0,0,0,0,0
"ENSMUSG00000030669",51.5394176641458,2.19643738195172,1.72871299833928,19.1862830238215,2.13754183320542,0,21.9317468151741,12.621988692826,5.59084821882724,4.72293406772245,0
"ENSMUSG00000030670",33.6063876115109,23.0487531716387,55.4621165554667,42.9643648751792,18.6233562578616,41.7775791200652,27.5938003833059,27.1237561965457,30.8217686408659,25.1771037072652,39.8675145128393
"ENSMUSG00000030671",208.374233339752,143.905827794154,133.79884350713,181.479871502142,196.132564167951,135.373567847931,178.610987116642,117.727652499737,145.197225490226,188.477850343388,116.414153450797
"ENSMUSG00000030672",1439.18878528987,35.4771819542886,38.0347916366061,142.110644390064,414.267064102122,19.8172794446675,11.348841494641,19.4651648591835,11.3816159814018,132.729196814872,14.7391916546769
"ENSMUSG00000030674",2.04461319677521,13.9555417041809,6.20554272268135,5.45848980973864,5.35531493865227,15.3056614130754,5.14492161450788,5.88515343849106,5.63379535726021,7.58191511739,2.30203859713496
"ENSMUSG00000030677",32.6865954416466,36.9284080129089,14.3674408825133,13.5732197441885,24.1485937697778,79.0831929201989,22.4377615044851,13.292211674418,28.9672869588145,36.2982916095956,21.8556751658553
"ENSMUSG00000030678",970.058060085453,1010.55213513353,1041.56927617678,1187.31115817844,1096.63570571958,1157.58727811572,1266.50305280986,1107.51322635494,1092.66690913445,1138.43974217835,944.73960882313
"ENSMUSG00000030680",200.025827047885,294.705983578993,199.920217379726,276.771056306753,189.315962795603,352.030002143311,248.863370183611,206.615462581549,250.44159427392,191.95375047818,243.674180015033
"ENSMUSG00000030681",2521.33141035884,1648.72043974253,1960.38342847577,1612.09526551606,2118.35789899177,1635.68123504662,1601.67803080708,1460.68022426175,1568.12904781162,1855.5982957875,1837.14246894172
"ENSMUSG00000030682",596.506946783743,665.222160501732,551.869069339342,704.107387432493,544.224491410353,712.858821971389,669.852981201876,630.312681489703,590.969104125133,598.11761430706,639.109481187259
"ENSMUSG00000030683",7.90675523954361,8.99366608075636,9.75705933996664,91.9831854948233,2.69934623272705,10.165677544494,4.91341090642382,43.2909235877763,45.4534937086538,5.15567859155533,152.3802522889
"ENSMUSG00000030685",76.3510438387425,75.0657824810436,57.4855161711372,66.757623539998,68.0561809014394,60.3672675505682,67.7754827465827,70.9144305423113,72.4660931815186,92.7460827430932,51.6915766270562
"ENSMUSG00000030688",1966.50663486714,2275.10116212838,2156.21165025133,2894.63353482972,1952.56487325423,2286.18589211198,2182.26075310795,2469.01161791355,1851.98872722531,1943.94096903019,2252.08633938029
"ENSMUSG00000030689",251.081971160989,297.456975659251,285.730923913557,289.313083648106,255.501139898233,318.173067439652,295.646636515328,270.70404243871,281.012664887931,314.58453666085,277.386038863841
"ENSMUSG00000030691",653.323225523899,721.456668171679,596.009535761776,553.342533998034,684.877702649714,611.763273414768,609.283774232171,766.464980668105,583.001018104359,751.727533034968,580.261104620454
"ENSMUSG00000030693",2.03935573623852,0,0,0,1.06095526282087,1.28686101363931,3.08386042915664,1.95408369083382,0,0.947067715842707,5.71688799486934
"ENSMUSG00000030695",13268.8758850916,7691.35761789378,8088.80977611426,7691.01000370283,10349.9896671645,8616.29063009651,7615.10621208697,7741.20633125751,6903.64318804852,8634.36509975722,6625.67436917241
"ENSMUSG00000030697",717.742927240461,879.245867964375,730.923909092174,1011.72995643785,841.873042711295,775.669728057906,882.93282157161,750.80224034339,857.084110337738,945.59499874426,827.515131858143
"ENSMUSG00000030699",10.9944175923511,31.2757906278507,8.87707454983411,13.0527756471842,16.0184462484689,24.2471840082837,20.4871258652439,24.5827372653092,11.3185983817602,15.0446625821398,14.9223537866086
"ENSMUSG00000030701",241.953554112306,269.34920865569,267.802261778551,265.1347555406,272.818612419032,306.582719737753,231.193372067866,294.920070026397,248.527831421981,269.988799734477,280.222956326914
"ENSMUSG00000030703",244.406887640875,9.61189400917219,221.466639690411,10.9190439675598,238.273903664414,367.030183568777,15.3623770644148,760.583084131486,207.03549951528,993.709708307035,302.572367027623
"ENSMUSG00000030704",464.687816350764,310.127055712154,394.014785244348,374.699117073634,408.69349122726,362.524764847092,388.366756291753,393.239736504494,376.780351604866,344.402153301243,436.919088783322
"ENSMUSG00000030706",389.949531619413,374.014250327266,312.07785528586,497.856559440535,516.610016618817,525.133479358736,429.398528597111,347.220482428863,366.977319042578,314.376410796288,394.038650353366
"ENSMUSG00000030707",683.886755482295,2183.71438120937,461.156842331962,355.755687796875,480.166435881541,1556.87302130681,350.369738045795,391.3418091306,413.486285810357,796.838003383018,332.243212372914
"ENSMUSG00000030708",2.68206991055253,0.836653643040095,11.203094285484,1.20203191285033,1.16147672404842,3.00484025972077,4.81876823435011,1.55051014759845,2.05248934375336,1.48356148965151,3.60093215296016
"ENSMUSG00000030711",277.923863024167,290.554607892719,413.388456873662,461.107254674397,285.026537337761,334.775623686329,273.60833935071,276.443406280303,355.922784340741,428.678958541127,322.923985919958
"ENSMUSG00000030713",0,2.13191999216487,0,0,1.05928487025094,0,1.03042290909909,0,0,0,0
"ENSMUSG00000030714",179.299945432405,201.15149327599,241.623164323104,221.403417628944,191.338843899285,318.803214480981,227.883072850682,247.07460019768,269.668893618764,212.203729085657,265.501186434221
"ENSMUSG00000030717",641.671825239999,729.853792856241,1693.68024425837,1742.35672454926,988.586180414689,877.848078802994,1192.1411300194,1383.66746007912,913.729734584844,1111.48176439729,818.607942098682
"ENSMUSG00000030718",565.172336454454,680.321917647302,531.867656426526,741.413506916621,524.342127789019,773.770966124255,565.442122235425,807.65559822927,698.255705557561,541.43532988761,681.583661466816
"ENSMUSG00000030720",656.245094217941,602.038041661807,982.255482804847,1872.38137348812,795.724072023492,937.111139474752,887.967783353981,936.467555195676,1087.90228214432,1441.7210205087,1220.39092202501
"ENSMUSG00000030722",37.571780704602,30.0578874016998,32.568365945105,22.7200860676752,21.9476248024836,45.3492162268669,39.1062170801028,47.4891537779769,24.9234773102061,72.090560486846,34.7610394176963
"ENSMUSG00000030724",88.5494910465338,519.569070933693,2.65512624078908,0,2.11364590096886,377.219503814667,2.05128957990509,26.6336329426827,2.83196439338101,109.134497166634,1.14245014900493
"ENSMUSG00000030725",40.7624060073901,56.3990453981337,40.3026572864971,77.199340533611,51.4631678338254,63.6536430431417,51.3136466404224,73.446263993014,53.7120743390998,61.8396560559055,46.1663939336358
"ENSMUSG00000030726",485.195013889973,397.647842381099,390.662637767175,430.828238620467,351.52765823457,462.371657306754,448.004027064241,510.457258713136,481.296501803557,430.578113576458,547.056966047376
"ENSMUSG00000030727",325.328212195316,393.192190386264,382.348963117251,418.973635676095,358.359144459517,451.901427122483,363.835678156871,373.178584979552,297.388965206855,575.08589752253,304.592289350547
"ENSMUSG00000030729",261.336062265985,208.02818413528,383.202122498299,274.04393983645,257.854629592516,197.249574563153,397.620128333864,203.503374608615,265.495292329713,237.421563426696,218.027923625865
"ENSMUSG00000030730",11398.0421003114,73.3806764525732,275.764517961966,1558.21714186632,1546.04780599677,258.358686771606,85.8681564635492,1.3523181972579,2.58946449123844,1136.75086938912,12.4793555364773
"ENSMUSG00000030731",27.9277425066761,39.2992315031825,57.306688603143,574.323127289614,43.0517347439788,452.294432300833,77.0448437371966,69.954620033065,191.326108264582,42.2196903140595,277.557897168657
"ENSMUSG00000030732",174.681572300476,239.282637090508,83.9380596558551,285.235349726156,140.757981666324,371.563203647951,397.601790126954,561.355092950597,175.744619912981,241.045155304396,592.882282165712
"ENSMUSG00000030733",1054.48492824574,820.788698761227,1177.03392164287,1161.82465559174,1036.70213129508,819.379760792186,867.895485150508,1003.67546348095,870.393845675404,675.114087742887,1181.00928733924
"ENSMUSG00000030737",192.892280400419,107.470055109956,185.528200579536,135.031033918088,256.188920216331,105.25084670331,237.986138493831,123.636191871879,228.462807820177,272.092881463531,253.088820805628
"ENSMUSG00000030738",4604.68980430543,4606.82421471577,4564.62533472665,5140.91770462921,4453.32154246981,5049.31941965093,4648.45497883187,4880.70331888866,4375.25221717718,4142.78461270458,5079.69000739694
"ENSMUSG00000030739",317.850287079483,278.475270905831,326.799893601302,312.095899563659,318.569540328669,511.617643812192,304.079268055863,488.289807844064,258.953014648731,348.10109273665,385.266083069287
"ENSMUSG00000030741",428.681562403108,555.51743381049,680.615127635437,627.17493350555,710.8769459869,505.289285463515,594.446467417526,683.096633674049,608.501701651484,704.818203491413,499.739034285249
"ENSMUSG00000030742",43.8117076129949,276.522696250005,7.45779571381382,6.1886271453548,10.0184444282556,170.432072964833,20.4272541058883,14.8502135713072,19.3277417737181,62.8033052795191,15.1089369003145
"ENSMUSG00000030744",11690.785291243,14634.9680486848,13500.5530343168,13920.3688527961,12354.6154988972,14025.4722029306,12807.7960456562,12918.2534923116,12596.8390980069,12091.4786661243,13486.6203308162
"ENSMUSG00000030745",60.7317893313322,326.797418095545,35.2695255762239,23.3586000728304,30.8296930481186,219.92667944917,41.3717268418387,34.5489640254609,33.956015829041,64.9153315714958,31.0878971365788
"ENSMUSG00000030747",1237.58058959908,837.745260711094,538.550089449341,737.473222381148,1499.93807701938,868.446350859866,1036.40558331427,861.374690227852,443.091436578506,884.876293147614,412.15027508749
"ENSMUSG00000030748",693.568973535372,747.241947665677,515.442574594965,503.554452849871,674.826886159741,719.819631273913,646.290052547985,796.029539942577,565.913249952788,597.668062956028,609.650313624052
"ENSMUSG00000030750",211.179192675441,248.265853915874,181.875236113498,214.341994204544,183.192487685746,204.942502832891,193.395797442216,225.353247937323,202.992795927616,195.74664050127,203.566258687975
"ENSMUSG00000030751",878.499495620867,822.246791717863,775.845307196994,767.147696996965,872.604243353396,708.12067113521,809.766859272021,749.331782070064,747.735071910175,765.354869780941,785.164198502126
"ENSMUSG00000030752",24.4427007739785,21.5765156621392,40.0210223381766,18.0992742211994,10.1861721510098,29.1237699147741,12.5076521743133,7.73586398382211,43.0939092445595,12.3107491075178,28.9680285496755
"ENSMUSG00000030753",666.563904727313,566.428547103955,676.978224101631,790.583044342443,1149.05844016286,825.217803485037,945.766801093159,673.776816109878,975.63231056133,555.58045954309,868.686803055662
"ENSMUSG00000030754",2388.2859142953,2552.37602145324,2343.63772437053,2463.52264113763,2233.22198787918,2297.28895921602,2438.74039457985,2423.9496515995,2401.99983412526,2205.52440975839,2623.05334534056
"ENSMUSG00000030757",0,0,2.62980015122318,0,0,0,0,0,0.547732421197832,0,0.666175665413222
"ENSMUSG00000030759",608.49839774403,743.875432054631,892.653650183422,688.662636477425,706.794895366054,399.80095634589,883.932101198171,863.954390346287,918.839176235753,806.933867061673,723.486075133741
"ENSMUSG00000030760",95.3141451948786,86.8313146324972,77.6542282125376,54.7697533315446,85.8998659279463,77.8669790599718,84.1130107780467,69.7762554328909,89.408000968268,86.1276378562476,66.2659079746064
"ENSMUSG00000030761",175.78051019392,180.669804684525,149.896757143695,171.091471225056,233.01484288772,229.221196008991,210.55476568638,213.997568523478,149.60680210714,175.949727434608,147.086471934428
"ENSMUSG00000030762",0,0,0,0,0,0,2.04215569627234,0,0,1.87896986354402,0
"ENSMUSG00000030763",318.492011141713,410.504673815555,385.976208508378,407.935466639064,355.180667578989,361.672601482165,355.373247542257,368.802491386797,344.050139507534,297.895772657199,321.744868045827
"ENSMUSG00000030766",484.73151896287,469.935377625492,393.898839828165,464.976189790542,404.631645550241,534.048569777803,395.063293058569,475.655584924601,514.367519565544,553.789089992926,481.81529059997
"ENSMUSG00000030768",41.7532184274182,49.027715326417,36.6877093112558,28.5655884088689,126.557862455612,29.696326400063,21.1222337586649,32.2491496982061,134.121816356587,28.242488954618,30.8268712971978
"ENSMUSG00000030769",0.979292498199538,0,0.634290325803245,0,1.46970468801479,3.61399632098738,0,1.38443725564959,0.679831983777525,0,0
"ENSMUSG00000030770",545.15919073535,406.997758082328,582.963169123011,535.837587320284,542.964403461008,485.797678240388,460.231303609755,534.759193730953,493.987519996481,560.159500674066,466.498120434689
"ENSMUSG00000030772",19.8196531692446,25.7428304004368,21.2594867171633,22.9629780320753,35.145126929434,25.6035600837811,35.9059122371769,20.6817481464465,32.9516894399371,17.9518927303312,54.0195061600333
"ENSMUSG00000030774",514.949596609811,320.253211402566,608.259691372298,399.813291381531,670.335812591297,342.324798034191,434.916464852709,218.493187191924,447.151345065491,419.0378340895,345.539339014581
"ENSMUSG00000030775",1.33441227231235,12.7863126085063,0,0,0,7.73556521919237,1.0471044575197,0,0.93351985615988,2.90658863937992,0
"ENSMUSG00000030779",1914.18090704959,1960.65546194734,1844.92163776601,2735.41972739443,1999.21386878237,1480.49957315356,1901.21243223827,1591.41496627364,2216.72188551604,1725.94768707574,1553.52415678709
"ENSMUSG00000030780",242.316739465794,181.357627777592,190.488520837521,207.276009633396,170.001157818705,335.179514301344,156.658201724882,273.63670397504,167.000433961925,210.388003198566,262.387778118292
"ENSMUSG00000030781",0,0,0,0,0,0,0,0,0,0,0
"ENSMUSG00000030782",230.1218985864,378.897285312935,211.435134549712,335.170157578001,267.517132408245,198.919577191325,235.618475777789,189.854793049675,222.085920545411,239.436153414792,217.100189965104
"ENSMUSG00000030785",41.8692590499609,0,1.77733395539513,4.36894471002213,3.31864462258964,0,0,0,0,2.67621967797713,0
"ENSMUSG00000030786",33.0015156551086,29.812213806469,16.6900336707102,19.3387808507163,22.9547380379874,50.5355938292239,21.167845451135,30.4059500984086,25.2496707889743,23.1427202881608,32.0732761684366
"ENSMUSG00000030787",6.88781711512812,8.52744009655444,5.31278831827209,5.46483263562445,16.9356156592541,11.4759929751375,8.18720551446253,9.91251977023857,5.65258140031587,10.4187540599425,8.06366358087572
"ENSMUSG00000030788",82.4846156379509,109.838739397078,164.543453523698,102.540049766355,177.897296647366,42.3611438813333,115.212518096931,120.317155107886,86.8469032294246,101.96037869593,165.626586417449
"ENSMUSG00000030789",242.250510262238,417.147520366732,211.033022828754,339.822889286793,250.016168136226,232.550730670916,234.284246196285,134.889781478212,237.043132083365,125.843023026065,183.829754196756
"ENSMUSG00000030790",22.6224214246472,21.3157929240855,36.0021625558776,34.1791172335088,48.2141810061649,38.8313342643942,17.6768907871451,57.5140232856795,23.2716832299375,23.0934387770307,19.6655540383503
"ENSMUSG00000030792",1584.83455564454,1580.64081073975,2580.75161881148,1913.13623620875,1784.55185299273,1902.05910616717,1966.35806423796,2333.36460082962,1719.05869352797,2004.11820800918,1399.15217643036
"ENSMUSG00000030793",111.267518020965,188.107856072717,107.418155632406,188.786738635265,84.1257299969774,183.655485778844,174.013986706222,84.2611066047673,140.595073265207,79.3014261522672,167.557107893445
"ENSMUSG00000030795",2091.47236220711,2892.91860937186,1898.8502409458,1623.73628025904,2586.15661768653,2448.2020458199,1978.47535426705,1810.96270042601,2216.73226974252,2350.88546739587,2962.84762838153
"ENSMUSG00000030796",2990.5068795638,2077.82181273491,3662.80255003876,2462.53511200846,3937.64325583581,2010.53626506681,2888.48088959958,2025.49096046678,2803.08190159772,3590.48731531041,1641.00584342457
"ENSMUSG00000030798",68.613841594768,601.111702395364,14.0270689482085,41.2584268483035,9.99484437997983,349.256576982297,14.7413559666852,27.9181653865762,28.4880453986866,94.989464498625,11.5485028318649
"ENSMUSG00000030800",1147.06853246618,1083.80149542135,1579.90675345426,1532.58472809441,1948.14646056102,1337.65593058397,1503.6494044179,1367.32540963542,1518.68075062196,1416.09925729678,1508.06368704118
"ENSMUSG00000030801",291.155124875672,333.901062843946,291.674550741802,328.01071602158,231.92406960418,333.454706217354,274.796036122654,313.360642589705,323.853121820589,234.028629417679,273.563780541345
"ENSMUSG00000030802",1251.70816396448,1568.63170374661,1367.32192405275,1790.41248403093,1438.18394768143,1777.41108481151,1790.48385062555,1921.37017548437,1504.38675302519,1597.83695940316,1651.27439605847
"ENSMUSG00000030804",0,0,0,0,0,0,0,0,0,0,0
"ENSMUSG00000030805",588.854257098748,592.761255067099,633.089520529588,718.739742491631,1175.58413649502,790.871597570581,591.411977477338,625.394595611698,731.837358219456,669.848531718974,593.744825020059
"ENSMUSG00000030806",9.16570834684246,10.4784012212591,4.59921011634492,3.26190215756071,5.50933952645005,8.82695662257976,20.3883654989303,1.47420699735242,5.60683642168321,5.85810287735622,3.42733315410359
"ENSMUSG00000030811",308.945688183065,156.88364951492,462.775563452009,691.580383176324,192.488914789832,367.634668643213,301.667074848406,379.469441401243,387.497498903362,184.502238037095,329.831726590943
"ENSMUSG00000030814",195.301491301086,147.71924124959,226.309965153988,154.988565403372,207.779685798419,193.644509083513,288.237254411888,231.99617567219,147.296271928466,228.400341382781,158.739846963277
"ENSMUSG00000030815",572.411138003848,567.791830137728,545.089570729258,576.732468037119,479.518210759819,466.117304831225,460.944688189433,432.967344645378,547.204258198308,535.277054163557,460.959434616949
"ENSMUSG00000030816",1086.43242927201,1035.38308493296,959.354676840156,981.252812706242,985.211042691782,1124.7893760969,967.860425334036,978.589384365911,1059.63069790161,1076.19064507483,1322.25116788226
"ENSMUSG00000030822",1044.67619719038,974.415231240677,895.285808058087,774.086390668104,601.242951800458,988.406634579794,800.897467551066,651.839401937503,1043.82552196263,1104.24465897116,849.067681530128
"ENSMUSG00000030823",70.639400594219,71.9013829772886,111.99516347814,60.1063241644412,50.6311974131095,123.240494923379,59.1327487369391,58.7461717847777,59.5480587906895,80.9126977467259,58.7467752497619
"ENSMUSG00000030824",569.788170696997,618.029323221967,602.167589786427,416.945846668693,633.084114528488,656.392587728995,503.683154133682,474.158898736992,510.42267516815,514.844836503309,470.500926610566
"ENSMUSG00000030825",1.37050293847775,0,1.77192587393009,1.09617533471447,0,2.57557292220091,1.03351996735372,0,0.937829638277291,0,0
"ENSMUSG00000030826",1311.32862701953,1220.38227612894,1065.97997878192,1647.45334535494,946.806221583781,1290.94624639587,1631.74376346433,1016.09007873993,1667.11187182409,1029.8059158635,1750.48377778215
"ENSMUSG00000030827",0,0,0,0,1.06749330621687,0,0,0,0.932096569915747,0,0
"ENSMUSG00000030830",156.845576451629,410.184072580476,109.809891510998,105.269524384229,112.322495690738,379.092854443814,91.71715255389,116.869787986703,106.965569074314,145.49754600384,82.9769264351681
"ENSMUSG00000030834",0.693628423068619,0,0,2.1664258530966,1.06224469944163,0,0,0,0.942403443749843,0.931192181465283,0
"ENSMUSG00000030835",1430.20648656201,1705.44959191716,1399.26322553423,1704.48579473177,1582.54754851246,1921.21926808912,1773.31794385419,1943.29632303799,1426.5843685259,1423.53011629819,1638.41556449665
"ENSMUSG00000030838",0,0,0,0,0,0,0,0,0,0,0
"ENSMUSG00000030839",146.384368999785,115.911924982846,189.880911499205,160.709600881374,123.675123201209,162.867246696998,134.415324165327,172.37844028002,115.367191784511,123.788800264151,137.636974941443
"ENSMUSG00000030842",561.958237167155,608.775351192459,589.753897958717,627.181762031888,527.365604421594,677.156250445667,681.733813395623,568.589206936272,525.7858239261,547.213799366647,678.070443320727
"ENSMUSG00000030844",57.8623486039966,106.670211146001,64.2506255591776,57.2347685695353,49.2922326825916,80.4516682555372,52.8582653962187,70.5832164080431,45.576703609743,53.9815865729215,32.6284366213563
"ENSMUSG00000030846",697.457720953499,911.768896112929,921.904123747828,867.994877585397,817.237582547449,847.768337354474,871.449565877984,758.368141079631,1076.96590715081,806.927370975129,819.029561276491
"ENSMUSG00000030847",1029.58998905202,863.762050416031,890.334625569093,677.919979739239,856.6729078072,821.292196067821,884.231871841975,652.917866864237,707.153635063789,690.763054626927,875.1663258253
"ENSMUSG00000030849",78.9524316994929,108.39624307404,106.508821931064,73.2581983861868,136.474992562651,51.1885773641701,137.320790688423,62.6020223943404,92.2045284238542,87.9951502793078,117.925709368652
"ENSMUSG00000030850",221.509418767039,188.211064654442,239.875287588701,233.076544460965,249.208512597501,162.147357939318,225.577303663928,245.901360843546,219.762727024509,223.782878177609,240.023963205877
"ENSMUSG00000030851",0,0,0.888711478704946,0,0,0,0,0,0,0,0
"ENSMUSG00000030852",725.471056223871,283.610801525157,402.467445382435,464.22618650172,656.929967362784,337.500348651147,410.636174992938,487.149802771814,421.725109873214,634.397465900989,442.134964566243
"ENSMUSG00000030854",1.37481951540797,2.15888708137682,1.77304346829339,1.0902929949714,7.42772119576118,7.71369940980727,5.12190141798983,1.97057917368825,2.83027644952166,3.75588505914127,2.2862711645528
"ENSMUSG00000030858",0,0,0,0,0,0,0,0.992606609936369,0,0,0
"ENSMUSG00000030859",0,0,0,0,0,0,0,0,0,0,0
"ENSMUSG00000030861",1123.74659848611,1164.93334313985,1104.52821938217,1238.71762481444,1013.06993671733,1197.56070400202,1289.60748624306,1350.82235510674,1274.24125279716,1037.62968767534,1439.86759528037
"ENSMUSG00000030862",39.4348295562078,43.0755538974408,35.4767944458055,50.0970362252859,54.8862198048102,14.1150644229066,27.5808452798015,39.6331757334119,39.712202063271,20.6312763539815,22.8635930324293
"ENSMUSG00000030865",41.9214863543097,33.8811445032478,31.5940110115298,40.8754889378932,67.1582275629928,42.6426257790901,43.5133284827055,49.1222664889718,39.2377051144369,31.8041305471554,41.7484930464398
"ENSMUSG00000030866",0,0,0,0,0,0,0,0.992606609936369,0,0,0
"ENSMUSG00000030867",25.4145505860551,61.4360026048283,17.7079814279935,19.6464702608666,14.8014895345334,74.7730693421246,19.4505590547425,24.7042284108276,20.7783341511797,25.3570247992291,11.4286031407002
"ENSMUSG00000030868",230.731966619396,212.658848187387,179.555888955948,197.215530141202,201.545417020685,217.173328427452,208.593713982461,206.573225064922,157.824071896753,196.645064052976,173.411732721056
"ENSMUSG00000030869",510.394016945198,597.914299739427,561.361718976869,514.808387229106,471.576623492836,568.806902241621,654.908309213362,622.649070167123,495.834985252751,485.453310760397,479.021618350358
"ENSMUSG00000030870",407.426439997255,417.756413946479,406.312787375495,490.384012710415,371.006570213778,383.184302369919,455.272325015495,390.383132858078,419.536674671035,344.234920742214,421.132475451404
"ENSMUSG00000030871",155.844296885063,186.05114688169,145.435755108625,197.007401264679,144.405641518333,146.501175133664,209.113062056469,172.058558909104,160.181094463425,144.567822593116,179.266018877827
"ENSMUSG00000030872",436.579838134222,477.553533297201,499.396241526804,429.99783559148,469.962444035738,466.440196139238,447.433905279831,434.042666130899,443.870388800745,443.411105408334,342.726727709717
"ENSMUSG00000030873",542.679167321019,659.87642250751,825.648570036787,818.027548485328,900.287541079528,844.849899934378,1015.40807210202,879.92359378307,855.869211714161,936.902299728423,677.299957765979
"ENSMUSG00000030876",579.383446720076,590.914325918901,491.036038327013,606.364606662753,497.150274757345,559.72865268537,644.679784497386,580.666410665588,530.245184195833,543.443157582818,505.434177172319
"ENSMUSG00000030877",0.478171405873582,2.28145458831712,0.622289764349622,0.773267773091125,0.74235371234506,0,0,10.2229397896914,0.658001161512283,0,5.58385575191996
"ENSMUSG00000030878",35.7369470328602,80.5411579656719,53.1002455866299,46.970695071353,64.4187293513779,59.1376993022016,80.8824039492467,64.3347764347736,38.6987753216632,43.3585106846491,54.9652889957223
"ENSMUSG00000030879",399.123184382408,429.043050947421,379.914569320809,372.012729815791,365.397159080692,442.658497120973,457.380408082604,382.419098865424,370.935256590644,353.616688342913,334.077346844124
"ENSMUSG00000030880",449.396271444089,426.27230950537,468.123674621776,560.57849389474,415.548784868676,400.44972621123,387.693980692557,380.441573959956,550.010119441991,533.478491200485,496.748358506015
"ENSMUSG00000030881",612.946662233828,633.44384685146,614.695268459513,678.692178105742,548.978636659678,698.31352536445,602.895744273765,621.625848272605,551.883142839832,520.940949511905,876.283522761504
"ENSMUSG00000030882",106.231106911476,258.665830650327,266.772419754877,90.5232179730573,193.70923213769,156.692084783436,277.187505118374,134.224017260305,169.918595343632,247.821686183067,149.8551251187
"ENSMUSG00000030884",3254.21192263144,3618.9085476924,3353.33412041141,3369.8609552913,3258.44561665106,3434.79524990604,3432.64902028812,3892.45425360258,3553.79082705754,3279.72855166867,3347.17506191737
"ENSMUSG00000030887",0,5.17820056588903,0.402163797339383,0,0.969338644129222,0,0,0,0,0,0
"ENSMUSG00000030888",168.892075786332,161.932162992749,136.075026283404,171.741261115398,158.440352060715,182.517074255872,140.934421154167,159.788175325692,180.592250049421,164.738616185493,174.385752268273
"ENSMUSG00000030889",57.137314886707,36.5237445951883,30.1375683158349,34.6183230972685,46.8399188844645,46.8421962743305,48.1200163027766,40.2331241188964,12.2657088290653,49.9750365085582,51.1866645475293
"ENSMUSG00000030890",1188.41659971532,1202.22024407478,1547.98856601211,1458.12606963647,1506.98514402639,1549.94503888487,1459.78265913089,1355.02635723233,1445.69424111264,1326.70502616753,1344.20645829512
"ENSMUSG00000030894",868.137881866865,830.839871257993,1114.38593710815,1019.76558679281,889.161007918647,868.252701830486,873.840296594801,1064.04335811501,1024.42778203262,996.414372518825,857.160280667883
"ENSMUSG00000030895",3.15376228046187,5.90008979875214,4.91874389877021,4.07166938936394,0,0,3.8020729077702,5.53104296706349,7.03009087303451,3.50214798278878,1.06361237461415
"ENSMUSG00000030897",68.1620140710701,74.4660652534326,52.109174940261,93.5887162107381,59.8610780167189,121.883813445376,52.8631348978703,134.71548017387,105.167020164198,48.3112289156534,123.914414216651
"ENSMUSG00000030898",0,0,0,0,0,0,0,0,0,0,0
"ENSMUSG00000030905",3.3828646878076,2.14195669527288,0.881834480981852,2.19615087176402,1.05933477453284,2.58663631585393,3.08355405145767,1.9740485082626,3.76810109876617,2.84489907994099,1.14783781809793
"ENSMUSG00000030909",0,0,0,0,1.05095675570363,0,0,0,0,0,0
"ENSMUSG00000030911",0,0,0,0,0,0,0,0,0,0,0
"ENSMUSG00000030917",72.5685787494808,76.4084120625821,108.808624877204,55.2935035059422,78.3044374756753,64.3351611891511,83.072081785109,65.3098832158519,91.5508001412609,83.1247835894924,58.2004867910137
"ENSMUSG00000030921",173.516648556854,122.533384483909,81.3950101098528,101.309372991038,80.8602812863391,106.513031569814,83.5254692744526,56.8074827498903,86.5700912025319,122.369220396836,113.874965773653
"ENSMUSG00000030922",19.8080946953974,11.7277114644474,15.0608354439881,15.529920509849,13.1186410884492,16.6127296935316,21.9030515713052,16.47823127863,12.943560840669,14.1489533108004,16.4298507283245
"ENSMUSG00000030924",40.0224412516195,25.1180666463644,739.022190605824,17.5027867653976,813.114396131456,21.7757801720635,22.6841616432681,19.0082595081236,18.0761689177893,26.1804158127339,7.50769974913981
"ENSMUSG00000030929",52.3620580213268,41.3636200458215,54.2878277828535,30.6332303087147,70.7113816631247,37.1187286336023,46.963219519505,41.5048403874774,43.0935788215394,53.2105787981444,36.668146336812
"ENSMUSG00000030930",67.0821895271794,77.3404703209696,51.4409023113935,49.054637185428,56.0070183290956,58.8516370433069,58.2688854657891,44.577110863384,61.3738949176423,49.8258530919758,56.1384443041028
"ENSMUSG00000030934",1913.17999480759,1970.17379123347,2066.19557964066,2184.05564206325,1908.25756445647,1476.87699617345,1452.81756221105,1753.1623892403,2074.38259684354,1811.41658008055,1357.64572525326
"ENSMUSG00000030935",275.941164307003,15.2870089683688,162.235048664617,60.9220211909457,31.0398381592208,36.1538960558314,194.099149194915,50.2931060310171,162.572239979452,84.5250906634417,256.955646174522
"ENSMUSG00000030942",153.247018227361,152.103241606975,119.673091480152,127.386374093249,150.238748916127,101.430682528831,136.576316153896,93.9877502579651,141.46157811937,144.874255747114,147.250239706345
"ENSMUSG00000030945",0,0,0,0,0,0,0,0,0,0,0
"ENSMUSG00000030946",110.577713480025,135.800446767769,144.322494443756,116.574028608496,118.764605927841,120.513688975585,105.132727112776,90.5310478281413,137.100569992083,127.684295599744,96.5345823487173
"ENSMUSG00000030954",0,0,0,0,0,0,0,0.992606609936369,0,0,0
"ENSMUSG00000030956",163.331765650879,95.2107796809861,33.4435401465027,98.9583051170301,32.6315508349242,19.8055728219946,30.7254218243583,37.991794035555,118.155655455692,25.8665699802644,174.194593976296
"ENSMUSG00000030960",57.4990215352187,58.444049058657,56.1686467488114,37.7160729592976,62.1467947758664,50.747337723528,47.6106326344535,62.8757425741102,75.9376278512035,56.8470879989807,54.2911365051126
"ENSMUSG00000030963",0,0,0,0,0,0,0,0,0,0,0
"ENSMUSG00000030965",211.816698264016,231.494706113178,218.271686468674,242.723107778312,222.709610215005,204.525999735989,201.475516557006,235.141120077076,190.202057105342,238.665917064996,265.690756541153
"ENSMUSG00000030966",240.996309119938,178.695406534032,142.593678393805,150.73751445243,124.591394162458,148.586888771308,152.293679550886,121.086770573697,173.83702315775,169.732068499119,191.683035837638
"ENSMUSG00000030967",362.159253309287,366.293975091019,459.088930066666,412.960163698982,512.109278132634,393.741856801806,434.06079337716,464.173995984124,470.840293775447,476.107927257214,404.738949736714
"ENSMUSG00000030968",0,0,0,0,0,0,0,0,0,0,0
"ENSMUSG00000030970",462.200522063943,377.394534194339,381.476607355848,516.857007672963,370.343575051498,424.552011342384,349.520362044556,366.5527697543,437.691941534927,545.04273695661,379.528159648046
"ENSMUSG00000030972",19.3149286790118,3.48387114086444,16.6306504548012,11.4658023515567,8.54730663887113,10.382564202103,15.3633828085374,3.2038398325253,22.9442358464222,6.61850707694952,22.2970250882625
"ENSMUSG00000030976",0,2.16128346973044,0,0,0,0,0,0,0,0,0
"ENSMUSG00000030978",191.222886023567,178.92222084529,126.742004872201,122.902888269248,179.729895053791,249.696280357749,146.472842615879,143.414946925145,157.862803641915,173.827874871289,156.09432872512
"ENSMUSG00000030979",231.181510562534,187.593638500577,204.870795777908,505.690276871379,131.627905326589,140.271088821934,235.744563232185,419.862171887824,454.182009349526,296.538768632924,109.756082945381
"ENSMUSG00000030980",731.713374960923,944.448238458033,765.845456407064,760.81916314128,742.018951430693,803.749608651202,919.571152614181,748.411589278881,888.587369246792,709.315929354546,1190.12872593555
"ENSMUSG00000030981",0,3.48804834819114,1.91301841543722,0.813257084854959,0,0,1.10740608732677,1.06241842715787,0,0,0
"ENSMUSG00000030982",692.035801146034,701.928572282549,803.029902482603,702.847685801747,758.651239983237,675.557908910156,863.78976756708,847.467497095315,764.145440484791,765.034496970461,615.74834416852
"ENSMUSG00000030983",993.884265915144,1125.28646590457,1036.57730090802,1221.27925986709,1133.65913673227,1194.38953251433,1135.71576484017,1069.16119453588,1041.60430272765,993.391919281308,1044.94484673175
"ENSMUSG00000030986",1306.87489244707,806.71187816405,1414.90115636007,1268.38516582605,1606.50292642099,1210.59678507509,1227.76968070431,1147.20015360117,1444.94848444915,1388.92092451471,1186.69396967939
"ENSMUSG00000030987",231.808772190015,210.0731217407,231.248856297238,167.601821531548,208.521249123909,242.91496042287,157.016942686285,239.929599526818,164.223831830887,186.6532797966,223.870383293818
"ENSMUSG00000030990",414.774675339611,484.067268072,507.537425371127,467.473367780003,362.084403096328,682.175886980621,578.690746913269,698.229943156182,522.36569552831,215.778086114944,491.144798774678
"ENSMUSG00000030994",37.5087378489974,31.3927847614965,39.5862458584509,74.5232114864311,108.977694941072,41.5820032420175,54.7599133798041,174.507962253778,99.3737789582027,105.252381938623,22.1404032121248
"ENSMUSG00000030996",38.1110680560607,0,5.69248031545881,5.11128858589295,52.5196632913777,0.75187895298003,0.603187978235106,0,0,12.9452821248208,0
"ENSMUSG00000031004",323.597960306644,647.755971768592,298.234684243069,560.151200863342,248.105623307559,892.580670828367,425.113573503252,635.178918420951,514.372606958014,322.163538282162,317.968715168934
"ENSMUSG00000031007",1384.96261196388,1567.72312091031,1528.18077243695,1785.3835869158,1478.23782827107,1664.82961150087,1511.79238434535,1861.05108492938,1847.63464599997,1559.63618345755,1834.89760074003
"ENSMUSG00000031010",1562.09109604794,1267.07997522695,1687.44469608013,1447.08120263912,1581.50985877259,1338.8884418474,1407.14218362353,1598.96982938831,1727.2744073193,1656.11565638293,1411.92192623173
"ENSMUSG00000031012",385.259859112603,423.723942253715,567.783328325822,611.905553273028,504.476909546257,376.228951444336,551.501403717377,383.86046315364,359.332299665514,452.241952797284,399.502080222895
"ENSMUSG00000031015",489.651617260732,628.13125418657,498.982265280267,509.052499593676,483.458805332598,625.571018658406,435.054769619227,468.128737500293,500.656412708418,536.029113711393,438.633525489908
"ENSMUSG00000031016",161.756141949734,229.489235231264,246.239041431065,218.635104325083,193.314668611548,168.797633204444,275.986644037078,267.005361053061,240.73097848544,328.733610447165,230.430037550203
"ENSMUSG00000031021",336.246034231441,372.262978032573,383.904555220413,360.854472782643,344.694267917385,423.976911316147,370.383704037894,352.522563916856,383.661209442023,416.752801011604,353.833631062227
"ENSMUSG00000031022",0,0,0,0,0,0,0,0,0,0,0
"ENSMUSG00000031023",237.578564630782,279.810697698435,325.863757912602,394.166235796727,371.000113061581,275.760231465936,359.888177089407,334.599833425965,369.611566991405,446.204722352701,304.763661153571
"ENSMUSG00000031024",942.4387965456,1029.41370315954,1579.98326344882,1158.78501983907,1272.97188946609,925.167071740727,1325.42242118098,1230.67914886362,1059.18176787683,1438.2646289099,917.160195058543
"ENSMUSG00000031026",3.54381893554897,3.31395368010221,4.5378737554262,5.55199506541187,0,0,5.70844078567789,0.919722046654231,0.965293380312761,2.86492639769101,1.16625709507533
"ENSMUSG00000031027",0.598338790020085,1.43002420597782,0,0,0,0,0,0,0.824979726028066,0,0
"ENSMUSG00000031028",0.708838900827908,0,0,1.13118401405638,1.94103437321898,1.32906605176471,2.12061699266715,0.902010224537071,0,0,1.18739680508052
"ENSMUSG00000031029",2560.0890341433,2462.2719914491,2663.42089130585,3123.10707961854,2393.81218534402,2669.80405598702,2612.00276987219,2474.67464274111,2498.80749238062,2565.79456437789,2767.81304748071
"ENSMUSG00000031059",1003.46383817535,1117.12857898979,1077.02114146385,1088.92798690229,1055.4325733731,1053.16773054365,1227.31415740867,1040.18013380521,1067.55446580544,1008.92086076297,1032.37251538534
"ENSMUSG00000031060",933.501242697496,954.962500226345,825.025387293648,876.134960664138,710.162731895197,1037.60582413874,799.048295040505,854.088351266998,855.228062742437,791.302463815299,898.712814653744
"ENSMUSG00000031065",1034.02099875023,1039.20420305058,1075.11632839169,1067.72517589209,872.042110749349,1039.58449176756,1094.66015768238,1141.15091402797,979.701878624256,984.35178628474,1134.08028505297
"ENSMUSG00000031066",47.0154878182911,89.1461911202451,30.1677481175767,25.0697990134932,31.6181496112719,71.7159773474411,30.6013180996952,44.7576056858953,30.3114199051444,36.5628901804757,38.9302037667866
"ENSMUSG00000031068",1199.74796204976,1264.62401456067,1174.87451584333,1329.87030436167,1226.57176236715,1287.75360162696,1262.46734517989,1324.42042891323,1278.71559820608,1228.8942587899,1203.30808383532
"ENSMUSG00000031070",30.0961097782878,21.4793375746301,49.015781460482,2.60261425546307,51.2723872814409,21.5524183789845,1.63672877955306,33.4495888096249,14.9099155760443,51.3742532738425,49.3115680838527
"ENSMUSG00000031072",69.8757697254156,56.8674111556508,58.8926628090927,74.3851728956301,66.6758033164111,76.4822964945303,74.4580803938302,67.6037513272426,71.583041223902,68.2976039236066,72.4149548018564
"ENSMUSG00000031073",0,0,0,0,0,0,0,0,0,0,0
"ENSMUSG00000031074",0,0,0,0,0,0,0,0,0,0,0
"ENSMUSG00000031075",993.715923386136,762.872835410223,915.864627783132,1316.1266852719,855.425349019049,727.16571933381,948.670152095373,839.776841867788,1208.19491285464,1018.17008293971,1082.15004683356
"ENSMUSG00000031077",79.6653176651833,99.3029688090312,88.1039179588547,81.1987522379385,70.7754437580569,87.336793829767,93.3128279341412,92.8793740013245,88.7341362847314,103.733602805659,87.8040965485537
"ENSMUSG00000031078",1370.023847338,1129.53725960918,1203.47989341736,1164.01559908709,1260.61890337288,968.965956245632,1139.93752001661,1046.29335192484,1320.16651886361,1071.99096727282,1235.89157274902
"ENSMUSG00000031079",1.37363024640862,3.33785402581975,2.69257232283185,3.26437888245851,3.12803382102908,0,2.03660031328983,1.95153917825124,3.71231744211031,0,2.32196610629535
"ENSMUSG00000031085",0,0,0,0,0,0,0,0,0,0,0
"ENSMUSG00000031089",2.72650579915344,0,0.901006677175411,0,3.14089684652087,0,0,0.990190538290387,0,0,2.29147945665196
"ENSMUSG00000031090",168.74313967368,150.196143120098,119.366603706936,153.001285456472,147.41021580712,147.938106094072,127.294913738512,142.897582971701,120.699156070733,146.756108881238,128.620158879498
"ENSMUSG00000031093",55.4217687009339,189.405060807076,29.3981216697899,46.5456060205805,45.1735140796414,146.978827637909,20.7858340289049,32.2875492140535,45.1695002325452,92.8289612813833,26.6381433972288
"ENSMUSG00000031095",583.382809503729,514.230217545021,659.599978342589,535.913131936812,653.627705201192,490.330887756751,554.364637019093,555.873121721149,647.439351990875,649.883355749889,529.452593574537
"ENSMUSG00000031097",1684.35886168239,50.0226962279109,50.7319996252233,224.374991975737,345.77659250044,33.6168362348827,28.1186562643909,8.80758094819383,1.86539215899343,163.846292200929,16.2372421947303
"ENSMUSG00000031098",7.31955493443221,5.92156951420233,7.91982095465927,11.8253165666294,45.1574937318575,5.04775688668129,2.2990417458107,10.3482500021209,1.57671140081837,10.1716206632414,1.8747951791869
"ENSMUSG00000031099",10.6495570422984,6.26511502827066,2.57050079319115,22.6076370867417,4.50263658216885,6.38918207913987,4.30291332548143,2.82356125630654,11.8181824490748,2.73787899015021,5.66409873539172
"ENSMUSG00000031101",57.7455502404367,160.69107964766,23.8852992611532,28.3748368119874,31.82453978336,135.291417430392,23.6271146811364,39.2750541589184,28.1939644674198,53.7705431576254,36.577359604926
"ENSMUSG00000031103",43.4111133427449,82.774404109787,21.8192859742303,13.9088873580655,29.1453749910543,46.6350265002661,32.2011500380652,31.0502822665787,34.3041283765386,38.7567688223394,26.9794522600258
"ENSMUSG00000031104",1.34628068225783,3.19103872463387,0.880907745707215,1.1036573974031,2.12497020103232,2.58584818493503,0,0,1.88118884205796,1.91731234102827,0
"ENSMUSG00000031105",22.4074916822018,25.4232642564855,39.3615347799337,14.9260526910177,32.7802799242473,23.9132230223817,31.8214184444077,18.8530492137274,29.6883770122252,31.5988506625855,27.9820128413995
"ENSMUSG00000031107",34.7020375489026,49.4651603454942,33.5525848097329,28.5449572968041,35.9918313175371,44.9674402031219,36.2444677178446,26.4798514951327,40.1791816059862,27.6468742889159,33.2285882669233
"ENSMUSG00000031109",315.608737889753,307.980589684683,355.003944279356,323.488929889905,255.786953212995,253.736590597462,234.399679698889,264.266360290756,311.153555072586,361.34367229534,252.963478140485
"ENSMUSG00000031111",1.8681895006963,3.60779297403595,0,0,0.714694235552059,0.866629910848413,1.97221606232169,1.28154584703946,0.637795952056608,0,3.93331769630994
"ENSMUSG00000031112",14.7194337260182,34.0257095080234,9.7405620814924,9.95662292789888,13.5111212811747,18.086624360032,21.0301228580773,6.81678847937689,9.24259302969221,15.4063240608432,11.3600751857154
"ENSMUSG00000031118",0,0,0,0,0,0,0,0,0,0,0
"ENSMUSG00000031119",243.185551440365,237.0606229148,230.892263888503,236.926592353073,236.866102928181,264.150952319375,220.728417632434,226.594012823351,212.653884387391,193.299427251426,181.92760970662
"ENSMUSG00000031125",0.693959237213768,26.737981835975,0,0,4.22832085507234,0,2.06762912646143,0,3.74807346150488,0,0
"ENSMUSG00000031129",22.0130006084116,18.3056733973748,15.0714386140494,13.1146441492938,8.43927890526192,11.5142696222839,8.22083508604055,8.90190857500354,10.3557189354456,13.1999948443406,6.86586151144581
"ENSMUSG00000031130",0,0,0,0,0,0,0,0,0,0,0
"ENSMUSG00000031131",0,0,0,0,0,0,0,0,0,0,0
"ENSMUSG00000031132",1.35279112588751,9.77650423383694,0,0,0,7.69299201685072,1.03567443913302,1.95323944806472,0.927004091633558,4.79224916552885,3.48202193691579
"ENSMUSG00000031133",168.995914845641,189.762667359258,188.835938098083,172.172539917766,174.683901954914,202.438808577891,264.9096438784,164.114924029326,210.442744946935,184.22130964634,187.090527908021
"ENSMUSG00000031134",377.480187824989,283.855802859664,354.128419726801,326.650919003891,365.876476117106,291.899510502428,373.27530411037,343.44018285474,254.936866781579,380.300093575022,516.928973546008
"ENSMUSG00000031137",20.7648609181089,22.0076838410962,16.8888436726693,6.21807887110201,8.73498217666531,10.7709692665602,10.9400123654103,9.73420600286679,11.4260736475156,7.75092818530949,3.19429596748319
"ENSMUSG00000031138",2.7047498259381,1.09919266180418,0,0,0,2.55019282837202,2.0460198121029,0,0,0.937879275756254,1.14991775201822
"ENSMUSG00000031139",0,0,0.888711478704946,0,0,0,0,0,0,0,0
"ENSMUSG00000031142",0,2.76862776666561,1.70933362740832,4.12971626898472,0,0,0,0,0.608291628785181,0,0
"ENSMUSG00000031143",398.318378951034,451.52247693827,530.179619728756,586.393008262413,452.713707157886,517.241872890123,605.814851229911,572.051515526545,541.297042556053,528.637405926461,409.371151417731
"ENSMUSG00000031144",6.77427785865063,5.3648011359724,6.17724481207378,2.19219757420644,9.53262376477097,10.3364344698217,7.19374222551238,3.94940916191087,4.71411743124614,4.73886912156957,6.87770218281503
"ENSMUSG00000031145",219.800381626042,197.526674146824,193.646121665896,213.499095094143,210.160757022343,206.138590668348,192.069858902941,200.01969593355,173.228896694547,222.530289889671,186.556908449681
"ENSMUSG00000031146",88.0715205894204,98.2658190948205,105.641680977135,90.3219828613719,114.608910515726,110.961535294043,106.416175830523,120.724931497938,98.8523717450715,84.8644652037309,93.773520506862
"ENSMUSG00000031147",62.6699167395763,76.3049288985639,113.063485080131,76.6056173361254,100.813523023497,82.544611158125,95.617105640646,118.080073050591,103.471055572525,123.082790414561,69.8967849574121
"ENSMUSG00000031148",426.263974024426,327.826713566505,390.863687682204,350.790899093843,351.631837841069,410.424190404426,386.004821180343,373.730649945529,380.545157664591,353.714086080569,519.813313700742
"ENSMUSG00000031149",15.3494031120017,17.0568719023569,17.6158972528803,14.2893712459702,15.1262426248881,12.8282500049537,16.6539324050521,13.5885633171714,18.5602150342658,10.5860052804612,15.0921307398238
"ENSMUSG00000031150",245.943973125714,182.43793009074,422.906579128248,368.059117736068,308.84104764359,236.61135076042,266.84593226181,315.552389077554,166.865937527238,330.887282325241,174.116604258044
"ENSMUSG00000031153",813.237776464692,1042.93806282416,853.622495575302,885.610402276202,904.41795700811,1032.19985353562,821.690152280435,898.03178778774,829.618961572832,837.612250721728,957.915347879568
"ENSMUSG00000031154",930.572862518525,755.801726165206,877.360679021766,836.347175761053,1042.65631495735,921.463588798892,759.260626912896,942.514799226054,786.887477790954,1119.05636431705,763.949206834361
"ENSMUSG00000031155",37.6135470495021,66.8941224620657,32.7199121529002,50.2038824387094,40.3058185434281,55.4231967956691,26.7025201337869,31.4976742520202,41.4435046126533,35.8577342469938,36.5817524458674
"ENSMUSG00000031156",521.429756638838,622.880598996281,518.237234834096,573.45750918955,499.41420088951,568.246429612349,654.544102354053,682.394526744236,439.301675700508,513.985073200913,617.179509237302
"ENSMUSG00000031157",244.811909866794,355.910315363388,262.184742879647,274.112043015246,237.853876722727,355.017921991332,271.418915516596,305.570693282362,268.43934461205,265.856147984116,299.681901985159
"ENSMUSG00000031158",257.59188617949,326.194900923498,263.973542080858,313.191115461528,262.795968596091,428.297730139544,353.052531900165,391.594298667901,280.797609127056,298.00710941449,285.126171867067
"ENSMUSG00000031160",0,0,0,0,0,0,0,0,0,0,0
"ENSMUSG00000031161",636.707054449226,597.918360654813,644.683682657453,608.680553446836,760.789975352761,686.005279942429,660.196322115358,754.261152092883,650.602145149034,693.049143001615,589.698420277088
"ENSMUSG00000031162",0,3.82681697977742,0,0.643103479880751,8.58006251088476,0.760295380032276,0,0,0,0.55512311434418,0
"ENSMUSG00000031163",0,0,0,0,0,0,0,0,0,0,0
"ENSMUSG00000031165",67.6500008810206,120.001619441665,53.0729456177689,35.967955146271,35.9299921880314,99.4101744525461,22.5545817137326,30.6489094749206,39.7141480969291,43.3052753024079,28.5139143194194
"ENSMUSG00000031166",460.965302286232,397.30125428234,1239.93528427864,458.256447388157,466.924700652256,392.684594910186,493.16342469133,1353.88528123826,380.946798012665,456.934745804806,528.394135651884
"ENSMUSG00000031167",892.286245828394,1158.12616596965,832.288993131877,1142.83814888491,884.808311660588,964.334228434765,1172.70970393035,799.135109341337,1205.9931973526,1029.06184925854,1578.10577034556
"ENSMUSG00000031168",585.552605795219,629.990650855403,485.420084271702,621.293459932558,572.614597066755,663.102091223276,670.630304416579,684.567568857296,621.443504798595,570.796722911235,537.892055316924
"ENSMUSG00000031169",60.070180425254,64.0350173230454,47.795272451637,81.9239687316174,39.9992772345996,60.302764665546,60.0520127794289,52.3445250310372,49.2824519515979,62.538333481762,69.0491124931656
"ENSMUSG00000031170",0,0,2.65506917948111,0,1.05533671924759,0,0,0,0,0,0
"ENSMUSG00000031171",130.428505070114,247.071162043082,163.678568296619,176.277821506528,139.84254102631,217.47001980381,152.294246642509,125.632164861192,156.976194053126,158.476637164391,170.139052165532
"ENSMUSG00000031173",0.686929630204494,0,0,0,0,0,0,0.996955506663141,0,0,0
"ENSMUSG00000031174",24.4345786190765,38.641175458661,34.0796320959474,36.6753989753917,31.308353741665,29.8746111152865,36.2522934198379,44.4401209426219,41.9397701163251,29.3085121467198,42.2061962730355
"ENSMUSG00000031176",271.35481677329,224.8544330097,259.768492453366,265.970576963536,252.903794328743,228.912437040529,229.152153603009,264.188344274337,230.757101787674,190.561123966477,269.071161970177
"ENSMUSG00000031179",0,1.07778622733832,0.880723765184493,1.1021139495615,0,0,0,0,0,0,1.14072272076149
"ENSMUSG00000031181",0,0,0,0,0,0,0,0,0,0,0
"ENSMUSG00000031182",0,0,0,0,0,0,0,0,0,0,0
"ENSMUSG00000031189",0.689939267648385,0,0,0,0,0,0,0,0,0,0
"ENSMUSG00000031194",0,0,0,0,0,0,0,0,0,0,0
"ENSMUSG00000031196",28.6160868235094,68.6532838988504,35.5054320607225,46.159127274858,51.5646187153275,46.7622894747576,58.5526787850809,51.3532818181229,52.7806807013529,37.8314087017836,25.5980583129057
"ENSMUSG00000031197",107.891305095146,130.550785619037,93.5441455723687,109.297470261052,120.755649918674,99.2170293414256,90.3144476059216,136.240105400348,99.853000014676,100.722984589905,106.073874477412
"ENSMUSG00000031198",346.110064395578,460.279619215165,402.188582303661,429.241887477717,386.581663430367,457.314987995207,425.127871125433,450.289228021102,424.981142583036,416.229773747646,463.906446467339
"ENSMUSG00000031200",6.12229333046283,9.6090028556143,10.6420462705707,7.73278468827532,9.98063889572971,8.88525706130329,9.2457212897158,4.87621057331693,13.9036957467133,4.55669469218149,9.43807286570263
"ENSMUSG00000031201",235.758484362658,252.83884801619,212.842281654037,239.540950580012,204.559731021103,233.397935519305,222.906795239546,292.388945873184,245.726925942897,209.958291520827,213.227323415944
"ENSMUSG00000031202",1.35829955043327,0,2.64788101920276,0,2.13446901268797,3.83778588369122,1.03408270418987,0,0,0,0
"ENSMUSG00000031204",28.5373930317159,0,0,1.54526139463012,0.750025245775399,0,0,0,0,2.01303175245703,0
"ENSMUSG00000031207",458.698420344748,679.722637809527,353.694411667768,318.585111833205,444.103743111981,605.10940866446,345.307101930618,340.511823812952,346.144161875531,413.422124060999,335.581471899295
"ENSMUSG00000031209",62.4079232112662,49.8591801068118,50.2339240328226,38.9538503099378,74.3306802549837,44.2675424085492,70.2986691562321,69.6935512926896,56.9739500384361,44.7986025958532,63.669213045318
"ENSMUSG00000031210",0,0,0,0,0,1.27360973922537,0,0,0,0,1.14788893001153
"ENSMUSG00000031212",0,0,0,0,0,0,0,0,0,0,0
"ENSMUSG00000031214",292.919700911802,262.398504990827,313.580325423724,278.34856821645,279.945114446693,250.603661815923,229.894346627746,307.3073221684,283.312991542362,278.227842153043,194.53813479885
"ENSMUSG00000031216",115.983587882677,263.327179937658,359.981662804336,295.138084195555,134.123367281803,300.324616999782,531.242569420986,274.409154610016,266.417254707279,243.845452079168,124.273706907511
"ENSMUSG00000031217",93.5217676676231,90.3180056751024,113.079618084014,91.9225266142364,112.523937816361,90.2994099437299,113.071373381748,113.039439879107,91.1775994080482,113.480157987597,122.60449181435
"ENSMUSG00000031220",22.4817749680374,38.6289906950517,24.7038372258174,35.7780966453374,21.3549994022843,20.9212726072515,42.128749330074,22.9157398466107,28.1500800826238,26.3931892478995,43.1522031686047
"ENSMUSG00000031221",882.433843434837,834.192182783228,1040.00458523645,1003.78296881088,890.872879269843,818.932503987095,906.3200540703,888.54750943049,921.90686429011,845.269292636222,910.297990617653
"ENSMUSG00000031224",0,0,0,0,0,0,0,0,0,0,0
"ENSMUSG00000031226",112.517544738216,156.544743528541,127.096841716646,99.1061692504883,131.799227598523,127.654027497944,115.504091290469,134.90346731443,109.172598327554,109.282203173689,117.634995792433
"ENSMUSG00000031227",62.8954874565347,66.8656215538979,57.7562845929645,43.4992986329297,49.7921766518537,45.9127252297649,51.1793726511518,44.5289355044647,67.0567313170466,55.3813661016031,64.0835141642396
"ENSMUSG00000031229",1697.44811127128,1505.65763205326,1808.63433740563,1564.53389508497,1558.45360801207,1289.4577984634,2026.3001503811,1558.97616999313,1738.78232826306,1563.38484122105,1449.28565516449
"ENSMUSG00000031230",34.285149925449,30.8800808239374,39.6164257193751,32.9574263406748,32.0565914229485,32.1289693462831,31.0682843130552,28.4103318427569,22.4098928918199,24.9754755491704,17.3374006483677
"ENSMUSG00000031231",338.131748544326,361.891472177456,265.634074568083,287.550547055736,288.63803172561,349.842644362998,283.758500075303,364.960996525659,333.146836395902,271.89950727799,270.107793608259
"ENSMUSG00000031232",611.220239889318,607.319593127926,498.5450282958,613.143673173898,548.902190968962,502.889167888327,659.458119872317,698.484604854652,530.684112583765,563.381835831655,599.496047735869
"ENSMUSG00000031233",0,0,0,0,0,0,0,0,0,0,0
"ENSMUSG00000031239",88.9507233489688,80.4972543659913,36.158304476679,30.899937735254,62.3542586281124,35.9115411872889,42.7552079215533,42.0923441182658,52.0556215465784,38.4890829718978,25.2532003723397
"ENSMUSG00000031241",0,0,0,0,0,0,0,0,0,0,0
"ENSMUSG00000031242",63.3856461591315,51.030393176304,81.8776982222754,71.6587594893898,70.1820816515696,60.5303938974539,54.0943236480764,65.6543130386736,64.2682176282066,74.2730914885465,79.9047851690717
"ENSMUSG00000031245",1081.55646275864,1698.42310193214,1546.01188608278,1489.15655331901,1572.41999124983,1659.78010441896,1832.28987654674,1544.91141765732,1469.44315919266,1399.92853848687,1450.05664100062
"ENSMUSG00000031246",68.339314865504,59.2225791361622,69.0714039452244,43.386941579607,60.5119889823375,48.5383246188286,61.7149775761221,48.2891126727318,52.5071126937909,53.181896587156,55.8927074323504
"ENSMUSG00000031250",0,0,0,0,0,0,0,1.95140216488713,0,0.95259094813558,0
"ENSMUSG00000031253",14.9542882725027,26.7779056673757,29.1545314977157,17.5412183660498,38.9660851395579,24.5569985220942,19.4293592689986,31.8466183406939,18.9603015888522,24.502123033243,21.7706534575348
"ENSMUSG00000031255",33.5398268359367,40.0958658960438,51.6629137117667,54.5632483858944,47.3548912403589,29.4182845611681,63.1133147269531,42.8974135762595,57.7322801944901,29.6071033150654,29.5524161478535
"ENSMUSG00000031256",221.95806624471,216.528582621429,240.826701503599,203.15502740435,212.018715041877,189.893535754658,237.344345051224,189.649566944109,198.168749769198,204.824197530303,217.322567498962
"ENSMUSG00000031257",0,0,0,0,0,0,0,0,0.946762884136551,0,0
"ENSMUSG00000031258",1.37423356443318,7.54037862317004,3.54739281967587,0,2.109460307393,8.94580504163564,1.03127929690748,0.987122077390502,1.87700571228254,5.68663531872506,3.43667280643144
"ENSMUSG00000031262",4.04532211511017,6.62317119362435,4.44265340271358,0,3.11098935745504,6.46824134767305,7.35447719714762,4.88981736487707,2.78668084625065,0.95791099331733,2.26319250218605
"ENSMUSG00000031264",61.5734579749202,102.339516411414,28.4146187985243,25.1030516358222,24.2611651041895,101.875392063268,19.5355155396892,30.6272930787963,23.4878957641291,30.1919887958784,16.0245941239252
"ENSMUSG00000031266",51.1996316598469,49.497575506475,76.1254847474466,30.7085137393486,68.4793786306667,37.175398439823,50.555461315791,45.4005602840942,58.1903883197603,52.1919486115625,44.6499212978187
"ENSMUSG00000031270",0,0,0,0,0,0,0,0,0,0,0
"ENSMUSG00000031271",0,0,0,0,0,0,0,0,0,0,0
"ENSMUSG00000031273",252.056883949611,111.535186799645,219.901902735324,128.444768450235,244.91409572819,92.9032626059938,187.060067633945,170.968368799667,165.555101325154,136.442794781121,175.389032042192
"ENSMUSG00000031274",541.668269136382,342.847580151151,565.774950306206,373.621894497197,582.038461950422,183.556772462513,375.126375795227,336.934824015989,394.613943878653,300.534029795467,344.383033757529
"ENSMUSG00000031278",1089.5599967186,621.554662925308,1320.46730014953,795.758654535282,1094.22624820156,610.985473387171,1391.8832633671,638.468119496212,568.290102933035,827.190776690105,532.575239744513
"ENSMUSG00000031283",10.5405791723625,6.79266853628605,6.43314223451574,2.97882430712442,8.00172356195287,8.31717922531904,8.28194994601015,5.39231210952798,8.47687754454102,3.44110225279213,13.6668174315507
"ENSMUSG00000031284",3.57563124648307,4.79646931082324,0.78086613206951,13.7399809114179,3.71737259790934,2.27083645857238,2.77717303874598,1.7261081548911,1.64091065527866,0,2.01382375244113
"ENSMUSG00000031285",0,0,0,0,0,0,0,0,0,0,0
"ENSMUSG00000031286",36.1856467855728,24.4305815453999,39.5121277818998,46.4092762508874,35.3589842851352,46.3112253014896,60.9042823772193,42.9293262208009,34.2567155002381,32.9846672378406,43.0210161497326
"ENSMUSG00000031289",4.10883742555044,5.53646524497949,1.79272225844838,2.17381008195226,1.04538546009301,5.09141084758676,2.02760866641229,1.94424983450754,0,4.66262333446219,1.1691297792171
"ENSMUSG00000031290",8.2476899603527,4.87866597879784,3.59331119913762,1.6419002293591,0.786649169898072,1.91386111118406,2.99201639419877,2.94122149021484,4.00298861796024,2.82278718597184,2.59311490404813
"ENSMUSG00000031292",111.723888361881,98.9198801923286,116.172214159143,110.851272417991,64.9598610618297,50.1018982795832,106.448176698631,132.428951502572,98.8470481632104,81.4027248533819,120.315109018152
"ENSMUSG00000031293",0,0,0,0,0,0,0,0,0,0,0
"ENSMUSG00000031295",284.393008506909,340.763500078885,752.114483964848,321.578023600718,338.000504345942,335.658497470146,365.54316436901,344.776345931079,670.497694160983,476.987402067158,459.551607587826
"ENSMUSG00000031297",16.692539122945,10.7295117109876,7.99584450228217,16.3243291417302,5.27637941645501,11.4665456406735,2.03940664874825,4.96929254395506,10.4032778412227,6.56607126870148,14.9055069588299
"ENSMUSG00000031298",21.6869876976658,7.56827033357004,12.1987230048576,16.3297765757219,10.7748006267638,28.2318626285485,32.7185704915957,8.83449378858166,32.6865252435338,16.0897553196031,40.9053601924353
"ENSMUSG00000031299",4778.27602053289,5257.73075309752,5385.82931672155,5830.4170416298,5116.75930995084,5187.61743101142,4944.02431294934,6138.10910307019,5762.0607942306,4951.33494771639,5629.81736420636
"ENSMUSG00000031302",1.96799549395496,6.1579481319833,2.54168508167345,0,2.53366032270438,2.45537083453733,4.87037991711676,1.8876586229997,0,0.893974016960677,2.659043949642
"ENSMUSG00000031303",24.0297697502745,30.3633140005567,32.8141219675925,37.1969579377625,47.3104811304922,58.9657729006814,38.1313786364879,56.1553105855685,51.6283498008404,25.481960773707,84.507068299747
"ENSMUSG00000031304",122.530567652501,357.597310311198,31.0528286330738,53.1215793067089,63.4042887348898,300.437154142323,52.411459193627,71.3519484833616,55.0441329332729,136.474358286486,43.6548461384731
"ENSMUSG00000031309",465.064097732342,294.608031231231,477.840288633439,377.755062798313,448.093308025274,231.767348017258,512.486039921826,274.787043087674,389.619307407548,410.182788890385,439.506914728179
"ENSMUSG00000031310",495.013391433417,523.115888573381,457.809501351388,418.618292698698,618.848803421397,578.077103815114,415.617111366246,505.374028382827,521.66124872037,448.296804255299,471.374561738486
"ENSMUSG00000031311",2622.63618424842,1645.78835587923,2572.40707474483,2318.99120339019,2001.83498026571,2049.17812852919,2217.90267451356,2255.06557263219,2213.73283710895,1763.96015432279,1837.70789134175
"ENSMUSG00000031312",37.4745336111736,4.26972780335921,6.1836525993143,8.76880866172507,23.2233884052955,1.28637982374849,5.11791777131762,0,0,4.73044448260806,3.44718112768362
"ENSMUSG00000031314",529.437226552261,577.032431062104,509.147467524207,506.555537110328,526.530746121369,381.101412779937,586.28930250664,497.974453258049,576.934510074082,548.372051518877,654.578745878926
"ENSMUSG00000031320",10678.099418656,13968.0980767536,11626.654991459,13927.7206228668,11544.6171752111,12980.9408213818,11771.1926659812,11804.5813619158,11586.677902792,10840.9069270911,12288.8541075881
"ENSMUSG00000031323",0,0,0,0,0,0,0,0,0.94676288413655,0,0
"ENSMUSG00000031326",0,0,0,0,0,0,0,0,0,0,0
"ENSMUSG00000031327",0,0,1.7744034312965,0,0,0,0,1.96989923012727,1.87823513402689,0,6.96389188044944
"ENSMUSG00000031328",6828.18092147605,6927.28165005981,6490.96226111077,5123.72929485953,6920.8548193964,4698.15165792376,5129.30524207739,6331.90388769302,5723.87456078765,5453.7087772535,5610.69332614623
"ENSMUSG00000031329",0,0,0,1.08213991029591,0,0,0,0,0,0,2.29658747271421
"ENSMUSG00000031330",0,0,0,0,0,0,0,0,0,0,0
"ENSMUSG00000031333",179.505875037337,164.273513040142,177.405897539874,156.212741778554,130.562221306409,119.675492780748,147.039816368352,138.927806053779,186.953398370222,160.876013716856,176.3470047339
"ENSMUSG00000031337",141.863553897082,155.116302294426,211.410064821496,166.13328236355,197.826771013165,110.720374158774,183.23386139664,171.974677881155,200.135872730734,256.386794953086,165.779074518624
"ENSMUSG00000031340",2.73509595088282,2.18063087979383,10.6175541931888,4.34561237698296,11.6105200578421,12.8943370086414,2.05082840589022,2.96233638912226,3.78070990983423,3.76099608097406,9.11516027788868
"ENSMUSG00000031342",36.505557309724,42.6438870993268,32.4997448596051,62.2058189215165,30.7490788766039,45.2205599964734,38.3453587631745,98.5755436234652,45.1034576000372,37.9113962101272,49.903799016625
"ENSMUSG00000031343",2.75212293305404,1.99750408732893,0,3.34853889309837,2.13224257772341,0,1.05772110802591,0,0.9443197210425,0,4.62510090734103
"ENSMUSG00000031344",0,0,0,0,0,0,0,0,0,0,0
"ENSMUSG00000031347",134.326256251445,137.882592201936,159.49633153396,134.879539617488,137.159445266456,162.323230550789,147.282998014185,167.56756582579,142.172960163032,139.511707100904,126.746316621842
"ENSMUSG00000031349",567.124076442104,647.719655521521,510.515425890674,471.895840128839,610.456999536436,616.534688435497,549.163635294759,478.223318118563,406.578170743401,346.656329806351,656.176584704631
"ENSMUSG00000031351",35.0115745242613,222.05976330487,89.6833364754235,37.4628785334957,32.334286079625,36.5227853599915,53.7975430146133,33.2591188789229,41.2888013995181,45.363191227708,458.349469476044
"ENSMUSG00000031352",88.3525784874682,76.9372365203453,97.6857404271257,56.7708973995266,66.8990458414078,66.9845008577707,132.852441803187,98.7179739139599,113.473566893715,107.846615383833,142.608701310324
"ENSMUSG00000031353",841.70951785,807.164166608942,714.312155977056,719.450982012702,884.199027671424,956.408431280071,763.234748160699,716.787415499984,755.712892548087,918.082431695593,750.64620220992
"ENSMUSG00000031354",0,0,0.888711478704946,0,0,0,0,0,0,0,0
"ENSMUSG00000031355",34.5323243657009,11.7329947887366,31.6953013042714,12.9407388216973,46.4664079626382,18.9243842282998,19.9673561104545,35.2874716840243,34.5732139837275,20.1483649595832,21.8626302186002
"ENSMUSG00000031357",540.465857748007,527.516604419438,567.916859682324,576.80766984904,537.870644877785,501.823749039153,538.357797604933,545.050955501822,568.34553088145,499.295766828704,535.568877122478
"ENSMUSG00000031358",431.341617207824,395.307624769286,386.463725525018,374.477645599987,412.865313689216,325.707014826754,368.083297801503,379.809668545819,352.694102655671,369.970784262862,415.121972599517
"ENSMUSG00000031360",501.326732241487,386.175505866124,494.945701598129,518.675582289173,548.717729880522,442.975117944182,472.489818718619,493.101494947718,576.008348656012,536.21171398258,411.411821595588
"ENSMUSG00000031362",18.2634774317532,5.92919521004322,14.3145726141504,0,0,1.43774686233903,0,6.85200977676381,2.17851613231973,8.34905529650972,0.252640704432134
"ENSMUSG00000031364",0,0,0,0,0,0,0,0,0,0,0
"ENSMUSG00000031365",30.8310530120785,31.6096297063787,21.9041865627313,34.8380393957238,11.6577251091724,17.1011519916143,36.0664421728119,19.8250692413035,35.6928880135678,24.0622195487895,34.6940261408819
"ENSMUSG00000031367",11.1413779326025,14.8417324614376,14.112239136572,33.6642682949035,14.8724613065522,18.0198626847925,14.5808451611477,23.118554226402,14.7265278902311,26.0554379916029,19.613626766516
"ENSMUSG00000031370",279.489544868893,318.398654371493,258.135150129616,296.353117491936,235.894254531971,263.01618225868,375.366670138542,272.808310800773,341.766858006892,200.913989693647,274.966650016386
"ENSMUSG00000031371",170.869342427931,205.686897432437,120.099476362594,157.288828185977,187.10441325177,223.479308695102,196.559551448394,183.279674513416,161.067702663189,149.237569832448,199.173890723357
"ENSMUSG00000031372",0.677828506714467,0,0,0,3.21532745462547,1.27717623385055,0,0,1.86646780914803,0.951647653982212,0
"ENSMUSG00000031373",1996.44520256282,2115.58645387021,2002.17288071268,1842.00006675656,1869.99449856871,1986.96502260579,2121.11072695928,2497.96155863013,1902.53073544616,1633.01690873293,1854.21603927671
"ENSMUSG00000031374",0.689941570899181,2.15600701046027,1.77802637952843,2.18157245987855,0,0,1.02549634341126,0,0,0,0
"ENSMUSG00000031375",302.964656358294,411.619589302269,297.200455659703,284.557086733394,439.999086309123,326.155142915534,234.797102767057,479.389071657288,339.408159068032,247.053580969496,243.321931403327
"ENSMUSG00000031376",2.77513178773675,0,0,0,1.06056640945608,0,0,2.00198097788592,0,0.915013511555781,0
"ENSMUSG00000031377",7.52079184309714,3.254835730982,8.87364818264302,9.88608488309251,7.31823031996633,8.97425073885165,1.0384832681403,5.90261484029814,3.71562575400025,3.80512880320069,9.14418525583932
"ENSMUSG00000031378",304.619033693523,355.1905596916,317.614226162828,357.70615631622,308.651421264631,401.058720242234,306.54540483265,349.141192568052,385.468184743839,382.469373768653,406.021135575295
"ENSMUSG00000031379",13.4921694660159,12.7098909900479,16.6085805105414,8.6866726974417,19.8626900781503,20.2003051769623,16.3713527613444,11.6721944095032,14.7833102897166,11.7645267350946,15.9030904362779
"ENSMUSG00000031380",20.1394680228665,12.8038551768115,17.7455586632487,15.2622160202258,43.4062314924801,13.9677863881623,15.3264154211087,13.8797116884447,39.568730144161,8.49975772762697,20.7272665171826
"ENSMUSG00000031381",37.4717967598559,34.4372357943543,35.0457984723906,30.0971522133926,25.3450458358852,24.3187667495875,29.187017073404,27.4465764825041,18.2157507247662,24.1013626356053,32.5104691136409
"ENSMUSG00000031382",49.7655682205013,0,0.819968642943064,8.17772281481029,10.6104676698694,2.74947999978366,0,0,0,6.06694051587371,0
"ENSMUSG00000031383",1.36685216792091,0,0.884193584935672,0,3.17760633780241,1.28441619498523,0,0,0,0.939890835486065,1.14166286905355
"ENSMUSG00000031384",0,0,0,0,0,0,0,0,0,0,0
"ENSMUSG00000031385",156.868584493045,206.229261336135,251.102722415359,267.266929749084,171.112161531677,315.884171360486,239.28056961795,259.287540368923,285.269816094746,286.583098206535,191.074951705116
"ENSMUSG00000031386",1166.20755564714,791.84681697362,861.497611062906,888.921408582319,748.615835067007,1074.9038236985,943.52430572525,916.149973231276,955.113339428304,930.863837268824,1196.25689907925
"ENSMUSG00000031387",556.546841115835,568.371694749486,693.06196927991,958.456569156809,659.920431537983,679.630725706601,539.616308708122,809.18892175617,785.150660771454,1324.21598278613,586.241821869962
"ENSMUSG00000031388",350.703842534567,447.618302380844,327.93130067097,397.806599474206,357.099055777419,476.770433602896,376.777617577954,472.535989947563,304.697580136099,316.091567485592,309.203685287917
"ENSMUSG00000031389",209.481151211821,825.050609157683,92.4360536880633,124.385938958235,87.6779210541384,435.883847558853,88.8337959011911,121.878531971381,96.2640605780717,221.068664691957,102.997234415254
"ENSMUSG00000031390",0,1.68835775725532,0,0.854651091858307,0.835772014104596,0,3.16179652966394,0.660024007762881,0,0,0
"ENSMUSG00000031391",6.35946238895687,38.4147265215327,12.7033109940435,15.1439796015893,3.35557762787206,26.1458796988242,18.5839672236268,2.30537753103089,12.6745447652175,28.0837378307766,12.5024235889935
"ENSMUSG00000031392",1006.33610375449,1153.23049383604,990.72808259877,1140.91388866262,1013.64825417183,1521.40236819403,1219.14010894469,1176.46150589229,1174.69276534882,971.624738533555,1325.94679109142
"ENSMUSG00000031393",184.02613199054,207.542011498798,214.425316351695,214.653030565166,192.821980343185,172.705824048459,204.812038784373,208.801976619783,227.743948870945,199.414064917977,222.714327521176
"ENSMUSG00000031394",47.9574102330254,44.8976060542472,61.7293405998222,53.4161487075165,49.3872769934531,52.2814573401881,55.7770315089904,51.5200115713313,53.6837747946883,43.8561738032918,60.214830935193
"ENSMUSG00000031397",2.05762718559484,1.08173354549462,0,0,0,1.2812671544987,0,0,0,0,1.14663029829377
"ENSMUSG00000031398",120.432146606573,79.0680387680194,101.08448360331,63.0951640200764,74.8794543940135,82.5856837964399,76.6407498932273,93.9058984773938,84.1905819516335,97.1608822661073,88.7865354403256
"ENSMUSG00000031399",292.897076220906,189.046632982554,227.381823991006,283.284280463296,233.066267951944,319.824495913289,317.740687117176,373.366840023851,356.154298036367,228.300314381268,352.281692488575
"ENSMUSG00000031400",4059.07188123657,4724.92224984556,4876.97738778661,5294.40351316215,5353.15794812373,5841.23634442682,5216.3660916614,4940.39016333526,5673.63236882247,3900.14746140147,5224.5705480591
"ENSMUSG00000031402",563.165759529632,626.909724585483,532.753726426677,659.489964106896,580.997631462046,704.734553930128,539.372228455407,609.039311389313,678.065481095971,513.006032096303,758.301293373513
"ENSMUSG00000031403",279.794821217737,338.579476177712,214.375226091723,245.460325387803,277.625289226524,306.532743248414,247.900665562081,239.643659884903,275.375300239619,231.422612886925,277.631388055079
"ENSMUSG00000031409",0,0,0,0,0,0,1.03590542855289,0.97263089394668,0,0,1.15103767298591
"ENSMUSG00000031410",447.50307176295,320.673575589947,723.865134917525,465.617658464213,729.27721659892,365.590233046469,490.122689927355,744.667622701444,506.639949182172,767.099291559191,453.76637547486
"ENSMUSG00000031411",0,0,0,0,0,0,0,0,0,0,0
"ENSMUSG00000031422",2149.15639097419,2527.52564447387,2151.26948518384,1929.17081562073,2504.26363915929,2337.11783995127,2605.16704855013,1923.16387633221,1805.55085298434,1698.567869041,2226.9341012139
"ENSMUSG00000031424",0,0,0,0,0,0,0,0,0,0,0
"ENSMUSG00000031425",15.8897515535585,28.7085029495327,9.87574900689265,19.0150991696637,16.9343097091915,16.4150025097203,11.1429104779679,28.1482403094631,15.0244445439708,13.1018000069906,4.70181470106208
"ENSMUSG00000031428",13.5786456662547,16.0382873995821,10.5949611164857,6.58324016862658,5.27426793164019,19.3692340019982,10.2372889158766,0.993812154449641,4.73151380529596,5.66824912911414,4.59123801219358
"ENSMUSG00000031429",296.900949852186,223.233583836252,273.965108500021,203.05672370831,265.561284325971,231.270017354378,203.422324700235,242.492602568447,193.606773080689,233.695284324976,239.086786841642
"ENSMUSG00000031430",0,0,0,0,0,0,0,0,0,0,0
"ENSMUSG00000031431",860.156101792924,1341.21149922361,980.282914030635,2058.54399263565,660.507822656409,1027.24117072774,1104.18128063102,1141.73356055368,1434.24903232722,1298.0397474996,1985.42932670833
"ENSMUSG00000031432",275.960690185934,260.243117257682,246.107933961835,209.100673121316,266.43977737561,226.090067642571,248.617951478677,228.148412708494,279.109364599708,255.214528008581,227.829300133593
"ENSMUSG00000031433",20.8585931556754,18.3859992076655,10.6059184799984,8.82991640562567,14.7965050974973,5.13601042213038,21.7969961911155,20.7292589290257,25.8216370502541,14.4004678550238,12.5877314684683
"ENSMUSG00000031434",40.0726730578547,33.9583126579335,30.9972847685805,23.9393577427557,57.5312930611953,36.4425732326404,35.514209333506,44.5192528235085,44.2459504506733,47.0909033478082,39.4764250617364
"ENSMUSG00000031438",734.471966851384,732.036701325755,1007.13522891663,919.968353980624,896.138190767013,770.844142792321,864.083339820418,845.5149493282,874.327106884471,807.319207864364,771.5477817228
"ENSMUSG00000031441",465.293639408112,322.813286689116,491.232201700552,251.348732306675,242.304461668036,162.798570259441,314.913263331371,365.146583726377,439.832604564091,390.314816144145,546.236738829787
"ENSMUSG00000031442",114.31124012871,216.63145091575,221.432146315663,164.86603517103,201.015671543111,235.172619169092,279.664849591196,203.944744343304,172.032520183123,257.965287123227,202.683706458139
"ENSMUSG00000031443",0,0,0.885098068891257,0,0,0,2.05177575506926,0.987671658696201,0.943743219039518,0.942928795482138,4.57961701814197
"ENSMUSG00000031444",2.53992861532609,1.99811509328153,0,2.03229230404825,0.979337962603435,1.20012812138997,3.80436021613635,1.84134615501293,0,0,3.82636522597999
"ENSMUSG00000031445",0,0,0,0,0,0,1.0244779114794,0,0,0,0
"ENSMUSG00000031446",1230.009716639,1179.43072673567,1175.54772885898,1283.22645551094,1185.62154421336,1241.33670246818,1178.99861866125,1344.70437500573,1346.26148581406,1189.90295970644,1214.19845196341
"ENSMUSG00000031447",5534.51690351666,5802.79563164091,6138.77944294612,6565.56380510862,5602.69196279474,5633.09872045316,6290.53513935011,6050.26646711653,6433.08394609448,5682.61786008312,5797.56939404544
"ENSMUSG00000031448",11.9975310817184,0,0,3.37855708749274,7.70170845495047,0,1.05789748406444,3.04143018154777,0.968414086665535,0.974828745087032,1.17953828067707
"ENSMUSG00000031449",1.36035973964537,0,0,0,1.06603615680263,0,0,0,0,0,0
"ENSMUSG00000031450",0,2.15021144394537,0,1.09279928759899,1.05325485855185,0,0,0,0,0,0
"ENSMUSG00000031451",1281.88687061608,761.747444208186,1141.48659336344,673.229253027031,1026.83306629768,756.857164350418,1108.29005801147,597.421867002686,826.691606886058,589.896882179327,958.176472349936
"ENSMUSG00000031452",0,0,0.888711478704946,0,0,0,0,0,0,0,0
"ENSMUSG00000031453",322.192267880588,387.674339825382,256.122039211035,165.812592777244,301.836778762874,273.990046680706,213.607959443132,178.407456318408,278.155642892525,238.2667751094,228.628246817244
"ENSMUSG00000031458",241.697997535657,355.135217209375,341.808466683406,352.450560695917,395.724125697657,386.986224361319,331.220440315783,311.560320105773,345.637669200466,276.749853740132,280.100327575644
"ENSMUSG00000031461",633.649425893553,2.15550781079321,13.2870585106585,89.6004714097922,226.358261468833,6.44669912414859,2.04602186496948,0,0,32.8238561079827,11.4215168566118
"ENSMUSG00000031465",49.3001423987917,47.2665990978629,38.0588915250038,42.6653663539778,86.5462189210049,66.8337240623664,62.5369928586116,65.3919653399748,80.2229574485432,59.3723641809841,76.757563617753
"ENSMUSG00000031467",249.581624273203,358.965007779199,279.833066626212,293.846421914365,298.928583558758,377.04643434817,297.330577794547,407.051471463386,280.829571079924,269.716418595353,292.618075680846
"ENSMUSG00000031471",0,0,0,0,0,0,0,0,0,0,0
"ENSMUSG00000031478",59.557283737578,51.785263036794,65.4576959900095,66.8270313116065,53.6218723258485,70.5574691511986,61.7847441154499,73.1777349767404,61.1876387933489,92.6138779930331,36.5921890224689
"ENSMUSG00000031479",828.803838704197,669.03891804597,768.0425384434,711.318388719242,824.485502550378,764.218304524665,681.835854304813,782.939315554323,730.229969920152,703.932074739353,664.105492692255
"ENSMUSG00000031480",24.9814595593105,29.8662312735988,23.335534015992,22.295159252734,33.4829722370319,30.8471292594507,22.739643911771,27.6118579773436,33.2733883443013,28.0598962075452,42.6220918741884
"ENSMUSG00000031481",0,1.10061815935376,0,0,2.08939224449672,0,0,0.980431121790711,0,0,0
"ENSMUSG00000031482",87.2176440434517,77.0744978099763,105.058114879948,110.78464147907,90.1202899060574,78.3262559499317,115.425275310003,113.2118705458,93.7677862621376,117.939241074365,131.021606980217
"ENSMUSG00000031483",507.545691408185,492.583490005412,502.964019162312,529.598399595466,545.070615714681,403.992159847748,597.754187294848,551.035981998426,600.128206441757,510.780652670701,526.504992428326
"ENSMUSG00000031485",651.107776280181,479.83562288327,778.241764031784,614.837296895094,564.272528650033,512.644738355651,641.338918284396,623.686265209675,644.9422466352,724.34559577399,585.634389957718
"ENSMUSG00000031486",35.7043580418496,35.5274417343294,33.4938562003056,13.9940475154735,49.4195137559463,31.8159596473552,12.1747219404572,34.2530132310662,33.7671755127231,21.3275619838106,48.1166514602511
"ENSMUSG00000031487",60.6292074794426,79.2948814013856,65.1123819604433,78.5144999238861,105.170585493512,91.242702648784,86.1396932549649,92.0695035856506,75.1538380397371,71.8483869954409,117.657265810094
"ENSMUSG00000031488",661.550033403657,745.207549627628,977.572540277822,933.763437288304,1116.35355867493,650.558240937257,850.346094327582,944.525828362319,705.592183564945,1116.74564629913,706.901453940567
"ENSMUSG00000031489",398.180391814985,214.433181823927,234.17702771291,176.388915568009,241.952974445945,277.153217386263,347.057292835248,209.870793002224,331.033757373947,219.097043807753,261.48820687419
"ENSMUSG00000031490",469.006788284181,442.168683945811,549.968744629083,770.40971079752,597.417932746509,633.81144061489,640.176403262416,507.099584983583,520.618513020143,676.700524498543,705.440561741758
"ENSMUSG00000031491",0,0,0,0,0,0,0,0,0,0,0
"ENSMUSG00000031492",0,0,0,0,0,0,0,0,0,0,0
"ENSMUSG00000031493",2.90280464857646,24.4446923158802,9.2218127454887,0.921577332127152,7.6268764044826,5.44721691029298,4.92330471354419,2.37535296903553,3.93781878180793,1.60054533500315,0
"ENSMUSG00000031494",5.41980932764429,9.99390483009824,5.25405302573582,4.12829557339888,4.99421600941366,8.39651784151395,1.93804829314947,1.85431225474278,4.65753098476611,4.4985697359318,3.2607170500474
"ENSMUSG00000031495",5.30096762107347,15.5106600545519,5.15830936526491,5.35042222665308,5.17106460578771,8.73075248711231,7.56987788995993,9.63032221564776,2.74431948274339,13.9663233897722,9.70555047011971
"ENSMUSG00000031497",20.9187231826456,38.466822031357,19.0218592358111,20.3585782563178,16.6224563386265,18.2884290135713,19.5292917300624,25.9505301321162,16.4981611368206,22.3028086273659,30.3378823493634
"ENSMUSG00000031502",2423.91311026654,2684.48617768919,2629.32208291157,1886.33593543448,3993.95405465889,2049.06380989405,2350.18603060732,3114.14623167853,2284.32728529329,2506.59205115062,1347.5079568452
"ENSMUSG00000031503",1646.57094678612,1688.1917004085,1668.03211350671,1229.69456228735,2631.98459157368,1514.36890369729,1542.39211680273,1997.6738981153,1487.81151500688,1750.82962088843,1121.74912534247
"ENSMUSG00000031504",148.485007946597,147.794510942942,172.75066143053,140.408815759884,180.495839284061,164.873789607175,165.384943721767,155.203148879536,126.983729420391,167.132863788628,171.469150454835
"ENSMUSG00000031505",869.387442778205,935.738079581853,983.830522975172,992.407445678173,926.371204254859,950.910848583268,973.630357195335,938.55531281377,903.53474742955,919.253404141967,930.062896440409
"ENSMUSG00000031506",12.3443023557067,46.3675001289838,3.53910710907012,6.54948483224831,4.25044104223047,24.4652666697081,4.10975170649761,8.83406466506207,14.0995454424737,17.9283132818523,9.1520294696229
"ENSMUSG00000031508",140.921435085465,155.901716588411,121.872757602848,109.226890954817,130.903179232762,162.393558619304,140.48056492238,101.458697186226,113.640055881361,145.607515972016,164.841568141826
"ENSMUSG00000031509",0,0,0,0,0,0,0,0,0,0,0
"ENSMUSG00000031511",333.927128279482,272.485401938892,310.850438854189,283.664890275181,350.529968364275,304.560710647889,260.330606637111,315.690873875606,315.927991037579,372.933116424317,354.433558942124
"ENSMUSG00000031512",0.672474196175258,0,0,0,0,0,0,0,0,0.960685671150862,0
"ENSMUSG00000031513",23.5010414093005,32.0198169292714,27.2106137159734,16.7292990319565,26.0549530548428,12.8872714484802,37.7514050214328,14.5777764688002,28.4882409295746,16.2938237958583,25.6819884180072
"ENSMUSG00000031516",274.748694618527,252.049301510017,270.089694832683,215.923174286799,270.253467758805,221.558005340644,285.83776464996,270.003792417185,202.147552211475,250.491304425346,251.651755201493
"ENSMUSG00000031517",2.03918923646303,4.28697492512958,1.76887844123849,1.10393738333476,4.26185722561706,2.56060984686968,0,2.94636692063165,3.7313765044793,1.92567420614339,0
"ENSMUSG00000031518",0,0,0,0,0,0,0,0,0,0,0
"ENSMUSG00000031519",30.8110979888251,4.76495058364472,6.3441473020954,30.4500221775827,30.2291827108361,9.99857868855459,4.60502958980932,3.0872903274208,8.34429695195001,30.9150407981056,8.72339875737944
"ENSMUSG00000031520",16.3526352026627,15.0819863174473,15.0353775313356,10.9763778121667,8.45286071691709,19.2020951785187,7.25756316830347,18.6602891293386,19.6223743686687,15.2407247482361,14.8821383925889
"ENSMUSG00000031521",222.851289303456,370.810403504238,300.762259365514,280.021596376796,209.284692815413,248.707933021999,322.777863497765,270.977055129095,292.474333536076,213.548591485259,236.076096318679
"ENSMUSG00000031523",165.843502101623,149.115550157438,172.977111786408,151.742316188173,240.731697178032,170.52609711591,187.646291627579,218.227901548208,171.922327305654,187.061182392081,203.781860196424
"ENSMUSG00000031527",96.509490363033,118.272855294872,110.309346626683,91.8154768823103,148.033990428599,117.18369148068,100.915542060817,129.707136677344,164.000311997734,125.248599346635,105.878706896086
"ENSMUSG00000031529",140.238853193067,106.8263158024,208.147707329199,150.544421611601,160.667622618561,24.0063560584992,138.53286725068,53.6909737544007,160.497620839298,100.262790976894,118.932283310335
"ENSMUSG00000031530",42.4633106509683,45.417628927758,35.411531626116,21.7711815251546,88.1546253598516,42.3744396226207,37.9944881875911,37.4037515182055,14.1374102497421,47.2014007094411,18.2774231131391
"ENSMUSG00000031532",1081.50257869473,1245.14127840534,1015.79862055839,1113.94064094259,1030.82714044958,1220.63280885125,1208.70676522068,1222.74701725956,1148.85759866797,1061.28267702963,1007.54667382813
"ENSMUSG00000031533",231.336417872576,240.647709091112,223.06765296793,221.388696165868,207.080536718664,253.011682231861,210.586526906256,270.044429818278,237.068133682659,251.699211555496,276.365344229576
"ENSMUSG00000031534",52.0124695021263,78.1502676578462,80.1176229313043,78.6028099432185,51.5092198730171,65.5869203919661,82.2339114993199,77.6958802752574,71.3284506647699,73.2822911611538,75.1247525334398
"ENSMUSG00000031535",0,0,0,0,0,0,0,0,0,0,0
"ENSMUSG00000031536",810.14008005128,874.868374081766,915.482141091178,820.478635264192,819.673282752145,851.17060525486,916.972664275133,853.890189089156,720.901033658856,814.363259475385,789.01802495392
"ENSMUSG00000031537",712.724219967724,841.329920697424,720.355039044149,762.388687164903,749.905614507007,849.989891747737,719.633164597105,811.642424047576,718.008951407444,814.04016868907,811.880183790409
"ENSMUSG00000031538",43.0229388774808,40.8282838107133,41.5474888366027,28.4509071579102,90.6715683375037,32.3029897088407,33.7771514366347,68.4211411971417,42.5707706019583,28.2471882761623,37.7510066178806
"ENSMUSG00000031539",36.1989734665025,42.8038475401527,45.0788893515628,40.5173274376037,33.7645644864245,50.2198736838325,28.6568474918569,34.7396266874216,34.9775015696378,40.6099720659065,28.6783225457541
"ENSMUSG00000031540",949.272065515624,762.597196812215,832.580813129839,845.192799764694,780.085328243885,549.058510775611,817.939971665461,788.251625626805,887.392606103947,937.655777558376,938.819496364992
"ENSMUSG00000031543",593.012660657485,2.44725121429672,19.5098439707452,81.9757590561097,71.5879266350206,19.8354705885559,2.33914213078845,0.899209276255769,2.34908395547707,42.5517239359281,2.03245619289767
"ENSMUSG00000031545",3342.08777840296,4071.07350739664,3554.86728245523,5753.28852612622,3034.23244340089,4270.33134059436,3888.97620909754,4963.68590789182,4754.86997564704,4024.35047177024,5213.80136071011
"ENSMUSG00000031546",215.162945526059,232.855557374348,228.805216118045,204.883933775202,232.048827189727,204.568239863741,242.694265753729,263.311823250406,281.65129790743,260.36756470699,240.010955373715
"ENSMUSG00000031548",15.6845017462948,8.5745235452404,18.588130115758,13.1133471157353,10.6414183689205,12.8027956918197,36.9882863422199,6.89967187706136,17.8813333175491,6.63408425612757,14.9419076919527
"ENSMUSG00000031549",0,0,0.883559600750307,0,2.11416939303968,0,0,0,0,0,0
"ENSMUSG00000031551",0,2.35678613390488,0.688844681014252,0,2.33944077867876,0,3.39577938340606,2.18471983018997,0,0.73406476147293,2.5436025808102
"ENSMUSG00000031552",0,0,0,0,0,0,0,0,0,0,0
"ENSMUSG00000031553",0.353203508106461,0.561941292292977,0.917291458573974,3.55965843834007,0,0,32.935436313715,1.52246285885921,0,0.980793335102309,0.590347341689307
"ENSMUSG00000031554",0.689775724024646,1.11971176941125,0,1.12779943225395,1.0684594044519,0,0,0,0.949109125825804,1.68070269731364,3.48852076141315
"ENSMUSG00000031555",1892.83205536601,1459.98093145474,1895.6836788971,1940.39742964654,2086.53355510494,1447.46778157863,1706.2103926026,1914.51621260267,1716.72231213499,1835.05585469681,1777.4067557627
"ENSMUSG00000031556",385.654028130523,429.950774302031,388.687396595951,538.227869998485,369.186642126527,498.054411431524,480.611153927613,496.481769865104,397.880625488379,408.924359879253,420.607957000676
"ENSMUSG00000031557",138.227534094294,111.560035899225,173.860700275244,72.1495820369499,137.037775773841,222.471422678536,81.1841869988344,268.432786831563,112.711837382131,129.329013373478,134.066605016925
"ENSMUSG00000031558",19.3151465500086,42.382425113032,16.1329949269313,9.95690498546401,13.335766266952,9.33163052624206,11.2780097372549,7.1757920650311,15.3659812499314,12.0255782620576,10.2968760538148
"ENSMUSG00000031561",10.3807498938363,17.2797731771582,6.21727288357017,5.443080766929,2.10785235644353,5.12694817165567,13.281627857658,4.96068167508076,5.67948385700442,3.74170245709487,5.706666623432
"ENSMUSG00000031562",15.8975010797215,19.8682557359885,15.2298794340382,9.98328728066315,12.6322503476865,25.7389853104518,17.9872547348316,22.6452354487447,12.2601868950743,13.5814643127905,12.9827696196134
"ENSMUSG00000031563",272.923348138965,165.579245168454,284.01394560125,182.986857197279,220.691115844995,146.408593927952,200.787561009497,185.667711575249,252.960593467926,228.600676494912,239.43939990838
"ENSMUSG00000031565",438.691090859135,115.247360085784,149.106776695228,986.929596178689,183.468494081394,145.273800353675,792.247568955355,343.781200660982,698.80885480386,343.250519099918,140.371245828904
"ENSMUSG00000031568",161.647789600567,155.476494756592,133.643819108182,146.392257530198,107.745274429835,157.906032934089,142.726612377379,131.57929207085,149.821723704466,130.559899419139,400.330580416114
"ENSMUSG00000031570",439.848560524517,435.579816978069,307.340451137814,365.111031261619,372.8126084336,680.145049108573,378.931127390474,485.104956504127,377.911950606271,368.23768755298,383.923721929771
"ENSMUSG00000031574",17.8070694656329,14.5575099775577,13.5372091050391,9.89580597857043,7.66512246003337,10.5173173733872,9.35339227248182,3.54526586365296,12.713496848443,5.99990120356456,12.4141162071984
"ENSMUSG00000031575",572.723103261963,585.951154496557,557.839015859471,607.31480297707,607.592954996548,535.400516448487,593.124495945391,552.593693425999,650.293763142539,634.344597987055,583.841909360698
"ENSMUSG00000031576",11.3640138419205,11.8842922837583,16.725309696595,11.0152649396663,17.6784369591703,7.03873327111173,9.22870845929929,14.279409576553,12.5401518924239,18.9894285409152,21.7275560838779
"ENSMUSG00000031577",180.774635016628,164.635615717245,137.618395174494,199.581340014625,169.0149960733,205.115050417591,151.698274590985,161.533297653914,199.420750935122,166.213975451418,204.91129229583
"ENSMUSG00000031578",248.808322476028,228.135969432647,147.064812425565,206.155393310923,158.186117541007,267.681128443917,192.862924350358,207.175262743006,216.186545910047,169.2995375338,293.611914779966
"ENSMUSG00000031583",129.668714585275,145.683684063362,127.023833162316,146.27297077192,113.055359621859,78.2518756112604,110.789625153181,112.540140571798,157.656143414533,155.894629799391,98.8637064170487
"ENSMUSG00000031584",591.08253773189,382.165495361512,457.253699364722,315.248735218718,544.848243195808,368.823864187656,434.446102047673,288.419886418414,416.66588616781,423.808123561577,422.918674273861
"ENSMUSG00000031585",263.689173322099,211.815518640967,184.122998516888,224.220264460434,199.608232069837,244.703415579352,201.453505528081,191.932077853611,193.869890053602,287.144909495208,187.356631931826
"ENSMUSG00000031586",177.872419904172,134.922210373372,160.660832092932,124.730907519511,174.307966359147,99.3137624224354,105.752430609024,163.176691792836,162.25623810559,129.669578544727,117.335189818184
"ENSMUSG00000031590",285.476438593479,322.850776677578,305.810080684627,303.725275669492,336.977123750656,292.28284428953,360.885381733841,275.756328615516,308.676243141585,329.495406103714,224.991315126096
"ENSMUSG00000031591",1719.31952118251,1417.00687220383,1677.84545665076,2019.65487797099,1708.31697665493,1438.21149161741,1678.26211459607,1795.80948877268,1747.06076381158,1792.27632731874,1517.52947569141
"ENSMUSG00000031592",733.494753037043,591.105215103037,591.04177038912,656.868005327702,534.15628410732,515.39196895568,686.373841090962,665.082686928695,658.790992021623,594.217081797075,576.203019743218
"ENSMUSG00000031594",18.1485624734224,16.3538857182525,7.97082010257575,7.72402373911226,13.6015873548657,6.43267115215569,11.4767057623332,6.82495775306109,11.1033266917559,3.842609705888,10.325142424222
"ENSMUSG00000031595",6.75085379833377,8.56483286179986,2.6445761686472,4.39594905713384,14.7657062458062,6.48668784154638,4.10217689724632,3.9690106954294,2.83755273606192,6.62114381524729,4.58597176274039
"ENSMUSG00000031596",122.290687340225,169.009454478074,61.9823853235813,152.004136589965,101.08313901676,100.09710247205,89.5325772905395,272.96047788775,131.915184045582,74.3836987841468,108.723563740428
"ENSMUSG00000031600",352.968063981889,406.009066789285,372.526994872908,438.327276070977,357.527389204749,450.293783324011,407.544142552669,589.311056764982,376.766544472139,353.446629186706,368.92436012357
"ENSMUSG00000031601",339.482000219199,355.26927846555,353.939253777326,301.393080819734,335.310133203991,345.345425695871,367.852901313821,314.874957843219,324.228057495265,317.412017560042,295.60533038762
"ENSMUSG00000031603",0.689939267648385,0,0,0,0,0,0,0,0,0,0
"ENSMUSG00000031604",435.520698357742,518.051474007111,317.513469396458,277.673801880479,374.178963012036,433.609245452527,513.132909753096,285.020474218426,275.217195643405,237.525132907384,659.231254028595
"ENSMUSG00000031605",518.688294478149,540.746761238155,422.882500273082,634.837774678496,471.980732308753,564.157454770166,568.642069844985,701.209162089368,499.422834085185,353.618072888113,575.512238455614
"ENSMUSG00000031608",427.753656654801,320.899341169168,402.547916532338,330.271137206029,330.478953242914,228.346414618929,299.679075394299,276.82072083768,289.400787992564,340.820514665436,294.037869673512
"ENSMUSG00000031609",95.3071242966367,65.970526183201,79.5053942137222,56.3757324940849,91.2013117906789,68.6031374263962,94.7480465814555,47.0601050989438,61.6344673072852,89.0233784981432,49.4724895862262
"ENSMUSG00000031610",0,0,0,0,0,1.28191223901898,0,0,0,0,0
"ENSMUSG00000031613",98.5457089260852,60.6980563744164,96.1054365973694,45.4765778562489,106.114691502761,52.8392614350429,50.5549315037354,56.3799573094998,46.1234633488235,46.4942800604967,14.8695887147338
"ENSMUSG00000031616",7.53334695417947,6.4365130842322,5.31153413522177,6.56664830689303,11.5980979030955,11.545734527271,8.20493392925155,16.8545401150362,9.43405544049039,7.55689171028383,8.02350726071819
"ENSMUSG00000031617",183.969703676204,180.579234211857,151.799628628202,192.71903451504,116.532908829406,125.034765887528,150.93595625846,147.572208444061,114.420978505871,144.482562699455,203.580416007445
"ENSMUSG00000031618",62.7700310597268,58.1573596279442,64.7546185628965,57.8247027244944,65.4744987458593,43.5077161692466,49.1959010943827,81.1796899686284,56.594568331129,58.2603395498958,44.6337526093096
"ENSMUSG00000031620",0,0,0,0,0,0,0,0,0,0,0
"ENSMUSG00000031621",0,0,0,0,0,0,0,0,0,0,0
"ENSMUSG00000031622",1649.60271733888,1654.23238066839,1753.94510474113,2018.08343884884,1493.08955239387,1669.88750441629,1845.14881451186,1865.61838879989,1785.22173683633,1751.73864814021,1734.1042711537
"ENSMUSG00000031626",127.680815798318,307.061492044317,195.691797587996,290.147770341451,236.316287293699,43.1353557027,355.028116373767,387.777926398863,68.8929990172016,117.234746830861,205.705528322931
"ENSMUSG00000031627",399.76967889717,312.520312384343,296.968949992548,408.978705124183,422.710308356463,302.268813630971,291.654994927666,513.121853530601,289.321425894271,265.131178788315,242.240862910136
"ENSMUSG00000031628",699.771964067959,844.043733084422,624.161232171485,698.762283744378,767.458708478513,793.043428318489,591.660544660328,1080.41730597402,653.070298582389,549.350406609839,666.794962258052
"ENSMUSG00000031629",4.91594452039335,11.7092598754279,11.9717275257428,10.7846739217905,18.319348720051,23.5525985944617,9.19323121430487,16.7290513089058,19.3165192718881,12.6776320377415,12.3804016538102
"ENSMUSG00000031631",82.0777594836188,66.9841849092946,85.1082894349633,85.7711292643965,73.2354790033313,83.5244651025115,76.9287357985608,64.0016131117536,90.6447302170427,76.1387064983149,105.78121152735
"ENSMUSG00000031633",1282.30700732369,677.485087086827,661.771954685653,576.746723773099,842.955659045741,439.41857646445,618.392572509516,490.97329118088,611.26791697649,566.694231252133,495.675767998345
"ENSMUSG00000031634",587.57650273127,721.35176809236,586.6642080571,1672.05394406943,566.160264454521,739.248412707639,675.216127231189,714.982820507094,650.132059071133,494.350612774541,664.905752410916
"ENSMUSG00000031635",0,0,0,0,0,0,0,0,0,0,0
"ENSMUSG00000031636",433.433221232215,240.723322246444,261.92531586849,220.259277252481,341.189714453785,112.798490467713,271.534784063904,210.462950000024,250.418716867163,232.345044772683,218.387556323205
"ENSMUSG00000031637",2.73293596726206,0,1.76831801040672,0,0,0,1.03308125911302,0.983247518697481,0,0.95148140986105,0
"ENSMUSG00000031639",339.113868934233,276.009302364758,270.033917530317,417.792472527429,338.861559856577,487.565314406169,284.404028611003,463.880969632515,321.904059855679,316.708928879275,301.416496113572
"ENSMUSG00000031640",3.50539308568095,6.44835321390953,0,0,0,0,0,0,4.60981695173328,0,6.95320531544685
"ENSMUSG00000031641",116.086184230938,112.287442923745,135.05321048618,130.355022920742,108.520408603424,130.745096123418,170.167002122498,133.453045935814,110.027339521495,124.643652392685,117.626751446941
"ENSMUSG00000031642",65.6977381941976,29.0592234743153,54.843694327095,38.9537776948686,47.5424179208292,25.4879117767977,36.6276830849096,33.3880106965584,46.0902593030086,62.3746528326826,36.9398010552686
"ENSMUSG00000031644",166.466368849232,187.122323283892,170.136588270822,193.510732342959,176.928968808451,141.703110979735,205.101830626357,186.863747597292,189.497859406427,175.937117747715,165.753839748694
"ENSMUSG00000031645",0,0,0,0,0,0,0,0.99260660993637,0,0,0
"ENSMUSG00000031647",113.048731864261,99.8008689097413,151.103684562894,162.349839269786,70.9037928238282,65.4514802746479,120.657494744168,89.7460961408763,129.53806680792,102.446634962069,153.797005944843
"ENSMUSG00000031651",0,0,0,0,0,0,0,0,0,0,0
"ENSMUSG00000031652",571.134157601093,391.486549060006,576.838426320243,486.631961917953,694.869424557673,352.681002404529,543.137263959889,433.34594138478,435.155702159789,565.716180962011,469.532619328341
"ENSMUSG00000031654",0,0,0,0,0,0,0,0,0,0,0
"ENSMUSG00000031657",375.000408508025,259.873205198267,307.184985700611,330.816357778629,303.855197026501,273.42901070062,304.592039246089,277.293680252868,304.10552834717,279.212201399424,456.405784624977
"ENSMUSG00000031659",159.40896028942,304.391272626365,81.6436563061262,90.2377921952841,105.829458318511,243.114530617878,68.5297651817462,89.683671852819,76.4648928233012,142.135258882656,85.4747991418061
"ENSMUSG00000031660",843.911756028309,896.015019233402,877.731788238581,993.475255877344,842.252638542979,890.788765806366,981.681053762077,911.742251310757,967.435205415642,961.616141789426,869.204490118526
"ENSMUSG00000031661",20.6384217155531,40.5497101231549,27.533324073887,14.3521915715567,14.9979911401779,9.65870519603957,18.9868641338246,23.921980716068,13.3168294379852,26.3637204396706,17.2290179612468
"ENSMUSG00000031662",53.5107039510055,95.7937051383628,38.5933743496202,38.0139010863089,40.6297205705756,82.9854977957836,35.7246748038201,45.1473430495046,24.5649737514654,41.3588615447497,19.6214296897056
"ENSMUSG00000031665",0.691375893517135,0,0.887654601091819,0,0,0,1.02326658954873,0,0,0.936116736954071,2.28218696974305
"ENSMUSG00000031666",1142.5431764279,1256.80169959603,1339.59036676628,1367.78916198284,1219.31775240496,1344.88074068353,1388.28943588895,1528.75043434654,1325.29570342463,1401.21372960309,1293.97277923327
"ENSMUSG00000031667",497.725426109709,388.593832799936,241.714205693403,270.890379219705,306.167964851268,250.037584750471,511.157905516007,891.667817596011,504.613022691245,384.833551528861,439.556422373671
"ENSMUSG00000031668",854.805380654576,803.842491263733,683.318073183341,836.901851199499,696.591136377079,768.814559319856,862.785750543785,717.92901346694,631.260893832507,716.745531381962,920.127405340224
"ENSMUSG00000031669",6.02951883542545,3.80268068701655,5.50830992290901,2.30012266178894,7.63021550147485,4.58395134225325,3.70456573429709,2.62568673372647,13.4708085789241,3.43750269442368,2.06745620084554
"ENSMUSG00000031671",201.042718002622,186.121564119134,163.177975487577,278.470532880149,178.992678561505,232.24483102116,174.52227420808,192.458530902883,201.853318324946,186.253402559341,189.648004683539
"ENSMUSG00000031672",1091.75181242813,1040.92337068809,1089.53842101127,1041.48813281129,1193.82866465217,1095.88597244419,921.82284363813,1096.71901881268,992.600070997113,934.589790467493,1245.22522675444
"ENSMUSG00000031673",580.680791974989,644.537244531312,616.092521744478,554.066743317448,568.743540778446,510.045623254271,639.865204093765,505.944461652434,669.819082909514,555.306083218349,628.579017618638
"ENSMUSG00000031681",290.153371231973,259.165506581679,333.479072662961,330.643271164671,517.802193141054,268.016792816212,335.493998851518,270.259174608865,241.416933230544,381.430825338075,272.254100761066
"ENSMUSG00000031682",0,0,0.869946198690462,0,0,1.27802456848747,0,0,0,3.81790507718741,1.14642690638016
"ENSMUSG00000031683",115.304341030806,143.676315819706,123.488750384494,118.723521322255,152.613212176759,131.991913440985,161.862243000701,135.529282529422,118.30498451559,106.976855322488,101.728909281033
"ENSMUSG00000031684",107.921099704019,104.900129178678,107.457396812449,99.627708894835,83.6662596944026,152.663776902198,132.146610546069,180.435480993252,118.67909983899,183.735992155313,114.469526006432
"ENSMUSG00000031688",0,0,0,0,0,0,0,0,0,0,0
"ENSMUSG00000031691",1203.82747547081,1053.74417253705,921.237584056202,1029.38057239489,1026.66865894529,991.01421554308,935.634748505595,1181.858778534,1009.99639111782,1025.55950900957,1198.417944231
"ENSMUSG00000031696",1699.43384123342,1332.61481402747,1716.06672261317,1733.20827387199,1565.34904040543,1301.05969468185,1461.1219594437,1733.72966513114,1811.40193703353,1662.55206983701,1683.39355334751
"ENSMUSG00000031697",87.4762307312529,69.9531618961287,86.6382100603326,52.2363392880021,73.749403323786,109.059715503454,76.3408615619992,83.5679632243662,73.2104586662176,107.176318681554,85.3459166204779
"ENSMUSG00000031698",1.4685017310214,1.14519638992438,1.8857461006955,0,2.00853950564724,0,2.17611307839142,1.05362675042808,3.22335721860968,2.99749510288213,1.94832439463195
"ENSMUSG00000031700",1450.02732986221,1546.85821696301,1284.83244634491,1189.93933914542,1148.01352753136,1575.65765893767,1430.45397864197,2068.48852359553,1535.30108936914,1375.64297246206,1532.84656771498
"ENSMUSG00000031701",1709.4373349913,1550.00086064868,1659.65224282542,1653.85141067687,1627.23702019238,1633.61042804839,1647.57821540718,1582.97390466015,1777.52234623981,1642.49548765631,1949.63335628651
"ENSMUSG00000031703",1296.15859671114,1323.4703797202,1392.61825027551,1329.73710637698,1315.89290779551,1258.50896127222,1325.42770834892,1498.20151929831,1323.49282507662,1303.31818175134,1153.73819526525
"ENSMUSG00000031706",330.77286560805,463.964727187104,414.130811757478,398.240044200188,560.990222167565,538.461522491482,408.929073197571,551.056403832814,365.759044122079,592.60952229567,339.91148468774
"ENSMUSG00000031708",2809.33563464174,3696.79218865608,3095.97186826018,3329.71557710517,3107.5918179233,3336.8375200307,3397.4206192452,3133.81564394517,3034.17896910904,2628.20776072667,2827.25114991378
"ENSMUSG00000031709",178.389513665314,188.745752037831,235.414004327508,237.452113245489,232.8660889047,218.352156574053,246.420849276805,265.626189497481,179.80611518616,365.118929748929,106.417269431532
"ENSMUSG00000031710",1.36994450601603,4.26754128733369,1.76878299128401,2.18966832198707,33.8374482558084,1.27986351371302,1.02463122550366,32.7123330202829,2.82767025248244,37.9158393570861,3.45217653026477
"ENSMUSG00000031711",445.025628710727,406.297077280304,391.458551925782,429.160477620536,354.727251692234,417.556237770334,376.179017436985,352.72608637749,373.199173436895,356.845136500304,430.204836353378
"ENSMUSG00000031712",34.4828665297042,70.3142858557904,31.4371783283521,120.877032161576,35.5785623460286,53.7712077875515,63.4962248654626,149.662399530867,30.3936910466361,99.4280436900784,39.4404469398731
"ENSMUSG00000031714",231.216954056894,207.755622944498,284.589862814987,277.597828007544,320.34595004919,219.226765853807,250.874775685882,296.119581901474,294.66038133379,321.129549879236,264.731311893425
"ENSMUSG00000031715",1308.75916939781,1152.23615237488,1263.34202380026,1272.67253065944,1121.79164058151,1135.77142644273,1236.99537205881,1074.9905662064,1468.17710994693,1137.8224736008,1483.89230718446
"ENSMUSG00000031722",180.357122647638,174.489889380442,316.143005337648,380.625938639361,473.357796267038,420.400831580193,301.078922463296,275.431061173928,216.416753304504,263.553317678176,340.686396763919
"ENSMUSG00000031723",31.4310494030919,43.4070886070334,49.0743842328429,39.9761955414315,37.7413941149245,29.6507679403949,32.585871511554,36.9535209522185,32.2560685320687,23.2148961051806,45.6360029911274
"ENSMUSG00000031725",140.046442580752,104.171691782458,95.7577220776223,212.966438640291,140.558921453379,122.450344688609,128.345775615558,98.891060737384,127.945820062103,133.091155390407,153.667749949273
"ENSMUSG00000031727",0,0,0,0,0,0,0,0,0,0,0
"ENSMUSG00000031728",296.056446347121,430.335660085925,377.598004946563,355.627888787115,308.785144892795,373.836872012828,459.43913050189,363.816561722676,357.412837313608,388.162149033452,271.335578307529
"ENSMUSG00000031729",687.336999573363,740.875107273206,728.035667037701,600.81962433199,725.457362729285,620.50918230591,720.07318511381,740.132659292759,825.084659432697,826.294335717986,735.631163904495
"ENSMUSG00000031730",382.933646944519,701.407243885519,555.607431307019,718.056651319531,462.999974408545,939.857539384075,517.884637108537,909.361084920985,772.836554872757,565.750689189309,618.18477772895
"ENSMUSG00000031731",441.739348880857,606.166276768822,587.473457120704,743.579754277214,746.80287815668,560.389416969572,474.986926544734,399.603841378657,691.103101793651,473.935399712793,548.420296087905
"ENSMUSG00000031732",129.298219728525,94.6281054684549,113.082000078504,81.0622990597444,122.628113677603,63.4930535654146,113.450028265397,112.115518602437,127.107116321146,151.093755663254,102.323726342246
"ENSMUSG00000031734",826.186806614206,571.017657046164,1054.43078399732,638.093928509403,884.754266288933,528.628418715951,928.405939179643,709.891630503715,812.829241526803,1058.27202244831,709.218313516393
"ENSMUSG00000031737",861.233959908024,705.411430332037,1235.09448357082,678.603061434153,719.638762376058,660.436941337577,1243.34785059219,896.485572924594,805.914264256003,1208.69743968007,654.974205685656
"ENSMUSG00000031738",0,0,0,0,0,0,0,0,0,0,1.14045445258444
"ENSMUSG00000031740",339.346948928419,284.139244587119,290.056692432647,184.301389604877,337.924903052718,241.20603958226,188.6053444556,235.805920543649,331.961166406751,199.976472376053,350.443277096804
"ENSMUSG00000031748",13.6749800661075,9.45711718168968,22.6999858631662,42.1837843998084,3.39052646590114,13.4995530711829,4.10400080833536,6.38336629764002,6.07519366253754,5.3064737950716,12.0252648875815
"ENSMUSG00000031749",53.9994279197784,39.8628486128241,48.5582673485195,29.5281737173295,47.6502402963607,31.056031619038,27.7533447104507,48.167662369688,39.4974672113438,34.0222063608642,33.1449770484054
"ENSMUSG00000031750",26.0041005656005,39.2543801899808,35.938134906579,30.9359703127306,35.956051092984,31.308726927587,27.7882375293073,34.4839473654505,37.7917287221466,30.5690189300866,26.5904153265737
"ENSMUSG00000031751",1348.99318695265,1304.8334755206,1354.35797443614,1357.72395143352,1411.3543476057,1281.66112053898,1166.07871484537,1412.52452290676,1317.28581848591,1340.54000633935,1521.78718092036
"ENSMUSG00000031753",1109.41459427467,1148.34636056774,1034.80837074671,1296.95154962397,1009.23894323126,1156.22304541462,1051.22711961635,1281.01657423006,1080.22870625928,1079.33763238892,1081.1966052491
"ENSMUSG00000031754",187.689002271548,156.43264852511,215.718542267972,196.330881522686,199.773472293989,147.656015563037,217.293090992059,220.201784916795,184.902767091962,186.834828919531,173.593829126748
"ENSMUSG00000031755",81.3593857985395,97.9723444866125,107.327078151252,80.8100665671872,113.967456410672,103.477477770339,97.571224519174,99.9109495153697,89.43637318539,100.827530035275,73.255599589917
"ENSMUSG00000031756",9.5611063737113,15.2648017840191,7.76431253361653,6.75905706092926,6.49468981784825,40.0138098426895,15.4123911807499,5.17169769931239,4.91412942876911,3.82845982706292,11.0740863155902
"ENSMUSG00000031757",0,0,0,0,1.05095675570363,0,0,0,0,0,0
"ENSMUSG00000031758",156.527201485682,147.109094281285,157.693569998975,187.365763734368,119.864889534237,139.112026292708,126.143252581375,182.740336893872,135.568602168509,140.879684914978,163.202606596698
"ENSMUSG00000031760",0.712685887307626,1.07333599127878,0,1.08221219002563,1.08560576717646,1.27324579405721,0,0,0,0.895590780852426,0
"ENSMUSG00000031762",1345.19630228735,753.858908963424,1342.75603989381,1351.57824097536,3327.34169968297,453.775021219065,694.996946333425,757.253016605171,1218.20659259684,2728.8077663588,254.149286552562
"ENSMUSG00000031765",2098.66345516734,1513.85699612535,2785.02327808161,2338.64872308133,4138.76614085372,1060.02436622729,1724.27549632835,1551.85053813722,2628.72152176201,3812.68868242129,1027.97138931997
"ENSMUSG00000031766",0.706221004227415,1.05572782837128,0,0,0,0,0,0,0,0,0
"ENSMUSG00000031767",274.381519097323,284.894404502021,303.704367796266,162.909526891186,175.363936356213,152.226683807885,308.779804839444,206.359697788637,317.002462662944,378.053893292959,181.460355509859
"ENSMUSG00000031770",313.000551078688,404.714202255754,218.781166900443,328.180810878818,263.799301905532,398.64605404336,258.262052996486,273.874290285101,257.19071550966,232.528697248716,255.766924116182
"ENSMUSG00000031772",1.38162137125105,2.15895568647377,0.88809846988086,0,1.05316822524615,1.28073159356824,0,2.97438735281566,2.83255350210263,1.87874603149096,0
"ENSMUSG00000031774",336.963717669866,367.143135678027,351.350118070739,282.564263423979,371.05252098336,327.337581593564,358.038574726789,337.23650014896,352.743207657736,338.946416857428,335.192131798958
"ENSMUSG00000031775",3.7099533639615,3.0960375163733,1.40113981375022,3.52436871181272,0,3.10402997474706,4.15050520602834,2.33953439462479,5.92539957085938,2.30520456541455,0.924139027987673
"ENSMUSG00000031776",106.664572602114,123.215655253752,107.308246646751,100.946159376317,116.256309637156,109.388666029426,96.7505480901211,125.866946250278,126.160121697058,119.423219965745,121.28643457921
"ENSMUSG00000031778",76.3427005498767,59.048741301547,185.382402505592,48.4106660064366,207.776195752545,49.6277705156037,81.5567828509023,60.2861671998173,107.479295033821,98.1065378974371,115.941997097307
"ENSMUSG00000031779",4.88821809444074,14.2189248668531,0.899502677708698,0,0,14.2722567575246,0,0.986392824114528,0,8.08070325799413,0
"ENSMUSG00000031780",0.688212975281124,0,0.899719001522169,0,0,1.29778992098753,0,1.98024603132507,1.8887879902769,1.84097497441377,0
"ENSMUSG00000031781",355.541061579813,417.9987659432,339.788928454635,396.419075972376,344.954007743127,425.750475608694,329.550956809655,340.515620253179,413.905008662486,358.863584937641,542.029401243501
"ENSMUSG00000031782",774.16996340111,854.580055277418,846.324705479953,1081.82011117688,667.058112453557,1094.35624246138,852.613100121658,1009.68756895178,940.016767439376,903.109773849148,1027.63230056623
"ENSMUSG00000031783",551.839563741198,674.645546580204,655.78960062313,723.47476770916,583.048748345056,646.962159340884,600.638568276018,759.925145024573,692.409686216078,688.926601384641,728.460544066354
"ENSMUSG00000031785",3143.96931968568,2566.93783885701,3094.59975486181,2726.00165604171,2791.74350891743,1960.10639191586,2253.87362116284,2892.28028641079,2304.23345225376,2015.65743585284,3070.62975021256
"ENSMUSG00000031786",0,0,0,1.09016708273636,0,0,0,0,0,0.936371369202707,1.13983317765419
"ENSMUSG00000031787",135.182172538136,92.5642045298814,177.287156650443,192.428673382387,118.35274704134,334.646306558185,128.807667861837,122.273662507679,70.9216394202993,141.896631469236,229.579488809443
"ENSMUSG00000031788",135.187424354278,104.334769038271,202.698392641089,187.701893098008,90.222730618446,122.813699441854,108.683747444062,154.113530993734,144.994597145109,151.704954703866,170.899730409938
"ENSMUSG00000031789",5.60023563456711,10.57141329987,6.71847726116636,16.0022486333957,10.6815976490066,3.23379233975166,10.2958062158958,11.071659102387,14.7370391147159,12.0666595757164,8.64255222529381
"ENSMUSG00000031790",217.571741343559,207.886362424676,262.838814413133,149.99791829981,282.629790861079,141.074423512626,192.547372187525,271.572061606152,298.994782183995,260.45959584463,173.530325636928
"ENSMUSG00000031791",182.172145589525,25.9892325510581,62.3498086552852,61.4664807390214,77.5900291218018,35.6471405259316,48.2571668031743,42.6648418948242,37.1078273581362,46.9825624854688,35.7584407471575
"ENSMUSG00000031792",118.028986678762,124.276733412889,119.822512377539,109.159618266234,122.509151156231,95.579218352984,127.463024227396,93.1523364335467,287.919691879429,122.30045352809,85.196389228659
"ENSMUSG00000031796",200.888780454273,117.415916577411,230.123459826028,277.829013889657,195.43433289623,144.615877654831,243.992017779767,140.204734498381,255.900701526659,243.526150928974,140.596511032746
"ENSMUSG00000031799",319.537065648604,286.318935395393,287.843103767138,291.242182068139,401.457559877949,233.649672506655,274.059922064311,264.866663217118,269.81832604445,356.382804833872,399.771535389417
"ENSMUSG00000031803",364.597461081326,295.51653379426,310.88778333763,629.19827943727,329.463599757283,591.338008387612,272.556486626624,442.659396590193,316.796646322473,651.017735170506,290.6204161939
"ENSMUSG00000031805",1166.14198434068,1174.73561770595,873.398731505965,963.928910908211,954.101989204403,1247.31592257242,821.411947155537,950.638835235332,780.280440318055,1089.51368189635,822.234464795837
"ENSMUSG00000031807",831.271815400807,992.468039226151,949.152633560789,1209.02768599102,944.602494791642,1057.21809771589,1004.34635971046,1060.41695698935,905.743909488103,1045.7031069172,876.494904422753
"ENSMUSG00000031808",2876.08380674837,2322.66951811088,3112.51903637557,2907.8844494985,3387.71821394791,2519.40139748497,2550.66529017567,2857.89382823992,3650.4424160525,4788.25804336787,2725.18670946407
"ENSMUSG00000031809",0,1.08064173486522,0,0,0,0,0,0,0,0,0
"ENSMUSG00000031812",1268.43278691026,1397.36384468071,1374.3613974377,1981.00894897493,1464.15596897255,1545.47273674018,1387.5087116627,1460.74168599861,1514.38214281368,1650.64657785886,1415.48735548813
"ENSMUSG00000031813",602.072946356848,764.824276325306,618.808732599211,754.423700807754,526.506021679416,726.387126598661,748.651107491658,741.163626475501,600.506638506742,706.717665852415,646.472693444055
"ENSMUSG00000031816",324.490962020385,975.81140911505,291.458344693859,207.856443615286,216.084102429968,410.586567568206,164.982507364809,93.3933528912926,216.829472733866,304.662635374509,229.282087924898
"ENSMUSG00000031818",4259.66792324,5476.94797149711,4753.01024636701,4885.13975493831,4531.17788192665,5142.15238040049,5305.63894783101,5327.35799536737,4603.97549879867,4422.05837840554,4531.121189564
"ENSMUSG00000031819",162.756252407086,127.490162344722,151.320523083858,168.312394718338,125.569970429581,184.81558448366,166.441525469243,125.65229966125,139.406385033717,129.904004565008,130.561444765836
"ENSMUSG00000031820",615.164670294867,748.001604799957,657.426513405017,743.343913772734,717.363095956104,768.074574834755,738.774214301377,778.662834839678,661.050024366441,706.946662934913,819.467316454014
"ENSMUSG00000031821",28.0782330577271,22.443845115026,21.0565758534242,16.5110510614927,16.0536600206109,22.0592430422451,22.8971632104265,12.635598534318,18.5803777945117,6.73467521911196,19.6205594708736
"ENSMUSG00000031822",866.044118790893,1141.74735530321,1248.86683722479,1567.84780958914,1240.17743061969,828.316831960722,1283.33406743957,1320.89420231339,1434.69177259704,1361.52086660696,1486.23341506531
"ENSMUSG00000031823",257.193120659945,244.627067116438,236.164334447358,227.078139725161,261.528248378621,282.390952008973,280.960521276514,185.023735298614,246.297239206844,289.576943360803,276.154527184445
"ENSMUSG00000031824",136.906518194992,157.388465026865,250.034114869868,395.115647456645,122.916436096174,273.176319526951,263.205646423083,217.878802270753,234.668813788204,238.819568038002,297.772608092878
"ENSMUSG00000031825",76.1544627847118,63.5364208292239,46.9143670598368,56.8117821601186,95.3651905650333,64.2322603010597,50.1984007847275,64.1484833917529,55.7227173630201,47.0460674890179,56.0734006827539
"ENSMUSG00000031826",844.374258586202,707.653234627276,710.441575649497,710.352474643844,710.494857848787,809.391927394411,759.544092817839,865.695270892267,746.915170996538,758.638279847511,1180.56526554912
"ENSMUSG00000031827",653.151959765037,686.133962407228,886.103237038491,707.710678965415,911.126231799374,608.753919772927,753.056619382783,498.887422434169,747.020886547771,770.453361224941,547.876892942161
"ENSMUSG00000031828",115.157553263079,136.313014527742,107.497533028806,79.3179645030598,120.208461918677,125.465639406286,87.1153730270822,115.141789152518,144.298992690068,101.309062282997,92.5562467947143
"ENSMUSG00000031831",0,0,1.77277487277663,0,0,0,1.02543543278617,0,0,1.87589077182737,0
"ENSMUSG00000031832",200.193418920194,200.291949086518,190.626597400357,211.952250023485,169.897769619673,191.746879926559,166.240615764232,162.611801537308,208.195415420959,169.037585914147,206.069927304571
"ENSMUSG00000031833",341.897763391661,452.176479559981,350.952296418623,511.685971374635,377.557447342916,495.308854910455,408.915919456931,522.961074845414,386.166929739403,461.460739212636,375.308561189661
"ENSMUSG00000031834",656.379032200605,677.906152062374,772.656314348591,730.642403158929,630.642614031035,814.211906096941,555.787851435611,666.549590111142,677.345611660644,749.784665585804,874.586679028232
"ENSMUSG00000031835",1105.12702544211,1179.04882382405,1244.79161118453,1175.04856251916,1254.86186194219,1261.88739430428,1047.78397596091,1175.49967105841,1197.24691848539,1202.07879967737,1100.23545120212
"ENSMUSG00000031837",0,4.30855640068249,1.76868444126711,1.0899474608171,0,2.56919551666332,0,0,0,0.941760529521196,0
"ENSMUSG00000031839",248.553931336192,295.931659648456,247.780840069232,254.054527601334,250.631064500675,220.041708640842,273.43587304785,252.126061532632,242.360333517258,232.316783336417,214.15629072011
"ENSMUSG00000031840",296.667064659904,465.319690649015,575.884370732622,616.14415118029,269.652298836139,440.933325201509,386.283290351133,485.994857372741,492.627160700261,611.81233466679,399.548753996075
"ENSMUSG00000031841",298.74969203333,245.005786881835,361.612881073332,334.893042938112,400.111106195108,302.677960799761,352.704737589341,434.369436801937,389.63919087671,374.033780081257,363.635644754876
"ENSMUSG00000031842",137.677572319341,124.34003686548,223.534890226091,107.826371263994,183.549369623873,127.827328418122,163.151943022183,81.4958754341862,209.847048280956,113.140529765594,218.562135604608
"ENSMUSG00000031843",76.5268648630888,58.3675369922502,39.4870009635016,46.4465429449914,50.4151857720101,52.7548321751039,77.814355089849,50.6882675705119,58.2596000898933,36.7295555395431,68.6765744133961
"ENSMUSG00000031844",1.00261689577026,0,0.644435044371553,7.78909011649866,3.07816517596208,0.929609222808684,0,0,0,0,0
"ENSMUSG00000031845",0,0,0.862508963017046,0,1.02590827421089,2.48322787268801,2.18773149123981,2.89994409401907,1.83967014515423,0,1.23027379805932
"ENSMUSG00000031847",35.6751304408966,23.7320329797602,28.298633746821,19.6548819419557,16.9583388085842,24.5255319902671,13.3463111764548,20.6483781248924,20.7024864559768,28.2642292242265,15.9996947754397
"ENSMUSG00000031848",214.896596532784,365.055155602982,293.999360234371,315.791081740142,247.864001558241,371.577236268281,397.488294887795,312.524759190933,261.613727010902,360.266850780461,280.159819827541
"ENSMUSG00000031849",3.65178508342455,3.82300258884225,2.0872549115318,32.9361560748706,3.74010675411626,8.31394062226454,2.40956254831061,2.31732603891744,35.6475289177569,21.9971183621096,4.69220786379642
"ENSMUSG00000031851",140.32516472158,199.783649570666,196.183342141864,202.157769217586,168.638005470856,210.647664482234,139.216812654386,195.950479248735,189.908768491219,172.339948861658,172.449042845731
"ENSMUSG00000031853",101.498837911732,122.862403391025,101.864347741531,130.179190907491,89.0381872893556,132.838531707748,135.788693858443,142.915154634583,99.3178650033262,140.964033908139,136.942008326374
"ENSMUSG00000031858",719.428009582669,740.5640976051,885.117835949211,790.943922410301,914.704682128873,802.836321500993,704.575425531547,838.73417373489,731.291166423263,741.434626966382,739.18684850827
"ENSMUSG00000031860",0.74008306811938,13.4829287001413,0,1.18895404370028,0,0,0,0,0,1.53878734561721,0
"ENSMUSG00000031861",33.6142390426909,27.304518660134,37.4767232997029,35.0732687556884,48.8917307256671,33.6883711170417,28.8369463317066,42.9912294519095,34.7830858769612,57.0613453970024,36.878522844713
"ENSMUSG00000031862",1681.46982988896,1807.59674901334,1517.63120416662,1767.94966367035,1506.94796419208,2191.49130877032,1826.52674030686,2068.53954239715,1568.21858962133,1811.14051312228,2045.7687025287
"ENSMUSG00000031864",363.00033120865,283.344204239892,325.009771460407,213.36320315723,304.659906099835,296.465004210583,371.577556141378,277.389184771577,371.414666502379,197.969835785317,451.132416233558
"ENSMUSG00000031865",1817.40225025325,1840.32095376398,1897.56081119647,1866.50008613527,1884.0628987606,1966.19533961975,1788.47422382336,1971.70050781918,1767.06153081448,1872.3288318445,2041.27730924859
"ENSMUSG00000031870",2.8564354642773,4.51413027657099,9.373478235742,3.3902983594152,11.1913348460079,0,5.04049672734795,4.11646130620141,9.83390510787092,1.95710661395011,3.56265561709497
"ENSMUSG00000031871",516.641321756181,508.754258339952,656.551643990863,513.68327423897,871.511665419139,635.684735368963,662.452507620773,904.131035501935,731.808399544047,833.123527708103,828.15483613357
"ENSMUSG00000031872",0,0,0.888711478704946,0,0,0,0,0,0,0,0
"ENSMUSG00000031875",200.813761388173,270.43620938995,237.454054536536,408.020014557407,187.614956340103,254.4520228281,231.72433772054,319.531206968847,300.779498450144,341.01715160305,193.476222043419
"ENSMUSG00000031876",0,2.15766287260572,0,0,0,0,6.20319794013311,2.9557300768193,0,0,0
"ENSMUSG00000031877",19.9657095026906,19.390167263652,5.31377309041389,4.36670810533155,27.4801559478384,29.5352596416341,6.15694590264253,2.96176393686282,12.2437973521718,12.2404311695258,3.43124168062346
"ENSMUSG00000031878",458.671889355808,396.146040554945,481.722789609622,384.487308745872,459.016052656652,383.984255756101,424.999133995744,429.832335471653,486.03428970393,494.190909780964,378.975068881468
"ENSMUSG00000031879",183.745507370651,177.329307197205,168.529279558412,143.497046949903,177.469035396,227.087146352465,178.456176111103,187.240889893836,174.353180583784,172.579510213202,143.395973304032
"ENSMUSG00000031880",43.0054480745601,14.7936150943967,8.51066925162655,5.99548569933247,10.2609731863281,21.9968867225515,21.8703078325502,4.71523246384944,5.16258301364254,37.7091359150998,3.93976883200067
"ENSMUSG00000031881",0,0,0,0,0,0,0,0,0,0,0
"ENSMUSG00000031883",10.9448405512846,13.9800028327148,16.6076921278066,19.56843518651,25.0720338957123,24.3179523506483,18.4761715268158,27.5350614110799,15.8251731207787,22.1556505372003,11.8638479994002
"ENSMUSG00000031885",109.909072152198,85.5046515299748,98.3208603933057,83.2621974704061,110.47021847391,85.2690700169533,92.4065584000163,72.8679765935939,99.9506717352729,113.940322100687,82.5467013806152
"ENSMUSG00000031886",0.688880012234585,2.14656696416356,1.77310588267848,2.18491888445512,1.05587434994903,5.12557193878156,0,1.98534739271344,1.89013903230622,8.47479276254279,0
"ENSMUSG00000031887",250.459510456642,305.187670722575,284.540486499095,230.531610569292,258.421186909742,259.200916981423,257.961308577085,221.69877638673,236.8353768247,304.562548481014,242.601728191532
"ENSMUSG00000031889",168.485861190165,147.096742344302,207.872803239838,227.443414463422,305.242231149349,167.921201025045,266.994987554088,240.173577855075,187.214193313162,285.555929097745,231.516569010303
"ENSMUSG00000031891",4.10463125162934,2.16043775338125,2.65416957654509,1.09299736674732,0,1.29313154797259,0,2.95701852969569,1.88652218679605,3.77872947995727,1.14434805893402
"ENSMUSG00000031893",0,1.07535164481814,0,1.09104497133348,1.05470715441005,0,0,0,0,0,0
"ENSMUSG00000031896",2.05067691619879,0,0.881580308616893,1.09392538145722,1.06420627032225,7.7563392746759,1.03265527093797,0.975319497041433,1.86812586835015,1.90210713611876,0
"ENSMUSG00000031897",388.737507383253,487.287670561618,268.778182720172,313.893554156113,238.832707442199,344.283214969875,298.184280181257,213.282874112983,264.343253622842,383.020953914026,300.283819481238
"ENSMUSG00000031898",0.689881900266029,0,0.885419701259684,0,0,1.28283738358186,0,0,0,0,1.14396398681654
"ENSMUSG00000031901",116.382591314444,157.544740170744,113.102707039709,101.907151619133,119.062040524082,165.384574266877,114.568852197862,116.314562530342,121.256438497976,114.971435203781,123.725405974504
"ENSMUSG00000031902",423.098839576092,352.972514895788,355.695868766949,429.045694847239,279.347574322408,256.936433717006,361.618532801151,319.0523761572,432.85598337193,350.080254405388,414.233915335709
"ENSMUSG00000031903",426.088931951956,286.847661365072,305.666835458745,303.904920769438,452.288832374207,292.422636044843,295.299200820035,308.537377452337,365.323439760143,311.519643156196,328.489732620846
"ENSMUSG00000031904",175.627272713269,164.74550410417,179.351356291212,206.675370996346,241.929658218175,303.52730047965,159.945363243326,169.784188904996,268.819672170083,183.215850686874,198.019754636382
"ENSMUSG00000031906",4.14214706741436,1.0812961035341,0,6.52500499999732,6.37135011157245,8.97429854167982,4.09182362245607,1.96787178619544,0,0.935843787691997,3.425003095559
"ENSMUSG00000031907",23.0654041606362,68.2296078856864,120.69871585548,119.728521388596,102.367515048516,29.7137548440839,26.6134587063579,15.0144404343618,55.1481806025056,57.0449414277401,30.0762216130017
"ENSMUSG00000031910",3.41444724986868,1.77721390653671,2.19541958003537,1.80239706321608,4.97918158164526,2.12413874816846,4.22381264543116,3.27139445473891,3.1222744750003,2.22483111515251,5.67099255213912
"ENSMUSG00000031913",739.2864861127,665.190724963197,726.616051478179,762.404537151029,771.738174112637,757.963006676115,764.144003378881,719.768133408874,691.141128767186,677.464126719278,745.435840300798
"ENSMUSG00000031916",579.907850666906,492.074522497542,468.63693311937,619.661225681025,356.66374130074,621.312707502526,508.496112997323,555.346967676127,589.206115461689,584.159160206427,655.538783660729
"ENSMUSG00000031917",124.240566702338,103.434701313688,114.241534138932,121.801993337387,99.504037346677,119.77935397334,91.4180148919356,96.3214186120294,118.114555268952,119.022081148182,128.637893444082
"ENSMUSG00000031918",876.42812857795,960.230982730258,747.341157658836,824.405280572053,892.371155203392,950.168009236664,878.661751511338,1188.66464613784,1081.53997402859,937.454177161292,765.144961607304
"ENSMUSG00000031919",0,0,0,0,1.06367264092587,1.27723612464245,0,0.984330905308925,0,0,0
"ENSMUSG00000031921",297.053002174858,336.783496722459,318.127360764555,284.923869655631,279.908276019578,300.179716500775,283.729256415869,273.017821741939,355.37694690151,284.224336878617,341.993037941439
"ENSMUSG00000031922",256.66658639582,320.058978139,326.122350572075,267.807877732101,245.187514962842,279.843857731165,308.602984455143,290.272551458406,341.784977449429,338.708387966162,245.712878879667
"ENSMUSG00000031924",720.777637999715,813.930944736145,784.605761728531,739.03203728661,694.131632880079,845.823215500541,880.903245492909,737.578792153883,636.962468328002,667.58573121114,795.442340798096
"ENSMUSG00000031925",128.198419472852,205.948031459226,154.923700940119,161.800673790786,186.831604896204,115.501816248883,207.552303921888,181.606466392396,169.652489200478,148.675639518489,160.969240883589
"ENSMUSG00000031927",0,0,0,0,0,0,0,0,0,0,0
"ENSMUSG00000031928",144.009317912435,195.676443522333,59.3470600105412,57.2432632076568,69.7662896347407,204.853322891033,378.753026944844,56.430172625514,164.61796593264,62.5298162738526,70.9525256321114
"ENSMUSG00000031930",483.176384286152,540.797935987025,652.272967215741,506.864787273892,556.977038763349,519.312712848122,520.494650773879,588.808214391445,621.121468083716,550.404697138893,461.000091532345
"ENSMUSG00000031931",78.4733084650091,60.6629120455822,61.5610886760337,67.3174686041737,57.5151439257438,70.606111985786,66.1680180491536,72.3146923603692,64.9129888676033,63.5426939901969,79.4395232875492
"ENSMUSG00000031932",0.699267500546717,2.21104903927098,0,0,0,2.32173310280584,2.11745468633366,3.06883655949666,0,0,0
"ENSMUSG00000031933",4.69733712382926,38.0329940475236,2.41311176973093,0,0,38.5636658335977,0,1.34347395678186,0,6.37355257230445,0
"ENSMUSG00000031934",134.970337188791,139.438713465782,114.850269592292,113.945981400873,160.94235765313,192.575005368567,126.345939255356,119.285525692175,118.224662055668,92.9296037093718,111.509328126136
"ENSMUSG00000031935",345.450783867515,395.999755239817,368.205290859732,396.910783938727,325.869724773124,397.104262323538,454.831167982642,393.419603266596,422.222408583974,344.015416629036,405.357790217968
"ENSMUSG00000031936",1163.08430721108,1417.25797169454,888.107377987867,1511.39660867077,858.98303585079,999.274325860523,939.825365632357,1738.06888082009,1228.41891424803,1090.6061132252,1212.62467031539
"ENSMUSG00000031937",30.615356158147,62.657676635705,41.2702193096557,62.999979782805,37.2853846701173,52.9381943760918,58.0235754619449,83.5058709392712,87.777790317928,44.2953929024842,61.3676827221701
"ENSMUSG00000031938",1766.13045562566,1678.52057566737,1647.198871019,1776.74726816724,1603.72301353905,1160.24619026294,1919.6147657768,1929.08751354506,2066.92947947277,1827.6128121452,1301.16380084504
"ENSMUSG00000031939",812.545290676183,639.024454868586,917.109558625223,1190.16597166614,904.707891019126,881.641049919864,854.774033188786,888.227755286945,1228.9132693777,715.892568445923,1116.88186905719
"ENSMUSG00000031948",1344.55745995857,1297.69920613171,1203.5805590497,1315.00495105736,1051.5131340165,1319.36437793078,1154.70161604123,1740.88639406937,1062.66629390608,1245.27066904575,1482.19356429301
"ENSMUSG00000031949",80.4142541618142,89.2504707281242,63.7491095157424,31.2594571181506,43.5964665150124,62.1626874863983,72.6041978892627,59.3580341529254,102.699677478296,47.3652813737549,71.2157488237582
"ENSMUSG00000031950",426.624315724633,472.450109482404,525.296831034453,480.196207518722,463.097277374669,431.835156620437,504.535302819181,479.300906629514,504.131495094372,469.239173542923,458.116898580384
"ENSMUSG00000031951",12.8200901368428,16.85602946943,8.34921662459658,15.5539583681179,12.0237437624079,26.5357299405322,14.5740183976247,19.6285058558224,8.02686818921098,17.9282309699915,11.9393426937788
"ENSMUSG00000031952",0,0,0,0,0,0,1.02797885926706,0,0.943538530449919,0,0
"ENSMUSG00000031953",33.3549095480677,30.8966905480008,30.699926977495,44.242250190289,49.8401677191896,27.2690373162814,56.5628712762682,49.4218933058419,44.3655174428542,59.5297176172101,29.1799421354803
"ENSMUSG00000031954",737.080877851853,624.568479375108,710.366931121975,739.887443274456,702.113104744564,716.540453497106,682.563870947846,653.920985542645,720.76597364214,688.84687871908,661.112865459584
"ENSMUSG00000031955",1010.37433485965,1119.52963571629,1196.28887293682,1422.07548220361,1199.36779989827,1211.70016907544,1115.86711751066,1381.56606690881,1127.21287603297,1339.45054049368,1219.59849416678
"ENSMUSG00000031957",0,0,0,0,0,2.5895952549918,0,0.985953681422796,0.943665924244845,0,0
"ENSMUSG00000031958",375.764860849742,247.833415259772,376.700999074383,321.156831350762,470.419234857363,397.509288447183,328.249738292865,311.039080548014,421.442271730574,368.161493814807,505.552730296733
"ENSMUSG00000031959",318.919139954348,280.906969243424,276.018399062027,325.744250845032,331.096342073562,305.339605737785,326.515115178484,376.796112171622,277.110966138488,329.196250938351,300.70526573779
"ENSMUSG00000031960",3022.43673624686,2716.08996760336,2770.90354668303,2883.20376506374,2395.24429406752,3399.02645583388,2832.28472411224,2657.11219421121,2164.19780573581,2047.50167687335,3292.72079729666
"ENSMUSG00000031962",11.7304982591943,0,0,3.25027772475198,3.189111252871,0,0,0,0.941196338078057,0,0
"ENSMUSG00000031963",36.6532152405843,29.4514975872136,24.3635236101276,20.309482286454,16.554833919102,11.2882948695677,28.5049271781742,16.5684184269271,18.5585105621151,18.4184098714141,13.4907496486545
"ENSMUSG00000031965",0,0,0,0,0,0,0,0,0,0,0
"ENSMUSG00000031966",3.92373464007898,2.08436888049572,1.70083723113763,2.10479404276101,6.04414414326285,0,1.99001502183179,0,2.11310165792742,0,1.29931011805731
"ENSMUSG00000031967",1277.8006687143,1400.54108634185,1347.2643860131,1334.77082165392,1305.72591716829,1314.37095347915,1329.92122192802,1437.35191750608,1272.0390882328,1294.96258661527,1354.85184735023
"ENSMUSG00000031969",513.788177893338,804.704347671129,661.805975075719,698.140907244528,686.686305715259,661.646686799391,640.048735319443,658.165281072533,684.434374116203,647.893356837071,727.706607883486
"ENSMUSG00000031970",0,0,0,0,0,0,0,0,0,0,0
"ENSMUSG00000031971",6.05939313207539,8.60197363107983,6.15337618659373,3.28581849559361,6.37365881338804,6.47088223035213,7.20028701783792,8.86434074972014,7.53399344235692,11.4192269908445,1.14944991558752
"ENSMUSG00000031972",10719.3714661603,53.4842378954512,227.605066951501,1083.61388690574,1979.63396803748,60.5643912020542,64.0064236967303,4.17151350292605,28.8283226139563,680.206625650897,31.1104616844559
"ENSMUSG00000031974",142.959079831226,159.287303067838,102.678970889464,116.468974729145,111.999740344506,193.936113685573,131.976444703802,172.801203201682,154.162120433381,106.813237623328,219.933191332665
"ENSMUSG00000031976",247.037809618442,177.711176337817,149.045834492132,190.570719274233,175.709500227741,177.961443948813,167.337525706708,157.859319375659,242.118093251758,192.803313964942,239.981332329216
"ENSMUSG00000031979",528.3498504298,674.707165417765,715.891831631428,785.306955194395,638.50553994494,629.923704444904,630.290079319763,675.229299481273,732.337105271072,659.599093942078,843.317981139795
"ENSMUSG00000031980",1497.38806352598,3531.77156158229,3553.25582604461,6985.98981867669,3743.96546449688,5703.35410488004,3529.77789597897,5198.87444851392,4985.24633568868,2022.10546800327,3667.42819260186
"ENSMUSG00000031981",2.74517008454768,2.15905515269198,0,1.09163182654876,1.05529881628054,0,0,0,0,0,1.1408254712506
"ENSMUSG00000031982",30.194487721244,44.2708468293329,29.3081890805543,70.3185145804916,26.0047064630741,49.3293643066162,40.8508244451144,60.9299506561603,28.3989507704657,35.5427934007622,43.4758592077984
"ENSMUSG00000031983",79.6466620658544,72.2410885208817,116.847575120918,89.3416826002326,171.87889363705,70.3592489727727,117.046323129843,123.967477048759,109.322882005591,122.097896984012,81.5012420633527
"ENSMUSG00000031984",198.424326209918,282.499887914534,228.467216266968,259.749786041718,237.612554732677,282.913549650595,281.248405960836,214.881942776162,225.670613285842,232.721206143814,237.08795901556
"ENSMUSG00000031985",638.187336902862,666.416705631618,697.525835019372,667.331479795935,752.060579014615,689.26537134329,691.954683128501,721.534093674857,675.886284828098,522.353911140184,739.040351779693
"ENSMUSG00000031986",168.660592868969,183.56735778163,188.658652963509,146.253479185402,184.743792213119,154.017188658355,242.361287673382,160.591217667751,179.525636526342,250.454242395665,213.062227346398
"ENSMUSG00000031987",345.392519476855,324.777871622977,329.412836181537,409.806138573525,284.468866783915,395.227219800248,351.44725832541,387.877261505571,332.759270362659,376.23007239367,377.730715446562
"ENSMUSG00000031988",430.721243239796,405.063150666498,492.439189037168,573.279835754403,442.070566321324,383.201004615563,464.364889199756,517.359324291973,466.863547949342,498.304793497504,474.248382156622
"ENSMUSG00000031990",35.5230589055607,62.0324663365391,29.176422279506,44.9501416759035,43.38090684266,60.1497271822375,38.0794098977015,54.3210542262861,41.3164264321679,55.1073743094199,39.0948171237827
"ENSMUSG00000031991",0,0,0,0,0,0,0,0,0,0,0
"ENSMUSG00000031993",349.742181609486,344.202908954527,298.93897751375,313.718050626153,268.902035551733,378.82708191351,283.287812163851,323.835282051629,399.635490759623,292.316934331993,391.642242373869
"ENSMUSG00000031994",4.13221399256706,2.16694415584205,2.65629973167154,1.08759456328013,3.1668901864224,7.74280018121043,0,3.95358781637304,0.946263803438236,2.80797732251407,3.41721267507787
"ENSMUSG00000031995",5944.40946535662,4205.27946682309,5469.22079559201,5615.72696312398,5966.01698804411,7595.94052765535,6912.03026968134,10961.2465738836,5025.61518974377,5943.20715167349,6169.7581004711
"ENSMUSG00000031996",1685.75795472774,1235.2677963771,1311.06359558055,1256.86381332504,1866.84828804942,1169.25332406997,1556.99874839455,1453.0581057759,1629.27534450206,1511.54366101639,1514.3795513972
"ENSMUSG00000031997",1.12142770100703,2.89333338253688,2.36613614430507,2.30002617051363,1.70823667231622,1.13079909668065,2.72531167896527,4.80784456725531,3.3172410729638,6.13193657833639,0
"ENSMUSG00000032000",698.27075192445,731.113051866071,739.882093300315,858.667027161733,958.355753217405,616.718524010061,558.431499627281,734.078316941092,629.676149767804,884.713271540815,483.95920970641
"ENSMUSG00000032002",614.69131765944,684.210077753859,626.203594091181,668.750258776205,626.556513565048,743.710016071555,693.180260400364,690.484546323498,600.810947291654,547.299441935348,635.711913883015
"ENSMUSG00000032006",62.0382918525059,38.8902276758004,33.2999072495716,71.178616897991,49.4272608583975,107.721522192557,49.94163998035,74.3931011948054,76.6812720434444,54.0702017037945,82.104491965425
"ENSMUSG00000032009",231.249164639979,277.081877537513,332.576136605043,306.872803236055,285.516157089859,166.939670839797,288.549585223947,236.278646461972,291.499858845892,289.713966680999,161.763238168002
"ENSMUSG00000032010",222.563049033218,186.457196729681,169.561771610098,382.357582900842,113.774041710448,200.360137626531,174.741511271821,204.953881218393,285.792732940954,214.571412971196,270.646688349975
"ENSMUSG00000032011",74.8000094190676,118.04196074384,56.9175301497402,32.0967152219109,86.0951836546811,91.0642776301113,24.0469297897935,69.0079918588302,51.8863570971949,60.7626644916325,41.8720141846711
"ENSMUSG00000032012",63.2038093152197,61.4089199843356,48.5072124247798,26.5684010634304,52.2821663554994,25.4660349515583,55.524831441338,46.2610741368089,46.1130554922165,94.8890048682984,19.4185709503136
"ENSMUSG00000032013",141.802783086638,136.91421205442,187.815922905614,116.793571924999,149.327743294935,86.2855413473416,134.106848936499,112.662381129189,137.997694974522,109.846689737307,150.947025864214
"ENSMUSG00000032014",85.1303474159153,74.3704171969259,128.18153669257,39.2565666062809,87.4757293315179,58.4841498272793,104.463229409384,60.1316898283217,66.2396963724674,36.930576284254,47.115983331613
"ENSMUSG00000032015",0.684123039599258,0,0,1.09132482221347,3.17414402396786,0,1.02462075801086,0,0,0,0
"ENSMUSG00000032017",0.685939080390774,0,0,0,0,0,0,0,0.949289168397774,0.939321124262148,0
"ENSMUSG00000032018",796.833379169383,728.111874553496,604.826182624609,453.200321972604,631.988757171706,544.375348677294,742.310422886262,499.380517564779,547.438032380709,680.060931354365,737.270154090761
"ENSMUSG00000032020",69.1152737236157,51.1519392000368,32.8901323143021,75.31097443156,39.2234681085296,32.4928560577443,34.1108599100142,17.2020774111329,46.9626471066407,49.8947207021017,43.4769137410789
"ENSMUSG00000032021",2.98300277236125,3.81591729542257,3.94605317922151,0,1.51494767828599,3.62975490454587,1.51061548866343,1.41950971043192,0,0.675804611121702,7.79989700466116
"ENSMUSG00000032023",0.691974803100422,2.15573352782532,0,3.27867721729321,0,0,0,0,0.943538268515623,0,0
"ENSMUSG00000032024",38.1928626828423,54.6788426442972,50.3837167477723,66.7841573554254,65.5610068014457,45.0984703055123,40.9947855844742,56.4148287221982,46.2654849834409,46.2876720386545,51.58758459405
"ENSMUSG00000032026",1739.51305473347,2070.79801359966,1782.79427727995,1954.98049886081,1547.06843210346,1484.43258449298,2023.91975350181,1891.4979164986,2020.47667186774,1955.68616180564,1954.03813456899
"ENSMUSG00000032028",3.39137488345504,3.25373599098379,5.30886940726701,1.09748679982225,3.13397700799715,7.73617379513618,2.06837464553974,7.88033392343302,0,0.948052969274188,4.54638126515629
"ENSMUSG00000032030",270.940674517373,179.960272545299,246.145688133474,222.21166655291,213.327376461767,160.417721820902,233.654225034684,184.700867534962,252.089271735333,210.708173882004,260.523039250033
"ENSMUSG00000032033",87.7195206524104,88.8587341074863,98.9903481388113,99.6667820398985,94.8104244483043,114.22636360152,101.847057362421,143.574755591559,83.6001551960389,131.001298193662,96.6434231305555
"ENSMUSG00000032034",0,0,0,0,0,0,0,0,0,0,0
"ENSMUSG00000032035",116.847557918654,242.274940706651,67.9591824263417,67.9186415859611,131.619180077819,213.687685922266,69.3047279618755,121.657861806869,83.4067462961112,142.362924215514,109.603007367795
"ENSMUSG00000032036",8.27273305795083,8.82624331015921,7.4611550097761,6.67507155692281,2.4722538855272,2.66616353541106,3.17314242513113,2.31012134550278,14.2484492185859,4.38279704108882,7.85777166347183
"ENSMUSG00000032038",92.1081181499391,144.644542108507,99.8606030251909,112.635858420552,111.466323830901,269.113714838679,90.2103070332575,256.331854020264,189.823905571141,77.5741019540739,138.309682308544
"ENSMUSG00000032040",235.466413704111,292.024686077957,206.361806683954,262.157631792006,314.044302216044,362.087449819106,241.499456689781,290.59570128077,293.606286612425,219.852826771343,215.929082825297
"ENSMUSG00000032041",99.0234862582627,37.8983345550839,55.2529960118999,73.5961638485475,96.4230689681656,88.4851933485589,75.5423611509033,77.0958813145341,89.7320569015749,64.2236140344886,104.439890930264
"ENSMUSG00000032042",3533.91459143655,3531.74002449338,3091.70194946732,4089.18565862443,3568.29753148377,4164.76161246946,3702.09963668477,4991.38152845633,3593.08493530126,3431.57786887102,4138.14494859357
"ENSMUSG00000032044",122.925725567464,89.1530361884406,107.625560362094,99.7749837969953,91.8812953125848,116.663524068355,100.605222025947,111.655604050036,96.2370878557243,100.200090090445,98.4099056728216
"ENSMUSG00000032046",491.478280169786,403.936336800229,451.443868999173,474.78555452709,379.850495418959,638.003609283234,401.360707697445,445.92396242186,386.315190515362,435.49111329129,386.597849430582
"ENSMUSG00000032047",1196.20366997933,1433.09360098631,1074.06268116119,1130.1976129439,1174.99064753287,1305.71220594813,1392.25917262293,1401.37916303696,1084.42918146939,1117.34977153527,1266.08073612011
"ENSMUSG00000032050",1005.40461578454,1000.09769616174,1060.61508422444,1025.69926109443,998.442347145967,845.324590651859,1144.58814183039,1137.43667267631,1026.85153344144,1052.50286047925,1194.24091111317
"ENSMUSG00000032051",254.868245589455,328.43737662647,260.927432623818,267.283121595811,257.455394345685,328.367496261641,282.186114491367,414.07434819587,448.27529622912,353.330311754824,299.058026905552
"ENSMUSG00000032053",48.7699031274019,83.087444147292,14.1099784328027,18.5179257341776,25.6944154199097,172.172830248106,17.4208951845212,19.4549120865401,23.294688581819,28.3686909651928,12.6451659827727
"ENSMUSG00000032056",0,0,0,0,0,0,0,0,0,0,0
"ENSMUSG00000032057",0.689939267648385,0,0,0,0,0,0,0,0,0,0
"ENSMUSG00000032058",253.614387538908,208.172813093102,239.140842624949,212.095440907655,280.177409788386,268.254008354202,345.133025638335,212.001329005587,288.513641862651,271.834604894987,296.688004549407
"ENSMUSG00000032059",848.355490636303,867.774461087467,1113.95418893084,867.885858979056,904.357937235478,657.385960784465,883.485514385805,838.787476763417,737.113097874285,709.907691565861,834.390598252597
"ENSMUSG00000032060",131.910609616086,59.0179658723195,71.0028981448043,75.1959429320605,152.451479650607,33.3273088012077,58.6796090753634,30.6859803090159,55.8635067254577,42.8114574327026,43.3764540743785
"ENSMUSG00000032062",73.2194489597241,63.5810602306721,106.281756352749,74.3903870930751,103.784552206922,41.4383642633398,90.0465808388003,46.5069460672406,60.9936440897881,93.2431037914643,43.4066536194857
"ENSMUSG00000032064",184.756909080664,247.031404542526,301.419306363354,259.203451731564,343.308298096561,341.101136376567,311.575340527242,427.893576998236,336.812672424654,443.120109676836,196.580320355771
"ENSMUSG00000032065",0,0,0,0,0,0,0,0,0,0,0
"ENSMUSG00000032066",4.09747690777138,8.62090398987066,8.84780086431134,14.2618565176274,4.23042527270445,2.55522481386154,5.18500100254073,8.83840782369335,9.33948090365923,3.80437729235091,5.72656263820288
"ENSMUSG00000032067",112.377218429091,147.320291286457,136.476840295693,153.085333840691,135.050369554878,131.904350734254,144.237150052748,176.327628865394,147.750075300197,129.801918092262,112.383364229404
"ENSMUSG00000032068",15410.956921434,11027.5090512896,19115.0291549958,13087.4095184826,17323.8647019478,10711.6888900279,15424.5006096165,10938.4692398482,13426.4531949514,17344.7150575444,14084.844659787
"ENSMUSG00000032076",123.211094030366,129.601431474798,159.575344533794,80.8979864805148,134.035511955616,69.2741745218587,125.651342528858,101.215618672325,129.082419452162,137.755861570043,132.710349169298
"ENSMUSG00000032077",153.367951692391,190.397228757256,122.315267423302,169.848163851879,163.166660399155,196.092268258261,152.64148269172,130.336586611559,127.713505649371,151.671019082307,120.530081941472
"ENSMUSG00000032078",421.989903091368,447.699665628666,406.08621929213,370.560963478663,488.184945038416,605.950182326202,427.131460903037,547.123243497243,575.196620371159,465.747825864359,534.355207685274
"ENSMUSG00000032079",0,0,0,0,0,0,0,0,0,0,0
"ENSMUSG00000032080",0.688211445354333,3.25006437560475,0,0,0,0,0,0,0,0,0
"ENSMUSG00000032081",3.44833239498068,5.61203103775725,1.53566030496254,4.44400920356597,6.64642978748535,2.26222192318684,7.33622456320628,4.15036881119349,2.41210462528989,2.50698059474748,2.04172920567033
"ENSMUSG00000032083",1.36863842020607,0,0,1.10395614152416,0,0,0,0.989186618075531,1.8907274401493,0,0
"ENSMUSG00000032085",2057.02072396547,2482.06404072777,2180.75325770801,1823.9373703874,2205.47035987583,1306.5544243258,2041.54401882672,1994.48138687944,2098.52311597528,1681.19639822019,1473.05756248089
"ENSMUSG00000032086",221.03146614583,168.940904434832,127.615816227544,134.056654162835,188.44943586269,109.272414938269,130.754354265467,128.728893587828,198.408292033213,119.751150581557,145.830678936894
"ENSMUSG00000032087",2.07537055755551,13.0048744965027,0,0,0,8.99208634037941,0,0,0,5.59287670591587,2.2738361635224
"ENSMUSG00000032089",103.235239059271,172.579138394914,100.58228503658,92.873761111458,115.66157153711,158.496847618233,94.9963834458171,98.0021781115357,96.2596511688883,126.974325551539,68.295521946808
"ENSMUSG00000032091",396.827846534013,384.195670485485,398.542721667707,394.315233208482,454.610613414699,305.421214591791,423.935536946193,395.773554683791,389.989618113113,450.432158596925,449.627104425937
"ENSMUSG00000032092",89.6706036393347,34.1147860096156,68.0801763038713,32.2370709874697,50.4610404492144,34.8294231145268,62.7066678388983,85.6483318734945,42.2650101591558,88.7863873932113,58.8760651860719
"ENSMUSG00000032093",22.8293854774126,52.9047385808267,7.03753221735573,4.40752565283832,2.13880425177027,30.7222043040633,16.5910225104603,4.9029190369865,3.724089849906,12.5289590790448,4.65053581176722
"ENSMUSG00000032094",25.9291438310141,127.99631555794,4.39258879461328,3.31089737611838,4.28149652479123,54.0291739134968,9.34975130893852,4.90240475078094,4.65476775488986,23.1637396986296,8.14611550187325
"ENSMUSG00000032096",2139.39472341699,1967.17552819009,1934.89178114217,2314.69864381171,1946.55076466818,2071.22715892138,2168.15108421573,2255.95239756782,2111.47857315378,1943.05105912925,2801.79125097168
"ENSMUSG00000032097",747.660714280397,600.882901122499,652.175259038187,704.576952924634,583.253238710068,349.878287343613,685.484999542367,539.003152898984,693.511965069194,668.840510755159,809.172173833243
"ENSMUSG00000032098",4.34915582026153,17.5826999939037,32.3782294277474,23.8635233895161,7.24527858426998,12.9162849299745,14.8767946403629,6.3127024456571,11.184358516867,3.41949737441563,12.0181495043795
"ENSMUSG00000032099",0,0,0,0,0,0,0,0,0,0,0
"ENSMUSG00000032101",0,1.08049086064505,0,0,0,1.28209123869074,0,0,0,0,0
"ENSMUSG00000032103",80.7690698779426,90.6384493213431,63.4083206167151,59.4895188821991,78.8570488081649,73.3221357847759,89.0899680403997,84.4709939627706,92.2038054101431,68.9469554739547,83.6136007210404
"ENSMUSG00000032105",14.5225439627152,15.1552621514845,10.6410059561144,19.5866494668478,18.0710130892991,8.99449478728516,11.282580453725,26.4742028201041,20.6875913295261,9.38790149258302,15.9822220617469
"ENSMUSG00000032108",1317.86855933535,1225.80456958078,662.915819667792,677.977469800204,658.825822642508,302.567596738773,454.300488502991,484.47924832519,618.307475566164,359.163772473271,486.179127018899
"ENSMUSG00000032109",766.791534888131,752.274978616642,663.170735712917,632.310925176508,558.294862769687,763.369458667748,693.000348761031,933.554863148314,549.889231695766,606.671247503597,515.269603623733
"ENSMUSG00000032110",12.9498309677321,14.9602130181051,7.94940536304667,15.3769895631679,11.6368236341282,6.38341263909113,12.4129856789734,21.642013119332,14.0128424155475,9.58139254827021,13.8059822167892
"ENSMUSG00000032112",339.90258676605,373.439653087528,325.637954511646,347.706914722534,311.831696503234,317.972034910938,360.715740000741,300.05795261504,320.647036201262,313.160129168615,310.611682546154
"ENSMUSG00000032113",47.6760596500623,170.309049230666,38.2997300558426,66.4771335158559,168.687712614209,52.7005608998793,22.7093958447458,225.395695205652,125.356626139727,119.543459992347,216.13572021042
"ENSMUSG00000032114",147.408518305618,202.178034772419,166.733564564651,175.924490290094,182.529711340053,158.124154364616,157.53275998831,165.977281527554,83.0993209874309,221.775207505249,213.698678315805
"ENSMUSG00000032115",1507.52413457401,1374.77580078389,775.049699969479,1043.30453884685,867.694911872102,1340.2557128311,1213.52456197101,1050.33022989045,772.154631981882,704.387753922284,1283.872225086
"ENSMUSG00000032116",2116.54096324336,2208.94394120816,1647.26023338536,2006.42971904595,1672.79766109169,2058.15550487408,2133.44142979152,1982.24115259683,1737.41788675894,1642.40565639566,2067.07503252748
"ENSMUSG00000032118",7.27368660113276,1.4042255500055,5.8030910888288,0,15.3012844294542,0.840528174956513,3.35888010802819,2.59921826231248,0,1.23844363149775,6.02179224814703
"ENSMUSG00000032119",269.615525773494,182.332452296544,149.685589669012,286.008557425648,108.711802593592,207.789019209032,351.614620334673,158.622195750952,131.076265986293,233.70178113026,210.012511242223
"ENSMUSG00000032120",460.839753670593,404.844893380071,330.270833370029,339.741806306137,315.756875259861,506.64465567578,366.332472892637,391.080649482147,401.863509099825,405.899281422153,436.441840849603
"ENSMUSG00000032121",19.2977236526791,34.0992375284348,15.9171077914416,9.98346927304977,30.8345597843334,31.9799917621955,21.7643150138645,22.4000353011612,24.0555140585837,17.6131329669092,25.9358410233855
"ENSMUSG00000032122",19.1356681851948,11.8026245515609,13.10021714139,17.538283049341,24.2853419663567,24.5308461648446,8.19237946682161,15.9133050164307,23.6926327823202,16.0378195297429,20.6557591894436
"ENSMUSG00000032123",883.525376871026,717.747791027168,594.804224589997,784.16793906459,492.678538944107,686.982537355974,435.755824091384,581.410441184367,627.740118109541,672.950275020543,627.718040766932
"ENSMUSG00000032125",186.547795558948,216.089571084833,232.931822302851,229.187554802726,260.150468936885,277.410170591731,215.980451972031,302.241835763989,239.17130378734,291.222840699102,306.036175059932
"ENSMUSG00000032126",475.422267137941,485.293657018221,460.759870683157,459.826228315606,470.43804569327,530.592038871991,518.594388186367,501.698573907101,411.739608552037,476.358469092165,466.749657917282
"ENSMUSG00000032127",720.70059486345,694.072157718231,790.702136052845,825.70760272456,726.922110816498,680.454578282357,656.647380419597,847.536583262404,840.192932050036,757.003834396101,762.002660918421
"ENSMUSG00000032128",1.36514926155875,2.20041254544489,4.39683686515351,4.36288228178625,3.23741399529067,2.53408613382401,8.20429050719719,4.01825866086464,7.48854675109432,8.31778835729017,6.83554145046741
"ENSMUSG00000032131",6.19538168606091,6.48821333440021,11.5070997046159,4.36060419631452,12.6850424487062,11.6289945768256,5.12328016864572,6.89813519064755,4.7167785400291,10.3237442702899,10.2610485979066
"ENSMUSG00000032135",305.966362388824,255.755670548067,267.652440159771,208.01599385471,319.404704969162,245.712591486135,221.197730197889,247.111410717853,239.478190105185,209.091430869993,239.407113891934
"ENSMUSG00000032171",352.964259280648,339.432206459128,330.120034392022,364.734954963267,278.836623217339,376.760273937634,427.167179282952,330.612334532516,289.898140577003,327.523185285054,384.799053926389
"ENSMUSG00000032172",6.90939143165935,0,10.6354714238882,4.35568444863384,10.6239757694275,11.5803454253372,3.07953376802657,1.96084853078315,4.70046102152092,2.82030001145503,7.9894381780121
"ENSMUSG00000032174",3.44278868010893,1.08674489295454,5.31685417365244,0,4.22890754340699,1.28524616727436,3.06981123618373,0.987363385601508,4.72955547678012,0.937607589798324,1.1367806721557
"ENSMUSG00000032175",659.954454435703,571.890952048006,610.670015483921,608.447042140339,677.373308106105,786.370292859138,472.817046181849,543.331881939188,495.477711837477,714.152280529917,778.920290697101
"ENSMUSG00000032177",114.989241193628,155.891097020857,114.049458960118,110.243171535373,88.7409732968219,172.399474029965,110.744523194223,186.329732930406,143.590677094256,136.783357320584,142.275951589055
"ENSMUSG00000032178",653.091531189958,826.860810938156,781.36875944489,613.337931606058,841.706507921833,388.176264636636,646.351019652097,397.811633981242,403.794271146283,640.611304928367,671.596681741192
"ENSMUSG00000032179",4.11789143531137,3.2282849162496,6.20274266123336,1.0952176852061,7.37766573450284,1.27740058659957,8.25388503949984,0.986302827369412,2.81297363605915,2.84660993647306,3.43386306773566
"ENSMUSG00000032180",68.4868510341641,43.5342159276615,70.2026498200541,40.803662693879,83.757314382028,45.3437657888438,54.3192677945965,57.4708284337124,56.8053705465741,52.2266048827704,95.5677269210789
"ENSMUSG00000032181",0.614021340569062,4.89622265468161,2.42004010039783,4.96728713607261,17.0138932840931,4.70057876999753,1.91770713877804,15.9889572554808,26.9598687397617,6.9051823168336,3.11073737007173
"ENSMUSG00000032182",294.646981569771,263.749046206107,272.297789324984,377.985458582449,304.143040499369,369.44009770357,410.978127541746,358.728479159176,355.036490645493,355.8504957829,343.387913118598
"ENSMUSG00000032184",20.892431781832,17.0846364365549,21.9860532248886,25.2446485940994,20.2345048070366,25.750383306427,22.7058684636844,19.6413298845337,26.2303279726528,31.6086641909859,30.0140516179181
"ENSMUSG00000032185",366.925492830923,268.882884539939,353.91777763904,324.619888421229,335.795858218184,313.565189507258,239.728200719345,295.998083288719,310.110704827459,360.487928543649,352.580205407562
"ENSMUSG00000032186",4.81580269051605,4.75140008126012,1.69659120871921,1.40027565565677,2.02758158645217,0,4.24862671741738,7.93103807644757,2.41509533257288,0,2.94244626345564
"ENSMUSG00000032187",2105.15498317798,2153.50427793736,2049.03993997891,2008.50808029899,2086.04673192465,2352.79547401192,2063.67915100505,2056.78830975127,1789.32408052391,1934.03345502677,2166.07558558443
"ENSMUSG00000032191",0,1.05895333773584,1.74340374819306,1.09713843279805,2.12246993526247,1.29128672461593,2.06580478153834,0,1.85348446098372,0.956962559695567,2.29714450879405
"ENSMUSG00000032192",85.053312320695,76.898355679575,90.9100320754766,122.526348229118,77.2211141711237,64.9796399383373,89.3109070535939,68.7734730941267,105.2553253383,77.1996993996744,106.816990792184
"ENSMUSG00000032193",1485.91442216847,1426.3767183537,453.479445696836,503.269132264863,454.581451235575,1610.16747352423,1063.63093441595,1147.33103128862,1030.15429677811,415.382250509117,2057.43618323367
"ENSMUSG00000032194",198.197065500104,172.196898914229,203.408372925266,172.79495495267,203.282083889084,201.636483724979,176.696642769158,222.740707577271,214.578888318759,210.452209291672,211.37239031787
"ENSMUSG00000032198",306.122683793054,289.921803437908,297.951095779092,243.252828654297,388.081222371862,399.526950042099,242.644380935717,331.052155612882,296.560084445343,350.570632833323,413.711127256661
"ENSMUSG00000032199",1309.49878331738,1196.75552377578,984.769995644602,969.187201655426,969.229807155695,1098.02450712756,1003.46888663967,1107.00058703196,896.085993101341,1110.21441561721,1100.54568221332
"ENSMUSG00000032202",60.4605700062775,111.317645794009,84.4346832984787,90.3627530615855,86.0082897557167,77.3071941924818,111.370749458423,67.1114216555835,76.9208087165066,60.4138952116895,74.0227372200444
"ENSMUSG00000032204",45.2016455016157,84.8831878813871,106.830181836195,103.24015532671,87.7084174482747,114.235701742614,124.49007957926,53.342381992222,75.0943912960374,78.4833735571476,182.906460828781
"ENSMUSG00000032207",7.90781990509364,14.7998252268327,6.58137670043831,24.4460614631926,8.78963388819864,10.7099709734414,5.08281087311217,9.32435652500298,2.34424849741939,3.11588530056083,1.19219568501508
"ENSMUSG00000032212",1889.5230745808,2019.50463753888,2015.8557841192,2009.68704180079,1692.96073904464,1705.76583277166,2088.77975451405,1555.72112770057,1792.41271086536,1699.3580844153,1962.64214755699
"ENSMUSG00000032215",160.689431774226,134.92671503196,122.5710015724,186.766259849538,177.864712939445,153.791853186513,194.584707848122,146.117539694089,213.476967843776,192.844756650779,173.514976816852
"ENSMUSG00000032216",3575.96240919571,2674.66391589883,3543.8880703486,3893.54600630868,3372.06128723243,1985.50203797344,3365.34819447217,3294.81254019899,3737.23767021637,3315.98943595164,3611.8459412358
"ENSMUSG00000032217",712.395043833673,781.669907432926,832.031083876738,753.680220889815,752.842189107931,721.262960316092,721.087763049575,715.615942843825,766.430038795846,763.013024582358,785.229118861447
"ENSMUSG00000032218",33.1059040559354,64.2243803248109,29.2473004088348,25.1182267630175,25.3684169743034,68.8935394362952,35.8542246626279,20.8046594562158,32.0330678274676,30.2304418661268,17.2325989562966
"ENSMUSG00000032220",694.817763776567,466.792737476439,1069.07693139183,507.75036456812,970.930261900176,656.299901907368,493.802175060693,663.397572599843,960.281928823614,900.378780663569,557.167601799617
"ENSMUSG00000032221",15.1340376526073,18.0767439995058,7.47232501769247,12.8640583468318,12.4432996274626,8.60130968711329,22.4039797766523,2.83037585786348,13.5134209641761,4.64214446276591,11.588094157285
"ENSMUSG00000032224",1.37541066259876,2.13908866621218,2.65784835421283,3.28186591480453,6.34767969758073,3.83867930019612,1.02422183933602,0.992143931513457,0,0,1.15029691525378
"ENSMUSG00000032226",0,0,0,0,0,0,0,0,0,0,0
"ENSMUSG00000032228",376.219139678854,503.133507035011,598.157588632854,359.106678638385,337.528502084483,293.74227530421,441.267848679306,383.388972726156,535.202441553546,450.758361700888,338.719924040588
"ENSMUSG00000032231",431.5727360024,535.788128723983,477.434354237176,368.856792456615,723.08619774546,424.337140202492,488.751553653484,445.826513296769,463.065027013185,428.239605228946,472.304833386848
"ENSMUSG00000032232",760.428561901593,568.805382610204,694.293967842856,743.410980924646,712.278638858463,489.439830198235,877.208081294994,774.921459050942,772.222429117114,828.271468445928,667.883062736422
"ENSMUSG00000032235",104.35234358472,137.567585709338,92.2658458543133,117.88053049279,119.276475865616,43.8394170531673,81.7464350387487,64.5899793350411,111.730530592417,139.024170740493,81.4711597714359
"ENSMUSG00000032238",129.495630072301,186.616941699207,238.686647776938,311.833739061783,153.474424560764,96.2120510090979,235.096593131138,229.22817007757,145.479553575248,190.123705288311,114.390214282187
"ENSMUSG00000032239",324.475298045001,281.487639808987,262.172822955896,521.904775592647,330.533945164783,545.901016933452,318.478166056091,344.334377241713,289.209345118811,461.472053059395,406.997129929132
"ENSMUSG00000032243",4.81738723803981,3.24386538462637,7.0861513078929,11.9892173988589,6.32909610383333,12.9214424285515,6.1349764523839,8.90135800214395,9.46180474704978,8.42248151123304,0
"ENSMUSG00000032244",198.282999438405,142.129267086419,176.239657714272,156.507415199425,188.356010472189,107.266247427716,214.823776352903,138.761153967254,179.843628750135,157.288236426437,186.744521032793
"ENSMUSG00000032245",157.166803816108,137.276560495134,175.604332515857,218.761868875782,205.118575318792,151.059257517733,178.262656749942,224.397081508785,231.736398673472,226.220644043694,149.630218541701
"ENSMUSG00000032246",0,0,1.4467862844419,0,1.96968174814502,5.2598553667701,0,0,1.26406685504244,1.43857106276803,1.59880708487842
"ENSMUSG00000032249",1078.46239395322,1329.55219775873,1101.50711912377,1117.34275177896,1026.54390231718,1226.64911282976,1133.77400738848,1114.82743183997,1181.33902966952,1023.02489563032,1109.77640341097
"ENSMUSG00000032251",20.0533454115775,10.7166404006888,8.24282037196784,18.5951103565337,18.9419293161373,12.8015779670796,5.17080722140254,6.80750818657196,11.3580437328907,13.3471042936598,7.97839697732139
"ENSMUSG00000032252",119.242863571527,82.2158695799907,100.012112362262,122.994250776373,134.942489571298,70.4165678364678,100.836941225246,95.1840269795868,122.26374488004,120.835329857085,114.160234693922
"ENSMUSG00000032253",482.21557380773,475.25245745836,452.994619247122,468.928960382052,306.150350419267,434.091608036703,467.918724654561,527.400224980587,429.016027142555,375.965775142865,364.970627233295
"ENSMUSG00000032254",17.1205472848013,37.2006902775832,13.4436581129193,15.6389659363148,12.7087063562646,36.642656862731,20.6261295225034,12.205874313325,17.4020117631692,17.9926711890741,2.17663327473908
"ENSMUSG00000032257",0,0,0,0,0,0,0,0,0,1.8727338905821,0
"ENSMUSG00000032258",7.92323093628353,7.6526733247359,6.29015897691436,6.79500242841096,6.99575625296789,7.92897971486083,6.41062843951793,6.11924527036795,6.65333762255933,8.39331448049067,2.02990277298377
"ENSMUSG00000032259",0,0,0,0,0,0,0,0,0,0,0
"ENSMUSG00000032261",10.8647057428128,10.7349942418363,8.9048962117082,3.33011583295541,4.43725705950371,7.64001275919681,12.4220689239985,14.6539783114998,8.03598516928355,5.51049311886714,11.8473989926825
"ENSMUSG00000032262",3.70012324200227,6.85201606807912,7.24205924948569,3.00883466977725,5.77376976222127,2.97836323799565,3.77475816322042,2.69174280713293,5.11937002455803,3.47702286909652,0
"ENSMUSG00000032263",345.672065634831,417.943275412662,343.475909846896,384.429200680005,267.872198168227,439.732340734099,413.207503216806,463.082178970547,363.819193400335,432.766609818716,407.4479689819
"ENSMUSG00000032264",331.618653317106,359.74145484164,323.077729611723,314.334296177222,299.492266769208,341.977308349629,329.6163233138,358.136741542352,383.095970155111,314.660260179253,371.924123944734
"ENSMUSG00000032265",101.098754995293,119.482244618528,86.2826117162166,137.501190187233,64.1673418513748,73.4838424343395,81.5231869829206,107.852734762707,103.720090479309,134.912152871284,100.225450681504
"ENSMUSG00000032267",217.122612251599,174.261950169263,209.878523536335,180.430768976903,329.855237041619,169.339353922594,224.596810519861,234.561729001006,249.79475878272,309.772893213982,166.652208186913
"ENSMUSG00000032268",0,0,0,0,2.12027358838686,0,1.02411904180214,0,0.938260769438555,0,1.14122350368385
"ENSMUSG00000032269",35.7495267142783,19.3232465790063,60.2591087128832,15.2959565916559,35.9741310443914,7.70128917268893,45.0531224659797,6.93743089677752,48.2230449332295,47.1071199920025,10.259073478383
"ENSMUSG00000032271",100.604263133923,66.8442312235163,60.4065665910423,93.4792440641499,49.8147349490178,39.8923188335445,66.0877016093258,42.4079617253503,78.4046049281705,53.6733262448762,69.8596574055
"ENSMUSG00000032274",0,0,0,0,0,0,0,0,0,0,0
"ENSMUSG00000032278",0.689939267648385,0,0,0,0,0,0,0,0,0,0
"ENSMUSG00000032279",656.957912030656,645.194084748777,470.355881932019,474.175214303762,675.652021162694,701.262162070647,585.131478442132,648.568469878886,461.483530140065,546.922435201286,555.747693524486
"ENSMUSG00000032280",486.801166033035,539.316201725915,637.804044493863,603.510774336677,591.411332505603,467.420240072296,662.192995611284,512.937372338358,510.549453876093,602.295983711612,482.371312415678
"ENSMUSG00000032281",10.3514169886346,24.8863732630294,4.4337089235595,3.26670234002703,24.3644641553288,11.5870757482983,20.4775858495734,6.89488817476791,7.54865484821229,13.1168696499895,2.28129859909391
"ENSMUSG00000032285",109.616223467561,108.420965206123,126.56124995877,152.135376803187,117.366203449618,94.8181311983186,150.069197365763,105.707275661413,142.026299995994,121.055453509704,131.90619386322
"ENSMUSG00000032288",500.818627426469,519.2733250821,514.666202853572,629.531370177298,500.932204752926,527.595075138262,563.616229534785,565.374947801723,607.92875664339,552.396326721479,526.079377181152
"ENSMUSG00000032289",11.9055129531899,4.71886828488058,1.29101023848255,9.42497285026578,10.7862971674704,19.8645601477013,5.20513923737158,5.74715359126517,2.75142596074991,6.80238420721892,7.04850928957965
"ENSMUSG00000032290",287.468089068101,257.990337431689,257.188426225759,232.421367168568,322.459420417218,248.774388660446,271.025055974479,316.172682745649,272.754258453856,296.162089529894,244.141548493288
"ENSMUSG00000032291",36.6961184318418,14.9839757061698,43.0241168713915,4.43434172827173,16.3264603439697,0,23.1191887256158,8.69733767584463,42.4596331995494,7.66895861409929,14.0199817998483
"ENSMUSG00000032292",0,0,0,0,0,0,0,0,0,0,0
"ENSMUSG00000032293",800.324263019573,718.123421934245,935.472917670346,822.523228814317,641.7487256701,505.388446123605,841.669218179789,741.325657758236,990.151792993337,796.934338326579,860.609579927348
"ENSMUSG00000032294",36508.9800830055,28576.4782741939,26999.7942391538,22145.6818858049,32441.8734428018,27183.0737035581,25841.3422453634,20626.5105454211,15455.0674185978,17718.751287455,21866.1157793764
"ENSMUSG00000032295",896.947645415874,919.36893338644,804.664702540109,1136.22809289018,788.245490197496,803.626433669847,709.529715360041,983.041222940794,875.914001859049,1018.69741091344,944.057437961102
"ENSMUSG00000032297",0.689939267648385,0,0,0,0,0,0,0,0,0,0
"ENSMUSG00000032298",110.924379649774,151.259850430156,133.730040862785,94.8286548613368,140.330453441801,241.836816586544,125.285137472449,155.854561993379,124.017819081049,165.724644938574,114.2724655115
"ENSMUSG00000032299",256.823750533653,298.66376480486,389.808971962781,362.639458231923,283.940514657954,356.000298737739,351.137650814492,379.890218734202,330.227368535342,293.624402552577,335.827312971567
"ENSMUSG00000032300",562.437415581234,892.586123261207,841.726440223026,960.476008770222,681.89788257998,704.978934390602,886.749005789215,873.61515314385,800.086201567276,1280.17115212264,461.621361403059
"ENSMUSG00000032301",751.961232398066,779.014490362452,718.956202202692,758.744025076496,697.410741916089,804.490534766886,825.507707673368,743.615101637601,747.972960132647,639.314276042969,768.412445109719
"ENSMUSG00000032303",0,0,0,0,0,0,0,0,0,0,0
"ENSMUSG00000032305",60.2317211111821,54.7213862541123,37.0608560050987,64.6447375422311,92.693408868434,52.760357767909,86.6385584812032,64.0093688051286,57.1866550741354,55.3147970533686,47.7426254023933
"ENSMUSG00000032306",648.467875241479,878.035249184597,662.344553709529,848.198274831114,605.25150437469,851.047035960615,720.030945942993,865.852865443639,690.922903287186,611.773873035651,939.610492633663
"ENSMUSG00000032307",292.933393886768,255.24969652528,291.378920073233,305.30797835151,265.578985378524,293.160068570834,323.720654877249,321.11309468975,330.087615476961,291.384957609886,332.633409227011
"ENSMUSG00000032308",156.555274540359,1136.71204481698,218.400869337056,183.285861897764,1081.91516880959,252.418081805946,253.02101934617,242.387192940319,196.692721380918,257.698753349127,221.131787972796
"ENSMUSG00000032309",308.147629192193,338.86152636195,308.548056208762,278.201186348027,300.671820909098,316.158123225012,299.079378770278,356.323794215275,350.160783858836,293.80398956934,276.841128822989
"ENSMUSG00000032310",0,0,0,0,0,0,0,0,0,0,0
"ENSMUSG00000032311",12.5639032246079,9.65046211717975,8.81829562897492,18.8222737118653,8.75452535170108,12.8712817861528,9.36935741797301,9.7346760130058,12.9991093997638,13.9367399971179,15.2493114820279
"ENSMUSG00000032312",918.237217350986,1180.29956653709,977.28286761565,1039.31673353999,735.119701400594,1310.00135000061,761.395895702649,1034.93721208312,858.613863338539,1015.6035775056,851.200108127438
"ENSMUSG00000032313",2.48148101687029,1.93861658730067,4.79409617644404,8.22210442267833,1.91160836805896,2.29895629284516,1.84013736079163,3.5525455417671,4.24717853821779,1.932544063436,6.18331898316966
"ENSMUSG00000032314",1637.00417114463,1750.91214804743,1780.58070629185,1828.94106338237,1645.50151218194,1680.74035746569,1801.45920301137,2028.91779818549,1943.89427169636,1819.17971541747,1729.2804884228
"ENSMUSG00000032315",44.6784481054288,48.3826114640658,49.6040493227197,34.9447087160808,46.5148430491927,110.469645965906,49.1321160392465,67.3032101559236,61.3729686793208,63.006380511667,75.5812159663973
"ENSMUSG00000032316",1893.74616340661,2176.88071097864,1931.95944275092,1974.54711807785,1974.15009875307,2044.4896947801,2054.1833039576,2514.81344782702,1976.94234368397,2207.88443490235,1879.2453365664
"ENSMUSG00000032318",0,0,0,0,2.10191351140727,0,0,0,0,0,0
"ENSMUSG00000032320",1229.01310981225,1418.309949196,1794.97160563413,1822.42767066384,1399.51796152139,1099.52732075993,1783.93377038073,1340.46054055166,1893.94310137808,1968.92086682908,1437.21248776453
"ENSMUSG00000032322",39.087243851157,141.368602442324,35.358063985737,30.5792386620115,23.2999366928987,63.3309289392127,19.5126815182108,19.6617868818524,34.8143703412625,63.1489509146734,28.552535710587
"ENSMUSG00000032323",0.682036565799604,0,0,3.27702471013887,2.10509806873563,5.14965119968642,0,5.94915641800469,3.78001728977417,1.87918159422151,3.43062432599734
"ENSMUSG00000032324",532.024179462741,669.699070814496,692.403963189468,704.598338856622,595.839198439444,483.672543646924,840.14022163813,536.931492179193,642.140318092791,374.490001668055,576.976738193038
"ENSMUSG00000032327",3.10298323014297,8.91815926627085,7.29814429360459,9.77250886716971,11.8893240301533,8.67982164536218,2.2998827899996,11.0433171677194,2.11679866111224,68.0097316255635,1.70560473347311
"ENSMUSG00000032328",548.891938823498,581.492852463226,520.111598663137,509.215974043002,555.50886555018,482.79517537606,620.881900182768,637.813786208556,617.804587589079,514.560621880689,554.880952572565
"ENSMUSG00000032329",144.808261508654,82.5274184868703,74.7411825944145,128.035082063109,153.240609858126,83.398749825296,159.381399069267,89.5037105526027,127.438552215442,137.337726698602,85.7818831494866
"ENSMUSG00000032330",371.984712977008,424.084397139089,362.638188507536,325.577254234272,309.251401788444,313.337875275392,367.090233374286,350.579579635247,332.924563159173,306.716918545514,342.89292023276
"ENSMUSG00000032332",36.4638655221325,47.9501156710565,77.8417346383561,48.6329681190014,58.2693212331898,26.0966698904318,25.3886540134864,65.1271375667749,28.0263365114897,76.7072285460929,34.8753011261145
"ENSMUSG00000032333",135.505311067899,894.209199796331,119.984155418499,122.148860312328,188.418862149804,177.513690459042,97.5908359310573,91.8572238421627,178.605005553386,175.0908326975,101.86509338164
"ENSMUSG00000032334",189.104619819786,92.6481142236647,162.340406089065,100.948071059088,215.930194742738,63.4346654229468,110.636471031481,164.368198763486,124.199504916312,111.264036692767,177.037374056383
"ENSMUSG00000032336",907.001527881906,964.964878921787,1026.17913148359,1124.54037578925,1268.93480272201,848.13936115503,986.040945553295,932.605419580076,1133.17833817568,1067.05863950814,1000.45405626877
"ENSMUSG00000032338",2.75037482726044,4.34345484219524,5.30767477327316,7.59941235246847,6.33657185804058,10.3129795857936,1.02124000307742,2.97204328823157,4.74134348904176,14.0349388006667,5.70582056533387
"ENSMUSG00000032340",934.255252257675,794.121814848753,1022.30236231523,860.852557095029,881.664981458595,769.683307400109,880.395924896947,899.287285810249,857.746191091067,785.474766521594,879.488938965322
"ENSMUSG00000032342",108.154382069239,271.216789783558,198.570503461685,237.377181338942,302.878582085001,390.283994842361,196.720311773547,253.71583967283,307.5126822202,196.674782171864,273.841446605161
"ENSMUSG00000032343",0,0,0,0,0,0,0,0,0,0,0
"ENSMUSG00000032344",15.9779431327017,12.9571007561417,8.72288009325017,9.69203482881468,7.22414705169176,12.1577455642061,10.1883513331472,10.5934758438809,15.6215833783802,10.2591664831811,3.36864964659669
"ENSMUSG00000032346",0,0,0,0,0,0,1.0244779114794,0,0,0,0
"ENSMUSG00000032348",151.302124367637,142.363758767172,119.917498612156,144.061133929387,79.918884726204,156.870210722052,127.306662786732,185.568446886964,124.898033890988,116.138058924208,101.900615892536
"ENSMUSG00000032349",4817.4568493237,8396.67776653024,6455.51018956468,7686.84732877223,8440.38789776475,4532.28132172367,8462.51244674962,7718.39967443992,6068.41801688641,4489.43067865893,6242.97351849366
"ENSMUSG00000032350",446.856978588015,398.302408020185,440.820836935671,406.196404196106,560.019100057392,466.593990140153,456.68418801564,508.775375515745,516.305590874981,491.741965664334,570.992463033552
"ENSMUSG00000032352",11.6926126110496,15.2248000249264,13.5302993414558,14.2850030370058,23.0978891053675,15.3273755177405,11.8752640246021,14.1211736467237,14.1866484038375,9.07048415587565,18.5255767422181
"ENSMUSG00000032353",1036.59826110686,1435.50269114655,1204.68292344093,1544.13918312559,1048.37538445609,1301.49750953388,1723.38965819309,1734.74985304378,1223.18755489696,1159.29126039698,1269.02645004435
"ENSMUSG00000032355",12.5473125330302,4.74043319727494,1.93810076657991,7.67746231319252,5.81437110263982,0,0,3.2449319262772,0,5.5747158823787,0
"ENSMUSG00000032356",0.556945162776158,0.867344831896059,1.42772816935521,2.62743237975652,4.2412901224881,2.06423441182011,4.10626413682628,0.797795478509696,16.6907526545452,1.50565416285834,5.51257601338308
"ENSMUSG00000032357",0.686483838939453,1.09233986900124,0.893560038783907,0,0,0,0,2.96657490330003,2.81933787741268,0,0
"ENSMUSG00000032358",99.5943438902973,91.3180162487572,139.208264418017,126.14710455479,68.2787999739812,60.2497188922994,130.736550015384,92.2891229703447,127.00230964187,108.133821753374,133.497706696066
"ENSMUSG00000032359",2137.11098743711,2300.88115155894,2324.89813019097,2614.10171292626,2017.08915980975,2271.72427938086,2144.69351327309,3064.14092059522,2213.70001232188,2698.29878288982,2168.00447119916
"ENSMUSG00000032360",0.690799761143729,0,0,0,0,0,0,0,0.93852361646917,0.943410656146865,0
"ENSMUSG00000032363",49.8199569543822,34.7472382404507,33.0055232992309,40.3435173055198,48.5061576865968,40.0780895354051,25.9769447752345,58.8481808419775,32.6430722893917,39.8850234966554,49.8940173601789
"ENSMUSG00000032366",5554.67911260599,1689.51069673287,1851.64606814228,1668.38096147447,2294.5844460623,1245.70598927264,1806.43819483327,1290.6540354301,1749.248811778,1872.00019154315,1510.30720853387
"ENSMUSG00000032368",0,0,0,0,1.05095675570363,0,0,0,0,0,0
"ENSMUSG00000032369",1415.4374586579,583.003246377038,640.652107570073,623.824391686159,1383.70242410219,770.986481740722,782.417672103722,794.330353109478,630.149318254761,1113.78212015269,621.805857664855
"ENSMUSG00000032370",255.395441168507,247.699667284762,229.74698657602,205.476711174546,221.348929926952,261.676067538077,298.813081113999,224.765532512243,299.393554978489,230.826110952166,240.039537430227
"ENSMUSG00000032372",252.778590920184,39.8032132431622,103.162035925772,100.024068566884,103.234829462479,128.516871871781,57.8716578628829,59.5294236904499,54.0804380106067,170.992390244866,119.019603042576
"ENSMUSG00000032373",19.4729527024815,16.3370132643595,13.5470587962295,22.2963510505952,9.95496951254832,0,26.1126695086434,8.41479995045312,18.6794218147877,2.78795447070049,26.141888284906
"ENSMUSG00000032374",23.2151504717084,23.4799796645903,18.5124896000126,14.2019675556635,37.5809707321205,17.8911208786475,23.8617757106152,12.7268028142789,24.2665764648857,26.616130027647,32.811671846562
"ENSMUSG00000032375",9.85771347257285,7.17895157441064,8.99381176520876,3.17147369212962,2.93178817786977,6.13282614589266,6.96539704020227,6.62641146259982,7.19176569451901,3.6865181470953,3.33630940826005
"ENSMUSG00000032376",510.157219735453,721.891854529163,886.496599224866,880.639451346248,569.993304138358,486.912361420738,564.429196442691,608.236256699916,728.919884688799,867.967396464704,627.604758349323
"ENSMUSG00000032377",14.4297940736889,11.774683659005,19.4755958465162,17.5050485309299,30.6627813516002,24.2809650805888,28.7315891895313,27.6957574898286,24.4628106648795,43.5629036729348,16.0821647084395
"ENSMUSG00000032380",22.5448356702878,31.8232598806358,31.5591538425555,22.9294892804299,57.861176109954,35.3953964514687,30.6864240019496,36.1528277353129,34.0636784343716,60.5365700924956,39.7229902309772
"ENSMUSG00000032381",309.965571949979,342.124886490367,325.089082845803,409.888721039902,329.916183349675,362.12879374992,388.648420014451,338.742701380105,321.246241687533,349.643629231542,349.848162810956
"ENSMUSG00000032382",1817.18563467879,1621.84303548441,2104.89365626071,1612.29158117989,2039.34229635626,1720.42720702942,1789.184959063,1617.41350646008,1581.88145413321,1842.3052999518,1520.98283751943
"ENSMUSG00000032383",2946.37228716298,3815.69877967375,3334.0513458571,3316.07959629631,3018.94202991422,3471.815568919,3456.92093528935,3724.39008372999,3059.70421654856,2933.42911560287,2936.54937449823
"ENSMUSG00000032384",68.9134232984263,20.9150636043068,49.4231404270879,29.4420267572569,40.0721397129058,25.6538237478253,21.5675100640173,66.8660507502704,55.1456157934456,106.634053321371,79.1801065193547
"ENSMUSG00000032386",367.082505787898,337.940028804966,339.40714709685,369.386938123397,368.911128087044,519.814819186726,340.336865792577,336.31980338905,505.059880471235,324.632854092219,374.074765211499
"ENSMUSG00000032387",15.8827201601132,11.5907796781598,8.09618189147726,17.5164824769482,20.0415291025432,19.1977091220288,17.4136708608631,9.67257218254398,14.0735762495148,21.8245766184192,7.9888920389254
"ENSMUSG00000032388",436.801344554309,340.569793794249,439.87261175568,404.540474426115,483.181401965579,321.895822629363,350.461092651977,361.282799856962,447.735728842907,484.013245407558,371.358055128621
"ENSMUSG00000032392",43.7764363325001,51.9753792777325,35.0951435243683,54.6029415765601,45.691694826307,63.3456396237589,50.8528359803495,84.1978939000007,42.8425119476377,50.6750274059522,52.6780814623704
"ENSMUSG00000032393",986.559398500342,917.714095900559,1050.16943496246,1171.69308666591,982.60231337727,849.068987889921,1060.78587605309,1014.01357857871,1059.68064389441,946.898716461477,1131.4357146575
"ENSMUSG00000032394",0.691687742466625,1.0814536275917,0,0,0,0,0,0,0,2.79989630381352,0
"ENSMUSG00000032396",452.516528246379,457.243184654434,479.875993756368,455.867143588027,457.353776429657,522.75273151851,419.249807492082,579.404848168739,457.307323539338,467.347907923494,446.494760909907
"ENSMUSG00000032397",95.4831259210002,100.092646759997,75.0761701807121,72.782276539104,73.494573758896,158.114711415545,93.0204934685587,77.9563385049066,94.6782295016051,91.1781174632185,73.4520162054563
"ENSMUSG00000032398",155.851316522333,149.761154530237,141.769698345471,124.643642101207,108.674104438884,127.808852891098,132.753442152838,131.608126642898,119.020828620566,111.452252848611,131.329585142974
"ENSMUSG00000032399",13592.9129015247,16552.9610198251,15084.4656397646,17821.3544832326,15031.6751950894,16534.305493829,15638.2697513036,16052.2276157617,15981.1069276483,14146.3209174776,16566.6982257767
"ENSMUSG00000032400",3.48345888763634,6.53617242530199,20.5738268785793,2.98390720231404,10.1094750305453,46.9801772033612,3.37455413234778,4.62788223315548,7.13024333026351,11.4676037801271,3.89538922833713
"ENSMUSG00000032401",75.2786818057027,11.3209292650863,49.9777738660141,10.2361237289291,5.10270964955755,14.1521392469209,74.8685238297809,13.6143624133893,58.1830411094564,6.8567644979573,12.0080963226187
"ENSMUSG00000032402",912.844513813405,436.466653815781,314.578278819677,499.276038174042,461.257244905327,492.822390695162,322.67660773337,352.053024374809,748.091731128438,299.107570618944,1391.89403444392
"ENSMUSG00000032403",38.7059936350658,42.812774944007,39.4431541035121,36.311412079356,50.7414675588488,58.2283994528757,65.9173266797565,64.1012273077507,66.7714294873161,52.1475728290749,38.3282116203623
"ENSMUSG00000032405",223.420151948628,255.590776844112,316.376883787861,300.419057663353,175.802487714384,190.364605118754,340.724208794434,326.910944194515,288.809664851164,282.624710594167,236.529547340705
"ENSMUSG00000032407",792.658284546494,782.174788912947,748.167674042639,704.427798623158,621.909876308411,765.610182057091,712.976390738168,656.855719006284,658.462252649034,761.862858233172,682.20693977066
"ENSMUSG00000032409",266.052413698021,328.896195986516,277.526701900562,314.360798025934,310.458576957696,273.842188117214,300.054680952881,262.31569550717,307.001284863541,251.833858811871,268.285847061454
"ENSMUSG00000032410",189.261056912233,114.938759504614,163.715698967217,133.010546530729,104.660853529601,49.8030991085759,165.833283296028,95.6023055812487,148.932483556379,127.323613613353,134.634655057514
"ENSMUSG00000032411",122.469277944965,108.672533487377,139.596123973999,115.243892327489,145.717062404737,75.8620968275004,118.625960251652,134.678693662471,147.653079725862,146.493401306791,82.7119167685141
"ENSMUSG00000032412",598.366429387828,652.541137941072,596.883103933232,635.196236570593,639.595672798939,706.653776887523,675.447363139629,625.3421049204,543.447967598048,626.188006824777,588.950504323945
"ENSMUSG00000032413",112.854928234519,124.189840847585,418.90761021791,131.443801848457,149.757743579311,55.1392979050505,135.788308604315,108.955383194575,102.765245351429,179.56000036009,84.3275862046789
"ENSMUSG00000032415",8.86249565329672,9.6693836598826,7.95753757306964,13.1657352259221,15.8501393257037,7.69308763078283,5.16414550615691,3.93944448957509,6.55977982277158,8.55506701202471,5.7323689651346
"ENSMUSG00000032417",5.4615783019858,0,2.64876331888779,6.57010223581428,3.1750917866047,6.3843204149027,11.3009003316993,13.8101589130534,8.43971829003775,5.6950578063331,6.90073790529198
"ENSMUSG00000032418",16532.6893147164,22429.6552115921,15895.1293527967,17924.7670792014,20658.24720475,19343.0883812795,15857.8522092671,19828.8407915163,17287.5746082055,16357.3515591091,18590.0994223171
"ENSMUSG00000032419",5.50953966079329,5.39862965636636,7.07914790196584,7.61959461095681,8.46156040581741,2.57178960778357,2.04229027353672,2.96882572458091,6.6207948732445,7.50249105848858,2.29045563117668
"ENSMUSG00000032420",26.7971249896512,20.4811186590827,23.0471259521476,17.4980959464631,22.1640650060965,25.5695461902146,25.7571837161052,8.87957502637642,30.0516575378323,26.4629847485114,29.7443861485558
"ENSMUSG00000032422",675.432023772879,819.700056170441,818.910264798605,870.673849652655,847.944926633863,660.21655627186,765.915523114335,823.96137335274,812.445382574272,827.134763291372,732.646160980792
"ENSMUSG00000032423",1021.47740923381,990.999308173764,911.087924081911,1069.98179458092,981.971441282511,837.194664696783,1090.14616117528,980.664039799767,1031.17116768354,1093.73449624337,1328.31201329168
"ENSMUSG00000032425",561.307180759563,307.388855288011,556.924373122351,562.961673576798,482.257072840329,71.2221592790411,360.408862339079,310.951555758492,409.106156899378,486.451456936966,290.740497115398
"ENSMUSG00000032431",145.833716590572,126.336427679684,136.010293520682,132.891292207634,155.826570813329,135.593679662209,126.806878189588,133.422602860581,108.809603568547,128.104067129009,115.70769224619
"ENSMUSG00000032434",1304.01730078117,1492.24182871322,1013.10438847821,1434.22763117094,1201.50400417256,1371.67485208301,1342.69254945521,1920.33148295286,1124.49868731704,1204.73944126686,1773.35223972379
"ENSMUSG00000032435",731.509590065693,695.801763536757,815.255818744407,793.616816041082,815.140807105732,663.147560167831,784.674745362067,846.975692432623,739.865074969888,796.349757779419,759.595008705052
"ENSMUSG00000032436",81.1800891392521,157.422399718899,128.918421732261,117.955897719903,104.169592331526,120.06688178086,115.2913673,181.231403267449,94.8943689084672,133.413874168545,47.1190008409584
"ENSMUSG00000032437",1903.27930842514,1745.56367193249,1824.23781210808,2169.87257427934,1644.92419930892,1619.44863624788,2032.23440134066,1695.8394521111,1762.34864004879,1584.21275898792,1838.93658613091
"ENSMUSG00000032440",2433.93819744937,1699.82849063491,1722.42209347701,1581.00796814541,2615.07835724367,1932.58200155885,1730.40162938552,1877.7073803854,1847.32808008629,1892.94083014139,2486.22146825337
"ENSMUSG00000032443",0,0,0.712899594091726,0,1.65209090041405,0,0,0,1.50160100025499,0,0
"ENSMUSG00000032446",4.71983980320335,15.96771975384,0,0,0,6.33851304651992,1.03531019866238,1.00772025104651,1.93116950017694,2.85133813366951,4.51158662719094
"ENSMUSG00000032449",145.21729319101,189.100968957266,117.201327346513,140.356237126243,132.662220120854,87.0439889759229,123.518220285079,238.354281528772,124.186866207488,121.996944713916,103.702418140734
"ENSMUSG00000032451",0,0,0,0,0,0,0,0,0,0,0
"ENSMUSG00000032452",2.7483110430262,0,0,0,0,1.28921617308175,1.02127967705476,0.993265955562124,2.84295196281383,0,0
"ENSMUSG00000032454",0,0,0,0,1.05486544342423,0,0,0,0,0,1.13622862421694
"ENSMUSG00000032456",33.1682647992151,19.3810634803003,59.8262401706214,71.832017795712,40.3981297223966,22.0445134076995,25.0892093658475,81.422702340315,77.1286397474274,64.0970513044832,16.8756501883113
"ENSMUSG00000032458",3975.05830303222,4376.83176647791,3536.30543846541,4459.20055461531,3553.51812325835,4066.06077604409,4361.65148190499,4590.55339208735,3918.46508945372,3521.39093298836,4540.71771789279
"ENSMUSG00000032459",212.929790638469,224.932735237518,218.638530815246,195.418206673679,152.605006904248,230.949356505444,239.646100157961,202.012242848458,191.042960566973,164.922900500162,218.715165562453
"ENSMUSG00000032462",758.638144826463,215.914638306655,584.994243166585,604.624345164876,773.389228915838,212.603619238009,649.774257425439,677.20442705257,632.357174182566,620.16907153887,724.001176317051
"ENSMUSG00000032463",106.815862938221,132.161562530467,74.7277761446279,101.555288538361,127.442776694087,98.3139365287774,87.254076019063,104.700693781203,99.366081076766,105.478010513004,86.038069700052
"ENSMUSG00000032468",346.723775899655,394.049253412545,319.286660067006,275.908683394241,358.276326352072,327.392064851998,320.632052198879,348.952248085253,315.327752077884,372.870268778973,360.606510864148
"ENSMUSG00000032469",172.7880785002,166.850317621786,143.795101822129,155.439412186109,166.267218720632,195.695995048008,167.601974208886,164.64170854401,176.719137805349,167.027154868783,232.227952165215
"ENSMUSG00000032470",33.0639043775708,27.7182062161538,29.7633694282764,21.3289649637134,52.7757409790201,31.1489940867873,31.0034395574149,16.1777244273671,17.1877705138549,31.8413546979698,20.1496777548978
"ENSMUSG00000032473",0,0,0,0,0,0,0,0,0,0,0
"ENSMUSG00000032475",561.160546592918,473.629288133862,565.451184927051,582.272636324378,591.635375120872,405.233846450901,567.558288751774,489.556909824164,534.252257732977,605.705258119535,436.053683733779
"ENSMUSG00000032477",188.644548945881,184.899609223309,148.996275042123,180.115397414645,178.433299221034,197.349756859613,285.618290096324,175.017701410019,188.090353550777,190.619180073484,230.211155974132
"ENSMUSG00000032478",92.4549439555215,121.528653843184,105.904470914005,113.862294794028,81.6052799872704,132.504168298141,157.71880466857,140.050553591738,108.836698477475,77.8966657108626,135.887193941901
"ENSMUSG00000032479",562.387619045886,561.63365234653,354.058799841802,371.095896505585,471.890281655656,305.101071165415,363.381632380311,466.487637723473,429.771171450996,441.412568510505,461.832269351619
"ENSMUSG00000032480",880.166504923701,880.448768517555,746.555085178831,729.377275568651,893.908083671831,1359.76086551658,1009.25438342149,1018.72617820702,1017.74241119643,772.49446291229,859.338525590461
"ENSMUSG00000032481",710.882063757285,600.483658947521,661.472754036141,597.514629935791,711.841364773158,617.093044446412,624.165505246417,672.901759271645,660.83003328772,614.556492780134,688.642398675578
"ENSMUSG00000032482",19.1683546883084,2.47420216348856,12.4316802821923,4.94935604769967,7.29731951312498,2.96267808145691,6.33635329970456,2.27160327617495,7.07831578857221,7.92119967316355,3.20727652187878
"ENSMUSG00000032484",0,1.06853094966053,0.888175295263448,0,0,1.29722414890314,0,0,0,0,0
"ENSMUSG00000032485",1668.45820885478,1754.33163614881,2110.24427012743,2293.70925593659,2067.35921659316,2007.28688137313,2280.86588842622,1907.82558783291,2126.14257395832,2178.19869905703,2416.47529107849
"ENSMUSG00000032487",8.32744234057733,9.66577988018108,12.4320088494424,10.900347464382,13.7399570484328,3.81396209380463,4.10112182687411,4.94704244248493,6.58635930440752,3.76929058393958,8.02892100076918
"ENSMUSG00000032489",23.8912140289973,36.0297727614627,20.7535305920229,25.4505298384247,14.863888851623,17.9446461504987,18.1846617897883,11.5079102212548,13.9072511571424,18.958213126201,20.423608678697
"ENSMUSG00000032491",30.5566849586114,31.0853251088821,14.992702170005,48.2317312575128,20.3366690263154,34.7174318489209,33.0959187625326,31.1673605068344,27.9761022084934,19.0991777082,36.8343059024514
"ENSMUSG00000032492",21.124489577367,73.2807303522442,17.2541300896177,41.4008827914326,115.877604678889,84.8972633822352,21.8595025429207,83.9140211396124,23.256382918733,70.4446006026287,36.3510796257625
"ENSMUSG00000032493",0,0,0,0,0,0,0,0,0,0,0
"ENSMUSG00000032494",0.81850955286626,1.97653761625504,0,0.688731523651299,0.666223524044447,17.9722975331979,1.29678467582825,20.3123198044276,6.19158542132844,1.20172142629397,1.44591598139409
"ENSMUSG00000032495",9.50634171229117,0,0,3.28022083253655,4.20732640847602,0,0,0,0,0.947298437108902,0
"ENSMUSG00000032496",112836.132802513,42850.9965301805,59242.6974436309,41490.8050138555,38896.7629359982,31918.5856267401,84261.3712643805,39232.8312368911,44618.1312501335,66196.2940922545,100846.880651526
"ENSMUSG00000032497",538.15186833832,540.189342798656,671.570837084423,633.769147028838,697.293605335197,539.45751701367,627.384312540118,667.114096617818,634.117131463091,624.99711315566,560.467573739117
"ENSMUSG00000032498",287.023146723584,372.71064320683,275.707805801807,307.268819327584,212.946146275448,307.32382985532,255.996883526158,405.211961563379,304.245450906327,234.349893171135,379.111191234864
"ENSMUSG00000032500",1.38586102773192,4.31483963240639,0.887277838722577,4.34038411771485,3.17622210094156,0,0,0,0.942814282880577,0,0
"ENSMUSG00000032501",842.71703095514,921.874835091381,1350.62495783759,768.488102173126,1086.14397667794,764.005586835581,1143.91597024028,827.35780061113,749.657897676234,998.314322647095,708.327984712677
"ENSMUSG00000032502",1.3712471388625,6.47078552935366,1.76955955425773,2.18735609047221,3.17936177439079,3.86017709675517,2.05955940905393,0.983190435235182,0.939152255932788,7.56089519741286,0
"ENSMUSG00000032503",0.694681278756258,0,0,0,4.17513099335848,0,0,0,0,0,0
"ENSMUSG00000032504",3661.85863911901,3140.29963795462,3789.66571871935,3564.09595578676,3527.69488778293,3143.60043461393,3792.17560942739,3587.0390889607,3318.51953266261,3897.39999905626,3546.91315791219
"ENSMUSG00000032507",0.688115309711377,1.07695759859765,4.42634254326317,2.18239407036923,2.11987978215777,2.57221498090823,4.1018056257102,0.984593178889124,2.82446601645735,1.88455588732178,1.14403008319567
"ENSMUSG00000032508",461.852215074112,253.408231194279,399.696573946906,356.750712812235,465.440289895253,346.543903343801,377.506725486176,291.407251439796,376.059807591534,390.28832489728,445.30353221105
"ENSMUSG00000032511",3.45287277457094,6.49487021037903,0,0,0,1.28515973080905,0,2.96614650169536,2.83889022392557,0,2.27924823032512
"ENSMUSG00000032512",504.930589055409,471.395053263543,650.467893931217,563.461209159501,586.541030527761,463.877532017412,531.058834311651,618.323484996392,593.773222095903,681.258002193722,591.259877736749
"ENSMUSG00000032513",223.46952693969,226.733044460005,238.018677811499,285.246291497818,177.090360703715,267.100758739101,218.330643927828,244.374504931314,241.861183419927,245.222283189554,302.329383232427
"ENSMUSG00000032514",2.07240868279473,0,3.54601893137895,0,4.22343287726496,1.28969991272252,2.04494367826885,3.95230346852305,2.83631178663909,4.67781051291558,1.13968106315473
"ENSMUSG00000032515",415.85040883533,440.223291197304,547.71903262301,727.799968546825,380.172304468889,429.481421641134,455.971885140342,518.217776468396,470.442137765112,593.243400822006,445.481197756226
"ENSMUSG00000032517",0,0,0,0,0,0,0,0,0,0,0
"ENSMUSG00000032518",10146.0030734738,14599.5212998883,11686.6475510886,13390.0713959926,11542.9894443427,13835.7217939584,12235.7875709376,12042.0249992856,11625.6401672241,10852.4950559089,12056.97637485
"ENSMUSG00000032519",231.845469055078,256.59283747067,211.36835840887,243.686692759129,219.571993795795,282.669339963859,231.906842719774,195.575046815311,219.282117996441,221.115545140715,301.323478851042
"ENSMUSG00000032523",24.0374853885733,14.1997150683983,8.12979611623651,52.9199445753728,52.8167230267417,4.22561814092059,4.70963257153192,5.14112107916661,4.31379303295381,21.8392160168859,6.72299989689148
"ENSMUSG00000032525",3329.36268081264,4176.53409840261,4626.1795992713,5309.68524619587,4627.54161961505,3626.19213698178,4566.70586936274,5005.73806788782,5117.9062103528,4540.88151298305,5703.15653118781
"ENSMUSG00000032526",211.788280836817,273.061850255592,248.137167031579,265.346421129947,152.906638296138,216.416361968059,272.470821405491,247.350602304046,235.274437663927,188.696489905916,253.815434732045
"ENSMUSG00000032527",1669.96018165367,1921.27325585277,1794.7901569605,1923.36096080844,1691.60886291527,1748.61363779681,1783.46142833252,1930.16814994233,1880.63113821923,1800.20369625144,1632.02446182201
"ENSMUSG00000032528",674.897412072264,490.796221440476,758.629011184274,556.806276341475,394.027014325633,602.359546232602,571.611152508258,629.627154884513,881.469016420842,625.140839972259,1471.19464990469
"ENSMUSG00000032530",9.22374482630136,1.5900504888411,5.04468891497059,7.07152560426268,4.88748289366773,1.93179839798239,4.34743227749332,2.49039539827151,6.26268148052985,5.06004851788232,6.18238625931151
"ENSMUSG00000032531",260.5755226331,219.175077546144,184.037844041055,172.326533116572,221.762960615421,232.779796555124,193.411216934899,145.75197652086,143.881937100863,176.076151710306,161.892631581427
"ENSMUSG00000032532",112.634165039765,141.21476988516,89.2665688872848,181.133552511979,85.2106186517072,63.4895757279861,256.865883103905,274.458636830693,164.727144726478,44.2961018703291,61.6540707739484
"ENSMUSG00000032534",318.564874919567,299.952661440659,432.295904493841,329.893558271372,275.476782451611,363.878740706177,308.457711850423,398.535572239964,269.429217769858,293.609282422683,318.271315346415
"ENSMUSG00000032536",1089.94118603121,904.834946984727,790.973098835894,1436.85781920769,949.418418101258,906.160279490056,807.254076627072,891.232152963793,802.523607575616,949.375514386799,1092.21982494307
"ENSMUSG00000032537",14.890090298148,11.6751613382531,11.3499823253023,9.68640601884924,9.34244273274036,5.36562999085564,17.1116988384938,14.6948972982248,12.1531231958461,10.7062833355325,3.55726028009143
"ENSMUSG00000032540",10899.529430584,8021.10685843128,10271.5540081032,8162.54451134747,11659.0169003841,9180.32837012361,9174.35394341945,7485.91210060925,9697.24455857352,9404.1016402459,8786.6236798979
"ENSMUSG00000032547",679.856756222715,748.060656022127,788.640515686054,716.87563456406,847.261435115019,725.740905841614,824.669184650641,743.644834954897,956.093864486025,877.419165695649,770.149273356935
"ENSMUSG00000032548",271.122940299197,323.422242546842,447.042342063049,425.164153677914,424.647703783935,468.025949028906,541.801322973428,499.095196760097,500.41910192468,431.364148934921,483.194768907529
"ENSMUSG00000032549",0,0,0,1.09448786600574,1.05225351010709,5.10074624178247,0,8.77302258071231,0,5.71826521305426,0
"ENSMUSG00000032551",107.868124612345,74.9180024388075,67.6131588390545,98.8928469868005,137.778282336826,44.2106751275552,133.704664938697,51.3074773977935,72.9774684109941,71.238786175984,112.48275852267
"ENSMUSG00000032553",584.482166707336,843.58053558418,523.459712719609,679.035547920579,738.249653753851,797.861262407397,654.225589407222,863.543605693637,696.600423717967,520.297982375382,730.909611006405
"ENSMUSG00000032554",2587773.49135388,3433935.684756,2709779.33902145,3450432.33740216,2385445.50472649,2928443.66343548,2701545.98022669,3082254.7388648,2790157.8019043,2293548.69993814,2016470.43516688
"ENSMUSG00000032555",1909.6267264828,990.641258771919,647.636367699762,746.635410697815,1334.25011915586,1148.48341868656,975.612909607157,983.530225168005,968.367106361492,724.799224725842,817.754450126181
"ENSMUSG00000032556",2.74857619904004,11.8383527436305,0,0,0,14.1133674514846,1.02620963067665,0,0.94412181101883,4.72130800304238,0
"ENSMUSG00000032557",1011.94696433372,1385.42026805298,999.979551534887,1352.42136736943,1188.37761624517,1367.56488936437,1878.62715071123,1394.57559673518,1068.86069621384,1130.7119817392,1431.28279663914
"ENSMUSG00000032558",98.0624330859547,101.258328893695,109.199117121465,90.6747259662396,111.366834235553,105.016714603592,128.234342235729,101.594545191912,126.963826410147,130.216403124812,260.856197200412
"ENSMUSG00000032560",825.576706430219,654.970026265889,947.237528528463,807.239842891547,654.321181650726,695.481027240173,711.475874170622,853.418152395759,824.126993581337,960.038132750535,902.267197657998
"ENSMUSG00000032561",2.27578784714437,4.18276391865579,3.44823828931711,4.26549487607518,8.24782262186745,3.73636737197826,1.14230145225039,2.87986392375578,6.60005225936233,1.84818330732062,11.1780472706002
"ENSMUSG00000032562",1397.10819857308,1267.79764951612,1165.60728844235,1115.21582083473,1287.08277046167,1325.35032690477,1036.29263953654,1107.31263538262,1096.6106020281,1228.21361582993,1367.98452516762
"ENSMUSG00000032563",289.447923277599,249.562089343056,224.694687324831,246.010973283829,321.871712120872,278.045675324557,244.295338314663,268.2484281824,275.720361139683,248.986268069603,299.095928448695
"ENSMUSG00000032564",0.710486412879966,7.88348827685715,0,0,0,2.91780682387491,0,0,0,2.19041406909167,0
"ENSMUSG00000032565",19.0731468477829,37.1127474990835,4.37450057550307,9.83021190612467,4.26204361495602,58.6864214928443,5.18273076196915,18.7152537636475,9.45785537840748,22.0414643795596,18.8527159441264
"ENSMUSG00000032566",0,0,0,0,0,0,0,0,0,0,0
"ENSMUSG00000032567",12.6535183222231,57.472840855734,61.7700218235239,45.0264912325437,92.366141350581,14.776296615943,15.3718448264567,18.7377876992184,34.6531758662852,8.52526268613291,22.1066027604217
"ENSMUSG00000032570",4090.88680867086,5169.23555851678,4832.84864052805,4735.34781929394,4891.63018015131,4991.02238153759,5162.23283129275,7919.13675954883,5242.59108826685,5003.47761437805,4017.20319531333
"ENSMUSG00000032571",373.718861486154,369.413943234067,352.038357411717,411.064957190982,266.462834651615,392.193663486548,355.180482844441,364.760011411067,411.354977499969,403.459950197609,396.476953255135
"ENSMUSG00000032572",45.6733268319292,129.610122651253,30.2022538068718,26.1179935241354,21.1328145539169,48.6949837431983,30.6489139796645,24.7580782746677,17.9761062604809,69.1954192299526,34.2585896324339
"ENSMUSG00000032575",1522.56404229018,1834.98225909963,1016.35650432998,1285.21709787331,1054.4628692193,1579.88523228835,1557.97020413842,1025.72958753686,968.280716002773,899.216580033546,1589.49002139019
"ENSMUSG00000032577",175.0536972234,113.25330116609,143.448177634608,219.14130027569,201.339772818063,218.758117025508,127.111821312488,230.390045953032,217.618667963218,247.229193216712,261.179223835479
"ENSMUSG00000032578",178.311575094745,276.039255133294,166.921911865934,251.718754050888,110.920967283369,348.430111812159,142.334325698901,557.932711516901,275.231448640891,251.883992042869,276.17859102104
"ENSMUSG00000032579",167.787811688887,222.918981526548,168.492565567611,237.274029631402,196.010335788949,223.940925594395,284.578028221798,230.742429821599,155.145454473571,205.42594294847,156.495629829459
"ENSMUSG00000032580",1730.09693294987,1845.65892795218,1670.77109381211,1408.03636635618,1630.4808481518,1688.9028552767,1792.51896035379,1504.32363350712,1587.74227134056,1829.55047836072,1760.4385817736
"ENSMUSG00000032582",1468.09766355219,1344.17001194006,1165.71538049143,1437.35285688529,1401.16119380973,867.827749292675,1423.16253705111,858.987441379499,1821.26717864069,1433.28056426737,1092.70823974593
"ENSMUSG00000032583",980.769198774473,1080.08988380567,940.124710322655,1167.62013945548,815.263272311237,1218.90481846689,1028.54713108928,1153.00954569888,1106.3076573528,991.571493789448,1114.35913574221
"ENSMUSG00000032584",16.880686052958,21.7576571640501,23.5704140266129,12.4651207824885,34.3462683112589,25.8619823929634,13.6786870746993,12.0650471258135,18.0500455317211,9.81543624632707,16.3130353728372
"ENSMUSG00000032586",19.8163135512104,11.8106007274024,14.1440065498543,25.1682705756131,24.2649159962332,20.6469504963998,16.38448157278,16.8471914733408,26.4639312899146,16.9666236913313,21.7507367894016
"ENSMUSG00000032589",0,1.43483773703507,1.17857698805613,0,0,3.43301875371368,0,2.61675602207078,1.25349468305807,0.341345262307675,0
"ENSMUSG00000032590",704.99558981635,680.30447984156,660.605312355452,724.935473399594,626.985926573637,817.967794053475,620.824339778879,717.535462684732,662.153631867725,764.196262897443,658.939061926843
"ENSMUSG00000032591",1.06878526059564,0,97.4529578844472,0.560296217920721,0,1.32983127546039,0,0.995590301557043,0.970874864018337,0.964451686657107,0
"ENSMUSG00000032593",57.2088656353014,55.0835894186478,37.2777505193474,42.474476920914,27.6716531176702,67.9139784450554,38.9232459059464,35.3968039349842,24.5014124925217,40.3495957690637,81.2337757534032
"ENSMUSG00000032594",436.240731116088,563.43177839235,666.245774324012,561.869946605652,630.090574264608,593.434116777165,815.235875430673,686.117138812784,611.023820367703,898.238663125843,491.41328477355
"ENSMUSG00000032595",3.29576569595595,10.4142916701861,5.19970392400686,10.502993650949,36.0494904227497,17.8789745626539,3.27626861580699,17.3828072279052,5.55662574019888,7.93868695421847,3.65723484538508
"ENSMUSG00000032596",682.874054896187,785.723887174427,454.171296838451,583.455978567371,467.100711723481,751.386001609153,451.168928117325,417.373383442571,476.725907005134,695.218585950729,600.571510417438
"ENSMUSG00000032598",154.428488970443,181.469635300187,159.230663836897,161.478932164922,186.142311893062,220.549547596803,177.615438012419,175.035451687681,215.969878604964,266.119050137837,158.315634266056
"ENSMUSG00000032599",395.966615855433,326.857020444512,434.77581676298,375.8950774653,798.018410261018,407.230343243292,509.398524745654,518.549333023715,369.871494045097,640.420504446563,412.504976779074
"ENSMUSG00000032601",379.953221006812,294.302663513638,368.719293474312,382.994905014253,303.81173060088,309.577687738589,415.716093325047,380.309429403172,342.091055281916,317.654669073648,466.311107678678
"ENSMUSG00000032602",163.524306453909,156.705034659299,233.966072379516,203.97175490808,200.029159236644,188.841807767447,213.315189202257,212.900935695521,268.514612158015,254.431559425964,170.408714960119
"ENSMUSG00000032604",4167.22336636436,4198.13018552858,4619.64398646253,4981.58908303256,4363.65083085871,4291.07108481351,4715.44895015144,4820.86951402918,4440.43513585543,4142.66550640431,5033.0556471933
"ENSMUSG00000032606",24.8333548851853,27.6452841311481,36.0175793990275,31.9427456243447,20.2352604122709,32.2934272815519,37.2649523973168,21.5670885254827,30.8174115159064,31.7283976471852,27.7276009639148
"ENSMUSG00000032607",423.033447919375,453.846887587144,441.538690675345,480.250100807039,412.462615604538,507.467975220878,559.17395779825,492.308740345141,479.440962663462,413.811199380471,565.376276763073
"ENSMUSG00000032609",37.6652852661852,39.812759149677,34.6163252916323,40.3335354097512,37.4366816015438,29.3335541261279,31.8401229101694,27.4855640719801,27.2690018031676,31.1522244555731,34.4642652758692
"ENSMUSG00000032611",6.28019329466354,5.88805628076985,4.14426180796137,11.2739846563528,7.20399100698886,3.02423295740213,4.0888805652613,4.98961150567316,5.82983513106971,3.01659214573316,15.4768829974901
"ENSMUSG00000032612",1490.27310425516,1305.92943785097,1327.19864240523,1285.90561799989,1357.30291499626,1274.74647909171,1249.17830177432,1280.20912095059,1329.6195272217,1191.17251836041,1608.09484777217
"ENSMUSG00000032615",63.8833948556444,66.1641968792598,63.356813488846,72.5072643277553,63.9958164277098,78.6407167775045,69.2216008662538,66.707040845614,64.5834175129894,56.488811379458,50.7841990401667
"ENSMUSG00000032621",897.779658383742,1267.43999156673,1307.85279086779,1596.84424462292,1051.67170062833,1056.70138848927,1317.47867404887,1101.09702183788,1188.60939668158,1238.3400262572,1348.3864019307
"ENSMUSG00000032623",0,0,0,0,0,0,0,0,0,0,0
"ENSMUSG00000032624",163.109197962782,170.955081572726,148.89139847579,145.653451160547,115.331276579885,185.345818696866,135.085377263952,146.031788978827,137.985369501318,150.739043276871,231.147920311489
"ENSMUSG00000032625",23.5091636302494,18.3424619694693,39.934169420176,22.8669774520113,23.1855491193845,11.5489645677451,27.5621711204102,20.8448988770669,29.376029928874,22.4494731736547,19.4137136350281
"ENSMUSG00000032633",835.900119587665,1055.02317306099,1883.92380984054,2784.55247074598,2011.38673352209,1305.31957481139,1909.16382495787,2016.61683179856,1171.13305867526,2166.70106289215,1165.61929281959
"ENSMUSG00000032637",3108.16828488618,3627.33318852836,3308.47002005477,3152.01828932583,2995.43692967446,3669.85800836898,3079.59344694802,3502.56397691604,2941.21455433705,3459.69069109705,3540.5769463429
"ENSMUSG00000032640",62.729311853083,66.8216250492733,39.8764007751984,42.5154336917537,49.5706278731056,78.3789608290798,59.2696788939836,68.3952373717578,46.3621434528625,46.9191645401625,54.8751911626074
"ENSMUSG00000032641",39.9047035612963,6.77710328055899,10.4635494882264,17.5905245669548,22.6374224099819,53.9618109567364,14.0294732224321,28.5324058326189,17.7916957425566,128.591813573072,103.978894588312
"ENSMUSG00000032643",90.0808821061871,42.760907931512,44.8900542902726,24.7209049672278,113.392956646725,48.5325764552411,91.9596517338669,58.4045430648992,43.2446946435114,84.839798724773,65.152770091055
"ENSMUSG00000032648",2750.23429974818,32.0666899241629,65.7397062820443,266.733246702025,404.275943397447,64.9429850460777,29.3249999738176,23.4313746692006,21.5413643724537,240.763799621767,39.4505013537717
"ENSMUSG00000032649",35.1482004676888,32.1998478069227,26.5941300616768,27.2727718778445,34.8083859210027,14.1064092450417,30.6191548546561,29.8194663238894,24.6213087657047,24.414011650399,25.2031898663817
"ENSMUSG00000032652",53.1871867211714,39.7946114489601,57.2417840157568,45.9854125921469,62.9255893662549,38.2576835099933,84.0949644199612,48.1063517367673,53.5692215255355,57.3528216982249,73.9737445889932
"ENSMUSG00000032656",16.9382920452592,16.0814044328988,13.2018837314374,10.9775507769541,23.3752874585575,31.091007405454,17.5545499474898,14.6871547769837,16.8443332276117,20.0213219101919,14.9187052675545
"ENSMUSG00000032657",27.9090939553747,83.5062231069474,25.0194169186065,29.6955018697868,29.187147309499,52.1295644533501,59.0073045394518,29.547682943842,36.9023657031179,51.848011368048,37.8536701013194
"ENSMUSG00000032661",45.4697390950222,79.4808191818911,14.6983199631727,11.7311972561111,13.7264581309129,27.8006563840615,11.0521615573786,30.8374166306689,6.7905534486446,54.8269673466411,13.1122571817057
"ENSMUSG00000032666",373.338197080679,257.69079251162,259.425233286019,247.402509164688,265.619139301192,203.103824911802,296.720541194951,309.871348200109,213.861415315019,270.979717039741,233.634567613296
"ENSMUSG00000032667",344.422406676357,302.109802866196,396.618082009016,351.196866645343,267.71457688552,158.27774791456,490.653197728606,302.257530490027,274.123422171932,417.750330400954,465.38215546007
"ENSMUSG00000032671",0,0,0,0,0,0,0,0,0.924113942600709,0.959316193454441,0
"ENSMUSG00000032673",157.061918427124,199.363003182351,138.997517544937,162.052755489574,133.851684757109,144.821069983367,207.112354974001,151.559527417687,141.128032253503,116.425286375716,177.4321008534
"ENSMUSG00000032679",69.259184437319,54.2867822244926,56.596825240287,32.0968647813679,47.9719145757919,47.683230002891,41.0129476223857,47.4297270608587,48.9321700248627,32.0059438917754,42.1438515143647
"ENSMUSG00000032680",1.36335954415235,1.06832629831277,2.64895968758283,3.28606527231192,1.05599957313692,1.28607605329955,3.07256300568647,0,0,1.89203782507379,1.14809679762106
"ENSMUSG00000032688",190.871663087749,238.062832134689,222.03508149397,266.497070166044,303.022892884824,202.09964188734,252.532588390215,236.841331129878,287.189428935328,308.348165674095,206.519038614854
"ENSMUSG00000032690",247.811770821435,149.659230731183,103.266596168476,159.018150900372,134.654695301717,148.465352095099,104.429885293921,123.846723595349,167.773471848803,205.298353902873,138.289194868294
"ENSMUSG00000032691",15.5476737947106,28.1704279075043,27.1825670304414,24.5895047279706,24.7198683917401,17.3860471459552,34.436305779348,17.8926989267119,10.2389973666517,21.994501800876,8.24645458095874
"ENSMUSG00000032698",668.845794373703,803.708824940623,883.546730535376,1067.4509039549,912.693036656488,924.242539030373,882.38036229019,1043.49597089518,971.390100236756,1087.37795137629,739.232789093693
"ENSMUSG00000032702",528.848114065521,665.476319691157,612.629326419893,675.767217687434,746.112952775566,652.581680900389,793.989174161178,804.638793360863,649.893937540284,559.50227553378,563.731906838868
"ENSMUSG00000032705",141.962116587191,153.992189108328,147.191671227158,135.354202482539,142.669503677668,161.289219733878,139.483013563029,171.078950055065,148.915177996042,133.571507760298,143.068649772144
"ENSMUSG00000032712",977.848974426403,829.649028406503,822.446397940838,770.150622067818,859.323447878527,667.748920716159,709.059233550909,643.673207723992,658.864105804753,775.020510128518,701.719333937271
"ENSMUSG00000032714",80.0937824058885,67.0454671181447,62.2882606068047,40.1838796832423,84.2065440806983,82.9213465668693,62.4198168985294,66.9674072922945,63.2571783645104,63.6616772559787,70.940083078598
"ENSMUSG00000032715",134.284516517175,218.35466300793,256.622191166415,331.422882070094,220.566089072005,345.19302908193,285.382853496939,318.009061902099,192.775679273895,226.440581823632,249.479545931822
"ENSMUSG00000032717",631.160638810705,487.38433419466,1248.10744398447,1032.55703460403,901.654976050642,517.98397029575,1024.30065814482,444.970174435268,858.487245584922,999.894260055599,1147.95416505742
"ENSMUSG00000032718",313.729339291889,291.795624050795,418.47381860865,351.205858067995,374.748033502796,408.209718119676,308.761064872819,432.21365709654,336.599748549705,492.674030363591,241.215181884154
"ENSMUSG00000032719",3.39770009174512,1.06970809990122,5.29534247301945,3.28503126298166,7.43446237514761,0,1.03005074538969,2.95610447896442,5.63602577626083,3.81453254281724,6.89985323207673
"ENSMUSG00000032724",402.897793545604,438.981414542349,317.067998212089,527.643470401029,353.02227597068,589.194962128074,435.277214158844,802.089008985602,410.63191164642,386.502772570383,697.088314087679
"ENSMUSG00000032725",54.6956530334737,59.1064752377616,81.1354096357499,69.2000154090857,82.995450155621,109.44191291323,64.0994337067118,84.2885461565135,66.0703304655699,55.6149495957905,51.3563065549672
"ENSMUSG00000032726",0,0,1.77235227169507,0,0,0,0,0,0,0,3.43115185103449
"ENSMUSG00000032727",87.6497471143035,76.7412518936936,117.487619764178,93.1248113657084,104.993804744594,47.3633667160297,113.802734447417,77.7998128676615,113.26842425324,118.554318266027,82.0558921177293
"ENSMUSG00000032733",176.456766934925,150.159957394038,204.414111467791,211.707471382039,215.669134233685,187.416329055217,186.519995889514,196.228760553875,189.673324641181,219.746095081899,173.416075900529
"ENSMUSG00000032735",103.342596206755,84.0916756320366,120.275299724083,68.8394052625525,137.044628816028,84.1333277725756,125.875785401181,140.631781738748,108.822333306678,151.176985808303,160.930587147855
"ENSMUSG00000032737",2547.48700427859,2406.67094988003,2737.58587080521,2670.98087015844,2702.10779580055,3014.10519818509,2603.89782951958,3109.26429988674,3026.10515163268,2997.02290951177,2913.3846592327
"ENSMUSG00000032739",7.5435237399618,9.69586832341015,9.74183228627914,12.0062706761549,8.44877212839184,6.44547233774809,6.13601876743715,10.8973339938526,2.83930180368175,10.3243793579595,4.57149106183977
"ENSMUSG00000032740",175.30647267978,211.061720619063,172.355504424692,156.622601269699,243.312790959786,173.026918158499,195.447595468033,157.255282765401,365.805480155399,248.333207861063,132.650118480948
"ENSMUSG00000032741",608.15475606114,483.621977301054,554.796069034881,572.709784231513,402.365275053823,536.550231291276,545.74590954708,597.404549733904,681.299932752294,533.697380382256,880.188935314394
"ENSMUSG00000032743",295.113554393686,592.584986338385,299.800451799583,277.073690763652,272.689619461188,224.217693243187,258.618861849451,357.799002393575,343.307028213138,289.28279629725,371.287534163911
"ENSMUSG00000032744",4.79472583567884,9.68187967800954,2.659364485146,10.9142879422005,8.54605536558583,5.11456324394645,5.13676815881292,5.88467598864264,7.51607085956488,7.5586724116501,8.03694791788658
"ENSMUSG00000032745",784.765368904506,774.323285500121,1046.80427344912,1126.70055786127,973.282433274475,966.329632180489,871.083375474867,790.369011391928,883.108106432723,1084.47729672354,942.813415355992
"ENSMUSG00000032750",20.425532924809,9.24617565513437,6.04171776909069,17.7956945513059,7.728298145814,33.0094713083029,12.4156003323453,10.0437638357015,8.75475524308167,11.8582518036336,16.5431737888808
"ENSMUSG00000032754",592.605142330529,683.850292218903,895.979332280879,791.61557363623,1039.28879944805,583.852026444226,871.708469615162,722.943009180953,708.052029615192,1109.61111391833,726.288944156378
"ENSMUSG00000032757",147.703239018044,214.510902550515,157.981004639108,192.574776177843,141.765226741489,185.630945005546,204.094848934939,223.955553622393,165.526277608881,161.776805989993,161.952471038354
"ENSMUSG00000032758",0,0,0,0,0,0,0,0,0,0,0
"ENSMUSG00000032763",383.686323769487,371.782829822674,317.242302020362,323.386483792017,298.975309670608,322.102933970857,301.84388630427,569.643784597375,526.418202418056,533.84227856151,285.877731075637
"ENSMUSG00000032766",41.0659246346515,45.1217038682234,53.0110619493766,56.3269548797885,46.3762950808794,48.4279800643208,65.1834041621307,43.4194485887315,41.4141130655187,48.7450294256312,31.5998090393975
"ENSMUSG00000032769",0,0,0,0,0,0,0,0,0,0,0
"ENSMUSG00000032773",5.10659697405664,1.7811317855017,3.64988509196093,3.59240054940828,3.49716851288373,1.06106046049315,6.75980721905161,4.05026859570256,3.88026603339516,1.54844451756908,110.771225033381
"ENSMUSG00000032776",52.9427506142451,45.7652076171578,46.4258103053769,47.1650024238973,117.012810261427,34.873020032046,53.2704249812108,62.5607660179142,68.3176263704887,54.8665020872191,65.9456844376233
"ENSMUSG00000032777",1434.35056188972,1312.72975319413,1377.68330563559,1396.1187125521,1358.73225256615,1465.89787127476,1216.34438360565,1541.26393759251,1606.05819673819,1420.99735448944,1577.80732226777
"ENSMUSG00000032782",78.9551617339987,154.887487849415,104.750285773531,84.327440035047,110.403285105628,141.181401216502,108.06897934736,109.528580204249,119.144611062291,110.140285322784,147.587287069375
"ENSMUSG00000032783",8.95522308821091,6.48658250416784,2.66314591758503,0,5.30666123927885,15.3958183734154,6.14013353579086,2.9581651023985,3.77802449010436,3.74636510748577,1.14212746202368
"ENSMUSG00000032786",681.043637494632,604.262618757364,654.928455165666,610.997627263348,614.908274093372,676.513827147517,582.145531780803,562.321461517054,640.121458014363,463.556219043058,840.180367260117
"ENSMUSG00000032788",400.320823187713,421.87923497672,606.898370669947,699.886825006312,474.959587886147,416.247678195479,533.42112056321,484.999574843377,456.122315998059,452.467604582743,626.448093563801
"ENSMUSG00000032796",718.264361399038,1077.2609452701,758.592848367831,1014.84916646742,814.549982215477,730.570276101767,869.528144200164,1231.3927825432,1010.07500082917,549.685078732032,910.461764184048
"ENSMUSG00000032802",74.1731032327803,59.6181162697776,104.807813393076,46.4578490676143,121.30281417525,39.8572279890894,74.7551512313399,51.5227816800621,70.0573808724827,127.817206182781,93.1913319152345
"ENSMUSG00000032803",761.038168800669,570.796096948867,668.383618582849,687.681708841479,760.668732865729,735.44801360689,783.220846852157,671.037800279387,687.090285167196,687.806968618337,894.50052079597
"ENSMUSG00000032806",105.333763376912,106.047489770625,109.683681130745,110.513566003798,138.193742679087,168.628012395395,108.401353574947,146.008096533968,154.209168166883,152.663712360014,119.261251368625
"ENSMUSG00000032807",0,2.1551330995736,0,0,3.16186800335424,0,0,0,0,0,0
"ENSMUSG00000032808",0,0,0,0,0,0,0,0,0,0,0
"ENSMUSG00000032812",1189.05017956332,1155.20867996191,832.414543507219,1156.37185315064,937.026328813497,1092.83610682979,821.998097828101,1198.18410348566,1369.30590640365,950.78030756973,2347.89489756988
"ENSMUSG00000032815",225.761116233822,273.638703057696,246.795418765655,258.672317652838,234.555333507604,201.989404435852,241.645922359192,251.145224059772,269.162693630118,170.763223814381,226.151463358896
"ENSMUSG00000032816",16.8250428491624,7.6945412659241,6.29970560852829,8.79262667562132,5.37440001697945,4.98158042813601,11.2682542551881,10.5192997924759,4.58608768379991,12.2894736852892,8.07662702926911
"ENSMUSG00000032818",0,2.16128346973044,0,0,0,0,0,0,0,0,0
"ENSMUSG00000032826",19.6090188099618,38.2957274339108,5.79500682012669,24.642374329107,68.7779164617741,28.3028113596215,13.3268255261095,4.41405184189635,21.4361036134211,17.2238581347425,31.7227371125344
"ENSMUSG00000032827",46.9434732429004,19.7763278747401,24.4416669688668,13.9775905083305,12.5924729375295,0,13.5526708895159,6.28875549640307,15.6459522200108,10.7630881414626,9.75347333013805
"ENSMUSG00000032834",146.47411469404,137.201074552623,107.149870962539,79.6152446512953,127.653978208551,133.096995162131,143.203771609207,97.9370074872231,125.804097823809,142.373015314124,173.333918386836
"ENSMUSG00000032839",21.5527044030651,3.44507834200307,2.79731058537917,3.47777538512897,9.0855419208487,3.04680483841448,0.825359347178712,3.86386578918848,6.61119546456462,4.52400815960212,5.38174521033388
"ENSMUSG00000032840",51.3544399942739,66.4083238906282,61.576951577824,66.9561080348307,50.3584249603226,67.1377739307054,69.5556244679919,65.994401591614,76.1812748910003,59.4693906196841,64.5182516118019
"ENSMUSG00000032841",8.31743641597817,83.9471464826612,5.38866738032094,3.97119974000009,7.95043878997314,4.96686777287285,1.7923322831659,76.172864555333,74.0553645395458,7.33295557574474,2.5481644784587
"ENSMUSG00000032842",402.378088101445,622.703601868558,529.653298699693,495.168296965693,567.216005594325,655.130782104491,515.352031891029,707.609489413622,564.779772046261,490.457334175543,583.825657560856
"ENSMUSG00000032845",43.842725797364,0,0.626928560675113,7.97664989252937,14.1312974385755,3.62742661675072,0,0,0.669201931309983,1.98351397290056,0
"ENSMUSG00000032846",93.6737867590062,55.0598559088535,59.3712601369852,62.0380017148219,90.5702175644597,55.1548668247492,38.6980460926701,63.4694198506508,43.5750253858931,76.7293028398967,54.9399258157005
"ENSMUSG00000032849",52.715245027961,48.2831844601611,37.8576185375048,32.1060556174897,52.729109661134,60.5224150350107,33.1425319284306,42.7844863966644,25.9682566434796,42.3342208362145,44.2422633864693
"ENSMUSG00000032850",54.6591692542351,4.93873034651918,47.6068434389843,4.36767746839123,9.07124576178179,5.15112558076094,7.62443042499262,7.32955523413518,4.85128186054545,5.92962182564929,30.2390634226133
"ENSMUSG00000032852",0,0,0,0,0,0,0,0,0,0,0
"ENSMUSG00000032854",0.678996206876363,1.08576543314678,0,1.10191401160737,0,0,0,0,0,0,0
"ENSMUSG00000032855",1572.6283396298,1494.45060657305,1538.28492854009,1068.08771070511,902.762514449713,1317.79639958779,864.475914188827,2130.01863657223,1544.27836042236,1353.58039471499,1536.35805740474
"ENSMUSG00000032860",32.2883547447308,9.7029249153325,13.3024226060203,18.5291074326785,9.60552667637101,40.9391316115189,11.2935389667564,16.6740707250918,14.0991192556702,13.198502640173,27.51459985473
"ENSMUSG00000032864",0,0,0,0,0,0,0,0,0,0,0
"ENSMUSG00000032867",478.669315968428,394.670636515344,451.834950294425,432.914839704149,474.134186789926,433.130196216249,423.808589696465,429.369764811018,420.463607187046,425.394664697875,449.550136348909
"ENSMUSG00000032869",182.931188974607,184.714431589697,157.824114787363,204.14926036534,166.604288166728,217.454526688438,185.359048480402,192.882872984556,199.741460922416,165.81851949308,220.971504930177
"ENSMUSG00000032870",706.199334913956,783.114154008986,728.168809787905,624.682936672303,699.403709075467,768.344250747443,704.213098298195,790.902077259553,597.161318152589,752.363714372004,525.735387899728
"ENSMUSG00000032872",412.418154823621,496.57117291206,431.517062267462,521.174144712804,438.85753788464,376.725314900637,388.201024525879,394.522376495816,391.337522478415,441.102086537073,315.177861688434
"ENSMUSG00000032875",154.516410112665,112.149298140034,109.369054578353,111.692161084388,149.979078013446,118.363573389012,85.0691192254167,130.504574107555,101.206625407879,117.245884008915,126.108985439861
"ENSMUSG00000032878",21.2693994989679,14.2789683896652,19.2595048256074,12.9912610343724,26.1115256307308,29.085630221884,33.6147233773573,28.4884687420209,11.3644941300737,19.198059176383,43.1642992653877
"ENSMUSG00000032883",169.891241765781,143.825394637304,132.756847724277,114.418439587298,135.665199933113,130.823887674827,330.46921396426,128.989791123526,215.523172900097,141.192050574473,145.762632719916
"ENSMUSG00000032890",21.2489456893499,36.5981220965422,36.2856540250747,33.858327527048,27.7327485822243,38.4935789793025,23.6547323162772,33.2859841703593,33.7654781831854,30.2715108847913,34.4030508190468
"ENSMUSG00000032892",39.4242094250236,54.4238661726399,58.8111414290859,47.3469409955278,55.7046927920018,60.8492997584678,50.9937970774246,55.4237368111995,47.3780455636355,73.1848102499659,46.2294589143304
"ENSMUSG00000032894",0,0,0,0,0,0,0,0,0,0,0
"ENSMUSG00000032897",358.891388375993,317.992289555749,602.994748090217,458.373995874714,333.236066522712,426.683128743703,339.44563004835,481.91248259556,370.309998694227,357.56718936005,403.750669044078
"ENSMUSG00000032898",179.319275799434,93.0917446946037,131.15322671492,120.006144278938,87.6524379534508,61.7290951126865,138.930933895586,91.8985146007542,144.445397112557,109.515592096151,129.229449424445
"ENSMUSG00000032899",0.790247305127092,1.22768823229463,2.97659614492274,0.919046568728237,0,1.4724232470482,4.70825427971209,1.1421879328944,0,1.58596634796479,1.92983973133381
"ENSMUSG00000032900",0,0,0,0,0,0,0,0,0,0,0
"ENSMUSG00000032902",95.5987933084278,202.860424402845,67.2946746067133,139.357720200262,143.199630182732,127.980856101145,149.233337770269,259.708329495787,285.236994181122,171.262501778652,203.391419752423
"ENSMUSG00000032905",59.4431022654627,63.6447231704787,73.8201002763863,78.8340506302069,53.9609791909794,55.7469539165236,69.4338914242464,58.0331533879969,51.662689043852,82.6931426039172,51.5294601915476
"ENSMUSG00000032908",0.680743052306074,1.07014013693424,0,0,1.05538012522782,2.5755948777202,1.02508082075699,0,0,0.945694069550571,2.28983000174521
"ENSMUSG00000032911",98.017549218229,93.3044682764631,83.704962876015,69.4139586536483,128.757925776223,117.51660826775,93.9809835660121,92.5103806077303,65.171577866714,98.7932060205504,57.0618619625466
"ENSMUSG00000032913",119.260751287888,132.073174338273,107.297054375531,118.950298825962,112.248649608653,74.5357718583307,134.816672199119,113.724937496329,124.869696963671,145.458582836463,98.5693734073217
"ENSMUSG00000032915",7.52735147842597,15.3225090235992,4.45059253797159,8.7608316774434,6.27637056860528,14.1090682005012,3.09686454844857,6.87795783453194,5.60310415493523,7.56057205755502,0
"ENSMUSG00000032921",0,2.89974957624073,0,0,0,0,0,0,0.509264252808361,0,1.58025515176679
"ENSMUSG00000032925",31.152900181211,45.0359953512561,37.93472439263,18.7339785894664,55.3380145858011,31.6871348470794,17.5975436484747,43.9985220402886,36.7036180707165,36.5361682518744,29.4349585050608
"ENSMUSG00000032932",264.760840638833,236.008870731127,259.030777797903,197.311953205603,193.288184608089,201.708337182515,221.943631819518,198.652924965105,230.143318000065,141.933748863128,275.824743020204
"ENSMUSG00000032936",0,0,0.888711478704946,0,0,0,0,0,0,0,0
"ENSMUSG00000032937",0,0,0,0,0,0,0,0,0,0,0
"ENSMUSG00000032939",181.176781528912,230.563014024813,144.151253040385,161.934598445385,161.877836262914,202.531346368536,145.896837266367,168.942361631801,194.702854739668,123.607721421661,169.960599487574
"ENSMUSG00000032940",8.11962492188712,1.0608802564923,14.9485178392921,5.47937309435725,9.53276997306635,5.10735762956055,2.09284360333464,3.92876894744745,5.60056398129926,8.58033381038781,4.67488008577762
"ENSMUSG00000032942",1086.86161595267,2035.79457978737,5352.06469236117,6767.13941095743,3709.27425293742,1809.86014229311,2511.56939531392,4447.71042569219,3582.68700521479,5750.07417389723,1743.86273384172
"ENSMUSG00000032946",144.445082178439,269.676221193484,122.038263056141,65.7942847873063,92.1846368496684,207.424749668874,63.705745334887,58.6484542350638,140.248349458136,201.344241964396,39.481936514981
"ENSMUSG00000032948",0,0,0,0,0,0,0,0,0,0,0
"ENSMUSG00000032952",5351.22185001811,5884.82330833504,8092.31587360506,6953.9291080283,5500.3054625222,3794.13601266856,7448.55414779592,3271.5962973671,6765.86349877222,3012.46060708521,5847.20274055292
"ENSMUSG00000032959",1136.6959543745,1243.64912773064,1194.55455814213,1396.14053314857,1398.26182816701,1478.37347439874,1234.97385564768,1412.84521023439,1231.51018720865,1175.76880782551,1121.72259396252
"ENSMUSG00000032965",83.6409682987717,46.7883050653937,88.733238863494,63.9243980768371,63.4470716871762,64.8050216908535,82.9562623646104,57.678002159753,89.2489109306391,61.6509640959136,78.7636090055425
"ENSMUSG00000032966",287.589584341173,330.267408369869,351.806071173588,383.014744549769,362.626910480816,397.246810289561,348.187100656921,311.911756587333,287.637700120384,306.984090979146,298.972249262717
"ENSMUSG00000032968",2.73199591328669,11.8450606118936,7.09317665367461,5.44578083698681,7.46726203920743,1.27926131597481,8.22926870235952,2.94883943957771,3.76311733254809,6.61988615992288,6.88147685958636
"ENSMUSG00000032977",148.33992932758,154.880370873972,118.072583914593,134.717349990402,131.554630768374,169.248453698065,140.479744456414,130.726565384757,126.938838053454,157.690209863184,187.660706331581
"ENSMUSG00000032978",0,0,0,0,2.10191351140727,0,0,0,0,0,0
"ENSMUSG00000032985",0,0,0,0,0,0,0,0,0,0,0
"ENSMUSG00000032987",0,0,0,0,0,0,0,0,0,0,0
"ENSMUSG00000032988",0,0,0,0,0,1.28625387519502,1.02622158658648,0.988318725350444,1.89210141177828,0,0
"ENSMUSG00000032997",897.733754945141,726.536652642282,1038.01120310237,1095.73541986889,536.613781799403,703.286078623192,1147.20419779445,714.531174073961,829.061172024225,984.512345685554,825.221041777187
"ENSMUSG00000032998",204.284666620441,291.786709620334,226.678827556222,365.535240225663,159.669041865712,78.0311497507338,132.861913917409,93.6007381456781,106.827304896485,329.772591203604,144.138444343562
"ENSMUSG00000032999",0,0,0,0,0,0,3.38394583456504,0,2.57966273298221,0,0
"ENSMUSG00000033004",1913.17389980711,2282.84105180468,1975.45436774623,2063.37408001267,1870.14457080206,1838.33181824257,1987.45339832982,1908.34846151375,1950.55772394975,1872.61127081862,2096.53632373985
"ENSMUSG00000033006",3799.69214579287,3840.02036843933,4618.74633455918,4441.64741882925,3612.57261341861,4124.51441999505,4862.4549678291,5055.53559168446,4395.54600390917,5261.2580978337,4269.22618687868
"ENSMUSG00000033007",4.06902780195976,4.2612841490907,12.2300831400897,4.28384757054728,7.63583240592486,1.31840194835345,2.10580377821577,8.7304410873837,4.6463565830635,5.54421751911687,5.86482954798429
"ENSMUSG00000033009",225.484699504124,190.090564683629,196.507701571985,213.63248449917,235.738714528652,224.077329751163,200.454375061592,233.307159546137,237.11111383103,207.546880078824,284.15837214158
"ENSMUSG00000033014",619.369583368988,516.912652119191,592.161732869571,448.381305761036,467.423288474651,508.820030925458,469.464386204766,534.189171998772,626.758878932464,580.693139013093,688.328294631061
"ENSMUSG00000033016",135.578810398706,162.471241111931,131.387490747518,152.614481623147,141.791560162884,139.540541903474,122.255643751517,166.761986975594,111.199509156087,170.841733898164,91.3325089984593
"ENSMUSG00000033020",275.967946773686,310.064474352376,308.610294803403,299.05136059266,287.181798307947,332.922890125058,278.470396576388,224.167674218769,245.41934378255,239.8751125411,278.791961894436
"ENSMUSG00000033021",854.215492455021,852.931450127898,783.650293502214,866.643886719564,1038.89819216956,1344.91665959989,977.330210053489,1184.12519823986,856.61997368847,981.052683601799,1001.78058269666
"ENSMUSG00000033022",1290.16045055449,504.784808285827,796.445313600354,468.667661559835,875.968890710492,621.72057601737,860.958568746984,420.197508725345,804.44635185148,534.314629935865,705.219125349554
"ENSMUSG00000033024",0,0,0,1.0895783501383,0,0,0,0,0,0,0
"ENSMUSG00000033027",0,1.08237214707824,0,0,0,0,0,0,4.72624636720888,0,0
"ENSMUSG00000033029",51.5417636968407,24.6489698537385,4.43189425204045,8.4947028420157,4.53354863026704,2.17570050529359,9.30455481744121,3.85937694279942,63.1909578287111,6.38744376461042,4.71962938795583
"ENSMUSG00000033031",31.9882907611624,39.7272392437562,30.324967585146,20.7921727244428,35.4176519582679,32.3132877634946,22.6932204686851,31.2066186026192,23.1908569233018,35.829013028114,18.4243853352652
"ENSMUSG00000033032",264.181623093491,295.338226739534,317.604058229933,370.725694739086,329.139271587568,453.125613917551,264.737926518505,368.606689046326,292.208613854574,386.517553915946,391.124035906168
"ENSMUSG00000033033",24.700194366747,44.1106489634653,28.3718111641058,9.82446688830264,28.8950739325251,40.8712380846842,19.5228186782191,30.3410662187162,27.20557310502,27.3954056651787,24.1286333228359
"ENSMUSG00000033036",0,0,0,0,0,0,0,0,0,0,0
"ENSMUSG00000033039",700.770635472401,543.453207214813,609.224092347386,604.829549404092,475.909099675363,614.973478026111,496.476706948018,736.393669108446,596.997271961902,599.402699715686,653.466675651083
"ENSMUSG00000033044",77.7156249472353,2.13666466539498,1.76441231006315,5.47875369327216,11.6421845307279,1.28669166199859,0,0,0,4.74966602140297,0
"ENSMUSG00000033047",1738.97553288146,1748.63065609703,1791.32585783634,1913.60830256188,1839.71374520175,1921.96001790693,1642.8497426486,1644.5438326956,1831.91208007093,1613.18203651703,1786.84198482759
"ENSMUSG00000033053",0,0,0,0,0,0,0,0,0,0,0
"ENSMUSG00000033054",128.846588345723,110.754668682644,146.744257493537,128.303864268558,156.721859875351,87.3148260763325,124.411012134534,101.932778734427,137.02304814732,154.242819948729,124.329596017197
"ENSMUSG00000033055",170.1307598505,171.88422880299,179.063393164076,221.536850232704,150.705039688637,216.235483599828,180.643607061145,220.964457122596,184.98298279406,191.234556630974,156.070961822088
"ENSMUSG00000033059",2100.47624893523,1842.92852559558,1853.2480018785,1727.99435066965,1508.37534815763,1877.50169021784,1564.95312087546,1851.31692865742,1790.77447860556,1461.78297901008,2252.26575165312
"ENSMUSG00000033060",792.135836832084,1082.41446005741,1535.67054971967,1124.13305404623,1092.29990279983,858.110666389644,1454.83514522732,741.69360778276,928.591887802354,1164.47606413002,792.949397453505
"ENSMUSG00000033061",0.689939267648385,0,0,0,0,0,0,0,0,0,0
"ENSMUSG00000033063",0,1.08115586164397,0,2.17974622366444,3.1542131981173,0,4.09743711825102,6.93186129643322,1.88430491312764,2.81755566974692,2.28817611236286
"ENSMUSG00000033065",1763.24508206231,641.945902143203,629.400018949476,709.299330423129,804.256832816804,705.320871924711,612.011920104188,652.312994361956,577.083646387194,730.26995043832,592.632994216391
"ENSMUSG00000033066",158.672665429038,71.6375498697982,167.607596428335,82.9780238119904,161.247593956114,84.9380763092043,47.0486369048647,34.4993641694613,145.555567151718,133.849272282323,135.473599066065
"ENSMUSG00000033068",197.974154772942,305.734634498824,225.669251109921,228.342936323804,197.886014731301,302.925455827032,277.670912344034,281.46223344758,224.652081478735,220.211166954629,300.822662974201
"ENSMUSG00000033075",121.761174483808,139.234142025967,111.761138333814,97.7106728732631,98.8765259391453,83.6665737649974,138.656412818218,93.7755657172796,173.262361288595,86.6737216741414,143.253527788253
"ENSMUSG00000033080",0,0,0,0,0,0,0,0,0,0,0
"ENSMUSG00000033082",7.15247484806619,1.02946969174382,5.0925181951653,8.86893467358792,10.2321248998525,3.70079931341009,5.0025217435986,6.60769353925454,11.6628772743996,12.9292568333095,14.0653064670081
"ENSMUSG00000033083",1303.97883585416,1311.96109237698,1487.96906355824,1178.85673549491,869.210237371172,1250.91042213327,1520.95102531245,1704.86699528053,1855.74314058464,1679.8146017173,1608.38789292749
"ENSMUSG00000033088",644.558208316487,679.143278740537,782.600698465121,717.904418500008,757.319946031665,726.643798034442,744.344330871563,722.206869923156,733.80808214197,882.259197842617,577.742587149518
"ENSMUSG00000033096",895.273642786576,1047.37952417329,918.315841115147,1062.39655712899,973.128819775651,927.128476382743,1117.4382795187,953.30546788955,1027.82110154828,970.423918682836,1086.90213842062
"ENSMUSG00000033099",222.581769482427,267.932556207971,201.42664210745,194.3377561,243.195394232894,255.662351786345,258.35236654838,245.776002080313,172.726376643779,197.700364955143,236.098778999572
"ENSMUSG00000033102",3.84819131415468,9.75388674983483,29.2680238710481,19.5011633798851,46.8953808451727,18.9876426034417,6.99406108138345,14.9709950637857,19.5819930196156,54.2243334116237,22.3914732382551
"ENSMUSG00000033105",489.589287637252,445.106927333731,348.626891148269,400.483294428199,362.84748202838,504.715873927108,497.478803728557,406.287718401678,391.395908554545,275.713200105146,754.676960757971
"ENSMUSG00000033106",292.480514328284,329.132027894937,270.151896166505,303.374731151489,288.456214436063,268.443633544322,300.481000737817,257.84173571121,274.937230090644,276.008255795481,315.205872238013
"ENSMUSG00000033107",23.621069485995,27.2488981901683,25.5056056526191,41.7631026536733,121.068290866485,14.0358582180235,30.7958486805189,38.3722524903602,22.6141245213247,55.6422251263562,23.3006668509246
"ENSMUSG00000033111",45.3403250716653,130.125409960206,83.5546644145705,37.9471502656764,61.1560461697181,50.7735930613414,55.6370178260184,80.5062076714576,69.2376437894164,47.9716222393704,47.4430256912025
"ENSMUSG00000033114",44.1968225706776,49.7060542993335,45.0611405169101,32.5021468848276,48.021697357901,84.9617174021693,31.9286233168487,66.0520430413222,52.9102989640971,54.8644373219243,50.5016257345578
"ENSMUSG00000033122",0,0,0,0,0,0,0,0,0,0,0
"ENSMUSG00000033124",1351.51809346676,1470.44540230346,1411.2794559757,1007.26341768634,1665.35047092276,3061.16646354035,1155.86401180043,1504.09039446934,1424.90133372738,1401.85714591939,1275.43787123882
"ENSMUSG00000033126",5.92835666097085,3.17535161651218,6.15703473318145,9.96630495049415,8.59110933255322,7.73388724879615,9.42148847786242,5.83333939775188,6.49124642121462,11.6070638036886,5.82669603065058
"ENSMUSG00000033128",1074.37802175801,1059.4687534925,1116.02284918689,1277.15390131062,1117.43269997761,1296.52809972107,1124.92625923604,1081.58008491763,1134.42888272025,1214.58188112522,1264.52382911372
"ENSMUSG00000033147",1.44721853104236,4.73971362322337,5.59498319267334,3.61073252123709,5.90088643521993,1.4180858674394,2.15175381690618,4.87883068879712,0,6.33338495862429,3.7751462647893
"ENSMUSG00000033149",84.9731374716101,92.8941745372436,41.937193098694,63.3457948132876,65.9850634063113,43.5085130995776,60.3356450208045,65.2730682586368,91.2487107051341,101.714073906635,118.820999899275
"ENSMUSG00000033152",36.1021794206933,12.0652032820442,35.041084415908,15.8624205724511,12.5591877987004,8.79846424507218,13.1860202899467,7.73061213067122,18.7712342376369,12.071393120932,16.8627529327065
"ENSMUSG00000033156",0,0,0,0,0,0,0,0,0,0,0
"ENSMUSG00000033157",117.182243275291,106.59928666357,42.88795534408,31.6604199682907,44.5040933255583,126.712965438491,108.909213534599,156.77965906447,161.733650766511,90.9737284228329,172.431483598737
"ENSMUSG00000033159",724.01381062931,933.822302289201,1252.98482630764,1345.1244473073,1528.5378118166,743.064842460251,1198.27944232015,1250.17014444042,1003.55010789366,1482.25572956833,671.18419517502
"ENSMUSG00000033161",13378.5870957818,13422.2898470908,15861.5486063261,15181.9905276594,13264.0244983941,12452.8386983653,14438.9665825313,14870.5869025914,13194.0861840305,14309.6254667236,14315.0658273978
"ENSMUSG00000033166",133.680038971758,159.574707551086,135.35939708507,98.8427471299871,125.206739382924,121.29353455718,139.853938476161,113.485711451513,143.630526761577,115.446196971281,236.196234183889
"ENSMUSG00000033170",228.156485510297,207.296044522242,243.873122730073,226.128933122458,378.719223191919,264.987128760718,223.367155177594,272.71844566937,255.186867192565,364.411851127239,268.816475668051
"ENSMUSG00000033174",647.168873075989,586.137613662577,724.990475445665,510.574187843096,670.920286760289,473.683990491981,866.7030686383,560.064815438263,598.65515951982,840.605015598529,854.609298618407
"ENSMUSG00000033177",8.2255763553956,6.47075311753231,10.6341335452229,8.75133917980367,6.3146040535113,10.2757971306401,2.05438742627348,2.97161374908111,5.65916250013439,2.82497864041168,3.42679793200389
"ENSMUSG00000033182",11.4135024739668,0.597211267380164,0.973132806424293,24.9897606105465,2.01647198758383,1.06152943576261,11.5141391428396,10.8460494649578,1.21981583948344,0.784912286497063,0
"ENSMUSG00000033184",383.982542835315,363.657760965317,426.271665849479,403.345236471565,352.659707440027,343.561967324908,474.592765968733,413.805860781933,366.168925561342,367.504017626688,504.202006021806
"ENSMUSG00000033186",13.3946393139217,16.1271521001798,24.7573130162367,10.8403461948068,35.3183663520469,21.681628662092,27.5201660490877,18.763569083982,22.6066990273025,32.7458365948686,20.9757263945436
"ENSMUSG00000033187",109.299834930274,83.4597909337569,119.351581563347,37.6701144308748,58.3168614130428,86.9166191960923,87.0305003270127,70.3836615738467,31.7495173689933,76.5074820779679,20.2778020920757
"ENSMUSG00000033191",345.323349907286,295.243072364343,346.502871270231,376.096256070028,428.979681573557,348.877163081397,383.674286517874,413.827939240805,422.38779469482,445.041919005336,453.602411506647
"ENSMUSG00000033192",300.571004375096,250.242506194639,293.324768941674,212.401556082952,278.401564096769,269.155757460722,274.547252107657,252.447092472142,226.143717907474,249.598406126304,233.095125013446
"ENSMUSG00000033196",39.3848782157265,11.8699118267238,119.787497419345,154.633125045712,751.746624337511,10.2857688076458,25.5116256868882,14.8831339184974,4.73813049372582,49.5549321358854,36.5233490663269
"ENSMUSG00000033200",0,1.01277190342831,0,0,0,3.95096452260159,0,0,1.31107178411476,0,0
"ENSMUSG00000033207",4.34390108541132,8.61677659561646,8.33038517485973,5.82569860072823,10.3541644204284,6.82282565882896,7.27620571865211,5.32446057253773,2.53328216943497,5.01910079416662,5.11485683141111
"ENSMUSG00000033208",0,0,0,0,2.12202797460413,0,0,0,0,0,1.1296442137993
"ENSMUSG00000033209",91.5261332295972,99.7197982081378,97.0540421497511,88.9759330047818,108.461653182175,76.6549152095439,59.2274410756655,97.6354613895589,99.3121052599222,85.7558818039542,101.615107983981
"ENSMUSG00000033210",0,0,0,0,0,0,0,0,0,0,0
"ENSMUSG00000033213",3.72557432900729,0.89518995767205,1.15688156381071,1.41836032931537,0.912056405383367,1.06191989996556,1.69732911218273,0,0.784286409483686,2.22584869466917,1.53957313026717
"ENSMUSG00000033214",7.5234461748948,0,0.447287990146089,0,0,0.647708266208903,0.517116917477938,0.498888273282745,10.5306053793122,0.473748182043878,2.30456258941699
"ENSMUSG00000033216",118.025845357162,132.317015492038,156.786481516972,137.838516367069,100.722376649722,133.275518642125,96.7991992109946,106.518968623162,90.5485234065124,93.5196856082206,127.022264996376
"ENSMUSG00000033219",0,0,0,0,1.04294308950465,0,0,0,0,2.83068513576881,0
"ENSMUSG00000033220",57.1129950994708,356.971462891576,53.1123375857293,71.436597612491,43.8621752152949,272.793238210264,34.5670024972752,53.1710575633305,31.9891803200178,85.6678722693145,57.2097462884586
"ENSMUSG00000033222",139.13629882935,126.164770954489,117.293604595908,113.046929955342,106.045395230488,141.99349555273,118.478541059393,107.767463846984,147.878514066953,108.290055912947,94.5980656374418
"ENSMUSG00000033227",31.9172938670792,29.1595990580511,24.7601494078595,27.214233765054,37.1356202338247,21.8248297198253,29.8289046162677,26.6693489200775,14.162320892296,20.8678212955,24.0000329611521
"ENSMUSG00000033228",1504.93528710983,1360.79356508354,1571.92888127451,1655.96971700771,1718.58084622986,1298.67464620233,1492.67757599396,1287.24874190259,1839.86950973444,1727.86481679888,1602.17474266877
"ENSMUSG00000033233",65.8271939507787,59.8250264644435,56.0620804712111,50.5375703144136,70.3773421198439,51.7790965075849,45.1393919920722,48.1622424519918,41.5238563412935,54.0307665148845,30.2397098869139
"ENSMUSG00000033237",685.775369792368,464.245902810182,673.642596197078,605.850689937802,614.062439275377,418.457901417713,587.189190913664,581.089164136027,662.317955502376,564.390984033079,576.794652730312
"ENSMUSG00000033249",38.4692979834596,38.4149555885435,34.7977815507396,52.4722649141396,27.6528734122392,107.970065821292,32.0149995405039,47.0372971417183,52.3768213571117,46.2968815200924,42.7894576479701
"ENSMUSG00000033253",713.699234863099,687.714143776453,668.45901919306,585.823469892253,571.74988930151,1130.76332314121,639.630483222132,720.839865497639,826.006769995967,790.177511937345,916.088361908912
"ENSMUSG00000033255",9.60322750547261,18.2793915131063,20.3645559388773,5.46466814098324,14.7637360584764,11.5781256552585,8.19030737356541,9.9177948776877,8.50745850912844,12.22468180534,1.14423767759137
"ENSMUSG00000033256",581.028096927971,438.425354319894,496.775460104801,316.642788017039,337.551945695517,413.207795613354,447.536238923481,396.634185436261,337.488667536006,428.707092149735,644.377533994661
"ENSMUSG00000033257",318.637004989634,240.098928031208,265.267169529806,328.343044096524,242.158375519117,188.527061537437,241.176664214644,253.446392153739,258.453686390613,295.290789717738,350.968770507846
"ENSMUSG00000033268",80.1355661897223,108.366167164733,179.202052172604,95.7294483443379,75.023483852091,202.436748111722,235.148959714559,222.220272060081,104.992051265014,178.405020758095,257.359855400251
"ENSMUSG00000033272",485.818425804617,462.090798738758,359.359858531703,469.426267263185,378.606720437001,507.046895391646,456.547820470704,416.604326154534,371.946414183509,400.044794610645,545.093916652682
"ENSMUSG00000033276",54.0611767344172,30.3349243925093,53.133562720862,13.8159229933987,25.3306845933426,40.8789783652689,50.6928496422734,50.8833669583419,27.384094872126,30.4793328329672,23.0510911095282
"ENSMUSG00000033278",147.965695722667,110.935923958376,117.838005616214,114.512528723499,147.527825657563,114.396178387835,116.563872074751,131.124307697103,127.817605947647,131.248790149248,202.375654677802
"ENSMUSG00000033282",43.8976701125063,216.198096669237,49.7867109670955,47.5334671433437,38.1048982451768,32.7007161010034,54.7133046825352,42.9187811483203,48.252554526535,50.7323215524115,51.1343566725504
"ENSMUSG00000033285",344.589041412914,293.273856228006,359.173817866099,280.818806508859,244.457837822476,326.050957732214,265.004442974817,406.259247572495,324.827943650517,284.833464875351,328.830315213426
"ENSMUSG00000033287",74.4529043444977,71.9877436790234,80.2641011864283,58.682992905,91.7234165357825,56.297727573585,80.268166235851,80.9587166294676,59.6712964243287,109.253630269572,56.0312460742441
"ENSMUSG00000033294",271.264036266745,304.1463197115,230.915586576412,287.24534162661,248.541541135275,325.510716752394,251.051055617372,267.490306293818,296.443166627372,233.129247550839,311.842061294794
"ENSMUSG00000033295",3869.95516419349,2757.85899030502,3213.63355025633,3526.29469101517,3013.75793656173,2824.46398791443,2597.08910092801,3310.69332511222,2847.90133133798,2869.9787590359,3856.16811732496
"ENSMUSG00000033306",23.9303346045431,17.2376460901049,15.91271613827,9.839071857659,20.0346219201169,14.2388820007021,16.3818623988624,16.8303328924148,17.9695365434168,15.0410968961237,22.8384814926002
"ENSMUSG00000033307",211.394927670826,232.835226147002,186.333359302653,207.606997012703,200.001224929348,236.325189725023,195.421631199909,208.207094550109,208.434883416792,169.424896363081,202.626031785
"ENSMUSG00000033308",164.611030744049,101.461413947594,227.121212438888,227.276907904168,211.949085598109,98.3569528668894,190.520754990474,178.724076772305,268.724452334743,163.15968137133,318.953683022424
"ENSMUSG00000033313",147.395176543687,57.2108199734337,77.6378863351906,28.3307227693362,89.5816114096711,106.446749639321,98.6672056531632,26.781232801985,19.9815967397195,199.378231287741,16.55365859775
"ENSMUSG00000033316",0.617634018485729,1.82096817949466,0,0,0,2.18985702248282,0.458686365105617,0,0,3.24634298439629,0
"ENSMUSG00000033318",520.701579136109,556.009873359038,391.924191682643,465.697316450494,376.168656541426,573.431242991459,440.958000264191,514.482686295985,489.782870879465,487.525226956849,494.512224621958
"ENSMUSG00000033319",269.635245016223,267.629546826122,307.377607013068,258.558789910133,267.469076208499,186.198040369274,320.511071100371,225.055719582609,236.105903206304,300.133844432314,213.099986429846
"ENSMUSG00000033323",273.754030000562,354.404721388092,224.850217137609,250.823230442353,284.954640272037,265.377164600087,318.042133246655,227.966667864935,311.059886014451,399.796726102975,313.360656017548
"ENSMUSG00000033326",965.425291852444,988.843503086825,841.843245831579,853.100421881705,910.539467729945,975.942216347669,799.887749981634,882.346237718068,825.862519370951,933.016128185769,858.87547498682
"ENSMUSG00000033327",346.11784153172,360.454134128207,398.543020462262,507.158575034861,724.275424877675,472.256564863834,193.264859153517,510.187311091939,423.436132580011,358.816896638649,545.047825841001
"ENSMUSG00000033335",2610.05079648497,2432.23861825065,2676.97915897892,2993.0885814387,2022.06944557456,3112.62223994234,2305.45366276335,2562.0692952755,2497.6753424457,2230.10925172415,2845.3574073231
"ENSMUSG00000033342",0,1.81067143930914,0,0,0,1.53013720307753,0,0,0,0,0
"ENSMUSG00000033343",0,0,0,0,0,0,0,0,0,0,0
"ENSMUSG00000033350",39.8487395412539,85.6129970874276,62.1076119583598,66.2406709230019,57.5920825178251,83.1485665540785,77.6981154035258,70.8839390645312,54.8097567522717,65.668225278542,29.7730050840238
"ENSMUSG00000033352",427.009692091341,270.393205691715,503.074237070259,368.785119608723,675.777353162514,303.28875039079,488.126564869753,313.408409882266,501.86672149096,437.838281634811,450.424204789531
"ENSMUSG00000033355",386.224092853449,228.746971781609,180.787547780161,241.49240092448,177.776876294233,219.330306655696,216.459740813466,94.6439287351271,199.287774145878,252.732470507345,214.723008965787
"ENSMUSG00000033356",48.2698243402403,62.5517394036546,39.2855251943282,37.4807500180213,163.82098677606,55.9287502853896,55.5001839186443,36.6547929082063,69.7944978349908,108.340106027723,157.488041390525
"ENSMUSG00000033361",0.499894173932512,1.57594712385848,0.650342094849343,2.43598762440825,0.78661180440279,0.952450491148329,0.763488306095353,2.17223734737365,0,2.12322732239901,86.611757279062
"ENSMUSG00000033364",86.8158758857453,69.4527226538827,92.0001185917107,82.0839983135754,56.3961314845139,52.6511621902403,68.0417668632828,45.4556235739884,62.4714608125676,79.7206985784758,86.8327657207046
"ENSMUSG00000033365",661.987785240984,640.336652340004,465.99938869863,602.736892075043,423.510188757638,583.809645520902,447.041739785701,609.611800278401,472.837333563113,492.435793921932,597.275496594693
"ENSMUSG00000033368",0.6846947450227,1.07589596010095,6.19628379923722,3.28847876101453,1.05790048150604,1.27609394254848,7.24525388132546,0.98313917477522,0.934797607469042,1.90081562871721,3.43891398610134
"ENSMUSG00000033373",171.800023285665,175.530997805164,197.751248910873,140.545791978,228.211211846634,189.576534223167,179.866725137811,143.857939024226,106.68486073799,144.097165782461,152.802176377673
"ENSMUSG00000033377",185.709206033818,137.205879304277,154.975421960857,161.705746627011,215.63155045338,174.248541305093,205.289397166584,221.686270102244,196.25090292852,186.238635061396,174.270772709033
"ENSMUSG00000033379",1294.57194649262,1577.10078562937,1728.47990452966,1810.26540775597,1702.7279541556,1430.76510430464,1694.56633958291,1542.18296229869,1587.83573703826,1811.04478951001,1234.69858961541
"ENSMUSG00000033382",1062.3029558482,933.675828256072,1193.1144727715,1140.08037411833,1025.09470144894,841.122777390908,1122.91723414086,1067.91841230183,1251.80396795731,1156.86427822242,1034.17393547572
"ENSMUSG00000033383",0,0,0,0,0,0,0,0,0,0.936366945291053,0
"ENSMUSG00000033386",335.086918837474,472.554180930166,386.552571215897,492.46326486864,512.356162968974,390.866555983644,504.605941905269,525.676155357915,458.778703482541,440.21322432002,569.833603653767
"ENSMUSG00000033389",19.9543235058368,11.3432595938987,24.9494381104203,16.0273398950612,16.1806334921239,26.4964720876789,20.7427194699927,16.4012234826456,12.6191250527643,9.67217793106331,15.264271945096
"ENSMUSG00000033392",554.444298100626,453.73037297917,713.306594019903,553.319375671129,766.591746688091,306.971443717544,656.378274747816,449.116288615147,658.674736588195,776.447941407055,440.00468974366
"ENSMUSG00000033396",832.618828103135,938.046387649111,974.822858449499,1068.92666431962,893.68162789961,767.709106932279,887.85493121829,1037.91868748225,1016.4848357179,1054.18957014124,913.669077082111
"ENSMUSG00000033400",677.351846826562,395.892249401202,473.374953610092,396.094608949333,528.919451526539,441.420170181587,441.207613739174,495.772078777454,418.533652143779,433.751125299965,544.785230119658
"ENSMUSG00000033405",11.877788482268,18.0772895630823,13.1809798235779,3.31203061499474,14.9824492933455,11.5754165405487,18.8717033273066,8.79067713302589,10.1989066110741,15.4869843218006,12.7744015875693
"ENSMUSG00000033409",0.698060206176428,0,1.57311341204009,0,2.20892183437122,2.54280359272722,4.2839284672073,0,0.9703318901837,0,0
"ENSMUSG00000033411",73.1666884408197,58.104298645304,77.6664230352747,66.8165188496933,57.1981516326897,55.0181189900142,61.1407435770808,48.532963802042,66.3684502632987,65.5252125555623,61.9127232263794
"ENSMUSG00000033416",270.720824386199,370.926164503289,437.019004019324,926.521181583625,404.815618679996,498.982957538611,511.664523207415,932.681622390252,607.615228690331,703.619790513939,893.125324862607
"ENSMUSG00000033417",307.371405337395,256.44298405923,301.722813277403,298.09496549985,308.198584682211,231.254454889117,327.779522024275,302.497185476044,266.051229879844,378.738254453352,304.591132051346
"ENSMUSG00000033419",0,3.22943475952408,0,0,0,0,0,0,0,1.87997704040113,0
"ENSMUSG00000033420",53.4824687331823,28.9525793583816,43.3539925872818,17.4531036411343,53.7749896381193,30.8005940311708,23.4823493436722,25.7722227510196,23.6249650790518,32.8824169204423,54.9204662104841
"ENSMUSG00000033423",380.136271945565,472.342132094814,548.507597157843,510.954566104991,509.222754279433,454.411360684362,484.393223332795,519.13838252091,466.158171894847,408.396015904054,371.726090164839
"ENSMUSG00000033427",55.4561371527223,107.087785648907,91.7239876469,85.6719577811359,50.6238298558783,72.5801601310145,120.983609584944,98.2298400688378,110.658063303361,108.726388393237,80.2412912628295
"ENSMUSG00000033429",282.538027755291,295.626683014898,371.432499653682,358.189286456948,261.307553688674,301.203221829633,309.792321315196,367.535528065564,311.570707879061,352.526596664183,248.956939131251
"ENSMUSG00000033430",249.661628698226,249.786389101602,223.03568084222,247.267602260238,211.80216156362,203.954049567907,227.879204951596,235.312568515061,252.923001857497,258.292261859654,267.733799012533
"ENSMUSG00000033434",303.705483915219,275.891799325962,347.536185383524,283.230939501179,311.98320125157,347.397363637009,273.367633497171,275.241361103896,213.393623396604,330.334454260472,311.849058920839
"ENSMUSG00000033436",52.9639788506495,61.9959552661983,41.7428964702352,47.9837558880513,62.2108899789148,50.1647375174479,51.2997387708969,57.0768593759123,54.5455657617904,51.600101271081,57.1110907446993
"ENSMUSG00000033439",90.5221429355657,87.9523350165059,86.8825898927652,56.2056487027443,87.4048544518123,108.746170075574,151.941563129517,96.9058084092293,117.813883737692,105.458529049488,84.1686684626123
"ENSMUSG00000033444",654.068182742136,640.924889216226,894.979424715024,663.187604440248,1108.20439328124,577.275717113609,766.219353770369,886.458139538875,735.16121545348,1208.68950450367,581.623912017747
"ENSMUSG00000033446",367.40093701493,363.657654297941,356.426313871501,402.487205632094,391.765216826919,360.71819597913,348.036782323831,511.487530935766,364.575522403533,359.5216566501,403.076178917645
"ENSMUSG00000033450",64.8870719422298,102.289225964605,32.801895563972,131.911236313806,63.3227072924646,84.757979082601,22.489652193408,154.562384950521,44.4271438511888,47.8531578724535,46.8790167572083
"ENSMUSG00000033453",23.4918253776661,21.2915520116365,20.8222365298018,18.9097204054285,35.293867072155,21.351874704494,20.8864745074735,28.3568761804693,30.7425336838405,412.437844416263,22.4393441652332
"ENSMUSG00000033454",353.720460936131,415.456887315911,372.230234392582,384.567814402768,316.940888338142,289.829348977015,417.252034662734,344.00243316174,371.730550789634,434.950530973213,317.077444167041
"ENSMUSG00000033458",95.5495751285605,97.4882725296985,94.0563821064653,102.594015552926,95.9181072628252,124.680497025768,82.1562365529765,107.659405169673,99.0278890835536,123.008272164748,141.295395421236
"ENSMUSG00000033460",56.7216622695053,50.0571106778486,63.1077734302114,45.9871095919656,83.8791828678654,39.7684652422916,50.4101865516783,61.0143338409654,58.0184703302409,71.7908943859878,39.0260569596305
"ENSMUSG00000033467",315.464436114333,411.072040762424,363.97806166752,365.397499355099,323.990225038809,351.03795312661,440.094819193465,393.092008876141,342.250992890601,424.345507611683,293.486039626577
"ENSMUSG00000033470",0,0,0.883075348264966,0,2.11070081355138,0,0,0,0.932656782709678,2.85783988235263,0
"ENSMUSG00000033475",483.739103063243,714.184882518542,586.451609497257,622.045325568498,572.150376046516,625.468688409739,626.87576254284,594.326105912906,560.390014537232,486.141096817473,570.131986029149
"ENSMUSG00000033478",282.315415305323,254.703627148066,255.219375760841,357.192738398603,261.223480569351,210.332549776754,285.003577278986,290.116731541948,287.892920881608,255.21522342095,281.9884985709
"ENSMUSG00000033486",17.284604474193,20.1596563913682,18.8857636573878,59.2254953671106,51.6997077439727,70.2643499353751,25.1039119631808,59.5415699985704,32.7512817266258,22.9560993234656,44.2399653160164
"ENSMUSG00000033487",1074.24456105135,984.410794999172,1067.29711054479,1258.70057787596,1061.43060458283,748.415188967322,1078.05606641665,1014.70693779431,865.238563014702,1021.57545033694,1141.32605302092
"ENSMUSG00000033488",135.274818512158,167.226635269189,84.1385048951629,181.489832939291,55.5053053479327,235.929901281188,132.900317878082,205.092168484623,147.78746057499,141.178751569118,133.279064296547
"ENSMUSG00000033491",64.1418795087744,91.4974743499052,36.2249457702183,59.0875293747899,115.192708057802,73.7507512310453,53.3276051731997,132.338373959245,71.7344857605883,50.8926560748362,109.735133254098
"ENSMUSG00000033498",3.46077322396917,5.41916221722843,0.887894020186773,2.17254766942186,2.11761570602711,0,3.06500852595537,1.97157425232722,0,0,0
"ENSMUSG00000033499",619.11494782366,473.494749616178,551.359985857209,631.737155069067,578.585162495425,392.004815480001,546.79971753603,469.883108589282,593.076079262765,559.680625880855,642.81394814874
"ENSMUSG00000033501",0,0,0,0,0,0,0,0,0,0,0
"ENSMUSG00000033502",22.2572273230928,30.4964139554165,15.4812299965193,15.184905573095,23.8556468560326,21.574473048295,15.3682815288188,19.2012372805811,29.5928043373787,17.8419528815969,15.7929061718744
"ENSMUSG00000033508",16.9282318682034,11.7992998579726,7.05287200781436,5.48892506916084,13.740458225307,12.966244529568,3.08213342879127,4.93897621013887,3.77166796576875,14.2024520372121,9.16530271943311
"ENSMUSG00000033510",1.27735403564173,7.270048129951,6.55064296945486,2.01027722623415,1.30424573974632,1.19107751275723,4.20005661601535,4.52850665325448,2.6169047558497,1.73136328052307,1.05552751632406
"ENSMUSG00000033520",0,0,0,0,0,0,0,0,0,0,0
"ENSMUSG00000033526",472.896681718597,943.812883188781,528.774914888413,542.397087442019,571.424830020833,680.208012057208,314.038073970903,341.212123783037,567.019339934499,257.270395839428,379.347835053799
"ENSMUSG00000033530",922.226335511816,990.923654586135,900.359936119712,1306.89856677748,826.599108063024,1059.99336081728,1030.54136415931,1113.76927051624,921.491246946971,890.624228064375,977.529866392578
"ENSMUSG00000033533",0,0,0,0,0,0,0,0,0,0,0
"ENSMUSG00000033538",332.443175977745,158.525072880207,226.614663683314,203.771133972208,399.867769466135,158.326380477363,225.525479719301,187.464443007865,226.757148242245,281.097756583656,223.768946395909
"ENSMUSG00000033540",91.3406219674983,94.2694863438738,99.3524703329223,81.4454958465633,111.204579068782,105.904533002899,85.8012628883729,116.142149801515,77.9260465892229,116.065818822446,66.2646783765183
"ENSMUSG00000033542",2414.51710285491,2375.97520862673,2617.07704873145,2667.50809478676,2603.04627609342,2809.17802719628,2511.74359411534,2829.35735381642,2636.80189677825,2623.51107018325,2882.16499201385
"ENSMUSG00000033543",113.144915592702,167.409711241312,157.552367722584,147.805576076986,138.275774146701,123.204216830548,183.487189306081,161.335290767942,152.853056076598,116.305520913728,151.153449231197
"ENSMUSG00000033544",2.1724366932949,2.56441644518386,2.40791644088631,0,2.50644390078283,0,2.80527391044269,3.1279399825131,0,1.29454689497872,0
"ENSMUSG00000033545",537.917743005635,426.608284057632,362.747727653351,423.071202206297,557.061124352172,410.719083356266,383.539707448066,323.082266024144,341.746696411495,382.596174577533,415.703866021156
"ENSMUSG00000033554",55.0507848536319,81.960500803288,48.9262218509531,59.8740959609142,70.550909629094,77.6509549542608,65.5358057219185,64.2742997917805,65.3382697816358,64.3035277480338,96.8695317447932
"ENSMUSG00000033557",319.763615889453,302.923013066682,392.369052879019,362.842647991781,420.17281886729,271.394865706148,332.459127480876,361.300883651589,453.318505327824,444.34086816683,378.8174695114
"ENSMUSG00000033565",121.545157226397,109.380644797324,131.012165800868,106.84273603388,117.115070477037,74.8940316181645,96.0010488154402,111.792543248816,107.97603202778,92.6907110459615,118.135591384495
"ENSMUSG00000033569",0,0,0,0,0,0,0,0,0,0,0
"ENSMUSG00000033576",332.485513420243,64.8057223099855,59.7721186044889,111.28455579408,172.070152761132,57.1906871385733,181.923126550223,65.0261802239202,324.613288629291,124.455055167362,180.825854290758
"ENSMUSG00000033577",859.944230414702,707.286144147548,976.974862399833,855.201956794764,917.138236592131,496.138153144866,877.96489279089,758.213707354099,1090.68395848126,1141.26690305233,896.602538385446
"ENSMUSG00000033578",1.33893733140321,0,0,1.12588992604958,0,0,0,0,0.94424428405945,0,0
"ENSMUSG00000033579",2.71890380378258,1.07485907298531,0,2.18840557320191,8.47023631642025,1.29119574622935,1.02619663069162,2.96154347941816,2.82958317686482,0.944825903763252,0
"ENSMUSG00000033581",4.36843145330483,6.85688155052334,1.88237386198721,0,4.81015109515703,3.52282180122803,4.35426463966518,10.8640370157674,1.00597043848125,3.00519578325968,4.8748703081215
"ENSMUSG00000033585",30.818150313189,36.6265327317298,27.4532937413901,24.0004994477991,47.9870663942303,19.2233797301038,22.6244133254113,19.6095688119758,14.0867183495641,13.2422020079428,22.9242468039233
"ENSMUSG00000033589",129.654335893494,176.430327752717,194.828662720818,133.744999555507,231.261110729779,153.665416748414,157.811316042768,178.46947943666,176.522470775343,278.919397216431,106.768370208955
"ENSMUSG00000033590",2476.44097990463,2743.50116065221,3190.37630836289,3832.05089105212,2093.60082475318,2545.24883824912,2752.04999545355,3202.11713164138,3580.241184917,3329.21862623922,3560.95078808486
"ENSMUSG00000033594",60.302728429463,89.3973395510359,71.3213300795619,29.564783114512,59.7200508876815,36.0893516103551,27.1602190525397,46.5719793688,28.5701667888298,69.8148540336301,145.421224048882
"ENSMUSG00000033595",9.59707871535504,0.939562880257255,44.6658391512695,5.68470588933165,15.6547624648211,42.6867122324176,5.34827961710449,15.402338808693,6.55327486456828,9.80483197925568,8.93232159452622
"ENSMUSG00000033596",393.325436809934,333.033048625414,404.801801793609,320.405041812985,480.215446531232,316.670146173665,349.464691506885,374.294950724901,360.990898373412,415.742636923762,354.091761307844
"ENSMUSG00000033597",112.842417411064,60.2495769043547,138.949090279206,69.77102900739,40.9164180519609,43.0752721249121,94.1055851695874,45.9520882967459,96.5999916917032,51.1463935222777,93.6698753541027
"ENSMUSG00000033610",327.138200827636,268.798744058881,331.829412305469,420.730007130787,365.715852132286,306.346729198155,284.398954795949,336.56159943429,407.495116686241,373.16456448307,430.37486175154
"ENSMUSG00000033615",0,0,0,0,0,0,0,0,0,0,1.14045445258444
"ENSMUSG00000033618",13.7860291154979,16.1663400610018,15.9519990982693,26.1657293528933,11.5936708739068,20.6073004893697,20.4262255921591,15.8699579453795,30.3026984148477,10.3068523636468,36.538279773446
"ENSMUSG00000033623",191.687023792866,149.26360469539,144.257660552812,154.426494462118,167.798987861055,142.748650759699,155.997179580143,172.033518683545,149.235395289853,157.315181359161,188.991337824265
"ENSMUSG00000033624",219.129304870853,108.474801949729,234.903132835555,239.620506780721,182.459634167451,72.3204390990825,237.448190673139,164.313704775057,398.261034545834,198.311621545177,241.132737399765
"ENSMUSG00000033628",533.100851882659,584.582276349041,671.844582649858,618.492561499785,723.277891311378,552.061973534442,610.600366230133,535.244856082134,681.200415864547,610.350040292258,519.856998224549
"ENSMUSG00000033629",354.613549479697,311.02371404176,322.623588447881,288.07409835629,313.647256094809,278.001313592539,322.663863432336,343.813986746619,314.691980244371,258.502415722075,297.932587728587
"ENSMUSG00000033632",16.4643733440319,17.5949592326228,18.2433066450654,17.8278264278854,14.4536427829495,13.5155815230941,58.9591534262425,10.3089192535212,54.5066259408523,10.8231634599112,19.3517112231743
"ENSMUSG00000033633",0,0,0.888711478704946,0,0,0,0,0,0,0,0
"ENSMUSG00000033634",27.2887155668637,18.0505564177799,9.7111238233546,6.58125587295453,21.2229686727629,14.0495021185693,12.3369290100457,3.95092112507548,15.0104985780455,58.2820728303759,10.4005076517321
"ENSMUSG00000033644",15.2419705612873,18.2886143473166,12.4307332334918,26.140457026932,14.7540840471537,7.67524119679157,14.2894796124548,1.98754245741814,22.7160808382779,7.49487176568828,17.1622457375638
"ENSMUSG00000033653",370.3320500737,316.709480818438,342.922075285081,418.84535586562,365.405076147436,281.190452365906,350.960795184731,362.33688151723,423.694434185012,336.98151460072,464.18470622573
"ENSMUSG00000033658",117.856301312671,150.968166133296,120.479802702746,65.5025733180998,86.6173412861617,98.8258302853429,110.48935741638,65.398755036842,117.112591630195,67.8199127856018,112.3106764106
"ENSMUSG00000033669",363.102783929164,340.853603766375,624.046699414892,433.833380025518,473.169217411656,386.06644790059,576.259102221685,411.686235759592,344.304298625657,518.609588296964,311.097239738046
"ENSMUSG00000033671",761.981930736999,466.693836830071,752.421920523374,865.028512957811,434.226696872697,287.076320609137,791.767017773944,441.164104180243,738.495373477539,462.994924083747,709.682919125078
"ENSMUSG00000033676",0,0,0,0,0,0,0,0,0,0,0
"ENSMUSG00000033684",212601.390918551,250443.25835031,282029.068898533,265001.353406016,231227.224247439,224900.219212909,271036.166781103,243687.238022854,281414.694021245,218727.951299673,231504.468768998
"ENSMUSG00000033685",6150.77087718681,7352.30344209518,9246.40536090176,9738.88265044144,9120.34939711474,8259.74174739938,6981.10287504672,6741.63692531645,9537.99267581728,9538.8950709009,7494.11683784785
"ENSMUSG00000033688",28.9815765809851,16.9782794503766,4.87106064734086,15.0019745097317,13.5462252046146,8.26776184527873,13.9812103235477,23.8996924555853,21.0168784839953,18.9300626464819,10.4685936038794
"ENSMUSG00000033697",219.817510196544,206.255964330759,254.43610409257,359.83818524442,224.882047297159,188.986585533684,151.654658867238,242.929824585169,306.996978891419,207.792000367316,232.422654450557
"ENSMUSG00000033701",209.005410979339,188.778673661393,272.305193260683,258.766030258223,251.150938582544,236.265616239224,257.9013933436,207.131732762217,257.929800771299,266.13037397932,201.353094420828
"ENSMUSG00000033703",179.244326495687,154.495098539746,143.828288409675,136.844714322835,178.503384107284,226.100885328865,146.039193112391,178.188215784122,152.485672524728,155.509131766,218.105844706646
"ENSMUSG00000033705",434.496264658786,354.792641943882,559.088274734673,528.002267168879,401.897869858454,454.718565424051,304.680546358272,495.279277854773,607.455908662069,488.512589584015,342.116476576165
"ENSMUSG00000033706",320.941069418733,255.936849087491,199.554858260938,201.481382625761,180.563917128223,242.162754862581,272.815722007043,192.742135204541,195.410353084483,190.530321912253,330.480819983275
"ENSMUSG00000033707",9.64689132909612,3.24053156341841,8.88795795347252,17.3998150173672,7.46491526312218,7.66002639631796,7.17145696765192,12.7854891196676,11.3127211445265,10.3261062874414,1.14498568488355
"ENSMUSG00000033712",621.044441956135,675.71368596013,591.305687451146,505.99387269973,644.902302890995,733.53135077397,601.841270539045,688.906992196125,625.776130397522,638.577323675686,719.980836248976
"ENSMUSG00000033713",45.1478305041089,51.8471594550006,105.29301672083,76.0607436092361,76.630336781535,25.4875650265579,59.5644598701228,94.1584117887189,94.8779443990929,98.627492480979,116.998287076145
"ENSMUSG00000033715",8.69949318154305,11.9367789064592,15.8802095880862,14.3912292530544,22.0581018618433,5.15056409339703,29.4665219715681,13.6414563001767,18.5099215870804,5.78646815129218,12.5292553952041
"ENSMUSG00000033717",8.24781555863503,6.50716263183645,20.249503469384,13.0979008395763,12.6823074111898,11.6227966448516,11.2273158312008,3.91862626145534,6.61117119367697,2.83208847094094,6.88395397856749
"ENSMUSG00000033720",48.8709598771513,42.3492456840384,50.8266246950036,33.5878675605929,38.6847252884621,52.820147205111,29.1419274647345,63.1487498675748,57.6188699672936,47.8360792035495,72.5053700536337
"ENSMUSG00000033721",35.6088689099048,26.2660917069924,49.8988911438763,13.9069823375154,27.7425034997425,18.5308214978901,29.4042132615612,36.8669884056864,18.2263475452323,25.1545725836105,15.8422779487846
"ENSMUSG00000033722",17.4046654274437,20.3017786300729,7.17668056565764,26.3426914922908,26.2715419385027,13.9437902216077,13.7720839124908,16.8098733996978,35.206269825788,18.5354156775118,24.5578108976439
"ENSMUSG00000033726",0,0,0,0,0,0,1.0244779114794,0,0,0,0
"ENSMUSG00000033728",220.385278954355,292.422324225715,149.244832371476,242.169823132574,201.571443383957,304.36579890751,209.484403628742,201.162749547759,233.562566866856,365.307143586927,405.991091523057
"ENSMUSG00000033730",36.3867437949074,33.9656803502262,52.3631718063324,17.1518957801635,49.2515459666529,49.2967697616064,17.1875277275828,63.9231143676563,9.27181727196597,25.0762409979812,13.0375052110266
"ENSMUSG00000033732",1052.10049906002,1343.71935172844,800.942244818106,1004.40611688105,1034.90795496823,1311.7756553791,1040.33695965972,1065.71006916104,1160.26071516131,1114.16435716082,1278.17349900299
"ENSMUSG00000033735",368.036411157918,447.19551404593,389.761904904022,350.587131873766,375.226643637035,395.91798315564,363.775463931098,335.854978717761,341.668569030107,421.021485871108,410.498327128952
"ENSMUSG00000033737",0,1.09096412955625,0.882422908058308,0,0,3.83834377977922,1.03721706664387,0,0,0,1.12590526385651
"ENSMUSG00000033739",132.831792430694,146.86484325892,165.634999795851,141.984462323137,111.450395276241,127.82572900948,139.507015445487,116.323120100976,142.927037483962,130.493462827896,145.855061138199
"ENSMUSG00000033740",0,0,0.888711478704946,0,0,0,0,0,0,0,0
"ENSMUSG00000033751",303.497665215893,292.925071942894,272.033314858195,463.169120100318,236.301956705364,504.835050210126,294.627511518258,464.688311362051,236.805069554158,357.010192067134,304.012234533497
"ENSMUSG00000033752",31.1508618133675,38.1843681130823,21.0722999068749,36.3576569641075,24.4419676455042,24.3828881256858,48.852158155901,38.2456175006136,41.9538728807927,25.0375337987591,27.6765956899272
"ENSMUSG00000033760",85.6039231239167,82.6194990140518,80.2217798986745,61.5163292603196,125.659124798481,75.966772114271,78.1796018258543,62.6390152324671,85.6178222233826,60.6481192967323,73.317304225077
"ENSMUSG00000033762",56.6420445883849,65.2476389645339,35.7318341563791,81.2997042335297,56.0025234096518,144.973522219204,54.5066363061724,38.9031777090209,61.2500445583651,63.7934024646277,57.0267332899082
"ENSMUSG00000033763",87.0298224811919,80.9477016327345,94.5823966556819,95.3048710503882,107.456478556671,76.3296024731769,111.973049403432,136.985080958463,75.2190864407048,86.7078166477933,119.625101690004
"ENSMUSG00000033765",0,4.1733897069987,0,0,34.1637336235681,0,2.05842051137248,0,0,0,13.8892875637284
"ENSMUSG00000033767",863.85738272094,956.704647914369,809.174820188292,764.808300032369,1032.11068858957,1008.95620000324,747.235855838768,854.283614218922,759.575268096285,926.89722318126,627.719933674489
"ENSMUSG00000033768",0.940752190150968,0.577159700825807,1.2157237531706,0,1.45748486753961,0,0,0,2.60326328543011,0.492977662969554,0
"ENSMUSG00000033769",147.550690228835,121.982193687689,171.094930715453,180.175547166054,164.434726023787,89.9273143043573,132.06699660197,145.251541257577,171.710315981836,135.913105158821,157.089217823226
"ENSMUSG00000033770",0.689664997032245,0,0,0,0,2.56484407700599,0,0,0,0,0
"ENSMUSG00000033773",153.603160505591,193.279250654392,177.690892197279,185.795534206618,134.378792394078,155.273941161847,390.204704483722,209.989197501183,191.385016797381,184.673684035721,165.424654029949
"ENSMUSG00000033774",0,2.16128346973044,0,0,0,0,0,0,0,0,0
"ENSMUSG00000033777",35.022632802612,34.0436049629605,25.6963742921326,44.1434498220488,31.2066110243271,27.1026717753792,29.4151353785352,31.2571573437202,34.3483224858399,40.1770286271822,21.4729324644387
"ENSMUSG00000033781",257.146072977592,276.347690637599,377.153728265114,471.073930564314,311.960879342708,253.522950778077,346.067164000202,265.557578920493,313.741936172325,279.543809062837,310.003212358461
"ENSMUSG00000033788",282.616748637738,288.159538824894,275.661795684106,349.125270816683,425.749604312147,352.875174408977,365.023669055365,461.891113947025,317.408277884147,380.547049214408,236.967199205553
"ENSMUSG00000033790",174.852923392954,123.451687801151,522.027213149383,144.207923944954,155.411336166075,175.624098816848,139.583144027686,141.202489145918,221.357804226104,143.338328094382,190.866951571058
"ENSMUSG00000033792",148.343170814269,105.776056497012,133.028633802481,84.5103618868098,113.207802095018,32.0885733387512,158.23658984103,85.2797292643051,107.194606351984,113.119520477671,118.362724001681
"ENSMUSG00000033793",1229.01254497006,1237.10864864419,1287.62697461701,1340.23144180336,1247.84733310724,1144.99158592726,1392.07673975944,1316.13084905829,1352.54396255217,1247.21883344664,1324.62685919677
"ENSMUSG00000033794",0,0,0,0,0,0,0,0,0,0,0
"ENSMUSG00000033799",292.978501310426,242.012125098199,272.618958492785,278.529535840313,224.207555471214,245.281621115266,3077.06247547564,247.509932813002,264.339995188955,265.317298354262,273.332754045904
"ENSMUSG00000033805",2.27377423669681,19.9500120282746,1.49556335850116,0.934891250711898,2.66375580573881,3.27517235132932,1.77395971297982,3.3088166869329,0.78665363783346,0,0.963055690694331
"ENSMUSG00000033808",438.78841047111,619.484255758355,616.143064639468,537.005715167305,501.690394935634,484.187514805567,716.035808290645,467.722350896122,485.860727795445,664.23076803124,469.030295786664
"ENSMUSG00000033809",166.731505605278,239.77993986448,171.548542729301,174.259095730964,196.174555561607,181.517112124453,198.509346397878,253.929780695838,191.625075769628,143.65597384444,149.725017821012
"ENSMUSG00000033813",526.941430642029,419.620792847247,474.62999610632,486.593632718213,514.290829072748,468.429895764961,494.167925376946,499.459979118096,535.426154218706,494.148477653223,599.083288406684
"ENSMUSG00000033819",506.902950066642,501.32309943887,576.304951970854,532.969658379974,504.490324382976,624.431205791726,498.744085044177,547.229916296255,517.985346161321,543.656309283992,532.499292966852
"ENSMUSG00000033825",14.354458593224,20.4512998794162,7.94038970479485,6.56308390111726,14.8809602223259,38.7508034287511,13.4005522445093,2.93417505041185,17.7906837646676,20.881171975762,13.7376573469504
"ENSMUSG00000033826",284.28969194345,118.035766132011,8.31984143932108,10.2027368198736,10.6717361713199,78.7307237367868,11.197449432166,10.8214950453461,4.41552411365345,79.429335285633,5.3432700749321
"ENSMUSG00000033831",0,0,0,0,4.20561773561809,0,6.17858406159993,0.985164635502604,0,0,1.14268421027439
"ENSMUSG00000033834",0,0,0,0,0,0,0,0,0,0,0
"ENSMUSG00000033837",0,0,2.65752316065732,0,0,0,0,0,0,0,1.14414991141744
"ENSMUSG00000033845",277.988733639526,305.482245228344,263.958993360871,304.111970409976,365.28162015845,382.402466094515,550.486526281117,306.599808885126,421.249892691447,282.92717663913,269.005996699152
"ENSMUSG00000033847",2.74323219268963,5.43412668584574,8.00777324918722,2.20190245214147,4.22643091893842,3.77699662347815,6.2360467836431,2.89934359151,2.81891792044096,3.80598350107121,4.58581537941192
"ENSMUSG00000033849",85.1179730712283,45.0031630186295,62.2006776383825,46.2187903137686,86.7574298328593,34.7009216380653,75.8822966538892,64.3344058523149,93.5166538860664,44.7965487159838,60.850271448007
"ENSMUSG00000033850",0,0,0,0,0,0,0,0,0,0,0
"ENSMUSG00000033852",13.6136893620983,22.8057437760783,11.5159015003931,41.1845036167017,31.4735772953214,0.894482447145506,18.0778769529637,17.081871447004,25.6801963086874,12.6490200083837,24.0062176159672
"ENSMUSG00000033854",0,0,0,0,0,0,0,0,0,0,0
"ENSMUSG00000033855",220.47935107882,187.931686484727,285.419372702186,255.298395520076,205.43125563317,197.774877720191,182.622403445128,243.71138273054,235.049390717191,242.056733432047,267.841686529603
"ENSMUSG00000033857",407.149212779183,186.063408119617,460.490015486276,164.917330389139,169.717695846248,244.444706185224,853.798548657094,493.731388318182,197.364450459343,463.390398064972,257.174290528887
"ENSMUSG00000033860",2.05528709723174,2.16580464350166,0,1.10208082277959,8.28014021786402,0,6.24401590322038,0.98746622867413,0.938904012114347,0,2.29618547578974
"ENSMUSG00000033862",257.697263970424,304.159799804405,231.943331537112,279.720514752445,272.523043613731,257.600333420312,255.757276394818,301.248086895257,276.208933218079,291.956905671356,153.750938892496
"ENSMUSG00000033863",255.477441719064,268.056575646874,402.457464879711,586.170978381919,333.274397817256,336.925746848694,355.018788902358,482.808216566581,324.537968471763,513.401883112269,389.84974679894
"ENSMUSG00000033871",127.690370834786,68.2322729403569,81.1910908852034,126.023104024632,74.379561045635,88.2522795806046,71.7137277842482,107.592160017284,105.085725844234,96.4311540617592,129.353265749841
"ENSMUSG00000033880",1215.32918488862,1202.67655050052,858.064173986464,780.682439432027,1028.66840424747,1138.23482866785,1035.1124392305,513.8690356924,840.975173489054,873.322700082053,865.045598935226
"ENSMUSG00000033882",6.91834821330348,6.46646162993194,11.323830106104,10.8073469527767,0,3.78693449707429,4.09612105742023,8.59966224820378,8.19663802895443,9.58357959820522,4.4709153487153
"ENSMUSG00000033883",122.554442128618,102.510700354116,110.329562616477,96.2964189290364,69.3324498103463,57.5650275561539,109.517314314846,100.842452403038,93.3259455796632,77.5777647950022,115.760023952184
"ENSMUSG00000033885",753.654745397099,786.423259977895,790.492800211708,773.170844296684,706.710642288842,750.332665824264,699.564254491856,729.94026236514,736.159113616478,818.505466344629,925.336459399893
"ENSMUSG00000033898",0,0,1.77742295740989,0,0,0,0,0,0,0,0
"ENSMUSG00000033900",11.3275929981235,8.00030125307482,11.4314340994902,6.04978557011092,3.85026881400153,4.86232673707717,4.7620796317824,10.8706784637351,6.28751167373358,3.48590797015793,9.42038982469028
"ENSMUSG00000033902",594.989707886785,403.27247054224,436.172673210266,372.453953180331,541.134411201861,582.924052256279,412.827533365731,747.169396521997,607.571952302365,484.482332577608,581.308666862764
"ENSMUSG00000033904",114.653453754494,143.084351219979,190.226521718097,119.914671242805,175.706703219857,90.7383955809182,219.419047572688,85.0280760697529,172.297155803327,174.710716957667,113.266722079764
"ENSMUSG00000033906",0.677685053108792,2.16479310664026,1.77278377737467,0,1.06176219202329,1.2876828910956,0,0.981764673546714,0.932921923645174,1.92957659693716,0
"ENSMUSG00000033909",537.181369818369,576.631290062619,445.047322655643,549.276784077912,508.882728951638,682.489515380176,522.719770013185,500.060775947173,528.64581296721,549.382854153378,710.524355355939
"ENSMUSG00000033910",49.0125758963941,54.8208459930499,52.3291332959535,47.9946712947021,71.6947101374381,30.758644178674,51.0679759428817,66.5483407438005,65.2851208949475,35.6533361282325,50.3661957878419
"ENSMUSG00000033916",1517.97593220967,1524.00538674183,1399.56803689031,1372.89936543981,1279.36464076761,1481.63048461864,1363.29781029548,1302.51193273841,1010.36349446409,1066.88320814345,1353.38314090608
"ENSMUSG00000033917",2646.00149878852,2358.39123421281,3584.48675346164,4193.29214743015,2914.57195070965,2454.99446002339,3157.12178889241,2764.33917684094,2904.79142758655,3268.01376090839,2513.46396645935
"ENSMUSG00000033918",562.568734786729,567.091258961136,490.921324944949,577.94899441862,469.695440517683,578.335396634073,522.653701200398,452.056602093213,458.154170454651,492.2083323728,551.735520187076
"ENSMUSG00000033931",236.422810182726,237.418620500013,196.048397095508,211.652963250723,204.6516940952,225.181534576953,262.791519284213,210.96387556975,203.130685336088,194.932676683588,249.884298889469
"ENSMUSG00000033933",55.872277603847,51.2014576825416,43.0316974192351,34.1202189360026,54.6893804819481,43.9187268447852,45.7582539639394,50.7279274305985,44.6969416102462,63.5648028522962,40.4942928681697
"ENSMUSG00000033938",609.895733454135,752.648557460009,619.997291200648,691.109948811409,590.170068282086,774.525963287846,706.503934713404,722.517634018818,604.440703346017,618.206050054811,649.885532056304
"ENSMUSG00000033940",349.252344825924,350.936305886676,317.802454022867,359.199643053044,381.725189002666,305.174265298946,322.615479520331,318.439832729596,313.981275220424,323.40851027603,285.36233489563
"ENSMUSG00000033943",422.99327520741,423.004164625219,524.751423741734,614.66215051669,428.536721780395,296.010804840771,485.239910855291,356.8422758256,435.695122424294,457.83497464592,402.855214607721
"ENSMUSG00000033948",105.073433389865,61.5910279594919,69.0468202141749,76.2406954439991,79.0162863299621,64.3911678500178,71.3321996783231,91.1524197602656,96.6503078504675,89.816819623285,66.3176398647351
"ENSMUSG00000033949",43.1409726408918,15.0205211765585,13.9754859911738,8.12130361977842,6.69940748390756,11.8663906175023,8.61440228870123,8.2340584825215,8.70511693647722,9.64510735577264,8.47716213284058
"ENSMUSG00000033952",21.2400797286359,23.6839567240684,14.2239308408319,21.7698095509254,18.7005683855557,26.0133472405041,11.7061429176152,12.0218703742071,13.1930418705146,12.4612420332243,7.50367897547342
"ENSMUSG00000033953",240.195278196975,232.878024371472,264.498328459797,249.506306329604,255.771812936398,203.2128681563,285.172405834856,264.697055894446,293.91394506459,279.733654312524,340.263605923437
"ENSMUSG00000033955",1948.06932155623,1681.29391331803,1888.80633449321,1967.81100481599,2116.64017240604,1993.68595454554,2156.59076773233,1973.60881484666,1728.21219643822,2261.92230254107,1846.27884488159
"ENSMUSG00000033960",116.919160175991,87.1406704144807,104.58717561699,130.964297298283,109.414738342378,75.949992384743,106.089975322277,153.32443298076,137.60800746922,125.50075652826,168.000075671914
"ENSMUSG00000033961",55.8599980460434,54.0463842648768,47.7748221436075,61.321044751404,31.8120360370822,58.1228784574281,34.3090105918681,62.2713874937433,45.6371336369061,50.0030315810862,41.6043331541937
"ENSMUSG00000033963",1.37987853529677,0,0,0,0,0,0,0,0,0,0
"ENSMUSG00000033964",159.611176685222,81.5130614585872,137.364194146061,109.70160499343,144.701062302505,99.3802515456374,180.264135327032,113.094984216202,137.5237994486,122.866190529025,130.438997311704
"ENSMUSG00000033965",162.880141408928,114.142375965031,163.493520869543,146.543573857021,177.195361061151,143.616449647946,153.523760955586,171.564614038344,158.143794195017,183.410095885094,185.139205737686
"ENSMUSG00000033966",0.683769110241879,3.23736458011042,5.32118222800059,4.39748691563991,5.26640129231503,6.41685644915815,1.03562431800886,1.97425472935855,0.938286435037695,0,1.14489461716398
"ENSMUSG00000033967",39.2872273578873,30.298569145081,37.0741626798126,27.1818503009833,43.6517599404909,38.6462771678314,27.7371070978771,49.223907379878,33.0283432609833,46.4569314141291,37.7993577220004
"ENSMUSG00000033970",109.99763569131,100.835808834607,109.704809032918,75.6423018587463,109.803536828967,134.4996556388,105.06726966078,93.8231396736998,93.9151653787715,114.83243419116,63.0979476170349
"ENSMUSG00000033972",128.333288289525,138.710197416877,140.401824070547,109.060935057643,87.7694729981163,91.3361360868397,126.4743179326,107.711654316261,146.950707036655,106.967355372476,137.733069920038
"ENSMUSG00000033981",0,0,0,0,1.05095675570363,0,0,0,0,0,0
"ENSMUSG00000033983",95.9577779894233,117.964367716715,103.973432445883,85.4592872440983,61.1257793212372,84.6976200069452,77.1878217130285,86.5820372994448,112.604269022482,98.4808849243853,96.8309904508993
"ENSMUSG00000033985",105.261571748271,141.333435651686,176.110744931701,135.474257281858,99.0202806171727,124.805240466179,137.594669747912,104.094983702214,132.553943009142,146.363120569817,143.19116710438
"ENSMUSG00000033987",6.20685282291439,3.24295729546716,8.87722877985283,1.09016793607178,0,3.86864335707104,3.06783481059375,1.98360682737195,10.4053383174349,4.67544291329805,9.12001139715524
"ENSMUSG00000033991",336.201214384666,306.45349479386,319.863461534647,421.543543482906,317.337584871734,259.203413388178,566.463260922708,443.418523951353,307.449628013292,192.831552902278,308.897850076042
"ENSMUSG00000033998",2912.91815141417,4294.75555339572,4439.83034653749,5950.87757462434,3224.21218968122,4317.98998612562,3988.22992789877,4753.24038743465,4851.55750481799,4296.80549406422,5469.11322672208
"ENSMUSG00000034000",0,0,0,0,0,0,0,0,0,0,0
"ENSMUSG00000034006",861.239793724198,727.670064047086,1430.71693982183,1926.14285309691,1286.2135028966,1015.13751661714,1327.3741441663,1270.32229988064,1570.1038787723,1746.15815759951,1036.48628421889
"ENSMUSG00000034007",170.461122560386,185.94142222354,217.773881055252,224.761638222304,221.303104696761,156.969971317999,207.357613027433,252.918010385717,237.384830527919,237.058806404618,200.169684970116
"ENSMUSG00000034009",0,0,0.888711478704946,0,0,0,0,0,0,0,0
"ENSMUSG00000034021",227.686576254323,213.323173039215,198.832623936268,196.201039079077,189.007021279441,181.523100181266,236.414842610064,223.446381557889,222.04069391286,189.138564370118,204.952714130944
"ENSMUSG00000034022",2890.60406105753,2641.81191781923,2337.35627465127,2179.4703527357,2421.03751014846,2744.70541754674,2540.36201463744,2711.40416701026,2236.62582150933,2477.32759788214,2854.10373129214
"ENSMUSG00000034023",13.1886453506457,16.2225792851228,8.90453625549816,7.65371232638507,3.17174927294669,20.3245228686248,8.18802427077887,11.8183131954402,15.9898354019943,12.1853140593037,4.58531899423477
"ENSMUSG00000034024",3263.48043208034,3314.68451648936,3458.3445254566,3801.54607347288,3765.08374790906,3377.22231292037,3857.03311964612,3614.93443713104,3525.75458554415,3609.46143708383,3589.6475164066
"ENSMUSG00000034028",6.04802292742229,5.63783482979305,5.70328994554474,1.91544902786587,0,5.55603815347332,3.03336723588834,4.88685787339007,8.84457801524167,7.73453482560949,4.60662812470378
"ENSMUSG00000034031",0,0,0,0,0,0,0,0,0,0,0
"ENSMUSG00000034032",428.381214594224,377.373689128896,371.051839857271,334.446867367589,503.076570640065,448.577666331716,332.185525698114,383.758183550445,389.882087348405,373.930238206073,392.327119568713
"ENSMUSG00000034035",50.8108557860652,44.1440697053166,37.2063563009863,51.2944750819979,64.5479628428831,55.3111785457312,52.1859619955346,63.2826086412335,51.970271169989,37.5905334340407,61.7794454698296
"ENSMUSG00000034037",152.506254758192,114.436487892785,123.695672491827,175.884849337666,167.33429026535,185.983083743039,85.323181212783,190.607101349363,127.048162812657,140.173027875427,185.388293583813
"ENSMUSG00000034039",0,3.24192520459567,0,0,0,0,0,0,0,0,0
"ENSMUSG00000034040",2.11283240580169,0.825514445167211,1.23661408096228,3.05569281904241,4.04876981692412,1.96635838112333,1.43475064848689,2.26954460638581,2.6307688911177,0,0
"ENSMUSG00000034041",36.1317355912202,62.5095608319794,25.3075342035301,21.5471893796791,27.4109468510549,78.145898324653,13.2038086291974,23.2627324243643,19.4708533001801,38.1713784687761,20.415710932453
"ENSMUSG00000034042",1224.4095690686,1323.27091876583,1438.03838260619,1391.46806486776,1647.6213552547,1262.9146088441,1497.57485126176,1379.27204132471,1369.9764831486,1524.89203808755,1185.91973423779
"ENSMUSG00000034055",361.729252384615,233.436043753553,216.460451292919,230.125799085554,245.275869945097,230.205186624749,253.460918385075,266.716109757412,230.591629016875,225.27196920504,191.748892884902
"ENSMUSG00000034057",9.71767150814134,10.7737219772338,7.99867013641471,6.53261136785686,11.6121556505109,7.64688448928673,13.3080269125785,9.90216699096739,5.65945930561362,5.6341603063664,4.57607940418034
"ENSMUSG00000034059",0.489176181918653,1.35249782186888,0.651717384052373,2.81422399230445,4.01731879365383,0,1.32699663651309,2.45283554033464,0,3.60389248484571,6.91632671253366
"ENSMUSG00000034063",0.69035165867776,0,0,0,2.10930044922669,2.56565120231428,1.02224044774964,1.97999575717142,0,0,0
"ENSMUSG00000034064",163.137881325896,144.746826641497,161.253674091188,176.108241604944,136.552072835609,143.894045667924,156.530535517806,140.039507862609,185.608875922017,146.029781665908,130.974308734053
"ENSMUSG00000034066",261.428618894974,274.395117262609,306.100332624344,345.011473488201,246.202914982242,296.780742333241,346.330953100682,321.580613397944,331.738831340175,231.625789206986,319.454559107671
"ENSMUSG00000034071",14.5381081072411,22.5911303123682,19.5329591621958,19.6355766823972,20.0375570452844,16.5684773368996,25.6417114748412,11.8801659251593,21.6581789471235,9.42091491482356,28.6253210446579
"ENSMUSG00000034075",1021.47452386052,1009.12936699035,995.277900104439,982.059543246382,1082.75942778007,982.792727029697,1036.42627247314,1057.36359884267,992.019137298698,998.290493913166,1002.47155685588
"ENSMUSG00000034083",267.783096189484,319.612416703423,296.553403451682,292.809294463141,273.610584872925,336.0563814096,316.21978733632,262.771910268928,336.514044205424,274.494241268792,340.118519790466
"ENSMUSG00000034087",0,0,0,0,0,0,0,0,0,0,0
"ENSMUSG00000034088",13326.0825616719,13364.870005958,12764.8361123146,14333.9724005151,12972.128911372,13584.1591786853,13565.8424514782,15524.1554752049,12847.7868017923,11730.558282678,15496.5291493732
"ENSMUSG00000034098",0,0,0,0,0,0,0,0,0,0,0
"ENSMUSG00000034101",2054.65682689162,1412.52664721157,1962.77826549959,1557.30630054592,2153.12133594195,1312.91703588126,1718.26951058186,1755.5538099135,1737.67783355702,2002.21035917517,1668.84098183182
"ENSMUSG00000034105",107.76562766152,45.4309194057899,39.9002568844155,71.7840338886803,154.282725865017,39.8138186083157,93.7210087333262,141.688322753099,64.6524969680236,53.2826114747377,77.8033605158458
"ENSMUSG00000034107",0,0,0,0,0,1.29907821263307,0,0.973373806233445,0,0,1.14762089733029
"ENSMUSG00000034108",382.197682832506,352.687852361858,429.863436749098,372.676594375859,404.820755918363,394.60587578069,419.034903859031,398.059663880425,372.532374225793,340.801241280481,328.987400583839
"ENSMUSG00000034109",608.895743795876,600.89927748695,646.496119772161,707.672488187467,899.781422618163,527.565308790375,790.911705911386,841.213062866806,726.505532535162,805.061327667511,585.83021408643
"ENSMUSG00000034110",11.9516368439087,22.5310594600309,9.70446980304026,3.26971104597614,19.1656800446276,12.7975115967773,16.4324151318512,11.7006233308496,13.0778681104513,16.0683316694654,25.1766205976741
"ENSMUSG00000034111",19.7223719302599,13.9646646274093,15.8884404698135,12.0493275257899,16.9622543077728,2.58416597503945,18.5071013561839,9.84629233110464,22.5828370218572,15.150998779035,14.8948110566449
"ENSMUSG00000034112",18680.9713506231,20715.1682512296,20090.2983719461,24149.6519972085,17310.4852665524,21873.4143286131,18806.5437407777,21446.3621400081,22831.1757490394,20581.172220843,22808.6363118392
"ENSMUSG00000034115",0,1.0814771463137,0.886910320947881,0,1.04924077605496,3.84281780668729,2.05644692788912,0,0,0,0
"ENSMUSG00000034116",160.917695132089,291.946255931861,90.5096370350929,100.958217786315,107.783347452996,239.53048034417,86.1645084604309,120.577625161274,107.387991275139,124.007598882605,107.508420160367
"ENSMUSG00000034117",0,0,0,0,0,0,0,0,0,0,2.28090890516888
"ENSMUSG00000034118",116.334766912506,202.890360211518,107.696605022478,93.509694808162,118.240739342352,109.298427095606,108.384277003712,173.61406025015,89.6537470071142,113.637877506217,104.04486728868
"ENSMUSG00000034120",1373.32052397253,1551.34965451473,1743.51572961374,2146.02515505524,1709.8592409738,1691.93374547299,2153.77499506617,1949.98462978778,1801.94501929895,2259.70002369401,1979.56543658178
"ENSMUSG00000034121",62.4957501336968,83.0147645455136,91.1525567643739,77.5043308905387,74.0145988482402,94.1827315677447,91.1821077622836,98.6968814619155,105.681895013181,106.236381725137,98.2555907528561
"ENSMUSG00000034126",168.977664278445,160.480407865623,131.853026535188,150.168256743256,125.573451013474,150.183383611671,171.40525172331,181.168106412542,150.087371580844,160.141726775777,166.596695458523
"ENSMUSG00000034127",661.236905748226,494.866668708938,578.81772633543,735.395052296693,690.439314295346,508.872750939775,612.741000073136,1040.11127465365,700.507403829114,913.940690746931,668.130705537699
"ENSMUSG00000034135",693.971233371444,664.530750411183,915.365081790756,910.543878988633,852.071826001143,752.149007147149,717.912352567295,918.705810267685,897.810323783115,912.125153380857,742.888253063945
"ENSMUSG00000034139",0,0,0,0,0,0,0,0,0,0,0
"ENSMUSG00000034145",0,0,0.88741560649398,2.17426191129472,0,0,0,0.99339035405402,0.9461452183142,0,1.14453459672368
"ENSMUSG00000034151",0,0,0,0,0,0,0,0,0,0,0
"ENSMUSG00000034152",808.278639995098,788.569381285714,664.57890745774,514.983523951711,768.940843357041,652.684398258768,478.364860554052,663.143814771697,584.483150701037,633.19970952439,562.308590932219
"ENSMUSG00000034154",478.043606034717,392.757753095126,420.328048731518,495.253832616061,461.03586608804,363.02201059037,368.831256377008,404.285755232414,424.254705559629,378.885346351757,492.609987061547
"ENSMUSG00000034156",42.9899112924369,59.8531022380926,20.5098221296851,37.2204336190973,15.065296628313,44.7578050656611,32.0959425685734,12.8329128249245,67.4837513587439,51.8359598883988,62.3381036954683
"ENSMUSG00000034157",403.101060568232,210.575022754368,307.360067754298,447.8833017538,467.896169515866,235.78880315099,229.963486111471,275.49192820239,434.353449551898,329.733981025168,356.437894584985
"ENSMUSG00000034158",67.3350444175845,55.2178771303027,82.0774591124378,90.5716084575524,59.5007392090336,29.5907393153608,94.6670999436277,33.4073347624982,54.5197285458963,72.8152105074549,41.3179270215491
"ENSMUSG00000034159",0,0,0,0,0,0,0,0,0,0,0
"ENSMUSG00000034160",2544.4852345018,2839.36084619151,3046.50941429197,2504.22462415941,2871.68708454278,2551.47326211534,3255.54065796834,3044.46303341073,3521.17435104562,3444.78484538418,2899.49722469072
"ENSMUSG00000034161",9.574849393009,1.06207079793973,9.66981369314838,6.59420520420518,12.7209291685648,7.70751615388947,9.33101324313143,14.6802806639511,6.5134486811027,20.1660345265098,6.92489021709707
"ENSMUSG00000034163",1008.12114716589,800.581313412303,905.34563289709,652.522088554358,1007.79290278769,568.057343336507,1165.21904212979,828.925256978665,1300.38721336414,925.06287754886,1055.69739543808
"ENSMUSG00000034164",73.5446825082325,58.4960768245427,144.213875776965,35.8896178807502,80.1361149191297,33.1704984455884,91.7332636777489,50.4539914266152,63.0631760346714,47.7095633509304,32.1515342585328
"ENSMUSG00000034165",1703.23516611765,1052.98686262537,1736.16809410608,1312.36313496214,604.672360799643,708.616230773431,870.791508299688,750.013843347696,1334.64741916328,1352.57229258286,1207.67134011732
"ENSMUSG00000034168",1287.54872533834,883.29566387896,1694.58611928398,1401.15143095066,2033.2946672827,935.347657056056,1512.99085614555,1371.41923678735,984.472302668219,1705.44095894992,1264.06340133123
"ENSMUSG00000034171",164.181311531529,257.228708223324,177.03082840794,212.675251691782,152.254161693041,317.754990626967,130.143669193261,294.846028961583,210.475553914767,194.392735829219,169.942835586653
"ENSMUSG00000034173",20.9005421895294,29.966323028567,20.2912968881268,21.8924232342204,13.0306687428974,25.6093948289493,33.4461530403207,28.1309573519649,34.8896013960133,20.7453606853721,16.3448112379623
"ENSMUSG00000034175",172.018937199938,243.730120062508,218.650225210017,282.958625521201,157.879080781295,190.589154479161,208.296760426328,281.324214906984,258.639874565851,210.092616862612,129.707424635484
"ENSMUSG00000034177",486.562883269063,498.708218264043,499.514805223841,620.999979485241,411.917754115566,491.283591990104,479.99552697237,697.884464259609,564.068097535369,500.818561217567,744.913222902934
"ENSMUSG00000034185",0,0,0,0,0,0,0,0,0,0,0
"ENSMUSG00000034187",363.412402404051,335.793916006133,285.905752589468,323.492134813647,339.554821010772,315.40598894946,305.874017555894,406.847630104932,270.766384505961,281.339871874249,403.437116621843
"ENSMUSG00000034189",136.599294937786,137.742594260306,171.169271203511,160.433390400265,146.567742450391,122.584182956182,126.348729283035,159.597857252579,119.194085249123,180.349840291163,150.470745819264
"ENSMUSG00000034190",444.122789606935,377.958897630474,425.19128793821,411.071907109043,447.302949333782,500.645553294856,446.073383444033,484.590172018172,448.830249227041,460.831655719911,527.680786092496
"ENSMUSG00000034192",50.8210814746739,70.0321945644994,45.189091347619,51.8429307854579,53.7881931061141,53.679718214261,57.0424946750478,39.9698754989542,55.7910134158905,49.8363732249887,44.5582521020803
"ENSMUSG00000034194",249.316185832588,304.325506169853,259.646141402322,259.546163780121,312.081673081664,311.189994058482,267.507775416088,376.169586781619,289.460706214988,272.564039228946,317.900037165093
"ENSMUSG00000034201",570.834281022498,354.586622329861,601.229335760367,416.379219667852,617.770417234026,593.352345418277,437.593206870205,590.140324570233,540.830348342896,636.795374942196,580.337006880907
"ENSMUSG00000034203",92.2443688730722,101.060825634197,98.7379840983347,100.680400104265,71.5595440804462,82.6565157695115,71.3000382545954,94.0640691535538,83.2450844782572,69.001228297794,95.7128059948444
"ENSMUSG00000034205",87.0149787575538,71.2793980960738,79.0136638251644,43.5422917244599,125.050650142862,55.1658609236531,50.0990970621377,61.2152318095677,80.317599817455,58.9901715976372,84.5446728256028
"ENSMUSG00000034206",7.78158974825912,14.9447417177618,58.0212482356249,4.42864838603321,3.39974050742152,10.3671020932687,5.0203001624253,3.19197148947298,4.70875477480682,4.58455657674379,1.84367881026318
"ENSMUSG00000034209",0.674155739961231,1.06819894873296,2.65960552104812,0,2.16817102821342,1.27626606623724,1.03782018126616,0.977051299622694,2.80537944347298,2.88245073191435,0
"ENSMUSG00000034210",284.119470001474,367.701297841447,344.334137734238,454.2356655175,280.514077863004,327.230502079074,355.933223013812,326.895949361745,367.448473922976,371.003595155596,340.691724698372
"ENSMUSG00000034211",172.424609701685,196.355554556189,182.68539215709,166.577010416409,177.040200658063,176.569179048136,193.418337184895,162.891356415961,170.214252710181,148.899694007819,160.859943841019
"ENSMUSG00000034212",1.19808045129984,1.24458192975892,2.56001305545689,20.1718313734884,3.65722871319617,3.7092867223119,3.53280198642101,1.14186523662762,14.3405669304354,28.3777822424992,33.2536445460072
"ENSMUSG00000034216",531.754825576215,522.648365690929,782.446595509669,819.730932770908,627.625755179944,596.542660086754,666.990409994337,599.379011398043,586.47142145057,686.693149761963,584.316912917011
"ENSMUSG00000034218",255.479107356979,193.881506789948,124.441446171331,138.219279558462,118.443254406626,124.679798275078,167.308692405955,137.022635119357,163.275105153143,178.702351931621,179.287614026501
"ENSMUSG00000034219",0,1.07828504688118,0,0,1.05626644800353,1.2782559087755,0,0,0,0,0
"ENSMUSG00000034220",87.3697377412759,23.7569530279272,28.4515638221601,34.7788384817932,37.3299758991282,49.7596670690375,38.9471069435413,21.6577397399097,42.4471853809674,18.782011230167,68.718165529366
"ENSMUSG00000034224",0.684877747378865,0,0,0,0,0,0,0.999942369486275,0,0,0
"ENSMUSG00000034226",58.4011336956542,82.6690763426333,83.7228366790272,50.3803235720282,77.9136162627917,68.3309909901528,73.4427036542383,78.0134487048841,51.3316764695667,68.7651432444725,76.9512010049697
"ENSMUSG00000034227",1.36608659938033,0,0,0,4.25120532776436,0,2.05261272462356,0,0.943978680547453,0,0
"ENSMUSG00000034235",134.338086868622,86.4464281487158,184.173118982983,128.204071616651,154.453087583188,74.6073123900098,180.116589883284,126.738525913341,108.380919631343,128.658756469054,97.4981065153324
"ENSMUSG00000034239",0,0,0,0,0,0,0,0,0,0,0
"ENSMUSG00000034243",5233.20790218123,4993.29393773558,5290.44240456473,5529.14712372063,4412.86385084672,4391.15832187548,4885.13986145936,4967.2812917966,5396.20131533247,4459.1455494073,5506.09853418869
"ENSMUSG00000034245",137.210389588253,158.959944326207,250.062347258115,305.538612051059,144.059029593353,152.816566507774,182.939509826162,194.002463925008,298.168593371905,269.300810755703,215.407415832899
"ENSMUSG00000034247",917.226204641898,1180.9739963062,1591.80375651941,2001.80374082354,1784.05491816357,1231.28951217039,1465.59106814663,1566.38155298185,959.535728452276,2368.98922610008,1079.76488870422
"ENSMUSG00000034248",84.3324774701682,106.58374555946,52.744375252979,68.5253447438334,64.5711699753156,91.2256358127095,74.0721790885147,67.7039546836263,74.2558045042609,93.6657387667152,91.3062902896081
"ENSMUSG00000034252",1865.51327889704,1830.04648648565,1145.30152683139,771.380833592717,1592.57243829224,1624.30043652792,1898.7940291769,1686.75769790322,1568.71731623133,1891.83987587156,1246.53115066677
"ENSMUSG00000034254",1740.5119122261,1947.96754380145,1864.64983847171,2065.66656483137,2074.16351351996,2440.52856280558,2301.84868155395,2402.49641319517,1773.34557504137,1937.92973357614,2487.38372191911
"ENSMUSG00000034255",531.836208789235,390.377990605151,723.91885645674,596.22997930311,651.844665515788,527.264793700245,585.689298431101,546.767710661566,360.302876760118,737.158563188908,565.077561746429
"ENSMUSG00000034258",279.34000996148,456.794109989909,397.34483690915,448.079813612868,628.743866243946,432.203032915183,660.77812157832,633.865352593766,569.773092360299,452.226607884055,368.186741624106
"ENSMUSG00000034259",223.61482218096,209.31904846808,243.312441760384,186.667144818891,144.096380832541,192.667334108135,186.526295021463,201.084452734705,183.150960849381,208.900087545014,178.559371288624
"ENSMUSG00000034263",395.120248368428,372.676821309659,429.822078326634,403.395142846791,349.672456733431,361.295231277114,437.931656096873,352.815461084179,402.37005533694,370.588762562803,458.579872943826
"ENSMUSG00000034265",43.9045577853279,65.7795049558996,78.8536834583059,84.1418368054945,61.4173369222109,64.1053640664353,56.58329576836,73.8508514852121,97.7604725888185,77.4083258520779,67.4990168171902
"ENSMUSG00000034266",12.5273841554762,22.5027741949034,17.6153553495233,21.015096908479,27.441897736102,25.8391022498746,26.154014421239,27.9390117675745,23.9429418192218,34.9274239935988,19.8785272484359
"ENSMUSG00000034269",1171.77353099544,1155.25625439984,1206.40342784086,1235.36682583345,1244.46606811002,1214.00486133824,1180.28730304475,1346.31355792009,1221.14608503216,1316.40971699897,1420.69570067459
"ENSMUSG00000034271",127.988783940944,246.763363440542,226.734782492407,186.185093467385,105.692559735873,229.315135379974,337.126784370145,163.15347506979,110.424391880601,286.626597936906,118.546967857985
"ENSMUSG00000034274",327.404360458975,286.348483847852,269.921935175548,268.137302405778,249.644345605457,395.637933130381,248.870861870487,232.082776648958,276.915723180717,253.20247433735,324.792195420968
"ENSMUSG00000034275",1.91181466655712,4.99536571575355,8.18888612664509,5.00194300848933,0.977371198523523,2.35327999622758,3.77060620514952,8.05541590370274,3.18546701971053,3.14914636942353,3.15165628384566
"ENSMUSG00000034278",142.464471600108,173.564957015746,128.672165960059,133.880834645534,135.597493010566,170.736995566196,133.807737488425,145.696888162229,161.636501850738,135.902290977511,162.907145602284
"ENSMUSG00000034282",397.165231060321,273.122141113367,308.251736014032,382.800872192248,328.033822373835,428.30948370403,239.00599959415,387.451350279346,243.983567681428,431.866013185959,354.199771930799
"ENSMUSG00000034285",41.2905282329059,53.7280976686245,32.1257614056147,27.0954233454873,22.9587531829721,49.2157470715205,28.402521871691,19.4620038160172,20.4105889292479,38.4612168717485,43.0468832737356
"ENSMUSG00000034290",871.022805497956,803.570047238354,819.019416550882,780.963775141789,798.056563170595,819.280786757109,698.797783814716,828.854901863725,845.216441629173,864.471356543018,987.063483027446
"ENSMUSG00000034292",144.178858263839,112.800833012721,123.654770848317,136.675515023943,130.982612612931,135.534823793819,115.793428263875,140.409399561439,167.888812164859,150.653919964338,148.74604789256
"ENSMUSG00000034295",433.848478609677,376.119550860179,330.260835081194,302.864269049109,304.535178663254,340.335953545314,357.184395170766,207.912433790783,306.303152448071,289.57532450696,391.564503637284
"ENSMUSG00000034297",518.060343966523,364.230169292224,615.266616541898,555.630856755857,448.435283654895,226.118852877791,580.77331199674,345.188087084515,541.078764741939,409.833708464087,437.178499413009
"ENSMUSG00000034300",272.292406833851,81.3515855565655,320.554848213985,69.5737535155577,213.054139578822,62.6568162869308,286.676799992627,200.670056046461,195.682024049612,212.712540989223,510.127866759072
"ENSMUSG00000034303",5.2453795845583,2.40273840527229,11.4309443587383,13.4185140170857,0.576390278349157,0.706768286189056,3.92053184293938,4.01571965795191,11.5589291693141,0.522975998850717,2.510475132972
"ENSMUSG00000034308",158.138496475239,124.790692859884,126.259303115943,125.907259980851,167.946149105133,123.034027655349,130.316679172172,123.436247451269,158.493231873043,123.618231373843,164.623628345367
"ENSMUSG00000034310",0,0,0,0,0,0,0,0,0,0,0
"ENSMUSG00000034311",22.5664135811778,21.7063276787187,15.0722897923778,13.1565307833329,7.36183993864997,24.322200352865,7.26650497266385,7.86033031822829,11.2157088746927,11.3759164027102,10.2536981450432
"ENSMUSG00000034312",337.195673876954,267.812083140002,277.064712165339,281.740136220295,279.013747601817,294.773974758794,256.731966447957,258.310500081037,309.314508574339,327.252376023441,350.556348561513
"ENSMUSG00000034317",10.7241126538988,12.4492756648039,9.75754412165805,4.45026266670197,7.44863611095528,9.99066084437473,2.0681719268322,7.60544184896598,13.218126005887,13.7367321753022,10.6431003422545
"ENSMUSG00000034320",409.693475737696,374.988260751436,446.992980922128,430.789436677027,200.652742303773,245.396577521583,421.130550113218,352.220258188245,406.633406814811,301.949405509475,539.464884704071
"ENSMUSG00000034321",113.781061614654,124.487379259533,78.6073262397424,115.422580048288,106.174365652019,117.735261835334,127.167615779993,118.179738450195,132.533164181249,105.337799426011,160.454036210417
"ENSMUSG00000034324",0.974267662273309,19.7266915339276,3.11762414560571,3.81633260843659,17.6422138220025,6.33394209373351,0,5.53291267195098,1.3262272277775,1.31244404884533,7.1969452491738
"ENSMUSG00000034327",118.875815495543,124.411425814727,118.856112706553,117.293595061447,148.053380469371,101.859064683941,152.012868306351,104.558397409997,107.944422182685,110.376142362047,91.3011911662533
"ENSMUSG00000034329",29.2264841727335,28.4162039828359,31.9359340852937,32.9658517514716,26.1619672232664,41.1013468121575,35.426542670667,26.4454895593324,37.2559186771591,32.3130754415455,29.5694685401336
"ENSMUSG00000034330",413.120786751438,554.421831627917,505.856028492161,471.589010911648,516.220655337792,562.474040169503,328.70847859572,401.585121630291,636.37821736445,532.196736876338,526.600797201129
"ENSMUSG00000034333",294.198601813934,235.525479602105,253.864271643635,236.399855946878,293.914723272954,234.306324386544,303.079825883142,234.616739189738,257.574194261664,290.503563519578,356.915382652785
"ENSMUSG00000034334",35.5115424424911,35.2488084415732,40.0142526319834,32.1702472147812,38.7981107751726,27.9905755029865,43.698664938639,40.0394568542049,38.092811296478,31.4183667830879,38.9835799082942
"ENSMUSG00000034336",0,0,0,2.1791567002766,0,0,0,0,0,0,0
"ENSMUSG00000034341",718.467952964768,696.512737374126,776.655413541014,893.567403265772,825.654784597129,821.321126673119,742.1583962111,840.308399215297,785.794560117291,927.068178050234,745.16775762202
"ENSMUSG00000034342",101.075391063303,67.6678490200847,69.6777082845103,62.1236574165404,40.9652959228941,32.820669213743,73.6921944592424,50.276541380668,98.5515562025987,50.6727100649993,84.2479286012512
"ENSMUSG00000034343",343.32147367967,369.433541589106,284.334807859875,405.670179189925,442.59139304938,233.721034395922,275.29565223514,322.567720282012,388.795234642575,321.518158114081,278.819367495925
"ENSMUSG00000034345",69.1437605376021,67.6776688863689,74.6699430230048,75.7008045303475,70.5199060015092,99.920812564887,103.257951497513,76.7340172428274,79.5474485350298,77.8840776528471,70.4230318059228
"ENSMUSG00000034349",364.1562894542,1114.12100221044,381.668609777742,2462.58402261011,456.067646835879,476.984817891059,355.846061086219,357.958955602697,411.782455813251,459.572416844338,267.865690290479
"ENSMUSG00000034353",44.7045928238045,63.456588738363,56.856024026517,148.64761156466,45.1817116663193,71.3040497410291,81.3498806443671,87.0639416367552,159.294140207096,99.2634681068991,184.541547215322
"ENSMUSG00000034354",1043.38396779799,1003.91929362547,1174.58578477188,1186.84588790398,1185.73160825553,1115.5066838556,1107.54872606599,1222.60660262701,1010.19215505957,1250.86731824499,943.128289905928
"ENSMUSG00000034359",390.274679089139,380.531424555692,559.73699876289,518.603925958976,493.352347359118,362.481657240411,492.115448175236,478.114098481879,693.515399276619,331.688954327238,483.069084912553
"ENSMUSG00000034361",69.3152885235296,63.4044280339651,49.5939468089427,39.3244000973894,42.2506022493136,73.3355439386891,43.9608173334183,43.5934256157947,77.5475980023924,31.0295164073026,65.2687962059954
"ENSMUSG00000034362",0,0,0,0,1.08720724023822,0,0,0,0.915195201344266,0,0
"ENSMUSG00000034371",113.456777420475,129.341419121145,135.458973930473,134.479150434428,180.326509955002,163.077099106914,126.565511139634,138.283194203915,148.628259171211,122.231508325672,125.053778141086
"ENSMUSG00000034377",832.57863616212,733.228872600205,1117.10126692787,1371.69825365124,811.237065866097,534.438869254026,1103.99970996567,1110.96045390112,946.751446030234,965.897776370596,822.952005417434
"ENSMUSG00000034379",38.6238874866677,39.2819948908155,30.8903661306666,31.0738064048828,20.8394128357968,46.5433057763408,35.9469286148778,37.9723380743392,39.7409508174325,34.8601578636686,36.2282253103228
"ENSMUSG00000034382",467.070236388398,441.301806852517,386.84048795553,578.262593981785,554.534978309532,533.84283389678,433.762097783423,569.658692179308,421.41988747285,480.406694687409,618.307443387861
"ENSMUSG00000034384",0,0,0,0,0,0,0,0,0,0,0
"ENSMUSG00000034387",0.659628300592123,0,0.968626924356432,2.09336023758375,0,0,3.09503491643684,0.941438572695428,2.70591663336094,0,2.50414693962958
"ENSMUSG00000034390",215.18181966886,206.018095598593,223.958379037404,218.121722093564,269.632958435567,259.822095945857,197.639847220734,167.824135177669,193.840202629157,208.10256580881,260.63889417975
"ENSMUSG00000034391",0,0,0,0,0,0,1.0244779114794,0,0,0,0
"ENSMUSG00000034394",9.30834775456413,2.96814008616616,25.3921335819009,6.1698522376991,38.6824970278824,2.39504772972416,1.93990321950735,2.73542657565117,1.45958198716436,14.3761790251935,0
"ENSMUSG00000034401",70.0851989090342,67.8813290843713,69.0902946262011,55.0073130446445,84.6324652532763,56.210272664378,64.427737761444,75.4385531617694,78.321811346036,66.7433543325228,80.0975133785681
"ENSMUSG00000034402",0,0,0,0,0,0,0,0,0,0,0
"ENSMUSG00000034403",551.597420533344,621.965564206643,631.227661432926,535.606403942959,532.685280580032,567.256399944298,597.088017992773,583.420846904457,583.618520009623,645.550264201381,533.180008075991
"ENSMUSG00000034412",356.756696024934,330.972040225772,334.860291621448,321.327513929664,403.332918623317,289.677050615415,331.328631942726,306.406815820772,276.901272394975,412.798035323999,285.121967522916
"ENSMUSG00000034413",11.3502436750417,9.10512350277278,25.5355703752122,18.0877888944634,9.73351495323468,18.3646943617546,14.8189800421238,15.6728166818412,23.3509997332314,28.596282482634,23.9230755565423
"ENSMUSG00000034416",0.692865983715717,3.25236575809438,2.66074152472406,0,2.11229437603271,2.57212561414309,0,0.985189902154,0.944147763531765,0,1.136678163488
"ENSMUSG00000034422",1025.58089864023,493.153989005638,583.2184850762,594.832436852366,500.590952529967,336.20857145028,547.491471257461,283.574644213303,584.519404653495,696.895799124053,710.227264478396
"ENSMUSG00000034424",244.154541024397,301.997072700905,261.862132495081,291.458694119538,271.824437179268,356.265597970222,292.511401573253,299.85976442655,306.894371660502,261.342860430386,334.457059747269
"ENSMUSG00000034427",11.6817348737178,17.0547575209889,7.70528015946214,71.1273117114741,14.512639515549,18.9485879056085,7.04973567328129,3.42239880664646,1.64086539589141,22.1899470813869,37.3676357228261
"ENSMUSG00000034429",86.2540081554641,106.227191849716,115.988881456723,103.98950523173,116.434354499838,101.334805826296,136.699150512737,107.540707610179,100.424658200978,130.668098052273,100.073683237578
"ENSMUSG00000034430",511.903504997879,672.870000669042,751.247607396826,1311.1177891746,469.520421999984,513.640357878756,676.296385132153,793.323823038608,978.018345868714,879.380248530975,861.312236105691
"ENSMUSG00000034432",241.968141276864,230.955469574671,206.105690295503,206.776014371154,207.540706547366,194.691208925199,197.058021286865,195.06181795127,188.997231640091,192.897755822948,239.846031976725
"ENSMUSG00000034435",295.349061669378,285.044060680267,337.299732125644,318.005793096318,280.625531226242,325.655173352991,364.885619093558,326.080215531349,338.092465504403,395.283957001674,359.64328317464
"ENSMUSG00000034438",42.0765501860142,129.241591840067,59.4521097712601,49.1280735137872,47.4436409066024,65.2236082126614,51.2356396227062,40.6211862844779,66.0175183745583,47.0207706922883,29.7563993419994
"ENSMUSG00000034442",170.454733848229,161.664246408468,190.527304321006,121.14917504294,168.647956907427,166.364420744248,109.510305100079,73.5693112991556,179.650088831745,79.301664873781,259.103132467311
"ENSMUSG00000034445",171.295344478923,212.838004072141,252.720783701168,185.350090438883,225.818822608926,172.984936286713,169.150646059406,230.836172731984,159.268669334813,243.631574682247,195.332094764677
"ENSMUSG00000034449",142.460558058075,159.851822620909,156.25195522667,314.771446767493,175.228851778464,184.339300908249,187.987837100142,380.694140782649,201.304647065517,143.5633460791,449.779967852953
"ENSMUSG00000034450",0,1.07829286593836,0.883542793235649,2.18359274731896,0,3.87727936956256,0,0.984391507898268,0,0.941415361466268,1.14129921973136
"ENSMUSG00000034452",0.691973797036353,0,0.887296290965744,1.08826134375754,1.0549560242249,0,1.02133683140829,0,2.83609788289056,1.87178414979598,2.28345366507325
"ENSMUSG00000034453",280.255702530412,295.721650367682,258.977317273806,238.677198282533,310.936533476568,192.373604726583,265.336308247667,243.729418145612,246.975230944874,241.787473460694,226.812941985579
"ENSMUSG00000034456",2.07021375461448,6.49985196932487,0.885266812473067,6.53474195420808,1.05637311267858,1.29330235060349,2.04947530087497,2.9537579024776,1.8861613732224,0.937587265576987,7.96812653211581
"ENSMUSG00000034457",57.2113356988066,29.8208931034963,84.1126015761601,65.5704071540032,75.168127053951,31.8506222545113,34.7946740464653,42.6147927592278,30.1350861583624,64.4745123837558,39.1865951939739
"ENSMUSG00000034459",261.550044629316,95.911701465546,139.574365050378,164.771155608384,123.792046526345,92.4169801987587,117.228545810711,53.9791776055323,82.2297728300953,151.294203831171,217.532018704767
"ENSMUSG00000034460",11.686834407016,9.72265794461292,11.5232792161141,11.9715200657394,17.9355160006856,7.70445997009676,14.3307962686558,15.8618627866286,5.67686576536779,9.39737510636458,11.4188889972882
"ENSMUSG00000034462",283.763544435307,222.843602355805,235.669524480273,247.576526808312,303.174144113792,190.577934768223,222.845715661499,258.517851327785,272.45177624473,260.557462058753,275.960852515355
"ENSMUSG00000034463",17.1342340915114,16.1611241246089,15.9356879337196,14.1861996411262,17.9590944337483,15.469774348997,18.4299624647235,15.8352226282512,12.2909765973671,16.9220782263437,26.283500236816
"ENSMUSG00000034467",0,0.9012357064297,0.954384419399614,1.16928129820372,0.927079978559143,0,0,0,0.99509317794912,0.957201964843539,7.51167975756083
"ENSMUSG00000034471",791.493716436859,639.222281726499,655.553373631376,710.144877511832,724.199767066087,626.578441156539,523.577676471078,893.977643457186,928.514284956755,880.323744606104,1360.96740950581
"ENSMUSG00000034472",1.35620086970552,3.22054895143189,2.64401864366359,2.19736360350222,0,2.59416499408181,3.09696384799341,2.94637274358345,5.63118258874062,1.9055662558608,1.14790503535535
"ENSMUSG00000034473",134.967940550571,113.286935581883,133.608524738941,144.038014864558,161.581055826676,135.111507518682,150.466313010342,117.030388057038,154.078580661624,136.207225818343,125.894433677097
"ENSMUSG00000034480",90.4695565671301,66.2709070492892,111.320178301196,80.101349801622,97.5266052815714,25.7232634845261,86.144850798465,80.2914191645347,87.5601311294883,101.305190079531,75.1651088844905
"ENSMUSG00000034482",0,0,0,0,0,0,0,0,0,0,0
"ENSMUSG00000034484",1325.11617090291,1620.32885270066,1344.69229479284,1624.63645363358,1437.37458977213,1583.97724485261,1446.85735925035,1537.35028099224,1612.60377329064,1572.19651326497,1390.47992514944
"ENSMUSG00000034485",993.966772238232,741.190838560045,930.506474964454,729.028185145048,987.206852474836,782.807815132896,829.535572770601,782.440551836077,914.472335537178,903.815639449265,860.788581386738
"ENSMUSG00000034486",0,0,0,0,0,0,0,0,0,0,0
"ENSMUSG00000034487",34.24584754083,37.645668039083,32.7476956358025,49.2832134224876,34.9164735383671,29.3825725446395,28.9281198055531,36.4134471499987,39.3306080775374,38.9178471156868,27.5114736890627
"ENSMUSG00000034488",0.677119874599741,1.10116614755004,1.78539611215953,0,1.05262491661066,0,0,0.986549203617789,0,0,0
"ENSMUSG00000034493",0,0,0,0,0,0,0,0,0,0,0
"ENSMUSG00000034501",124.467265852286,154.674053901597,129.514183828173,110.407503091462,111.625458632928,129.297068468602,128.819736003022,108.581923761785,135.33416562823,134.803464076858,126.663468045658
"ENSMUSG00000034509",365.798605563298,496.410602565928,539.23846665324,520.703361136031,404.159125097128,510.396022548418,567.993349357446,565.775986604932,566.298545055987,497.847358168461,438.673568517874
"ENSMUSG00000034518",143.443167381521,169.61688546009,142.688574489867,221.370687529694,171.884888379121,123.092300205027,97.2191977882018,173.962349213928,165.247023477536,133.966871098862,108.308499997419
"ENSMUSG00000034520",13.7201531290248,24.6683950756402,21.2447343279353,32.8504300165467,38.0809493856445,26.8000542981335,19.5851738365608,30.5704148644418,33.756064330476,21.8336563554105,27.550297894903
"ENSMUSG00000034522",377.479345445985,617.834285391863,746.873327826855,651.870314505163,676.775990980977,647.160399707893,654.996918298081,698.976131405247,558.988200084402,575.640343382002,597.326380423992
"ENSMUSG00000034525",1171.27720871661,678.981750326975,654.900071971544,605.222232353953,693.074930517706,597.068665050445,878.885348541942,814.558908604587,1438.58005214476,706.503360992788,835.949362072533
"ENSMUSG00000034528",1.85863335458481,0,0,2.42527643830004,1.91323706951504,1.40919130162718,0,0,0,0,0
"ENSMUSG00000034532",23.3506473207688,52.0990603904825,32.6458596964946,25.0277578042601,21.708353741075,41.925899838871,40.7558936361826,16.7888196906374,27.2293752026719,24.8343702359845,24.0690241263703
"ENSMUSG00000034533",0,0,0,0,0,0,0,0,0,0,0
"ENSMUSG00000034538",55.6032770471529,49.9388288050503,57.524510833811,58.3309605698991,39.9248625305513,47.4818647121518,38.6341454775813,44.0665205905001,55.8612647766959,58.220151660148,56.922686796176
"ENSMUSG00000034543",990.152571920333,534.044718045089,719.650228292031,643.651444204906,639.220028342463,609.713532361056,560.879440308074,711.836092558234,620.672317298999,848.801858242567,981.350722342918
"ENSMUSG00000034544",162.384816207921,168.071667569345,133.270685249443,192.296059663463,159.533916793035,164.234031686574,185.591496036691,192.763077478218,129.668363771447,142.312775263342,143.020498561899
"ENSMUSG00000034551",0,0,0,0,0,0,0,0,0,0,0
"ENSMUSG00000034552",0,0,0,0,0,0,0,0,0,0,0
"ENSMUSG00000034555",0,0,0,0,0,0,0,0,0,0,0
"ENSMUSG00000034557",241.375317967487,197.18067833102,251.562962903681,250.858730843749,262.662513671533,196.335671343603,238.999941125284,224.291754715385,297.83657558733,236.101710669596,198.785941559308
"ENSMUSG00000034560",258.564689698083,228.141449618452,306.703811715245,241.807177576183,206.833754584899,136.753334281146,255.223892392369,191.151805057314,279.490598160177,238.357903580159,286.048983407091
"ENSMUSG00000034563",1861.5407758617,1967.11486846565,2109.86173761406,2445.74914705772,2271.48105401009,1880.15467482713,2194.80378269823,2438.77356010675,2426.91834374418,2608.22845031659,2374.62049791639
"ENSMUSG00000034566",1521.0693014912,1971.67480367361,1723.41499882127,1797.53332313123,1610.1260737965,1741.41636180795,1679.21995465626,1720.6193312735,1496.73216609795,1482.03848934183,1650.40229653593
"ENSMUSG00000034570",367.054800441325,452.405885067226,691.692162301791,925.263435745742,162.905731021545,684.291401929537,444.802234689829,604.61497718008,404.177227476925,411.576932619656,394.944764384055
"ENSMUSG00000034573",43.6281793895913,54.991513314034,38.1821544316871,31.5820278612985,64.2438019902645,35.8768841682456,46.9744478692222,25.8245393423238,40.7081047987003,43.0399805883828,60.5399428742819
"ENSMUSG00000034574",829.141174741623,569.503982358864,896.100300357726,703.139305946643,1047.35370154609,459.702978021822,739.766163478147,720.842712288043,796.272772623238,983.349584513168,636.324254836667
"ENSMUSG00000034575",222.488155336649,160.309441179309,157.234969406744,192.52499881178,156.38883649087,189.421544049778,248.27234575352,160.475665296049,191.037510086449,214.064176246136,236.860162856605
"ENSMUSG00000034579",1.25192293193192,2.29377434701474,1.6023652883092,2.30588643047663,1.12401609750201,2.72953985750376,0.928178386842426,2.07471447069434,0.994752734046104,1.9920393921357,2.06085489792551
"ENSMUSG00000034583",0,0,0,0,0,0,0,0,0,0,0
"ENSMUSG00000034584",53.2847669944009,63.7141320148269,146.566651809709,150.512581494913,101.187767354305,15.3036276158269,139.73279649389,83.0575912430124,57.3982040879465,81.8201785384567,44.5742977177829
"ENSMUSG00000034586",1617.01040138634,1620.40916872704,1467.08277368535,1866.50644583303,1048.15112655035,1992.03469287511,1694.38843146197,1741.34136674349,1503.76319533594,1488.6560016009,2111.92016209968
"ENSMUSG00000034591",69.6090011868478,24.0040379317807,22.3304608482415,11.3942215519766,59.7338914036987,12.542071675747,13.221060210668,13.0071464880175,13.3040566434309,37.666814529146,52.368068514681
"ENSMUSG00000034593",188.540834120214,153.221860718576,109.954204692197,89.543232057436,134.698391804572,141.281871015159,153.81161425392,89.0876175454987,162.545097566444,104.238540901306,145.913646919208
"ENSMUSG00000034595",130.007109144536,314.396841754584,152.240851909329,80.9617070386452,160.180305122926,262.038002042156,153.747689106216,113.395861157967,94.571411020266,152.650620122174,110.049113173091
"ENSMUSG00000034601",90.5177494543974,110.786870677884,94.3020763933458,79.6100040240035,93.619159853901,85.2835498295035,102.905179702441,126.506609983842,110.531697799043,122.855611662881,95.5391835757877
"ENSMUSG00000034602",1482.31443004462,1569.78025238897,1689.52958848222,1805.26523969458,1536.34987526259,1374.68659572646,1676.47708430796,1783.46384583066,1621.31937276455,1788.31914985549,1505.72061207448
"ENSMUSG00000034607",66.7353043819882,60.7059428478612,74.8806577930921,40.5190020752061,57.3206732745324,37.2574609837286,72.1873168511701,88.9912704406963,78.9540519664303,83.0923367678061,80.5538026154213
"ENSMUSG00000034610",153.839539034001,298.505982275094,88.0699427672674,62.0543243849389,143.335300578789,162.901964380382,237.601107497695,121.424560648773,210.147469700674,248.15917632662,83.6948110177124
"ENSMUSG00000034612",15.8208425323659,8.63222038262376,15.052874653651,13.088409550043,21.2795758200886,16.708343144248,11.3014975597077,21.5592748422793,17.8433893010339,10.3756878969336,16.0137052217927
"ENSMUSG00000034613",159.791802549305,149.30669164252,225.093730025155,158.468973023628,166.282565059759,149.382124543907,164.700321934724,175.592531194993,211.602102117067,150.953944407635,163.429978039313
"ENSMUSG00000034614",108.296692369126,164.238479402231,176.109202229168,208.710874285018,136.470264802024,72.0015790998533,130.808672354745,79.3211407242203,171.6793871272,221.714979038076,91.431284872275
"ENSMUSG00000034616",1602.67417508932,1193.3857780413,1400.07737240927,1308.20564636564,1732.89731047491,1537.80130971942,1208.44164610481,1355.03760683148,1442.94475971273,1494.97988021616,1557.92411163865
"ENSMUSG00000034617",127.068194570154,156.334310834019,110.473959416041,190.513048597792,125.387694406423,109.35066202052,211.462586889952,151.907336009799,212.563590080287,219.658981607354,153.973055335256
"ENSMUSG00000034620",543.418612593199,535.724445922636,591.956960619795,651.114010239753,546.613588396481,681.526074100222,625.466841965617,669.539272895238,648.292886685307,533.20053715918,560.274629383309
"ENSMUSG00000034621",585.199528385108,585.32231755501,648.789761231674,615.49461741614,815.882073524371,588.75154943573,614.945208768247,678.304836238272,610.307018163501,723.511623747866,582.146370492371
"ENSMUSG00000034623",0,0,0,1.0895783501383,0,0,0,0,0,0,0
"ENSMUSG00000034634",40.2344217932254,123.394171756342,13.189098012851,20.9943056251334,36.1566736883535,80.3927506493166,15.7228872318246,29.7801160412426,23.8921913550903,45.4809782206392,45.5356418474659
"ENSMUSG00000034636",191.714137760325,126.267745510388,163.141766482238,177.258140624169,105.517908443895,65.122889053409,153.875929923158,126.124743793166,183.71567048786,136.212673447284,184.086228323011
"ENSMUSG00000034639",115.008375854383,46.5971133224931,59.1248229095855,58.8389590512934,69.466114772869,60.9173261287973,95.4218622784663,85.3887178318006,56.0164955252132,63.3965931807608,45.4917463391661
"ENSMUSG00000034640",192.278163587768,193.432620692938,277.258483391771,356.448697908913,386.191080192352,110.734686492796,269.449211634687,152.270367359908,263.576152992489,277.424860559506,217.415658705679
"ENSMUSG00000034641",5.42888138962709,14.8765882353586,8.81858493667206,8.79575164166661,5.32077683361831,3.82848804647072,5.17306477006911,2.94761289547867,6.5301210341315,5.76036609982997,8.09767387629151
"ENSMUSG00000034645",0,0,0.914005371534711,1.12048277013088,1.08477945812206,2.62270991203621,0,2.81494625106398,0,0.886994924770977,0
"ENSMUSG00000034647",471.311789895614,649.16989230918,1178.00627780776,725.717105021163,804.492641419103,727.530112805988,681.068663325507,572.383946254512,959.322764374491,833.251152085561,477.314301660183
"ENSMUSG00000034648",3.4278213552701,0,1.77183280164177,4.37532572719535,4.20419043147122,1.27655696611281,1.03298747183513,0.983795951396934,0,0.946311138932164,2.2804423283551
"ENSMUSG00000034652",36.1717059771923,48.0688310539789,37.865638259982,31.7531505987259,44.3686014213512,59.190957420344,23.671144652856,35.5413514449623,47.0959980461467,36.9754226991543,23.0680450888654
"ENSMUSG00000034653",136.477730244137,107.47379083158,144.182062975721,136.937366235507,131.905919187947,81.3937909284066,106.522024540921,78.1943648204185,120.057672032626,127.238722862108,138.492867311322
"ENSMUSG00000034656",70.4222204255141,108.64745336216,107.535217652972,244.376177265667,139.570078493477,164.669189775594,128.642529811971,167.815860293533,114.263228448559,127.152272859775,103.105842920824
"ENSMUSG00000034659",342.439508819633,244.091148320668,264.387256249683,240.928396774417,274.895271630293,284.61942122135,326.720899172326,269.864376431634,260.019920423622,239.18600337309,342.412007013146
"ENSMUSG00000034660",0,0,0,0,0,0,0,0,0,0,0
"ENSMUSG00000034663",52.595084149577,47.0106040375104,38.5435060978578,27.7972530442213,33.3321564929918,61.1463550656877,19.2092209103248,41.3161779616786,42.9090539743701,30.3489413060952,28.0934492909297
"ENSMUSG00000034664",60.9273296959432,84.625690325255,73.6743470694039,55.397033340393,124.978526948954,63.0624241509825,61.4193110178726,82.7205432031746,67.9655865143984,98.15118965592,61.4926957736186
"ENSMUSG00000034667",798.716685635829,1464.86851908978,750.721629578605,930.875893486481,799.547939596028,850.553939297307,885.86605337206,910.867668828735,840.634728469817,783.273454401675,1053.45973714392
"ENSMUSG00000034673",486.412216153827,597.689423882481,600.512148023385,434.381465378642,467.645413721908,584.491551921087,574.53363460489,542.766891829827,624.550692310895,525.204008654329,613.147207124838
"ENSMUSG00000034674",286.712994256466,257.90733762484,267.06279274312,213.619161405995,323.866481054999,174.950192863224,312.51522886711,212.57212601121,309.183003527349,240.593241156306,304.823761256054
"ENSMUSG00000034675",44.9246379375985,40.0205271089718,68.4473248325358,54.4026074418309,84.143707198566,44.8081985542393,35.8237017010049,61.0785901111094,32.8924244166469,35.600070750387,43.4147192094845
"ENSMUSG00000034677",0,0,0,0,0,0,0,0,0,0,0
"ENSMUSG00000034681",417.214182578495,424.213996200919,394.281448223062,402.780855886178,420.042914485894,421.528976625691,433.949348282979,364.099108743201,419.161555329245,408.428058546271,473.008525187919
"ENSMUSG00000034683",0,0,0,0,0,0,0,0,0,0,0
"ENSMUSG00000034684",161.484769622422,91.5558920671607,149.744086490059,102.357722467038,149.150103807769,126.817893209446,138.203918575155,137.314299265418,123.073915286189,138.709418210192,135.012947691979
"ENSMUSG00000034685",56.2080450689799,45.8317019305517,50.3960550805245,29.2251984577452,73.1885905938689,30.9517412911591,49.9932195942735,39.5030477105061,48.3926437937477,43.9920437887815,44.5049853617178
"ENSMUSG00000034686",23.4343386561722,48.0806759240893,37.5941621548213,35.8010608938384,24.4832342907804,27.4219373583275,47.0625806950431,27.5421763450432,20.8305315315962,36.0585813645574,22.9304673448458
"ENSMUSG00000034687",0.690716422784385,0,0,2.1776053748216,0,0,0,0,0.948526199009601,0.93423972415467,0
"ENSMUSG00000034689",0,0,0,0,0,0,0,0,0,0,0
"ENSMUSG00000034690",0,0,0,0,0,0,0,0,0,0.936366945291053,0
"ENSMUSG00000034701",0,0,0,0,0,0,0,0,0,0,0
"ENSMUSG00000034706",5.21853548735864,1.16268042514193,0,1.17163504302662,0.999913360721289,0,0,0,2.67979612283468,2.66453272410583,3.67340122711586
"ENSMUSG00000034707",952.312371184776,843.652369196325,1081.93397359503,1098.25603666922,1006.0884681588,906.669816316759,967.527016330731,1060.97836527765,1082.12716174322,1168.77015216372,968.82529137537
"ENSMUSG00000034708",3026.25056943811,3346.39781942332,3879.53933626861,4174.16173982165,3349.22845587589,3061.68021649409,3280.45023468896,3231.01128532897,3620.9878994084,3885.40072793181,2701.53131779526
"ENSMUSG00000034709",253.05954255035,253.312504359394,253.449874998099,198.027351786411,217.949512897468,280.004739271072,198.037977782685,238.482182805446,234.807010531599,236.917798950242,215.464009316634
"ENSMUSG00000034714",86.4912618161752,94.3075705815549,73.5403902171657,87.0241115142094,101.797525660065,125.025254861397,83.1183404599745,148.083930939184,88.3969524489885,79.7882709007975,93.4248646362007
"ENSMUSG00000034723",16.3158500768463,16.0761502628348,19.4243974613442,10.9876440460252,13.7928619904747,12.7894562750443,18.6581090840054,13.7398565111255,14.0006390419109,11.4606126334902,13.7964367825571
"ENSMUSG00000034724",143.545090143879,156.845679839767,169.972629171334,493.611941026007,295.708885338353,116.835601983408,578.043635223503,148.200869604945,817.816684916994,188.784189679945,150.51638289493
"ENSMUSG00000034729",229.606676815822,294.43064749493,198.950764931181,285.764466488655,286.210573966786,319.879064109771,266.23260753986,318.114809921176,205.428104936758,251.653722133093,231.043336309946
"ENSMUSG00000034730",0.776830621418809,2.35004323216088,0,2.35885794427577,1.15448633709891,0,2.22320458955718,3.20530159190539,2.04846367340743,0,4.96017154908436
"ENSMUSG00000034731",9.29437603580928,5.20161939124607,11.1165715110106,3.67795076782295,8.32603069649603,8.8669242242002,5.06476766266469,8.59302240273115,13.6485823883628,8.35445357433294,11.5420195463695
"ENSMUSG00000034732",0,0,0,0,0,0,0,0,0,0,0
"ENSMUSG00000034738",140.677402510865,141.19457981214,222.417176906405,148.433965423756,260.902496037259,125.711702308701,211.261327075696,150.996011971922,167.6633727752,132.654425172553,98.0857198031448
"ENSMUSG00000034739",0.517224335991135,0,0.662393717468266,1.75302177689531,0,0.976802569933591,1.64482885508563,0,1.50844780599529,2.10946965739688,0.866690353016739
"ENSMUSG00000034744",639.189699588865,780.560058584721,859.257099419187,664.40571521711,750.104455890285,577.906313088531,692.803537468872,665.069782442516,1021.24518529284,900.604059466978,644.521015525747
"ENSMUSG00000034748",162.073908145099,138.560770148028,166.115278937166,143.976311633985,180.165492394552,175.420906630363,147.817472421398,177.714199998076,159.886763720054,157.700849166259,143.931883050327
"ENSMUSG00000034751",495.221774806282,423.260623626552,682.464620651927,610.751420374723,689.614681695197,421.733013779261,567.917052174202,566.121638766784,461.579919233011,667.709571782878,502.898034479763
"ENSMUSG00000034755",0,3.19274728283531,0.683226903849584,1.68634788138408,0,0,0,1.50066943731443,0.712553793727659,0,0
"ENSMUSG00000034757",330.126392099177,331.259702292883,372.925328619721,334.542281344574,291.094213459811,337.295893927245,362.13772737101,340.823075829405,308.219445143892,310.601249640636,330.562259507177
"ENSMUSG00000034758",47.0643057267792,42.0255081948324,68.889213187077,44.5464696840638,67.050251505698,72.1963994461419,50.2783971768331,55.0607005789232,60.5084566422776,41.287641696867,55.7505281216722
"ENSMUSG00000034761",370.488208218478,312.087211502199,387.288567594929,315.023417127017,352.665583451776,263.456740173711,349.293288830398,323.636872311105,373.954847498105,334.517315192144,375.841890808796
"ENSMUSG00000034762",3.56841649449905,2.23801943787103,3.36717945742589,3.3792629796364,0,0,2.1224190607381,4.08463741975907,0.978668283114552,0.972060110905023,1.1884944965713
"ENSMUSG00000034765",1184.04931031069,928.638310218096,1361.63831718823,908.24472710252,1059.12920837817,745.090441797994,733.912387197883,1201.85747260551,1097.73136166462,1067.35067019075,374.109163071941
"ENSMUSG00000034768",22.6181616942221,2.1586139727623,3.55040319744997,0,8.52464749345417,7.66090544227254,5.12732048263472,10.8342972748586,2.82968988099578,5.6507114736865,11.4504409630973
"ENSMUSG00000034771",510.260218837766,402.255156095643,453.743225656592,311.964946933023,417.337420613839,622.240478308599,371.650753990362,486.206134398832,479.281711206592,330.157981998455,403.547598329027
"ENSMUSG00000034773",3.39219042462304,1.08909937359771,4.45379874495061,4.38781553642782,3.19143715882354,10.4115558261529,0,1.98262229873566,8.36318374686402,1.88841328256493,1.1227262064256
"ENSMUSG00000034774",0,0,0,0,0,0,0,0,0,0,0
"ENSMUSG00000034777",0.679182750789081,1.07637833421238,0.886620111629238,0,2.13909963924433,0,6.19351372158666,0.98525991448864,0.942121451654973,0,5.75537224980533
"ENSMUSG00000034780",1.34981791431253,2.14030115368346,0,5.50110762203336,0,1.27639818055189,2.08218187277126,0,0.927485406350948,0.958955659023724,3.4454645326224
"ENSMUSG00000034781",506.667373826703,439.688061777703,482.381763626033,544.725629785251,414.003424953133,569.091627546609,502.093031599652,516.187171458326,513.076235609653,484.003899626691,592.885216762358
"ENSMUSG00000034783",12.4128549620065,19.2170683547347,21.2577724045903,18.585001904163,41.3678445871599,10.1699806854825,9.24543314335502,16.7841926356573,16.8853853248028,16.130309031219,9.2184738954847
"ENSMUSG00000034785",0,0,0,0,0,0,0,0,0,0,0
"ENSMUSG00000034786",117.231067544175,160.201853049031,62.5258775105026,46.6608835584252,13.8798486258994,53.8866941075218,68.0940372378402,13.2774385945133,65.4962592754953,82.1258465810103,57.1832199003496
"ENSMUSG00000034789",678.614219200056,799.43402681058,723.290191096973,744.67199302577,734.842771666746,695.060262081906,813.755842371123,681.361846922554,612.278472374276,826.089764919672,642.898111390312
"ENSMUSG00000034792",750.751889565103,790.868608410977,859.57681703451,833.050950132735,706.030664521792,855.80009076394,698.349180938479,903.397634231997,604.127930853656,809.767931470718,677.501055360685
"ENSMUSG00000034793",284.796765658635,385.773542977306,334.875463439924,376.430293687582,344.787617669078,290.758977237893,361.193027097512,340.565026804858,298.187892665201,338.109199044031,295.585029683621
"ENSMUSG00000034795",57.4092154478884,52.2770198581034,40.1298484986624,66.5662540296145,72.6956881695391,101.786136724878,68.51559913834,46.072013927811,53.7486217986559,43.9354457913198,57.1302691229074
"ENSMUSG00000034796",2.74955913836191,7.56790700600646,1.76956946982798,2.18125379690794,8.45532641817602,2.58597980793769,4.10070346326979,0.98532428044441,1.88642221676611,2.81831478863242,4.56010780303897
"ENSMUSG00000034799",4.20487747952133,22.0986713706547,6.94365251517437,2.83460114524574,7.35358219084207,5.58121709044638,7.09887339630377,8.58656953908725,2.46651244526879,5.67983166854875,2.97212536955336
"ENSMUSG00000034800",21.8832566949443,51.4175719345416,28.3098163235737,39.4016494434931,32.6924951010132,42.4311695120173,37.8538604682026,37.756426440956,31.2154525682389,49.028700197846,30.963965770209
"ENSMUSG00000034801",477.626156919392,505.313815670345,603.33056357742,664.639631236053,666.471074436738,396.285736704578,577.606599048261,722.044905147822,587.800250213974,694.446177963512,602.283308399417
"ENSMUSG00000034807",792.242173662707,684.291222175967,673.44845109696,832.79192633104,731.893106482132,716.914541308903,613.137580526372,743.958059051275,645.579327848188,904.487187657565,755.094862751241
"ENSMUSG00000034810",134.471777399187,86.1009184265863,139.791897986233,106.553154156691,117.376117962548,99.1193145377498,108.223191898213,78.253622203228,125.544406115844,126.123064326357,89.7623541550942
"ENSMUSG00000034813",0.821592295240835,1.65306349378354,1.32152263731032,0,3.13728541175223,1.69993766334418,2.88467426571005,0,3.39333906442839,3.73646096316068,1.52122986534264
"ENSMUSG00000034818",0,1.54397961143465,1.02291716288518,1.25828099589015,1.23370822303424,4.77362204828216,0,1.4082807544575,0,1.09361795919597,1.32644810702016
"ENSMUSG00000034820",347.777065609671,310.463528546207,324.263542207972,515.084548452114,229.174846473142,352.363963802126,273.506299886525,245.429671720428,418.923275474564,305.621517835442,326.718133951393
"ENSMUSG00000034825",0,0,2.65020252639667,0,1.06875846036403,1.28625398326064,0,0,0.933428477715001,0,0
"ENSMUSG00000034826",177.181437562994,159.958939050358,159.743678793981,132.991244684227,228.260851766378,159.311477607393,167.777530869388,135.481326084771,143.707402439693,181.081574806385,142.692291881561
"ENSMUSG00000034829",4.04141748495036,1.06870677998238,7.05958967424424,1.09591184886859,5.37049949062428,0,8.27747149102616,1.95244925072035,0.933621551255115,1.91527937581175,2.31041731913012
"ENSMUSG00000034832",549.842619662352,513.572934992193,563.879831755641,657.689138325803,582.183959737241,425.262599814074,555.177766169019,670.042719554577,572.664027067075,602.614267445139,656.544312882912
"ENSMUSG00000034833",14.4680304680825,67.6417047293334,4.43171153467215,4.37198854263412,10.5840214295846,42.0395788819805,10.2913442278332,5.92095431053766,6.5690349384682,15.1362287900802,2.29581269419282
"ENSMUSG00000034837",234.546026478539,280.380163960575,316.380636085583,277.220172649161,293.426427235304,276.562574517742,303.780641792609,308.997699512635,314.312841943706,288.035713866764,308.051208076457
"ENSMUSG00000034839",11.7010454165339,10.8122544502662,14.1771377158941,7.62331694641103,16.9784185727753,18.0121322207015,6.15334882918158,11.8031524969647,8.47933477215696,10.3377435084579,9.13565588259014
"ENSMUSG00000034842",163.449624955097,110.446574827739,175.089068889461,260.660602104773,224.270101155311,92.8797585323916,165.476693043809,111.957934605065,203.096685869973,158.292084539747,252.311468665178
"ENSMUSG00000034845",150.009492471789,200.416344672005,142.19995313086,164.383787043662,270.871615735031,249.333096862754,175.332402477709,186.627552301006,190.958912910658,221.67684451607,224.742872880096
"ENSMUSG00000034848",139.837051801846,130.045031022741,175.556935962307,103.960931316893,132.441408152631,111.244173261345,129.294042179613,120.727212245789,139.460529411407,101.161864146587,120.803274141955
"ENSMUSG00000034850",168.597941557577,157.414572786885,178.914802863331,203.255250773436,172.379121438185,145.295948829153,172.37541003322,168.5305640416,150.580555154179,233.155585621765,165.544309055546
"ENSMUSG00000034853",39.230253441267,15.1480827457656,37.2644658461389,9.82722619495594,5.01909649940491,10.5863089391988,9.26715463359599,13.7039532833633,6.95809141951823,16.174508850339,14.0366631271845
"ENSMUSG00000034854",306.912939236054,232.725128908725,290.910882710769,250.797768477501,223.381464915997,208.801964129869,260.390631528141,217.343671671315,245.318638847048,248.03017976228,347.836310446188
"ENSMUSG00000034855",6.83879899665162,7.49805725093434,1.76181280117471,3.2940279550902,3.28682754847884,5.08261555477444,2.0309609386337,1.07173631535102,2.76993514180177,8.84636615857992,0
"ENSMUSG00000034858",595.418931415398,1072.15488732992,1350.66877833824,1338.78102856802,1096.34695572867,718.206017002401,1351.993393298,1071.98948963912,1090.70617929749,1446.23072048702,682.325376951546
"ENSMUSG00000034863",547.207420045457,434.115342406811,456.759423869484,349.406666488982,646.081918363248,520.051601198788,401.674960914363,469.13702952073,475.714525702682,602.497542472697,439.974528696546
"ENSMUSG00000034867",597.566762001774,668.88783989308,536.464348221671,381.517968168397,570.000254913176,432.481557080101,474.535620328851,776.087363736254,563.400155873544,745.665337771634,436.228158397817
"ENSMUSG00000034871",0,0,0,0,0,0,0,0,0,0,0
"ENSMUSG00000034872",5.42351461957114,2.14849542381296,3.53061978272185,1.09435019512975,5.30736268672396,2.57832595712505,3.08629198778588,4.92770122503088,2.82462617027579,6.64285068742636,2.29342514019381
"ENSMUSG00000034875",189.700030336049,191.13532172202,178.093921583182,188.054110912876,138.919801551147,169.715850634008,221.547799266382,222.198257034843,197.313379170203,147.055450731177,157.824969998182
"ENSMUSG00000034880",150.43557796025,171.561085249122,151.806257144025,212.392979258239,166.68587994377,202.226426712276,190.007822256758,189.972144308826,154.111909026397,173.811917779324,180.970378698124
"ENSMUSG00000034881",6.10214300081842,18.3845632650077,6.17658026268167,3.26888296549823,1.0584782973618,12.8763528300599,2.05780057110231,5.92787761768861,4.72084509684657,6.65374949325986,5.70405002334399
"ENSMUSG00000034883",0.24908629013146,1.21133688032124,3.73354445031013,4.63458310250491,0,0.47136756347798,1.13690322205271,0,3.88566991665004,3.76137368864499,0.421956958384248
"ENSMUSG00000034889",667.59337171991,620.429968711147,554.449807945413,508.092091343311,479.361066129115,623.381419552062,584.106364489593,518.718424585114,509.193403676303,647.145831599202,623.407324067136
"ENSMUSG00000034891",0,0,0,0,0,0,0,0,0,0,0
"ENSMUSG00000034892",487.09712295976,593.272312441007,528.783329829443,400.964832850895,342.611902359385,480.717089632117,410.815642503239,531.044536315958,475.274967836548,436.34699650563,395.7376950468
"ENSMUSG00000034893",429.634963435752,362.838814547219,391.437683771965,456.208132700641,300.121701276474,312.904793909231,345.01704487484,351.228558115783,410.646152977716,345.961097086061,520.998150424789
"ENSMUSG00000034898",89.9318097748255,65.0902682109823,60.6883907441884,77.9171015109674,90.8869781512353,50.1863393344189,70.2632284868407,64.1289520445276,66.8009283459032,60.4180400338484,83.8605860772622
"ENSMUSG00000034902",624.544792985721,567.173536987319,859.807611611148,787.648513675365,849.479275611414,771.753043986049,694.672051568283,599.207824804151,630.796157138006,918.321786882929,809.34272400725
"ENSMUSG00000034903",1713.73491955235,1473.24827606165,1712.36621145514,1893.17488994385,1564.95200765795,1386.13139450135,1511.21644283868,1647.37296916524,1517.51128166513,1703.54965289418,1812.46397185158
"ENSMUSG00000034906",184.784052971295,177.225993443442,194.964676097687,173.055538641589,174.726770974939,169.24037006039,155.852535329942,191.345791822957,232.772355312482,253.464151223996,145.064377762147
"ENSMUSG00000034908",5728.35209386221,6272.8883430831,8307.26401389244,11351.285432951,8317.85954515673,7710.51340601899,6868.20050268212,9203.54368082086,9761.66286658523,8701.77816988922,10376.2527411311
"ENSMUSG00000034910",2.73767401792776,6.44615059970271,8.84508528088632,1.09467052845111,2.1161594360055,1.28256992411848,4.11839772113096,0.985829397375623,1.8784636785648,1.89416267976158,2.29268304517798
"ENSMUSG00000034911",381.92774682869,406.052173390756,350.522163850738,385.305406485965,445.815068836717,526.359633132841,449.007878919175,506.147231455069,417.414472866391,579.420535782088,489.626206658005
"ENSMUSG00000034912",0,0,0,0,0,0,0,0,0,0,0
"ENSMUSG00000034913",0,0,0,0,0,0,0,0,0,0,0
"ENSMUSG00000034917",2135.5166632831,1641.63171560538,1525.87701157153,2003.93888305927,1325.69709770082,2022.26095560194,1430.78983905933,2157.21365130662,1214.2387520822,2046.04668207432,1946.86171094397
"ENSMUSG00000034918",11.7116964298366,16.1847933514353,31.0127158294501,17.4427016493306,33.7126593468066,20.638625156853,50.0501541845894,18.8431886853076,34.0996328551923,52.4247600961226,11.408751287049
"ENSMUSG00000034919",16.4844821868914,15.1659734316734,12.4075030039575,9.77996584323633,13.7714959010273,18.0132347388765,13.3421025604945,10.8442425549018,16.9890600944323,13.16903670739,31.9145561184457
"ENSMUSG00000034923",0,0,0,0,0,0,0,0,0,0,0
"ENSMUSG00000034926",698.433681122314,708.482403968971,602.168485708566,550.895044543611,640.584105691712,644.200499893367,602.041783400269,537.31148572817,515.900499233834,537.724458191845,784.887186193415
"ENSMUSG00000034928",393.521504704785,537.863558535543,486.454804739553,429.556940541877,450.61236407236,442.719893509137,410.92283819893,428.026096645489,404.72513413566,391.623899902877,386.326832303935
"ENSMUSG00000034930",351.253734818879,373.796343448624,318.178713137438,389.558518804925,347.383824538038,374.025226397939,331.188808986946,335.702000634434,344.561214654132,398.974760970865,337.744233791478
"ENSMUSG00000034931",690.06626989024,767.754652053939,661.274484243516,934.985594852269,652.04125330553,793.436371611187,680.432237236013,812.428049865295,892.075424147378,735.821658368782,875.383835891652
"ENSMUSG00000034932",311.595557212184,394.432873888581,329.280156777508,302.615405090199,330.23354044368,294.624426596452,360.813386483328,331.031871870408,328.60739808382,333.235571161224,293.992561387508
"ENSMUSG00000034936",966.722696920406,1652.06289302035,1319.77785803912,3241.4401202265,1325.60616647429,637.041632003861,937.262565164538,1739.10438226485,1925.10805181533,1728.56772274772,1075.05087420204
"ENSMUSG00000034940",707.829501235413,711.050526959445,642.134823377652,691.478984167235,633.538277375656,651.91642042062,583.157694112996,688.937821547702,556.826086217432,609.34937112912,763.037568559106
"ENSMUSG00000034947",75.8127619465748,65.8691262782584,61.9828404675878,72.342285614529,62.2893777810989,57.5798429259847,41.7532215438113,55.0774730141612,69.078500288461,58.0215346999073,78.8840935024369
"ENSMUSG00000034949",35.1176890899577,76.7426779124566,40.0400421307155,31.7772601738826,53.2129959068249,25.022816717009,30.7505508643672,138.193642976713,29.8896757255004,32.406516723195,41.1795661682724
"ENSMUSG00000034951",550.1287136862,549.373154284634,540.468685704353,592.376401127348,541.284934793421,551.665790211683,522.047355017665,656.31662978038,561.440040871536,528.65433357827,624.957468540544
"ENSMUSG00000034957",610.7919036282,410.423191873021,473.02050801884,523.777993302148,623.412536160093,498.878089914914,489.77583435624,527.116154366416,468.068119466814,747.89222720086,504.362391246205
"ENSMUSG00000034958",0.680973200062838,3.22436162864771,0,0,0,2.58869959732228,0,0,0,1.88939513609857,0
"ENSMUSG00000034959",29.7118036970632,68.6957184520883,15.0820279349457,17.4433136498338,20.0192040073164,65.3035798494438,13.2579521641504,21.8945061074188,18.0034281755592,26.2656066480953,9.16269654376887
"ENSMUSG00000034968",4.64125308469824,3.19959732953209,8.80276274024396,6.57635190264898,2.14615899462204,7.71074889683768,8.33399461395295,7.82542058479991,3.73282311612438,0.966410620090994,3.46944439899947
"ENSMUSG00000034973",175.826919841538,106.023106737559,120.38862762316,63.8665325420064,163.561225571585,131.663567835378,202.519220298577,178.171951435576,145.469969773848,137.771872248477,183.322069729539
"ENSMUSG00000034974",556.852677807899,657.364883886234,538.598848438605,609.850890455836,492.416931383957,617.266362902669,628.298288206727,601.37160728632,485.16303457478,594.0148989829,578.530610185002
"ENSMUSG00000034981",49.1158007775428,66.7296069970385,117.281677414597,35.0304483872291,79.5712918968301,64.7234895057957,110.233724185294,69.5858045817709,55.3218950039452,68.2719428768709,69.8079853854763
"ENSMUSG00000034987",3.92292500677398,5.68348995036384,6.52916924702986,1.16660648862364,5.59940745705101,6.98221909810913,4.35566670308736,7.83795693633759,7.31133865254142,5.02417112747253,3.32048806557039
"ENSMUSG00000034990",9.64674090826681,5.38983794632325,7.97547165433312,4.36226840439396,1.05386429675041,3.86279979559203,7.15348390971443,2.9747371437129,7.57178500344106,4.68741548696082,4.56721203777888
"ENSMUSG00000034993",1187.18985090626,1039.2847218978,1336.66635961441,992.593736852069,1570.06572400148,1050.41509970835,1245.25623943174,1180.54243767043,1115.5655188665,1446.7303478496,1330.57795339638
"ENSMUSG00000034994",43478.1800899238,48705.1690907073,53220.2016736461,67862.883145932,51404.4135942179,54597.6209052503,50079.9926738135,53584.2824739244,52387.21812698,48636.4031813174,52929.8894980866
"ENSMUSG00000034997",0,0,0,0,0,0,2.0489558229588,0,0,0,0
"ENSMUSG00000034998",103.973597396839,72.1771095823181,81.3029175341225,81.4418691655104,59.5048822547896,49.9167460202472,86.1251447103595,71.0463280405064,60.2639311225985,104.066913113406,56.3649823892209
"ENSMUSG00000035000",848.354616699675,1269.73315907687,1565.16509140451,1182.92493656228,1196.761306045,937.40827794108,1451.33355344558,1175.43483007045,1310.138945807,1123.20230599336,917.015494615585
"ENSMUSG00000035004",17.5628615064588,10.6624270611733,10.5735413872319,15.4226796235544,20.1750140974167,16.6324672996784,3.11545636087713,19.6131833634734,13.0380282863856,11.5470912713746,9.22940368290964
"ENSMUSG00000035007",485.766547509941,448.2242580733,589.805972847023,558.583231623177,616.262146867355,473.154479616507,462.766989947956,544.837862038743,545.829954717066,588.961015789409,481.942187096187
"ENSMUSG00000035011",512.621515358907,529.883301053371,633.441150444106,1372.07690480351,637.836400658789,471.936792164896,721.363615836631,617.273712454948,475.47686300525,712.679590545827,515.589882794849
"ENSMUSG00000035020",0,0,1.62713160057472,1.31630461801591,0,0,0,3.59010640206147,0,0,0
"ENSMUSG00000035021",857.469100957086,684.020328307132,754.666133836598,671.832808170231,740.364240629256,615.292217646687,613.763456479465,615.905154203549,824.473948448918,643.017692885144,721.186175065493
"ENSMUSG00000035024",280.954271345518,404.302993777218,328.670005290797,409.645855577486,354.635099071946,334.941101053113,379.900979223618,443.893529931124,420.558927860028,367.268694449544,388.662112878837
"ENSMUSG00000035027",1924.16790067297,2138.27596263723,2040.73632654112,2349.53893894265,1805.56298178708,2422.6976244797,2293.9087882576,2088.87100040766,1815.58043013254,1943.55347003697,2087.03338493885
"ENSMUSG00000035031",0.689939267648385,0,0,0,0,0,0,0,0,0,0
"ENSMUSG00000035032",0,1.47646040074404,1.20697728493149,0.679601289470222,0,0,0,0,1.16658098019676,1.31319221335605,0
"ENSMUSG00000035033",0,0,0,0,1.31155591281448,1.59712458725314,0,1.91520802397073,0,0,0
"ENSMUSG00000035041",4.13214353716857,3.23384597877464,5.32023904592386,5.45003824326429,2.12269204882501,3.84766099702795,7.17143850529365,9.85157901675253,5.65593105487547,2.82160144060891,1.14418022000772
"ENSMUSG00000035042",21.0283499381045,51.9282686369145,21.3503115828339,13.0769645808484,6.71762648236672,24.2803369461245,5.06391631351062,4.84002941590066,16.73971656289,13.3107465281832,15.276756515003
"ENSMUSG00000035045",1.36798107829505,0,2.66010049506284,0,3.15392691094183,0,1.03285680421924,0,0.940000760992352,1.89082274623835,0
"ENSMUSG00000035047",637.971476556678,620.519835804149,510.403558760927,536.22391649784,493.314863873438,801.413189059991,543.38377062746,519.718088241621,586.660002367936,532.889676617663,923.835034411913
"ENSMUSG00000035048",266.7678877187,278.759001043546,280.785922122929,239.66720074443,196.134882697764,235.832456285639,248.906552774363,277.416399518504,259.369702674327,180.826314517154,229.193058383718
"ENSMUSG00000035049",417.314741352154,392.46298831973,301.379329224346,401.550064043939,315.495113490939,510.443949556582,395.802919080377,292.23858487933,438.741964315607,274.739491411424,707.578034089348
"ENSMUSG00000035051",493.700783122357,516.299250230862,525.089432927098,495.678856236269,467.110932888741,519.113844866043,515.370321297459,601.753883038222,518.958150057645,550.446187205939,450.46643042381
"ENSMUSG00000035057",0,0,0,0,0,0,0,0,0,0,0
"ENSMUSG00000035062",4.6746547739416,5.2547647708411,5.22406441773288,1.12055522422007,1.08497230302868,6.5210428839461,5.11065886153543,3.01385856559558,2.76989576935704,8.5723370123934,2.28576497987071
"ENSMUSG00000035064",4817.4450856674,7768.67946089628,8145.37507029534,9942.80316559854,4952.46317216504,7356.274803105,6841.85854133764,8446.81830976328,7651.50784162246,9273.29829969518,7116.33290837365
"ENSMUSG00000035067",29.1910381973592,0,11.1925999264258,1.94698314472599,16.9689150932273,59.7234455334453,19.0886631799484,17.9448586453198,1.21207313715884,34.2713777264043,11.7981192567819
"ENSMUSG00000035069",309.902936956056,305.451998462054,309.774953357967,276.752890001091,243.895619533578,324.017499941616,287.760192393595,311.950095542985,295.88823314452,244.279236838067,254.739890268165
"ENSMUSG00000035078",276.022483135351,196.765665487757,366.578010238981,315.907573067174,393.068686115173,254.285127328235,368.26205448396,480.335719553727,279.284757336868,287.886600138535,395.593946976206
"ENSMUSG00000035085",11.7732203864455,21.1620086733486,6.19311815602722,15.8498528388933,26.3638203306066,22.3783685958115,18.5541565135686,24.4891588639359,22.4589922329089,19.2642920014304,21.2165282647653
"ENSMUSG00000035086",1170.01807498131,1207.81396920468,1120.73388946907,1164.33679181928,1118.17910217208,1213.38495176198,1113.38116887429,1126.51356490573,1232.91287117507,1076.14589772592,1128.27710811337
"ENSMUSG00000035093",4545.45071000889,4523.87779499802,4794.67115778633,5527.78899217318,4275.91095144989,3458.54383065956,5089.24450160013,5354.98946142041,4905.56344998388,5255.85853641873,5469.66938516026
"ENSMUSG00000035095",0.674661554246896,2.13133669231886,0.883698475524886,0,2.15765643790199,2.54331515223108,2.06443132873531,0.973988767071883,0,0.95482660007922,1.15855536525626
"ENSMUSG00000035104",3.56356197685315,5.63274550000546,15.4771137001957,2.97387781418287,12.7898012618508,4.49615119739512,4.60838399076978,1.73959474934817,4.08023030057256,1.69655665458308,2.10995991506038
"ENSMUSG00000035105",19.5987737488589,25.6305288263953,7.93742076188679,29.600104230383,19.1725853261502,34.6653022114075,17.5439844758711,38.3480077281989,18.7503119011264,18.1631383010941,34.5672599793197
"ENSMUSG00000035107",42.5073620100136,37.9455068989574,54.0826959699576,30.6220638846422,49.3810394080346,42.4393996270815,53.580006193395,36.5026835332865,47.0142644361473,36.7813865408197,56.955677790436
"ENSMUSG00000035109",2.83146017050785,14.7764121602066,13.1655960289021,8.68175253849583,7.19255109821631,4.3819919227826,15.2481479141805,12.4880736479643,11.9188513073756,4.29149302488191,9.30214409924339
"ENSMUSG00000035112",41.850699155726,85.5939318541516,87.3928687842824,141.324633655157,64.0233757209084,95.0595199179455,70.7240696113358,97.5651032130099,94.7465167143356,72.7636174350417,134.266802886116
"ENSMUSG00000035121",16.0921176549711,12.5118405389081,29.750529261805,19.1931532699714,19.5093436100239,18.7701226093051,13.1091387475931,19.9091300743907,23.2559645369502,25.9750953506319,13.6596177213479
"ENSMUSG00000035125",122.419823765819,124.907333478259,175.536477759072,158.000999512845,125.105196310075,134.424435652239,115.840784237936,182.616175014592,173.368709565204,160.385466615715,139.603616764262
"ENSMUSG00000035126",29.9110160287029,11.4407602441894,24.5081078741099,14.1576269825499,12.946585824254,31.336575164383,7.52002813297799,6.33460373421618,22.4840398854935,9.17510969166211,14.2123254474874
"ENSMUSG00000035131",0.375093928396386,0.59143859351819,0,1.19792183615285,2.76248632467177,0.700218380558882,20.8725893973858,1.07771910641137,2.40261133603796,2.07098785068348,3.12899153500139
"ENSMUSG00000035133",668.546078720983,494.649962366025,609.267098269734,529.732737768711,577.999434494385,447.86462152572,611.466757166174,534.571639762246,642.376282500173,521.921457765713,682.696674289622
"ENSMUSG00000035139",472.034101031447,473.032937814478,341.849959076022,389.597088059655,354.042128618868,503.225768064754,403.425584266527,391.875641315461,426.060043511633,401.368090390176,504.069871765818
"ENSMUSG00000035142",87.5089462666603,103.361780283708,89.0307772327949,110.369957619493,80.4857161930218,101.37747472296,95.1431947707666,116.192206937078,91.9003907439876,96.0646490687002,97.4360499899574
"ENSMUSG00000035148",0,2.13803681354325,0,0,0,0,1.03561695531095,0,0,0,0
"ENSMUSG00000035150",1122.81055145885,1024.23197036585,1110.69804166786,1130.95867119748,1121.65682365321,875.636419639102,1167.56349206941,1122.02224310812,1090.23220378178,1041.68580226044,1286.27379661526
"ENSMUSG00000035151",36.5015616487117,31.0588547791245,41.4306645712598,27.5533116304665,51.9917752710234,25.5696584532318,52.1211338450777,37.1628842583011,50.1687248165686,40.4040858041435,42.5618306779
"ENSMUSG00000035152",716.351398304226,580.162554441499,1523.63772460147,600.345848007225,692.480063542757,511.968299219754,1635.35829241393,622.578202262347,552.707724839965,557.813404410216,595.565753206277
"ENSMUSG00000035158",32.3208677399653,34.7478407046113,16.2919256767478,17.1989860636766,22.3661863074587,32.0380331984575,24.3321721527632,41.2351667191748,30.6653703291935,23.3040701760827,27.8680983392678
"ENSMUSG00000035161",316.029818784861,325.093923007442,304.498491431051,288.991361933939,299.495339670056,284.099294624572,314.382758162,363.540826755749,346.504079956397,277.624954077787,379.787480509346
"ENSMUSG00000035164",16.4902064391146,11.9166893522492,7.10746404932146,3.2911329418027,11.6000769046747,8.99570111464496,8.26975282533033,5.93443356687225,17.8876617787331,10.4163349003588,15.6222451375094
"ENSMUSG00000035165",0.680776622040797,2.16441040013519,0,1.10768739242373,1.10181214504371,2.5675338020693,2.0519202384788,1.9588488628313,1.86837905409541,0.910541336300074,0
"ENSMUSG00000035168",2182.24349982721,1369.21794380247,1817.02650288287,1958.66861485103,2209.8088441939,1563.2451836825,1687.87615900776,1686.31164972637,2200.66345019434,2340.95743245873,1955.79128538583
"ENSMUSG00000035171",50.5427340612751,56.4242886124681,49.3213239496827,53.094684648702,67.6290025932808,57.857266435775,56.8560305139769,55.4112935049725,70.9791885155417,57.1304179150307,52.4201242023194
"ENSMUSG00000035172",337.070172544364,314.880216928793,425.663887294359,381.070821237732,486.127260296465,317.645790332134,574.63863993039,353.363559722525,316.794404331105,462.584166368585,252.595946981458
"ENSMUSG00000035173",257.374390798909,276.484586502153,308.912512500626,349.280364383547,361.370074296713,235.491973010603,355.174508786321,339.340583809807,370.868884298495,327.026821244792,368.508984483931
"ENSMUSG00000035177",1.36649752004117,0,0,0,0,1.28417117970521,1.04224386701903,0.983507780568744,0,0,0
"ENSMUSG00000035179",3.01207397947418,128.387491320732,7.77499382884858,3.20773953854483,7.75630559324132,12.1911149124179,9.03747186458529,7.22450047799514,4.14441058489381,11.5492913176462,5.86700929870222
"ENSMUSG00000035181",534.729146943642,444.954386830077,460.934229715902,498.904272715934,538.634203781755,422.010313367695,453.268624074682,561.276767381304,501.327500324168,559.885193924173,519.011234512854
"ENSMUSG00000035183",0,0,0,0,0,0,0,0.994256267798193,0.945192026717106,0,0
"ENSMUSG00000035184",1.3811693109543,2.16420580751476,8.86831726863716,2.17710080519926,8.49524667254001,2.57091743269767,11.2747703919802,8.841382525995,4.70863490139078,6.56728856393361,5.70748590555962
"ENSMUSG00000035186",46.1227736105055,82.4797984963675,7.92003038698391,14.3177246686617,10.752410412293,94.4845136947368,13.544698918347,11.7146853457301,15.7413881262427,47.3550845825955,1.16812930864304
"ENSMUSG00000035187",0,1.08064173486522,0,0,0,0,0,0,0,0,0
"ENSMUSG00000035189",742.868127333686,774.291963769381,993.261419982179,891.426199282074,953.45606413242,583.329142725924,920.134692802466,1005.52829037921,1055.60782933467,1012.39036687264,906.810056965244
"ENSMUSG00000035191",0,0,0,0,0,0,0,0,0,0,0
"ENSMUSG00000035198",256.468480640422,245.948203344892,287.542580303367,247.892646628599,245.776175084066,338.076063996866,228.792131383317,293.361986930125,233.643219077867,194.878674229179,267.364576374569
"ENSMUSG00000035199",323.351900376757,364.173431302378,328.514430207145,311.206714230336,440.252677984353,353.143553216122,336.55011940528,303.934721515771,312.211880605359,392.916916091255,313.265918721739
"ENSMUSG00000035200",0,1.07499349029302,0,2.18164763317298,1.05320553674104,1.29113558143442,0,0,0.942759499710458,0,3.4180421898587
"ENSMUSG00000035201",0,0,0,0,0,0,0,0,0,0,0
"ENSMUSG00000035202",166.95192500271,323.550572801462,383.068447040979,240.690045170795,253.693192207944,147.119520824579,432.723959457634,216.604635292383,387.480460777703,365.551153362448,354.582420500016
"ENSMUSG00000035203",1662.06596568284,1966.94327491172,2256.29723065086,2900.0463868762,2003.35162906996,2596.72762052173,1935.71272978622,2616.90158959021,1816.50148819904,1792.5165188563,2945.274712392
"ENSMUSG00000035206",349.277629813254,319.124723089557,402.341759360409,403.001193043592,342.935790099519,434.122039929009,317.725652187515,408.41838844931,352.68105407482,323.092753385401,357.567403114005
"ENSMUSG00000035208",178.178908548565,107.498024116078,97.6160716433169,97.9658686960904,87.3397681417295,113.369528572615,120.166629363736,48.0019936469168,87.5078960928038,112.486157827024,133.58617388374
"ENSMUSG00000035211",4.81624521229059,11.8715295985913,11.5228757586747,14.1778766950901,7.38905339123926,6.43095767408033,7.16837015956536,10.885640666398,16.0635547663185,7.50760458646551,12.5602570066978
"ENSMUSG00000035212",113.588366811619,131.281249410013,123.76440432104,122.681526234348,149.815980065346,117.27417018117,143.665069109341,131.199988219202,124.980669884585,105.430624561436,113.234221661214
"ENSMUSG00000035215",201.300574437989,250.205659554799,146.301405604284,173.181371785673,178.56497850767,184.977629488763,216.713283424748,170.539299736727,200.000088287517,144.627975331259,211.767732703542
"ENSMUSG00000035226",4.10662559623086,4.30975935303385,0.884220650073033,1.09520258957843,7.47452113884674,7.73812817157801,7.23306618097319,0.977495168456664,1.87256051584158,0,2.29660882844654
"ENSMUSG00000035227",1593.07162310721,1877.82386839489,1372.31381235362,1548.43667405413,1281.02076679523,1585.15534986343,1871.54066789183,1567.13355716469,1294.13258475264,1182.99131429629,1573.04638691604
"ENSMUSG00000035228",13.419746036853,13.5886876293634,11.2777891510963,10.8286045258079,4.70662494027262,18.1059315472382,9.09692467073847,6.21014307675066,13.5021253295417,6.46579297470373,27.85596719401
"ENSMUSG00000035232",36.8534455393526,39.278932345945,18.5603668717416,12.1732706779661,18.7788194219094,27.1004920357393,14.7450825257638,18.5379360649787,22.2403818604448,12.5190906406497,13.5920751311526
"ENSMUSG00000035234",46.4902593715877,49.7176256735269,37.4010309754281,45.3967163131919,32.772035348088,56.702729608226,38.8568226781117,35.1580536015933,54.5470475109905,37.550231821715,38.0633267651776
"ENSMUSG00000035235",49.2837318102508,78.322444755995,43.3756384619967,20.9535977973142,47.0711010718865,54.0006380136233,84.6802359831773,32.2715427139134,41.7897246567739,39.3180439552263,51.2582685195998
"ENSMUSG00000035236",20.2326546542852,21.7587998100934,25.6404935579791,14.3349137784515,26.2641600946866,16.7115732867425,27.2386345591722,24.4139384221194,20.4255242676401,18.1840752200105,13.6637249289808
"ENSMUSG00000035237",4.08786118104123,1.07553398865213,4.41499039112999,2.18998855789963,4.22498717562682,1.29494443701103,5.12943119837217,2.96393730347143,2.83112121752401,1.886700597195,1.14363032189339
"ENSMUSG00000035238",0,0,0,0,0,0,0,0,0,0,0
"ENSMUSG00000035239",8.86413712789406,13.9824528746236,16.7831322835619,6.56754370565763,7.39477994343079,11.6449691922866,8.20461337407807,10.8690964287522,11.3273640996938,10.3750550350823,10.2920282167063
"ENSMUSG00000035242",3652.59673572249,4515.87570147462,3917.11504639694,4148.5159256503,3944.34112848582,4162.39245889222,4502.61258338806,4032.60700700405,3626.66410986848,3747.87154307045,3678.72722841323
"ENSMUSG00000035245",102.66314462176,154.669699497595,219.581355964653,138.966908791825,156.862023299873,249.096324087531,97.1704597944989,220.175581128111,195.058122690516,400.066709195872,87.2244077673807
"ENSMUSG00000035246",1.38413491927834,2.21668942620764,0.905966893163823,0,0,1.14724413891967,2.14423038104666,3.00998520486924,0.953578948224483,0,0
"ENSMUSG00000035247",4085.8720426872,3783.48239740623,5212.11458293412,5326.09504539812,3905.8959777049,2707.73405821956,5168.90140395709,4148.01779090533,5220.22844863231,5115.25722637903,3712.83863304123
"ENSMUSG00000035248",1272.31993110107,995.44218964382,1053.2869566471,1344.00141940265,1401.12130352727,1194.03055858523,1102.07182279905,1291.86918961422,1046.77910592972,1332.10898917529,1888.57816768082
"ENSMUSG00000035258",41.8310200553906,42.3863196297305,25.8423216965692,36.7818022340666,40.4352295356204,35.4671465669051,16.6666816039986,40.4149884771513,32.5561674355369,20.2500535543163,50.4858621274879
"ENSMUSG00000035262",8.19566781257145,3.25615776054615,9.73478122314153,0,4.24162588656464,10.2703598836789,5.11680841407622,1.97621511564032,1.89362364403703,3.76504033829705,2.28074117644795
"ENSMUSG00000035266",104.300097952437,94.3812950834205,118.179142084417,120.113435636522,82.2327110017282,119.917002342678,107.934303498668,116.209333174602,155.840262185127,119.886579810109,119.961974293156
"ENSMUSG00000035268",122.385723061864,112.525575126499,122.836759440758,129.94671205899,106.100008373717,121.599062709075,127.568236755307,88.7794300849976,103.614233048289,108.450924528711,83.520852497906
"ENSMUSG00000035270",25.9985455412058,39.7778775403997,41.4564493799724,32.5742700473143,14.6469324707611,13.9670928371028,42.9927783849711,21.5702903389776,27.9854986709429,30.9270967474068,25.5751244165665
"ENSMUSG00000035273",15.5652912662139,21.9817962406405,7.79581473592485,2.12672690724267,2.3612633935384,36.0414107735024,2.99496911459994,7.73537921547647,3.15522781228235,11.0243468648707,6.71916324249631
"ENSMUSG00000035274",18.4399193827528,17.2971008148121,11.4912539197196,11.9867980094392,31.701979399177,7.73070642885561,15.3949873500241,11.861256291653,22.6694052573342,20.7820031238358,13.690959971875
"ENSMUSG00000035275",6.75333513315614,6.16761496817236,6.3254356568465,5.84117232536545,6.59182371757567,8.0287747047419,8.20229345592583,2.85846912337208,2.53388214621812,3.39409295782787,6.1248637627616
"ENSMUSG00000035277",0,0,0,0,0,0,0,0,0,0,0
"ENSMUSG00000035278",278.442086345134,271.190598961557,263.229111438061,285.852154678222,289.067488913132,253.996933493499,252.550400841944,202.936746060472,203.722816383675,233.280433967161,221.111690914852
"ENSMUSG00000035279",64.2637521407758,91.0866639098959,63.9951284313545,37.9769038792818,105.009063465073,53.8602028009741,61.4019778428061,51.2988063948547,66.1759148162923,52.3630464023159,70.6777989573315
"ENSMUSG00000035283",84.3540582584359,99.9146501720006,89.1961296271735,111.797961699936,73.0203067220197,81.2211392884543,124.067706732534,166.178856138981,129.780457433929,154.863054804599,140.31448562138
"ENSMUSG00000035284",949.133913512811,771.913415868992,886.882810107851,994.18436028134,765.906460160603,1101.00857288008,1006.41954251208,1419.99148634801,1035.24368507558,1255.00399142306,1043.86468533488
"ENSMUSG00000035285",32.5516105682054,14.5467398630541,51.7058921066457,62.7552110696351,42.9654278238259,46.0737869811581,40.3587552297755,13.640413427164,9.62165928386298,22.8194298542348,64.322045272317
"ENSMUSG00000035293",55.2723587756822,71.1099203629294,70.1033390523489,58.3138507162625,60.0100044988215,42.4356727662812,67.4771930411232,44.2727548239717,80.6851281497158,52.9542595377604,61.8333765698813
"ENSMUSG00000035295",0,0,0,0,1.04839794640191,0,0,0,0,0.93865232219174,0
"ENSMUSG00000035296",51.4329066559855,0,4.40367927061345,23.0399570968411,21.119180740669,12.8632820309124,8.20223333289536,9.89364867926906,10.3538316776137,13.2902275548919,21.8386638636348
"ENSMUSG00000035297",688.82612336254,701.547862927758,678.133340465281,775.036202246512,668.677761700423,727.795742407005,611.490757609675,832.374529621127,655.054402963889,633.203611506884,690.561318994743
"ENSMUSG00000035298",3.00242851289776,1.45278125185744,3.62736953074151,0,0,0.574980861761952,0,4.8830290620611,0.844086113216742,1.25638892651782,5.86247282592134
"ENSMUSG00000035299",521.367748909529,488.863246763987,365.666600639529,175.395721098616,225.358321902573,155.845901705851,146.262690513314,204.918361754174,323.562352559096,236.727754445472,464.586521545331
"ENSMUSG00000035305",7.65447855367735,2.15181610458498,8.88549689160658,5.43781964668182,8.44392245067898,6.38129904533977,13.2640379088167,2.97677584190763,5.67279593501511,9.36527378752155,6.86751539565158
"ENSMUSG00000035310",140.064556317876,113.380068396305,157.183173849347,214.942835497075,181.04093827008,123.302494340372,205.241939987575,158.82967115987,170.611159509103,154.624455618927,208.276704600434
"ENSMUSG00000035311",453.120410598912,410.587809136359,316.742477471459,440.188069451973,466.00770625094,419.016800811024,348.751693133184,542.229185382915,444.514591725246,426.84193173723,473.619666828703
"ENSMUSG00000035314",255.652044537632,93.8912346256335,347.213411322545,378.992038307949,268.962623496822,311.738892561086,102.507401889397,142.379650384255,169.178917284063,269.64544655437,222.859320084986
"ENSMUSG00000035325",2205.2659643324,2466.47086795955,1920.27031843852,2709.43192367644,1787.68213757356,2575.3180193492,2644.09624508128,2575.05326961041,2146.63652451514,2093.30608857071,2665.74827435354
"ENSMUSG00000035329",198.255552069442,186.438332669491,187.703732673323,190.824972907025,206.81671548595,171.568264179533,231.803304238056,179.873326012171,154.407861443353,143.832045225029,179.23916751887
"ENSMUSG00000035337",0.689939267648385,0,0,0,0,0,0,0,0,0,0
"ENSMUSG00000035342",2591.99581104431,2463.3643288363,2948.95195534092,3685.3370759012,2969.4223654559,2698.22704531177,2932.59325744668,2727.15373225613,2809.79566352221,3345.48841695137,3000.30547427454
"ENSMUSG00000035351",58.9148628643983,62.8532299116572,26.4576988320951,55.3450837756975,57.8733191981545,46.3252515543982,58.9140630157268,56.5048271032305,60.1571503183053,52.0660665370572,47.8865143953582
"ENSMUSG00000035352",2.75101793714437,2.14536109558962,0,0,4.45841792054621,2.54464576383232,1.02874500948326,0,0.931155836579806,0.910276996528918,0
"ENSMUSG00000035354",383.744372125142,309.349165848873,406.871394352519,456.443376027094,355.265908714931,348.999457885355,333.394981168388,355.7872637177,386.751644669856,375.088356624805,386.474019148701
"ENSMUSG00000035355",4.83848744597843,0,5.33174136482878,1.0868176153852,2.12259401708051,0,3.07054793463939,0.986307295100584,1.89012460836321,3.74313393549577,1.1412854211871
"ENSMUSG00000035356",391.98617481255,354.062465420031,368.416112554486,461.657904795766,281.903543123038,454.613913467301,315.458519161882,375.286806190707,274.340731984719,347.370042721799,313.753998688676
"ENSMUSG00000035357",71.8107674559332,24.9669446379361,25.6746107455938,23.8999795384888,55.0068151454302,15.4800268110459,26.5449529311509,32.5707376009281,24.5997103526458,12.1473620682236,28.5262277225037
"ENSMUSG00000035365",3.47835245731783,3.78909025775713,19.6360127331149,2.85235212256861,3.5874413891469,7.77981033372558,0.902604245940504,2.52086709140727,2.39445857511948,4.12413971401939,0.979864951084952
"ENSMUSG00000035367",315.119352999804,433.081786091248,395.008586166913,406.474639137192,342.329075319651,451.844033043284,367.04627622213,391.275229529571,401.36326224253,347.196570205565,344.958466405334
"ENSMUSG00000035371",0,0,0,0,0,0,0,0,0,0,0
"ENSMUSG00000035372",108.576942036728,116.655233185193,105.906121005254,110.611651916024,123.027130540731,167.098759243395,88.5496261393262,65.9352859812061,113.532876194234,96.8977437672825,117.469611117767
"ENSMUSG00000035373",5.52237485733603,8.58323753960889,7.11337672104683,3.30179627193057,9.96159275473987,3.81466946027633,4.0791638362352,2.93052118811225,0.931724835836787,5.36869537586181,4.72156775256438
"ENSMUSG00000035376",844.464016831603,1146.99709032988,1290.13212435571,1276.98133731208,846.924257982746,1095.39755199034,1077.31994153471,969.801946416068,980.078428107734,1051.40036832047,1053.26917444976
"ENSMUSG00000035378",48.9640032849435,37.2736502756073,40.97884481441,36.7574025443729,48.1456511031408,46.7113594484798,46.8264276382556,43.5835497389231,48.3172983633016,49.5137754198836,66.8803644510621
"ENSMUSG00000035382",2212.9464778184,2549.83538294031,2970.39177834018,3495.0951073405,2165.87104620446,3110.02515969447,2352.80858536377,2439.59837915729,3130.35721726933,2711.62054445251,3458.96203710747
"ENSMUSG00000035383",0,0,0,0,0,0,0,0,0,0,0
"ENSMUSG00000035385",14.3703225729761,15.9521588985967,20.2489140999554,9.97869387553223,26.9191944018263,7.72170730802211,5.24819311733278,12.6159263241907,8.33071663255138,10.6257799264094,7.01078097433107
"ENSMUSG00000035387",0,0,0,0,0,0,0,0,0,0,0
"ENSMUSG00000035390",17.0597843471049,17.8526203849838,24.3751482591431,19.9368765654992,38.2275764389893,22.4193849431793,16.8835564041593,18.1032513526268,33.1152579589468,24.9139669721139,18.8062872277884
"ENSMUSG00000035392",259.520158059185,267.120507409232,277.365289873601,295.877787008453,309.60537152946,335.348048487538,262.450125140586,379.59475765277,257.503765727662,331.463805735389,297.137112075692
"ENSMUSG00000035394",3.42472640385465,4.31393058919045,8.86083417608669,12.0492283751676,2.10952743880354,1.27920204743252,7.22786945839933,4.92826337662659,4.68752040363676,3.78740018365015,1.14420788226792
"ENSMUSG00000035395",0,0,0,0,0,0,0,0,0,0,0
"ENSMUSG00000035397",61.7922130159195,69.2357786055976,62.8835142128339,71.0697529802132,51.9156091606776,68.8332096747621,63.6985030304115,88.4183269069211,48.0740812935723,85.0807874656712,50.6683467353957
"ENSMUSG00000035399",372.658755662205,409.53846121045,627.329186148181,605.615341864942,649.543598943345,347.113093903811,512.520894864695,433.596206897882,475.05283054495,618.376733338571,473.927906579956
"ENSMUSG00000035401",293.851634592945,306.344556120857,256.272736106725,298.93108243214,291.257689336118,286.046747726932,275.305588756996,342.832582293777,313.162046137136,327.094457473739,315.468337770469
"ENSMUSG00000035403",1.37588555112662,0,0,0,1.06158076631933,1.27907312928363,1.01942638910456,0,0,0,0
"ENSMUSG00000035407",27.648956451967,37.8700567974585,27.5129681780253,18.4963283307203,32.8191879972991,24.430315403467,23.5143364848115,28.622109170373,38.7475002534485,19.6357684769991,41.0681271979892
"ENSMUSG00000035413",240.664788600505,221.970682458247,268.006794704285,208.249317288162,225.50991437466,213.949101054042,187.102173256228,184.493284745759,225.662817774825,250.579878265519,138.259815249186
"ENSMUSG00000035420",0,0,0,0,0,0,0,0,0,0,0
"ENSMUSG00000035427",0,0,0,0,0,0,0,0,0,0,0
"ENSMUSG00000035429",0,0,0,0,0,0,0,0,0,0.936205142074722,1.14065155596511
"ENSMUSG00000035431",0,0,0,0,0,0,0,0,0,0,0
"ENSMUSG00000035435",0,8.16467619226198,3.30990757034741,0,3.70146909806276,0,0,0.242931707596016,0,0.463253482354872,0
"ENSMUSG00000035437",564.9399576132,510.032571011341,642.080905424075,582.256930536215,649.875799425382,380.937040165303,604.213815462588,489.584249058904,632.810900788333,591.6239486903,648.708343957817
"ENSMUSG00000035439",56.6253830232661,61.1271201453905,44.2561106117194,62.1537945004531,48.8583985718994,52.9475075877357,58.0234563459461,62.8079316406828,33.2277164939302,79.4131820606699,32.6020218078122
"ENSMUSG00000035441",505.262570833696,406.682516651818,588.621517526148,567.393164668593,606.568495070883,428.426467323079,467.697111769294,559.571655212352,653.051710576317,760.428039900274,674.074369821738
"ENSMUSG00000035443",107.20038241597,127.415630264681,103.344497016372,78.7181375796097,84.8034088918898,141.484777878659,96.944308734532,114.712848080652,74.3193405180341,104.324820634737,108.866866502567
"ENSMUSG00000035448",0,0,0,0,0,0,0,0,0,0,0
"ENSMUSG00000035451",24.5435662224772,8.67674412633139,45.1138456325388,21.7171958308527,43.4652230783412,47.5959818154109,43.0871673399533,42.4803985964441,35.9469406396523,14.1585192890122,22.8173016055668
"ENSMUSG00000035454",0,0,0,0,0,0,0,0,0,0,1.14045445258444
"ENSMUSG00000035455",10.167390053395,13.9202742147636,3.99061508217139,4.13710890771765,2.35972746562799,25.1113576439961,28.4170660519648,25.5409110888534,4.19260036298135,5.02074862666433,1.70598081592314
"ENSMUSG00000035456",4.80327259538842,1.0909764585186,2.63411674558857,5.4267026184159,2.12044129992342,1.2942191743863,3.04346206598413,0.985756842305506,1.89884226102806,1.86695661666249,1.15260896234285
"ENSMUSG00000035458",29.8205767917197,59.3134263906,37.7666264396984,61.1925142264212,53.4234700218988,48.7942968517099,39.2068447875672,50.7334592404132,35.4542902184733,80.9336661049381,86.5876912070943
"ENSMUSG00000035459",16.6748830232701,6.33755052765662,1.30358021420573,2.5594775223219,0.773554189144169,19.7982031547135,4.78940005678265,14.002655885067,5.56274799825085,13.7468215531188,2.51588751294215
"ENSMUSG00000035469",227.668710773441,200.226728904566,220.77767518893,196.760561721565,199.382035706888,181.591309353277,237.399783076856,199.698512266009,237.988397513131,225.545240219093,194.692551653704
"ENSMUSG00000035472",0.661330690447143,1.07295554397121,0,1.09790387473374,0,0,1.04380386082092,0,0,0.958332277526339,0
"ENSMUSG00000035473",162.946701496818,150.741923807674,192.431587768222,174.345067155252,140.737420836599,175.436006653616,157.833760085535,180.399627386526,194.928958161775,135.786433062109,125.713458045439
"ENSMUSG00000035476",118.455930988717,81.7914965652995,72.1079698638562,87.5687794061354,70.4022336804491,34.3925541780455,93.7728688634817,72.2538400440485,92.1733388723559,144.501450146343,91.0425972139229
"ENSMUSG00000035478",892.86614655001,988.167163341442,881.899658032362,1003.50774364891,926.16061955072,1072.82321447477,1068.98974719182,919.253551847853,857.387817184563,939.061782022569,926.529426356604
"ENSMUSG00000035486",15.1327778062418,21.6574041056981,27.5051419236534,20.6963420824739,21.3941448181947,19.0064961951271,20.5255577884008,31.405089111033,18.9249365408986,25.3826171252367,18.3015376475753
"ENSMUSG00000035491",0,0,0.888711478704946,0,0,0,0,0,0,0,0
"ENSMUSG00000035493",367.169708081674,375.275210606628,260.224235980463,374.771861486119,477.504891301263,397.368410526903,179.841823368802,305.631427532015,274.547793832057,305.092904591139,237.813376943956
"ENSMUSG00000035495",173.170078468246,206.221596040182,173.167625278843,204.309838921309,192.078242342106,164.319706942167,215.203776547084,212.10420529377,200.951016607558,202.33721435486,263.34633787603
"ENSMUSG00000035498",2034.51947001461,1394.492704963,1531.53444765051,1501.52591599649,1930.13978616834,991.894920918867,1604.68378485841,1303.02743988764,1429.38217940638,1405.77512695745,1639.60584660055
"ENSMUSG00000035504",168.270726639895,152.233597404028,144.609618185596,175.680017159641,136.229185044114,246.26931019773,191.097808334295,186.576461355894,161.966012044841,154.585575842136,309.342379018676
"ENSMUSG00000035505",74.2096592443976,90.152584663431,65.7758040970745,79.4269937307615,82.7331929524034,85.151907969532,96.0002523456711,97.3387359410063,104.339022631229,88.8080062215751,68.3504216347385
"ENSMUSG00000035506",3.58101870278435,1.59794735182397,5.04750243409919,1.87280416909102,2.92087496585392,1.78321097819715,2.84732876361946,2.18526525700143,1.30673778942488,3.46195479520094,1.5887855072299
"ENSMUSG00000035509",4.83565975311538,3.62163232183348,4.14589369475831,14.6699853025954,1.783986814299,26.6011791114533,3.46914848381934,1.66894984911618,4.7615869377173,1.59697276746701,10.7340001836213
"ENSMUSG00000035513",70.4862485569312,99.6711290626669,60.81336988729,28.469097544658,74.3849724012493,88.6384551201504,58.5332478788624,55.3586384671272,71.1554630432292,57.3782784300694,65.3490626852774
"ENSMUSG00000035517",587.029446655317,464.409624336202,421.272574201846,402.354614674848,430.921058935386,462.210666791213,393.389893417447,442.609498814958,449.851941098294,453.492456043651,404.384078496717
"ENSMUSG00000035521",510.793978443167,646.306146123058,607.488357653615,737.940442302321,624.926033968838,813.41682278528,621.513803154822,828.645822773343,687.230904647141,624.035060115267,667.58203284506
"ENSMUSG00000035522",0,0,0,0,0,0,0,0,0,0,0
"ENSMUSG00000035523",0,0,0,0,0,0,0,0,0,0,0
"ENSMUSG00000035528",0,0,0,0,0,0,0,0,0,0,0
"ENSMUSG00000035529",317.328252039387,170.739891451593,302.734963484128,178.095453335991,367.390517218681,199.233694305892,358.431213327482,204.909828210049,233.239552039921,392.18708006676,305.813618272267
"ENSMUSG00000035530",2285.66275944053,2389.69350433414,2383.76946273593,2448.85464546111,2367.74202518415,2515.74170065982,2562.31299982785,2476.52573090571,2178.95114471041,2306.369660363,2206.31008299565
"ENSMUSG00000035539",0,0,0,0,0,0,0,0,0,0,0
"ENSMUSG00000035540",0,0,0,0,0,0,0,0,0,0,0
"ENSMUSG00000035545",2862.55712506988,3181.92020920017,3096.55906290002,2275.50694388779,4559.01861479731,3904.23942354844,3390.97681635604,4341.00381719221,3414.09942308583,3928.05757145327,3996.33252935406
"ENSMUSG00000035547",647.327351347106,1346.2438420254,2441.52976962397,746.116066756179,948.80645323541,1698.45776369339,1348.62659272051,834.695078191892,1158.84807722064,1375.15509317772,3480.55707270718
"ENSMUSG00000035551",0,0,0,0,0,0,0,0,0,0,0
"ENSMUSG00000035557",616.825083517087,549.758876307248,713.515751765009,515.080914573926,947.888890506954,392.979433604691,497.400701499132,793.240305819765,605.5467651522,503.824270413903,537.988394468435
"ENSMUSG00000035559",636.154038442073,833.586468007775,844.503050415414,862.084650167282,723.352841315115,932.224904053132,748.318963813701,704.61250302574,854.67989515467,854.428920795944,978.541728690506
"ENSMUSG00000035560",3.49043528424896,4.35467586040889,2.69918042906009,5.55413249912571,5.23916428139188,1.30170806133721,1.83168328522588,5.0349959747951,5.61477952968994,4.79377161167761,1.16652424386885
"ENSMUSG00000035561",2.76557671905148,10.8334596090384,5.31577149673353,8.70856230824642,3.18068030959974,7.73628230602804,0,1.96292972970438,2.82256998772067,10.3292617640861,5.69965203515432
"ENSMUSG00000035566",28.3688397171222,17.3195977253541,15.9862449690165,22.8399427030241,16.938093553767,20.5315455968708,21.4805842721689,25.6609776709257,18.8930727401688,13.0936607202091,29.6598970035074
"ENSMUSG00000035569",2351.07523479162,2907.78895255004,2584.55212572527,2477.44195558218,3344.70326608609,2311.40212194092,3192.36797599016,3307.81116488042,2418.42944651832,2444.57280689269,2334.96162741549
"ENSMUSG00000035572",143.167044009502,205.975517133201,142.605727093019,201.364405341259,188.228000725959,109.254530626299,219.229888989102,172.462863162166,126.873735041406,132.999247837953,208.348018484271
"ENSMUSG00000035575",411.88053205551,420.661654117382,369.490121662534,383.06703686518,352.770286214428,408.558954356031,393.57921275856,341.588972638065,379.208721522556,333.796605419542,448.325586003825
"ENSMUSG00000035576",0,2.16801463254378,2.65762735912033,0,0,3.86978202720233,2.04758166358498,0,0.942382313852369,3.74232975163235,0
"ENSMUSG00000035578",8.09990741155535,6.53116748415761,6.19611490858472,2.20527758621204,10.4420935293426,18.0331100191573,17.7560700881333,4.89890132194259,13.0310136341698,10.5327905011407,4.54683510945484
"ENSMUSG00000035580",0,0,0,0,0,0,0,0,0,0,0
"ENSMUSG00000035582",0,0,0,0,0,0,0,0,0,0,0
"ENSMUSG00000035585",521.907246921872,475.490223052469,493.045070688951,540.148860327306,435.980111195905,451.539216395227,480.948725141149,473.903055614221,462.507085988952,475.501034021666,511.377793443792
"ENSMUSG00000035592",0.689939267648385,0,0,0,0,0,0,0,0,0,0
"ENSMUSG00000035594",0,0,0.888711478704946,0,0,0,0,0,0,0,0
"ENSMUSG00000035595",92.0500413962465,75.6741755801908,72.523513940969,92.7385404983386,77.8613711632937,84.8347490909071,96.2783982313669,92.3104819431532,80.1277533373417,88.5209559292628,83.0730268493748
"ENSMUSG00000035596",367.974452633336,262.071750405561,287.942603235083,315.828512034217,285.131778760727,338.230680015458,381.855225912875,448.052190804446,212.694825534131,386.935965595453,477.185029201987
"ENSMUSG00000035597",420.48440287259,442.678662994114,389.869433894131,415.203091117221,477.323074504022,470.213055656902,351.872619290644,496.159929129114,595.830884898153,428.959465478876,511.06052970972
"ENSMUSG00000035601",89.4153758308269,126.443201891891,98.5157184362985,96.7125835967319,120.623724190775,97.6781274963552,117.053423052089,69.6266281736351,93.3790788507312,93.270682727656,102.544571763852
"ENSMUSG00000035606",25.4813145373258,0,0,0,0,0,0,0,0,7.50458740137708,0
"ENSMUSG00000035614",335.021590291694,259.44583881851,315.348121436114,362.705082294632,310.692046223906,220.983423814853,333.938984384375,308.659655486738,393.619861055393,319.889391776291,302.845089071078
"ENSMUSG00000035615",22.594105171567,39.5650424835436,22.2160682297543,51.3288203075004,32.5741364718211,132.032216368763,22.6296306852866,92.247114161238,54.5993678499212,26.9889719034874,62.5798602902808
"ENSMUSG00000035620",121.573649954979,104.788813408826,103.325997429995,93.2434588876462,95.996001657619,89.4662487829716,98.1101241488233,110.506033325606,154.512028604601,114.118830319897,110.374530767561
"ENSMUSG00000035621",381.255220511418,474.727133823757,505.139251164836,638.012328984383,679.317392074807,511.590848247262,552.967689668596,629.799827628338,286.813874976129,559.932005225851,359.491099274443
"ENSMUSG00000035623",660.41590084131,655.786996235251,699.977946121953,737.880989928079,580.402577003664,752.863119435263,707.166801136221,833.889642659354,805.394197732517,703.531437247125,650.153599770276
"ENSMUSG00000035626",0,0,0,0,0,0,0,0,0,0,0
"ENSMUSG00000035629",280.509245475368,258.911713433037,261.635753322153,254.547570820512,256.995579030857,308.148747216981,256.773710628888,307.657271761112,272.983451848681,288.95841962877,297.475172794347
"ENSMUSG00000035632",629.286404105388,866.544483240317,890.062875333836,556.394532802513,790.950334175264,1005.14041411259,1100.47469610141,907.918338195229,696.679815373555,753.643527568019,863.375627818932
"ENSMUSG00000035637",458.203387737383,555.343482799256,500.670456452082,602.185004471894,511.014431061363,613.4216546767,563.326576567274,593.323689673514,525.664150211715,499.176215698675,539.273307452713
"ENSMUSG00000035638",860.242865920147,742.187446860749,806.973312805042,722.194192931817,747.230973623975,688.320148867688,733.610549310387,986.510049424461,684.404092569569,807.029013954094,863.046211455328
"ENSMUSG00000035640",77.9811512877804,62.3151716657757,110.719134027696,186.586173166041,88.8428869279764,215.662489403145,145.238279477528,172.629791664993,158.765572674683,199.265088617705,54.4521152779344
"ENSMUSG00000035642",134.392980634419,155.888557729489,173.566816696875,164.751134798954,118.853048233771,150.734136494898,174.0036750496,144.873677318985,139.277411174507,164.194337107887,134.135833010711
"ENSMUSG00000035649",209.25998024323,370.762353605013,187.04208163761,227.779780348957,233.141728288303,311.054025204542,215.837582309893,241.554137554915,216.947362197041,212.070443186777,279.25899613987
"ENSMUSG00000035651",0,0,0,0,0,0,0,0,0,0,0
"ENSMUSG00000035653",0.681234859389496,1.0900963569712,0,0,0,1.28388518683352,0,0,0,0,1.14324918165869
"ENSMUSG00000035666",158.89665750449,102.301118095151,88.8671642810033,117.383878329772,120.339464146993,83.5894080306791,103.855466604503,122.158114983193,133.88035765323,127.207528022395,131.42839595085
"ENSMUSG00000035671",287.802494929263,249.154414160259,348.10411026584,218.172743234197,433.653572768967,303.699522247483,305.582415543197,278.485560285919,193.552272599873,331.409093321424,225.150346627051
"ENSMUSG00000035673",1934.89701876932,1552.25658333029,1209.55918408566,1173.8438284291,2849.26651250554,1424.41893899027,1407.29129116058,1810.95816730434,1327.85173977797,1937.07357457218,1650.11418066319
"ENSMUSG00000035674",427.866864532492,489.003807489342,388.461343884918,380.927815318837,329.68623181294,364.468119344578,391.567203847336,462.997544092564,368.610324159336,296.407216853042,286.225334588488
"ENSMUSG00000035678",0,3.20492158673576,3.5348522636618,0,4.24607835068721,3.84248962929126,2.05122569980816,1.97234480478219,1.88095021732653,0.947547544629008,1.1497916896244
"ENSMUSG00000035681",5.03462017225171,9.19800418924123,7.19447302471007,5.10688445144324,16.4885926622338,2.4925311128406,12.528919279564,12.7659870859316,11.0753082037256,10.7058169224535,19.3502702475759
"ENSMUSG00000035683",6.21189632620584,10.7622304268679,2.6616484898797,7.64238695809153,7.38813363094823,17.8668984448791,10.2686094550004,5.93560274027693,2.82370089725238,9.42407371719394,3.43524479442867
"ENSMUSG00000035686",26913.0510976104,34981.999492411,35973.091194636,45567.9678501128,14593.8178910727,31479.4976105856,34321.2140904246,26064.3412729065,39307.5936443077,28510.3229329807,51834.9375663818
"ENSMUSG00000035692",322.778575869376,266.25558093365,190.250606758683,232.591625047067,209.076824547342,198.750040228158,189.564469690676,87.8706811607222,135.696744961872,208.231162676524,219.009908158939
"ENSMUSG00000035694",0.690527140241422,0.993663991563428,0,1.11544013524512,1.05893513509715,1.30359886191055,1.05557329222579,0.997254172316119,0.947416694164499,0,0
"ENSMUSG00000035696",180.86491653967,149.030386210993,213.202163738407,204.195438668288,231.090481747935,102.832386484063,206.455243342905,150.938798451622,204.65692754987,196.895800919864,179.240387478861
"ENSMUSG00000035697",582.807624886293,1996.16307447721,258.841731249326,237.786443723144,298.082090951203,1245.58263381898,235.070481129732,295.211095009199,274.241432775502,579.035241639058,250.120925410303
"ENSMUSG00000035699",0,0,0,0,0,0,0,0,0,0,0
"ENSMUSG00000035704",223.092349386389,294.969285806508,255.484657233509,270.359548955711,212.387910496166,274.975986479115,273.451269606552,287.073761589771,302.019917344823,235.726307726465,271.885885593576
"ENSMUSG00000035711",135.569007205715,353.900019330147,134.009181548287,129.410588831973,118.232391959723,298.091092640798,104.784123372254,124.056528581179,102.732106717891,142.378245250173,85.8779134444433
"ENSMUSG00000035713",172.584805038635,200.964165240371,144.189197977647,168.529326536685,113.235939177936,174.142575959247,151.012396075903,199.319229219678,212.94900175297,163.226545342364,254.823961767213
"ENSMUSG00000035722",685.313205160653,792.820330534689,636.001232827947,644.551444365283,679.519659145293,1020.67917042401,613.07133932996,796.019624027895,681.632704746786,707.203365747398,824.540091264657
"ENSMUSG00000035725",154.416972122935,130.375667272165,192.231157978654,123.493339837264,204.476368295572,136.258493839914,171.397809574301,143.300223559526,160.66338848323,213.197473738073,142.710256368212
"ENSMUSG00000035726",855.288710273687,681.540088564089,630.695999762554,772.438226633942,798.504306784581,643.357208679648,755.093873018882,673.138056141185,875.721975361182,805.146393701401,864.58642991109
"ENSMUSG00000035735",243.477280124257,155.104406863054,261.297783323982,231.238278273562,369.88345115376,241.011130556095,360.400060563015,315.370286961682,217.721179540423,337.455026624111,334.772493364607
"ENSMUSG00000035745",1.51244697514494,0,1.47586905040618,1.81601604999319,1.74379034231014,0.70218272382471,0,0,2.06017282680972,0,0
"ENSMUSG00000035754",399.058023437554,448.873121467499,402.34671867658,454.093342522334,437.886096251941,549.007803202267,416.19826220482,425.81347469651,409.251510339919,352.496013683102,452.775338610196
"ENSMUSG00000035757",570.793925244992,633.174625823508,612.131271348331,770.87782450046,623.130503534805,817.939204576121,716.722621410492,792.734390848388,737.594532085032,692.33150071491,719.431977040803
"ENSMUSG00000035759",16.8724545392798,13.1009229373076,11.5059365032266,4.41039178662496,7.32527310072668,15.4498095844064,7.33551153803883,5.86458554000404,13.0107955553098,15.292501379237,20.4219558626868
"ENSMUSG00000035762",148.021716752069,187.499005372593,184.179150254126,169.616917034763,175.808575469993,167.115964907087,258.054150805639,152.842565300004,159.872431117482,140.283163756565,220.172850737365
"ENSMUSG00000035764",62.4157737278626,47.2327406958537,45.8422275091956,40.5164436155707,45.6338672845898,51.6431642062336,59.661145350633,46.2593828947082,48.9046529804668,64.5913004172593,70.0150940248756
"ENSMUSG00000035765",512.707610740873,600.829365644729,651.351975415692,703.316840863704,635.923198112946,667.379351648562,650.382680157049,747.273304799359,621.425667032933,532.654263222926,476.393408349877
"ENSMUSG00000035769",37.9331128013985,28.0478098484469,34.5373053311008,58.8619551858332,44.3796773152078,38.6452843467993,34.808907228173,42.4455531903191,59.4479831243377,59.1889222255684,38.8195927967981
"ENSMUSG00000035770",636.596268478973,518.312665964899,576.901152459,770.032573476391,645.633096248405,436.750153878102,590.871131010667,577.561370320448,611.548667185159,579.383576096198,619.938779858179
"ENSMUSG00000035772",155.295057006339,179.72924706065,146.220804915777,159.37300240143,142.85958161143,198.197997754282,163.518192521335,183.659544058119,186.492242543191,186.197875690709,185.977639160336
"ENSMUSG00000035773",22.5971213937914,13.259400134917,19.5121454425772,21.1504917687363,36.8951923734613,32.4963156351689,40.2809476126098,26.8963592275343,25.4027468982617,36.1409051758201,17.9918157816695
"ENSMUSG00000035775",0.68699198000684,1.0737248041556,0.886486540773158,1.09528087991961,7.41101345536931,1.2846047341609,5.13353699843781,1.98321121553207,0.944275950444167,0,0
"ENSMUSG00000035776",517.382350378235,528.104707209698,563.130174481476,466.616788160801,434.097305115222,492.817045727003,499.280764610233,581.012364436718,463.07675539323,463.462003643727,525.477414937397
"ENSMUSG00000035778",100.877808398469,70.7023440856872,88.1675583305307,74.2984989973322,142.488362167476,88.6477782213301,77.2689295038432,104.641981787489,76.6945378788944,104.646448000455,81.2553382111437
"ENSMUSG00000035780",0,0,0,0,0,0,0,0,0,0,0
"ENSMUSG00000035781",836.357603135279,836.505375125333,1057.01848112037,1153.44021047189,1089.10362951508,943.5838857905,965.18885262775,981.122910406185,1063.24252352036,1334.50147540798,1048.13793323975
"ENSMUSG00000035783",6033.68200711174,7275.76076203759,6599.77547715041,5038.51964770024,6504.74904450281,3730.02519803442,5778.32058489911,5075.80247219143,6182.81598251525,4507.25080551291,4384.13630072498
"ENSMUSG00000035785",0.700152188791737,4.31625501958752,1.7635228862648,3.26396196210547,0,1.26784949828853,0,0.98799054468827,0.945380397399516,0.950227646112001,2.27757826519279
"ENSMUSG00000035790",88.8890643546777,59.1416527796764,101.199917366747,84.8261558959586,90.2927766415744,112.524413825915,92.5225224468697,82.1791270549519,96.5170429840291,95.4643553063647,68.9246050178223
"ENSMUSG00000035798",65.4777529626136,48.1027874313892,75.7986196873189,43.3087093365006,79.5550645223044,39.1485380155495,58.5269703059229,50.1474497400927,69.6840155234958,43.1716435950236,53.7467478998813
"ENSMUSG00000035799",21.170515747892,9.53366326522576,18.4130878146528,14.2998861071835,31.8300163648615,15.4274507283541,19.7166079948457,14.6897688492276,22.34555999284,11.5354055015773,19.6382537945812
"ENSMUSG00000035804",0,0,0,0,0,0,0,0,0,0,0
"ENSMUSG00000035805",0.695910002239893,0,0,0,0,3.81274125331528,0,0,0,0,0
"ENSMUSG00000035811",0,0,0,0,0,0,0,0,0,0,0
"ENSMUSG00000035818",102.103174400594,12.7695268387213,17.8322765517025,19.0114130795913,55.7245307341268,2.34334927480953,23.4662151807784,8.15872493721075,23.5842589851433,46.5116175924991,17.8281742278654
"ENSMUSG00000035824",190.401326832393,198.361690445837,148.39217127185,218.896766139437,103.766677558196,184.921939943967,134.716360394058,136.422594218807,155.406344596029,181.95710339498,161.473951030876
"ENSMUSG00000035828",2669.14542981348,3617.5733059929,3606.30602240242,4657.17049298758,2197.08100503948,3307.98186429994,2625.54295798533,5105.34982164141,4879.52551228076,4860.68804073073,3349.01209406492
"ENSMUSG00000035829",110.252439638031,111.674964035143,119.946457551237,114.054292599224,90.1894494189859,151.430349107129,127.845489733002,160.455442894768,159.516701123159,143.852468188756,100.339278116734
"ENSMUSG00000035831",0,0,0,0,2.11788795218353,0,1.02340817766494,0,0.940603958746796,0,0
"ENSMUSG00000035834",65.3878576009097,80.9562064325027,53.54620330729,62.5314884872135,54.4496364122327,105.417524601388,92.3607374942585,83.6911845343356,71.4294967360748,71.1506204939093,88.7650090747222
"ENSMUSG00000035835",115.967360325947,20.9327005406218,88.0000188959209,25.3886551921414,31.3463776892227,26.3765141112637,28.6811089257811,17.0910366467515,138.676369619466,14.9941926383675,104.41040782679
"ENSMUSG00000035836",0,0,0,0,0,0,0,0,0,0,0
"ENSMUSG00000035840",96.1563823406272,100.476689940098,52.0392505143669,72.040430375081,60.1288872408066,65.1177442079401,93.3807670676492,98.9373454325799,119.034785911781,38.2191919718426,85.2683776638503
"ENSMUSG00000035842",211.951190698552,185.32586026347,179.683575537183,131.835332532408,214.18184302717,221.962251308675,150.93733470685,168.794062980088,227.781123809016,185.619981756166,209.155396845543
"ENSMUSG00000035845",98.0338572693943,119.252869814957,78.1282661725757,79.2143977054611,69.1698489998623,142.842141345427,88.3476991712347,107.796349158439,96.5463155644614,83.9443395714121,98.9412414782847
"ENSMUSG00000035847",240.129669561279,193.187341397643,208.853666518111,208.872793995052,244.827682176487,152.213809597491,239.426525425395,257.635099584462,177.169266780785,215.697141424515,251.804650776964
"ENSMUSG00000035849",8.38218415254103,3.08601847192511,5.9001227986355,1.35856670270959,2.01701932804156,7.38307226468893,15.88542271944,7.49313438551204,2.28304932014255,3.65450348885104,8.75150911780096
"ENSMUSG00000035851",820.515826985811,935.998394183581,957.851271413606,1038.9523009055,946.167168376411,824.599791976631,961.223078504359,820.603844941258,848.013880810533,867.050866446277,949.599080867875
"ENSMUSG00000035852",19.0091515307585,31.8872303556533,12.8873228967986,16.6762070381373,31.6709156429694,34.282869238269,15.7165596125847,18.2309440756465,104.794316654777,21.9281684358941,24.8305766430908
"ENSMUSG00000035860",0,1.08064173486522,0,0,0,0,0,0,0,0,0
"ENSMUSG00000035861",0,0,0,0,1.04733101134084,3.85905023310075,0,0,0,0,0
"ENSMUSG00000035863",59.8889166929238,56.5821614594656,69.8345464704732,105.612935301825,89.7494523752155,77.7737115918007,75.0776357157733,70.4573585905494,79.1985467434462,62.5082819080083,92.0477241686183
"ENSMUSG00000035864",0,0,0.888711478704945,0,0,0,0,0,0,0,0
"ENSMUSG00000035868",86.2262303316482,94.2503617308343,103.845672423007,91.663056607722,97.1765302427603,131.817686225985,77.6960649499471,131.741371709146,83.439841977019,108.742234587152,70.9727195182897
"ENSMUSG00000035873",83.9472422873722,83.3783290784435,68.5251172365073,88.7787136919011,73.8655619158522,94.2036336003822,85.059524390043,90.1889432409711,108.194922837466,114.717811771194,86.3703840089759
"ENSMUSG00000035875",2.69456280775327,5.52802237353841,2.59533726832093,4.42640583000627,10.4441783742262,3.8874541140172,9.45640645253081,6.84211950225438,11.8622377489129,5.78103822084891,3.44315806965329
"ENSMUSG00000035877",241.725391564557,185.323152424117,276.718910175856,411.378652988634,297.290131913843,100.492243330715,147.345342334691,165.564261057487,128.376160327716,303.658903612797,241.26764846232
"ENSMUSG00000035878",11.4009018998094,10.8506116498681,9.71084536503959,9.95271069891508,5.25468067036061,6.43322870965797,7.35450835921184,7.7986383590137,9.25991222959496,4.81306902693029,7.98199846838942
"ENSMUSG00000035885",626.384625758442,985.433373815798,744.438648823549,784.810051386748,705.087112712814,810.178083172282,801.639020879119,733.597599260959,658.197314039967,659.424127661737,697.893939996153
"ENSMUSG00000035890",433.100328041539,436.400568718275,442.142022970869,423.264040532545,413.588350413926,544.132431636287,439.403787575904,439.155455440229,429.630327955711,428.517697520847,502.159618174701
"ENSMUSG00000035891",44.4667553692571,83.7722846407188,51.4456069841504,54.3757637937267,65.9502147832097,122.897238593431,24.0699936345477,51.6077407769484,42.2474884718928,54.7172259597638,35.531488839701
"ENSMUSG00000035896",12.4209270001731,0,4.37441115949235,7.76032240543051,6.45927699532535,0,2.09884519349463,0.970856387858783,0.920081192524713,3.86276474096894,7.00933808153031
"ENSMUSG00000035898",151.156309136977,101.584177987088,124.125500281177,61.9312211835953,102.868128024686,71.4202768145218,135.181652560446,65.0616182925731,97.7995006270549,71.0624612092172,94.7149140554717
"ENSMUSG00000035900",63.457017846036,90.38565003894,36.759535153955,50.1185173664125,56.3305854869102,83.8911157513862,59.2552344972559,35.8794188371932,74.8084481293455,57.4687552712866,46.3958538628766
"ENSMUSG00000035901",766.046504037227,691.873915253591,776.950521320268,688.456868104743,1138.48690040764,731.517495755849,817.911459666091,930.875462565899,654.026982111694,899.912800651226,543.941192764055
"ENSMUSG00000035910",0,0,1.01279548619513,1.25480889185928,1.72565516392353,0,2.51529216295852,0,2.1472735401684,0,0
"ENSMUSG00000035914",36.2219921549962,10.0939406051317,5.56910968557907,28.5963945776556,24.3877449338337,5.97214260302975,8.04194275749993,19.5364059193391,12.9811058696069,2.96019200175693,22.918435207742
"ENSMUSG00000035916",0,0,0,0,0,0,0,0,0,0,2.28090890516888
"ENSMUSG00000035919",154.631614824226,218.707364739228,137.880699438424,185.29964876454,116.17415440276,143.378273468097,109.020816420151,179.345697088526,234.814262773001,144.552700147729,212.17527301082
"ENSMUSG00000035923",23.7635913720619,0,1.75813901040841,5.47090316830663,8.50302478084526,1.29164235344362,0,0,0,0,1.144904331868
"ENSMUSG00000035929",2336.15171945437,2784.46304225905,1819.78181920543,2362.29830787868,2787.70849674488,2759.38853293581,2382.42547233021,1860.21243397216,1984.5461297833,2909.46482197904,2020.09068399596
"ENSMUSG00000035930",4.29993113391335,14.6184606161844,0,0,0,20.1148191397137,0,1.90686000385328,0,4.20914843500138,0
"ENSMUSG00000035932",0,0,0,0,0,0,0,0,0,0,0
"ENSMUSG00000035933",282.397462895459,414.675691219955,215.222828646651,404.680073387566,249.832286667642,373.611368711229,356.045693298363,306.682474435411,322.740749192746,335.893614246058,318.586704572036
"ENSMUSG00000035934",21.0280566751506,5.62235882252141,11.104128450354,7.46026665168728,4.97422533123869,47.3780542783582,8.04581416918385,4.15442570892003,49.1457563206828,97.9653960152863,5.99590315228616
"ENSMUSG00000035936",123.007573802141,82.8428630706873,112.368199755534,62.1983430746822,93.9482455662337,70.7570957840405,101.188191172892,73.3271961438731,88.9100323565262,93.1146437951996,77.8542586816533
"ENSMUSG00000035941",931.628636309449,990.837770158044,812.584935733742,938.114438884326,814.936310134319,786.605756964726,997.304775385699,957.277060005348,739.435016912058,700.707610060024,911.481853746677
"ENSMUSG00000035944",320.001323322387,384.931221106608,522.005781014548,526.436815057645,371.305642938796,395.329494838338,423.913661731177,294.062351202202,645.126432512217,497.973270854548,530.434347396124
"ENSMUSG00000035946",0,0,0,0,0,0,0,0,0,0,0
"ENSMUSG00000035948",117.76891976984,53.9622555202438,84.1508258176866,71.9261001494137,102.457557595519,26.3220714116222,128.78991412216,46.5729803032356,108.530352995212,61.2670411226525,91.1602773931725
"ENSMUSG00000035949",669.074616919048,722.569891740822,768.237324789304,775.304869392616,785.794584292968,756.187391303129,741.664916843415,677.706093432819,797.048013986006,676.302780034556,779.869140052958
"ENSMUSG00000035951",2.00454537491326,5.34574769285177,4.39481936754951,8.79817628266922,2.15750117359909,3.87213458146169,8.3496509228664,3.86534917594654,1.84913995386071,2.88942004689622,3.47398506740227
"ENSMUSG00000035953",420.27006247272,420.878844129784,429.919923691575,578.575466836929,642.396408110354,616.810984216454,544.98052963741,556.942728873675,394.388388605281,713.263116363524,403.092028127005
"ENSMUSG00000035954",264.824213304415,201.21280413549,261.440064480147,301.976637468843,303.028709171423,162.265416652385,299.664458456614,299.838544459329,382.282188719676,276.128451593165,316.393231316707
"ENSMUSG00000035958",179.126857746757,149.145439150973,169.4384611237,160.235542874205,238.581119317221,173.828168171772,178.223957929167,195.230514981397,198.473365001389,184.495592170009,159.69820187625
"ENSMUSG00000035960",459.723970365719,493.746817136962,468.244688681971,538.711825415317,613.43433414342,454.438876639455,548.000687558858,452.911905430956,450.486178837168,407.173093286234,498.839300565377
"ENSMUSG00000035963",5.47586714476703,0,0,0,0,0,1.03264381151909,0,0,0,0
"ENSMUSG00000035964",0,0,1.76991907927483,3.27382284727696,1.06477427054403,1.2867403178123,0,2.93599302667928,0,0,0
"ENSMUSG00000035967",371.884674026714,375.542238836162,455.955112560761,382.402544083515,409.629965067534,443.04176297187,514.779246637373,627.170992922453,422.275376272091,369.406020331018,398.568562605387
"ENSMUSG00000035969",271.809870890373,379.675458995964,261.4786538323,740.899125051465,494.148244662185,282.95704634157,659.585008211479,221.400369145734,149.353922833093,410.423939801512,109.125385164979
"ENSMUSG00000035984",8.40078281633924,6.51161863639555,8.86832716463644,5.41911641454278,11.4994625317102,5.05244657836311,5.11156067500235,9.93672773299902,8.55735806098594,2.83933215027864,3.40329198533778
"ENSMUSG00000035992",348.070352123711,369.756788802831,772.975168354198,802.174006902742,480.345128058097,152.727255386415,716.19639491146,405.108393350339,549.760718830333,669.997527103273,337.462740202233
"ENSMUSG00000036002",254.890754310518,199.340261980281,970.281944857803,359.31284631623,353.287233286029,342.102693966762,304.420563482802,330.519582951231,970.429989051386,374.504255912639,1135.55637661956
"ENSMUSG00000036006",115.56598958564,215.367113498909,126.905098384468,40.4339726196756,126.279863676348,104.190991010713,172.784813111823,52.7560685178639,69.2846023572957,118.600709000426,45.9587622823059
"ENSMUSG00000036009",67.045384081169,65.8667829006988,79.6224953799069,49.5924240109043,66.3145389966216,106.640257401471,69.4155717462118,55.8611146387338,50.6192657591457,66.9756403861873,45.2883104594197
"ENSMUSG00000036013",0,0,0,0,0,0,0,0,0,0,0
"ENSMUSG00000036019",96.9035381581189,108.665724451749,112.709411690085,95.953961692901,162.53418900215,84.2447268959329,136.299724735602,181.172123021144,108.38095604701,99.7371071287984,72.1287797041424
"ENSMUSG00000036022",28.565610442328,28.7618620584859,15.8096779624719,32.2738762887888,30.5703605041444,30.3899651890093,31.4005309878786,41.1359973712604,24.580261488369,23.7445769013533,32.1780222609442
"ENSMUSG00000036023",271.379997142507,313.25546421165,294.654183089401,240.270183762091,293.850551259203,387.759809056406,316.538747259026,276.921602699859,270.85239453911,289.999291102488,248.274331567832
"ENSMUSG00000036026",1465.91607760586,1035.60553768734,1336.55459900033,1295.36658522357,1594.32882852796,1165.43733032746,1203.91290136364,1363.0187050444,1303.82325743684,1307.53494379658,1579.9897605735
"ENSMUSG00000036027",0,0,0,0,0,1.28191223901898,0,0,0,0,0
"ENSMUSG00000036030",0,0,0,0,5.28051420722249,0,0,1.98014595598532,0.944560574861901,0,0
"ENSMUSG00000036036",2.74158838205056,4.98610285850685,5.83796104834727,3.63741677817581,23.376818202939,10.1292107968994,3.40884820854876,9.22839936849594,5.59443294481062,41.4358317559199,49.4106718548287
"ENSMUSG00000036040",7.61969507978734,5.41558963062112,11.5558075152889,7.60770325293439,8.50109017926562,1.28110282249351,7.15699373131281,10.8294283742216,2.83220647796353,6.53904509667357,3.42494904179376
"ENSMUSG00000036046",1720.12358589483,1623.04532199073,2288.28178852319,2013.57319259902,1842.49754858288,1722.39151760137,2138.94018259116,1682.04545388053,1786.04522460842,2024.21305280316,2019.93965512707
"ENSMUSG00000036052",121.09730672645,101.853672819243,112.719705728375,100.597336963891,117.848052440033,146.955226271752,100.16968539791,86.0588648195409,83.3374777430596,139.363579327446,108.652444794684
"ENSMUSG00000036053",284.685239610984,228.94408788785,264.344067289763,219.271458688864,330.013687847478,120.795872084633,292.106432486134,266.206852409415,221.394758542338,243.890551333495,210.2114107327
"ENSMUSG00000036054",583.715709850911,604.812773664736,400.040498782903,460.479744410234,492.000666553746,650.941533568198,603.549905721432,476.517775308134,418.389745041781,553.675281048276,521.063624746698
"ENSMUSG00000036057",662.680579529226,855.773895282323,953.325953799053,863.606818392395,922.778807593515,693.385210354493,867.718135200724,826.807484639391,738.97269732554,878.616695083124,589.529524377793
"ENSMUSG00000036061",80.2424948803045,70.8059320789614,65.5380597157935,69.9192037631849,63.1827592821362,65.0996819365951,82.4025105168661,74.5135154869109,73.1919585493062,77.8976327668197,87.4944991340911
"ENSMUSG00000036062",1.21435481081104,4.72959455865321,0,3.29710088336554,0,0,0.906672470292728,0.866159769784842,0,0.832236386920329,0
"ENSMUSG00000036067",6.92731610559526,11.4172790458753,5.96406710420035,4.17762537443583,3.06609243167728,17.2153272001695,2.95115018995111,4.70925744824346,2.09950530729469,6.30512712288474,3.83290748472114
"ENSMUSG00000036073",254.538107616292,280.780130091026,264.625276905472,286.120487578982,245.9442775365,346.841758771721,310.196825054225,359.044383169304,287.62635246994,310.367401622527,291.573271644914
"ENSMUSG00000036078",272.889118436065,311.810372079362,281.45943345801,327.658672923015,298.07251430868,440.470614941086,316.688501481947,371.274649871615,301.939913139017,339.86056868425,346.047425716215
"ENSMUSG00000036083",0,1.08064173486522,0,0,0,0,0,0,0,0,0
"ENSMUSG00000036086",26.1527535640222,51.7672827348938,41.6796510784032,30.5865515723868,22.1531747959123,43.5155133059373,35.9653971340217,47.4790344075343,26.3712379759773,34.8189333821145,29.7290570480224
"ENSMUSG00000036087",546.940632952763,485.494665700688,584.072452920016,552.289377337358,517.085769711385,506.033384464125,517.35265473776,596.585938514491,501.303554463457,594.895127701517,563.752757936447
"ENSMUSG00000036091",26.5490896695463,38.4967971332726,35.0500004617813,36.791086366692,40.9252054074048,32.4541394640701,35.6186327077618,42.8913041947772,52.2271587757443,35.4961909973661,28.3035118015546
"ENSMUSG00000036093",29.1914871506158,25.4745601790138,36.9800707620205,40.8245482710735,47.0353784089574,32.1686690988132,19.8873913264209,38.0237973465414,38.1275410577467,52.1262517739849,39.440642562309
"ENSMUSG00000036095",0.685799059118019,0,0.887432319572632,1.09593761459482,1.0537251958542,2.56294409763981,0,0.986545906890305,0.938489628755248,1.89419629196013,4.5748770945427
"ENSMUSG00000036097",298.623386111121,187.618875643299,286.17098897315,295.107164865224,296.472896924037,226.38690618026,390.761639050455,247.463951613784,297.338738723165,295.144117303101,266.638641613009
"ENSMUSG00000036098",18.5175288112969,16.7797196427966,14.4510657852805,22.4588796545292,8.11950779086866,31.4982248278004,22.9890003157938,15.8565393931727,21.8247827542857,11.4460558685626,22.7019733044358
"ENSMUSG00000036099",348.946362810129,242.741454848978,349.837436392457,359.236698535429,384.2911134929,228.365750815456,299.978451433082,258.302646721725,330.109178188584,337.616507580255,274.939277293788
"ENSMUSG00000036103",67.597748751276,66.1328410601775,43.4311719289711,47.0839503751972,51.6396805899493,57.7077313851571,17.6069284014211,48.1865658270281,37.4754257181985,32.192594912938,43.3163772906754
"ENSMUSG00000036104",1234.26634712034,1613.85854336512,1241.74338995904,1643.21702893916,1398.71927455169,1680.64242627431,1691.27637117052,1566.36309299665,1361.19670029106,1365.0107966871,1470.03037554122
"ENSMUSG00000036106",93.5039349014008,127.300632794798,77.1695726502765,78.4463921663438,95.8938148405555,124.193518689742,93.3980252219873,112.902984088539,90.3163681000651,111.18199035567,125.938638799567
"ENSMUSG00000036109",20.6762046362202,37.6691699020163,38.3686316851768,19.758210464785,17.2435406644832,35.5500238466038,12.948013493362,18.9029060380285,22.1997606381159,15.4017815670316,21.894646514746
"ENSMUSG00000036110",0,0,0,0,0,0,0,0,0,0,0
"ENSMUSG00000036111",14.2983100857723,9.92896068102257,7.78381235437267,17.4237870574472,11.7369451361115,11.5136229214408,14.4634324181114,9.39702387300918,22.7686396641909,13.2993050158114,12.6293470339372
"ENSMUSG00000036112",1734.6048151569,1764.29922315977,1762.82480478462,1686.69134440186,1860.71982457766,1742.52817427944,1813.22647480502,1719.78717314137,1793.08301653618,1690.30186021918,1666.47926747572
"ENSMUSG00000036114",113.23394107865,130.788211174852,120.080969938147,147.519862632906,117.910049198113,141.315934742249,149.126626097358,156.815294530217,140.737920350504,157.67685080011,97.0898210397474
"ENSMUSG00000036117",0,0,0,0,0,0,0,0,0,0,0
"ENSMUSG00000036120",95.779741658053,107.951466796212,97.7638852811543,91.7829343072571,95.8895095180183,143.615831805488,66.2194815680233,96.5650231127701,97.294302863075,110.730672234061,103.830569572954
"ENSMUSG00000036123",0,0,0,0,0,0,0,0,0,0.936366945291053,0
"ENSMUSG00000036131",2.04055643023659,0,0,1.09702362831704,2.092821773993,1.28110746827205,2.07900079616497,0.980532862170065,0,0.950243257017772,1.1351767601264
"ENSMUSG00000036136",66.076654125148,72.4519382105755,94.654624547148,94.8338766249678,101.705738644336,58.1135629454744,95.5066356070791,87.386430206323,73.3619559783018,103.560919520117,69.5748360807444
"ENSMUSG00000036138",1478.28032615162,1704.89289853082,1784.55413094627,1827.72067371903,1647.74181132634,1585.64013443516,1669.1583663755,1629.09098389878,1655.06056407569,1851.05573719078,1811.60643435459
"ENSMUSG00000036139",6.71238056140536,1.08496986993952,6.1399562109581,2.17537951294465,4.26884123254959,11.6796512803944,6.15717571141043,7.85763044402168,11.3209522464189,4.75199881751588,5.74944817128867
"ENSMUSG00000036144",23.1753741457962,24.6807004755488,24.7755844075891,25.1563571717114,24.4442966504123,23.0389527039106,28.8395935455082,31.4959932139837,48.8325352588754,46.5441543876748,27.5611035111798
"ENSMUSG00000036151",8.11687677248462,6.41051119430088,7.04296629174288,2.18851466342432,1.06132384789548,6.44761302689045,1.03004898997483,4.9413939529954,5.65500649041869,0.949539945261163,2.30402110776055
"ENSMUSG00000036155",36.0999901921863,26.8578304023083,38.1857431880768,30.4782407502553,29.5232816843845,29.3819148639194,21.4121980827123,25.8451141715351,19.8792122613104,32.8036835630994,22.9028913035562
"ENSMUSG00000036158",110.951988869801,91.8620374641274,89.5303191064453,131.871432891253,186.029592340761,148.114236269733,159.633205492105,214.363443875966,113.376083510707,107.729264452539,106.122740132555
"ENSMUSG00000036160",264.029772130282,211.989800546686,177.74446341092,218.61977988282,196.534006220948,225.358099485732,222.875929123666,176.942341548621,232.31123163757,204.932492850316,278.384027397463
"ENSMUSG00000036167",143.680171198368,118.009739281414,91.3499451505315,95.8002359009449,90.581878500842,110.797731533432,107.674638816094,103.167298996662,112.767957345005,91.4868671493963,152.069785367182
"ENSMUSG00000036168",0,0,0,0,0,0,0,0,0,0,0
"ENSMUSG00000036169",10.7696138030824,17.0515453661878,7.93778868983616,4.39598950819273,8.60347627092959,17.9289246106228,6.21025819999371,5.85152091475705,7.45874794879564,10.5381890062927,11.5820934972076
"ENSMUSG00000036172",0.710126703602744,0,0,0,0,0,0,0,0,0.909747966393427,0
"ENSMUSG00000036180",1034.22939004288,694.436920205702,1042.88486935675,1137.87567282553,1177.04102213369,831.451512324242,976.12964647125,1105.4744390279,952.94515465535,1170.48360989293,1427.35181221983
"ENSMUSG00000036181",641.210751265995,448.585288973382,526.553187516042,328.663361049039,710.863311947892,539.01450297929,598.012682151248,626.324380723226,671.323631109829,636.861163030553,447.345291482256
"ENSMUSG00000036185",2.55314050563112,4.65238941157993,0,0,1.69112921477729,14.6210715618191,0.812464064846607,2.69876106425503,0.713771854487944,5.82315117996228,6.17316488573432
"ENSMUSG00000036186",89.056045379951,38.9248338146646,46.9873546247298,23.957304367438,64.871980085973,38.5311576068047,93.3780932497345,47.0626442323641,48.8864398327802,37.6084230639593,47.9804057450201
"ENSMUSG00000036188",309.043249656312,229.116397743086,267.31286494549,197.318813660236,231.421123196151,286.544545988665,263.350778792894,247.322276306627,276.456672094479,249.462974226776,198.261067820707
"ENSMUSG00000036192",0,0,0.998107946320366,0,0,0,0,0,0,0.833737528719106,0
"ENSMUSG00000036196",33.2229510569229,11.0361088368612,26.3838243590091,82.206089201601,28.4823008574714,29.2856954852003,2.75211098715094,3.96972098628834,5.34645469646162,4.7433827454915,12.7019798182398
"ENSMUSG00000036197",85.5583076287547,79.9907733585908,94.8173579284304,77.8097521207886,80.9584812974873,53.9738990532926,101.546843931701,79.5801629027103,77.4833947476567,70.7502527195237,90.4832862362587
"ENSMUSG00000036198",0,0,0,1.09086695773099,0,0,0,0.991434074270993,0,0,0
"ENSMUSG00000036199",1095.37443403653,1194.99471793936,1095.85383291235,956.938367635444,1015.02547313101,1124.27360515607,1089.68964350966,1127.09998937355,901.607883491448,848.82733539018,931.279251872179
"ENSMUSG00000036202",395.701029587339,370.091339842578,307.623695668486,316.7244246563,300.30028856196,407.281545363902,335.54274738635,408.816907245275,415.884471322969,385.88830990727,391.628902730336
"ENSMUSG00000036206",916.599739031504,1098.58628183684,1181.84807177172,1858.85155980985,1461.75075414466,1033.61573359453,1374.29360326511,2027.9423783152,1375.25753725146,1633.83490343595,1211.60216073823
"ENSMUSG00000036208",274.32120461276,345.324397619982,105.93229749265,125.039456705263,118.828473750364,85.4441128405466,120.905343926796,106.765932662066,141.708475950721,119.505217936203,146.083707132211
"ENSMUSG00000036211",0,0,0,0,0,0,0,2.97781982980911,0,0,0
"ENSMUSG00000036214",64.1861465866083,63.8218003640619,71.9528791465027,97.0926034097671,55.7017702059524,84.6400528260806,61.7796556451077,100.633928858318,89.0345159373412,51.8898642054835,49.7269041804376
"ENSMUSG00000036216",0,0,0,0,0,0,0,0,0,0,0
"ENSMUSG00000036218",1.12605963117742,2.38396377517836,0,0,2.3351048797185,0,0,0,0,0,0
"ENSMUSG00000036223",1.32815541859777,4.35008905911728,0,1.10445383968418,1.04525483231844,2.56726099909079,1.04455454876516,0.96654795191814,0,2.89347627497973,0
"ENSMUSG00000036225",42.1892080002769,39.5073386986257,56.0540354505257,63.3547968697286,68.3455011925657,30.7315363328312,40.3035476623819,51.0016634618472,40.6636674881987,29.52488450778,63.0070656672546
"ENSMUSG00000036231",0,0,0,0,0,0,0,0,0,0,0
"ENSMUSG00000036241",1047.47132720469,1010.46646871821,1131.51278251579,1246.4964995367,1212.82997283801,990.347362120141,1148.54632730339,1048.53193556709,1028.1948271931,1178.25173015358,939.859009210351
"ENSMUSG00000036242",11.7070407177803,8.60406050219931,7.97151230121069,10.9165192575404,10.5404469908145,7.68952162142076,7.19301147982174,7.92699077686424,11.2992639430497,5.65717778784828,9.1482968830626
"ENSMUSG00000036244",0,0,0,0,0,0,0,0,0,0,0
"ENSMUSG00000036246",374.602934714316,516.196294856407,399.519806580738,269.978015795371,358.477902241746,523.224814639934,293.910676128672,298.524403494123,338.366581163271,330.175190009247,343.887460285026
"ENSMUSG00000036249",53.1921392742777,71.2498933161751,35.2933902182705,39.7449696340319,54.8539468376861,80.8412659798381,43.9841735121096,53.7105182321097,51.0319144408836,81.7521974193023,59.446880014518
"ENSMUSG00000036251",0,0,0,0,0,0,0,0,0,0,0
"ENSMUSG00000036256",949.64489216688,1013.1263029171,986.200439250434,943.710986498115,1136.11876676343,1078.57082420196,1050.13305663108,935.407427212154,1054.5821847619,1037.00659650136,868.946960891402
"ENSMUSG00000036257",1830.0236079582,1711.55572428288,1818.38598381119,1726.64877807173,2168.0830260031,1303.03891311503,2039.19922641928,1795.73258612169,1823.41414744049,1762.22878745384,1705.99782611574
"ENSMUSG00000036264",0.689813777026454,1.08028660236729,5.3172632055171,6.53701348927483,2.11411823381714,5.15356333059085,7.1623609324765,1.97455301696189,4.72229085976624,2.81221850600077,4.56425283979731
"ENSMUSG00000036270",723.128680963669,748.894719009436,668.696975274888,744.493260558373,756.544353888274,865.551068537348,732.998127073566,767.243894722319,767.910615100597,842.050257859378,904.083513415235
"ENSMUSG00000036273",50.8946698592544,121.402700713721,29.2914815978213,20.775172707217,43.1190418359358,66.5059714528418,38.2132398055017,34.5108781812165,31.9031078128948,42.4570029167146,21.6546272813948
"ENSMUSG00000036275",434.380583995905,440.577524500049,419.277039097124,416.188835925508,445.823202131336,375.618936700632,445.025500818706,445.286219936498,455.487799720154,430.359430114142,402.39864331064
"ENSMUSG00000036278",337.880977147248,404.938977104942,385.621200017876,578.263958209908,385.185092220777,509.32269686623,452.855105280707,488.666306047772,454.850611779985,460.962800426486,492.236333196116
"ENSMUSG00000036281",611.967346665438,554.547768467902,466.910613496147,616.04682894133,557.563770402133,812.270247614737,503.527936576455,552.757687183126,593.331457452821,579.40871130625,795.57505609952
"ENSMUSG00000036282",168.819901332905,154.642368966202,175.462635586688,173.395029214681,170.832253478262,108.643441545833,146.075775143564,145.905436994797,178.152673282084,161.053679264712,145.963230303909
"ENSMUSG00000036285",467.558793218552,478.040258951853,454.981589878965,527.756473540011,409.282522088356,530.176298463237,495.36165466348,564.897218795074,539.097729483733,515.979354865301,445.87863946541
"ENSMUSG00000036291",91.9893867540225,58.0226792153123,129.277528363395,145.785777606954,71.9726221528793,114.484731767399,50.8596574983628,105.085504189667,150.398659775292,159.791003068147,157.693802911053
"ENSMUSG00000036292",51.2898319820536,38.2791330172951,29.279396047814,49.4709016619878,33.2276863246465,59.5885693651331,36.9985957743906,85.0740750913969,63.1456062538416,34.8548656113271,85.5850920332505
"ENSMUSG00000036295",6.082894532698,17.4779418120823,2.65760854904448,2.2039183163056,4.179790934752,11.5824724992626,5.2339870769342,3.91218649650062,11.1541685562142,1.91055349002693,1.13492185984943
"ENSMUSG00000036298",4.85074169197774,3.23461091247097,2.6522852204183,2.17518508293803,3.16835583207749,0,5.08667103291588,0,4.73560878806154,1.87064252921721,4.5973278673671
"ENSMUSG00000036299",222.554815230003,268.800824536554,230.747614452025,210.556287956395,218.472340936756,220.537858812499,286.303624687081,216.408832786315,200.784478174131,160.01213907588,230.069871176773
"ENSMUSG00000036304",1.9856081216257,2.0747709283944,0,1.18828572327934,1.14876315138266,1.24469576761416,0,0.955443272507501,0,2.7378317615142,0
"ENSMUSG00000036306",6.90925580236875,3.24934313850336,8.86489306968261,5.44192772497109,2.11933359028554,7.73093060545831,7.17190405284508,4.91712496777675,5.65523533812668,5.62193026924361,7.97948790352868
"ENSMUSG00000036309",805.198929359416,825.57943736372,784.108557328132,716.465847581654,804.455482855212,763.031570517505,757.579661413523,743.529736067044,763.688703267923,644.349647772729,731.524506498213
"ENSMUSG00000036315",80.4725762033612,85.1557368227334,86.6638886491895,78.5819792923145,76.3189550069417,94.0777240597579,98.8517199103655,81.3081035329007,98.7875885407607,90.3697239297189,65.5571023556784
"ENSMUSG00000036322",868.169830384051,1388.51155527707,846.329091136391,1767.79195881236,1935.92289359976,2346.86873846752,680.84460832448,1595.39942603383,825.47155756743,1761.9073758231,631.960603887834
"ENSMUSG00000036323",1566.16437858214,1528.21446553263,1373.70595058552,1732.96137172045,1402.41891299512,1589.14627460878,1597.70084097645,1634.89659911746,1511.78115548902,1366.76771069582,1891.82590818012
"ENSMUSG00000036327",302.960660370436,293.503784353673,233.517446664809,332.760584100743,312.091488484784,350.176461185576,296.580993993704,351.052119504563,253.358654590808,317.723912327961,308.034585446943
"ENSMUSG00000036330",49.9947798384326,44.0150027595172,56.6568530186083,87.5452714881785,51.6910935001813,39.7707285270863,45.1518788102346,64.4126406616048,66.0195685946737,78.3430244276041,61.8814710829485
"ENSMUSG00000036333",1726.60368928998,1703.34978025967,1791.23777743269,1199.55675928769,1453.8843727057,1014.41230578822,1585.58775247478,1467.42236505206,1573.31720104971,1474.36402855247,1731.70668824402
"ENSMUSG00000036334",72.1385241545083,66.1027124254715,30.164822707034,37.1959831855847,75.8098686793789,33.2426204505377,51.7042768618468,59.0946564193217,37.4923787624531,32.1093539695771,29.6457697263188
"ENSMUSG00000036339",110.811542198806,60.5076027406015,111.246494344827,133.08727352204,90.2938909958143,162.599550065279,123.74040458699,113.522601608563,108.716960017563,107.695065727906,73.5054377661
"ENSMUSG00000036352",441.826739933361,432.822470074124,447.391347815645,437.21624554765,423.449570126163,485.205887315431,436.442901171664,444.948136406032,466.45817469403,450.56861089722,479.929376022855
"ENSMUSG00000036353",4.298893585432,2.34422791741339,5.05637290908949,5.84629018762467,2.23520392668081,4.60218021841476,3.74238974002015,3.47233921550502,5.27232173395794,15.1343178279497,2.44716680428798
"ENSMUSG00000036356",37.9200846093921,43.0317099799908,24.8231896788854,14.1901734358128,45.5471664698925,8.9436975270805,35.9566285700712,18.7322147847599,39.4787120634115,23.5902714063017,26.3562534739697
"ENSMUSG00000036357",0,0,0,0,0,0,0,0,0,0,0
"ENSMUSG00000036362",8.8509315923515,10.7505830827464,7.07556785979949,4.39328016363915,3.16379888411654,11.5335606673798,2.06852152755906,6.89167072020602,1.871545103361,5.71622984303914,1.146379350789
"ENSMUSG00000036368",43.7806064932813,55.5193550616214,102.869446468469,57.9641993049022,128.825175122854,120.590992251635,76.9322446342788,67.2835641364675,53.829963718126,25.7466173273438,22.1536429153045
"ENSMUSG00000036371",3661.43609996609,3960.32497094033,3718.53834734694,3777.95608544783,3745.45414462954,3728.55572457388,4031.20987478926,3661.71381162383,3825.96234338113,3528.1314202082,3968.70403485071
"ENSMUSG00000036372",196.096147346711,235.524260143425,172.369307949153,179.737968149571,156.362021795298,179.425327694677,202.798719192668,198.350389712696,190.254395785298,150.491145383794,133.401657387539
"ENSMUSG00000036376",221.80675801272,207.100820179486,239.320556170447,267.279211882929,247.316112472741,218.775027906184,236.93977317226,212.61579026344,266.215515109824,226.935831070102,294.098529292437
"ENSMUSG00000036377",98.0846747767881,123.664273709293,5.13940150085273,0,2.23033220224628,2.69686860510098,5.51712699927595,1.03780001423511,1.98403296200885,0,0
"ENSMUSG00000036381",6.08454312575983,8.7903100626246,15.1538783267174,4.99609058956846,4.84735873889479,4.64844082086111,6.3133549176841,4.34738288380313,2.47839609234419,8.67068206674933,4.21436590991994
"ENSMUSG00000036390",65.7405466494904,38.0597278229051,39.5410866560872,10.9247678655352,76.6478471401977,34.2953469489434,82.9387795828085,20.1902698381427,29.4104887847375,32.2378208648866,27.7929801629648
"ENSMUSG00000036391",339.1850669226,331.985160561273,338.894165220612,382.267087592444,285.310299203032,280.686097652867,398.295345912653,324.735876265027,338.600272757888,313.858741526183,357.73968722217
"ENSMUSG00000036395",101.207610690454,29.9994454122659,91.6705353734447,50.8938788008918,59.1970593888794,21.4419828884336,72.3296423188927,28.3608778544871,107.846517385046,24.3340806840932,70.0833503010497
"ENSMUSG00000036398",266.233185629008,322.197340633982,287.784835595374,317.72307990117,298.420851916021,361.539001284122,353.565053733757,356.519682029796,251.693454371958,323.823388601086,251.223415462813
"ENSMUSG00000036401",0,0,0,0,0,0,0,0,0,0,0
"ENSMUSG00000036402",57.4401716819835,53.4980862651519,45.4781352962191,59.2287853997763,90.5592341415282,43.30431274627,64.6401402707419,46.2492542935334,60.6186029334154,55.4733857935821,74.3563521088471
"ENSMUSG00000036403",65.8674696222827,49.8986710086659,59.4888061524507,65.6300625861273,83.106310173614,48.6586323631987,57.7299836657514,57.1498837245956,69.4121083064171,60.3649714605204,62.8531805542542
"ENSMUSG00000036411",0,0.751303190362164,1.239679287203,2.29069329000315,0.737589855826884,3.79586977004215,0.718764751589777,5.77945079811215,0.656379880423429,0,0
"ENSMUSG00000036412",17.3053069124068,23.825518205739,12.4248097916403,9.7875336535696,28.6974123999784,17.971195799,7.17271475647933,21.5947255508395,11.2975937965925,11.2477385137159,18.2617091021461
"ENSMUSG00000036422",0,1.13675434203284,0,0,0,4.9098760170964,0,0,0,0.892975963339575,1.18726352213746
"ENSMUSG00000036427",2761.67104700723,3264.50815366437,2876.47097455821,3362.72860668025,3230.7839325494,3156.70467605037,2790.88833573903,2800.9371331883,2907.04216659617,2919.6980152454,2810.89593840048
"ENSMUSG00000036430",382.51887489015,351.973907521236,406.520386287751,450.984133323595,408.507982526637,410.375177457493,403.97917401714,342.344608293277,355.83794762823,513.393098046459,328.433355205704
"ENSMUSG00000036432",187.144065841171,200.890595027083,192.27199839106,169.510682108713,128.095100964122,210.220036247477,199.788843273276,158.027294075893,155.763931543849,168.592783153217,123.980431025442
"ENSMUSG00000036435",377.858834352052,363.75501079057,417.787500553576,301.887738218953,327.796773944408,387.741154549308,378.180206259867,384.298713454504,400.379166585875,321.242380517279,375.846910196137
"ENSMUSG00000036437",8.22707030799832,6.43103199372188,3.53943497735709,4.38195411912675,6.35859364692208,3.82316293936688,2.06516915032381,1.96853288736419,9.3563411038319,1.90210436132891,4.59753186882539
"ENSMUSG00000036438",1322.83518589207,1200.8154373012,1241.46407431958,967.32210264281,1394.25732506905,1158.03672630083,1559.85662328099,1135.80143802662,1170.33935249548,1240.91301732386,1375.98320968004
"ENSMUSG00000036442",206.790631040067,169.587660597782,216.192313856616,215.90500555255,208.381451880914,218.480363659062,211.321153475498,201.648481997582,197.46826375941,251.788402580255,180.528057778211
"ENSMUSG00000036446",304.109300480771,210.139631018606,231.106942355848,128.345216000623,270.712240075806,118.316548226035,179.704320896599,180.175731222265,231.295949470865,126.233084381112,165.655247295169
"ENSMUSG00000036449",0,0,0,0,0,0,0,0,0,0,0
"ENSMUSG00000036450",179.310883706663,118.789678884271,194.746548981366,181.668790391937,172.761794291089,131.248076302591,150.31295024741,166.63267187332,160.298880584079,185.184357821761,158.745345114473
"ENSMUSG00000036452",551.8000906436,308.46196808329,478.573531312603,510.035792075192,397.719702709334,252.864752968955,348.971188606309,280.169481781566,390.04738379566,452.681621626435,347.735032858222
"ENSMUSG00000036459",28.8653476024351,80.1700008556832,48.3136239655934,40.8125619042553,75.5854511663764,31.7819847846524,47.2598960358067,40.3742992226556,44.5885804302478,41.981954683522,51.2649992366078
"ENSMUSG00000036461",452.175409060723,449.532254723258,426.061480187551,382.36138384636,498.864674791691,394.79899081412,430.679075014311,481.301051794571,450.165717310894,500.608705400074,369.615917190141
"ENSMUSG00000036463",0,0,0,0,0,0,0,0,0,0,0
"ENSMUSG00000036466",0.724416284971624,0,0,0,0,0,0,0,0,0.891802597327819,0
"ENSMUSG00000036469",7.60478317206004,30.7135378460062,4.37150033259082,14.9030803022473,10.2610813876708,8.57474351749879,5.68710164471639,12.846114595006,7.69374368424117,11.332611008843,3.83328961598055
"ENSMUSG00000036473",648.243901151263,630.591355980835,527.521755822846,601.486109519716,534.794912722775,677.237251935106,539.232908817898,763.607215915807,530.028141457791,576.583357481177,789.206542242695
"ENSMUSG00000036478",448.544105492825,514.452825619221,366.275045710651,343.660748006462,510.840027493687,399.513393893999,430.850387522116,305.975569295047,300.083055215459,411.910253545673,219.041566071474
"ENSMUSG00000036480",0,0,0,0,0,0,0,0,0,0,0
"ENSMUSG00000036492",71.5822565496587,34.1157537902997,109.3000797986,61.6615576870463,133.318012698394,59.4588085196863,82.2249628330286,90.5544477539999,33.8584838637176,117.478101628582,30.8354092968404
"ENSMUSG00000036499",300.249294198898,247.279705850357,321.603802953336,350.720742996812,271.111058112885,219.633557412321,344.009607793071,296.184857022521,352.742524650118,306.465366218836,237.240614600141
"ENSMUSG00000036500",0,0,0,0,0,0,3.07832439290158,0.99102961566998,0,0,0
"ENSMUSG00000036501",431.326553052176,354.534288055867,520.184062127765,442.141496633211,453.476293315147,317.633644282889,425.01835818587,382.306971725037,361.187973228809,434.93105734621,436.12714606011
"ENSMUSG00000036502",0.701436062328568,1.09254585833993,1.65069432393775,1.12035096957022,0,0,0,0,1.92914358122543,0,0
"ENSMUSG00000036503",573.24489717602,367.410858217359,641.648826086854,529.648148389244,513.931334768875,346.500350445621,568.117011881561,533.24788628257,747.996027988408,570.151442166159,422.986616573736
"ENSMUSG00000036504",176.605196526597,202.994789203262,168.610772096246,178.524519928954,192.476644912036,158.204696188367,180.447334832848,192.362861055564,172.414512689702,183.175956425782,149.488347394298
"ENSMUSG00000036510",0,1.08064173486522,0,0,0,0,0,0,0,0,0
"ENSMUSG00000036513",220.073161165357,232.823685922786,311.795941358216,205.956552753523,421.593408143391,215.273537591481,242.695798384066,184.818019946847,242.277761765636,328.494617298349,233.94056560979
"ENSMUSG00000036521",0,0,0,0,0,0,0,0,0,0,0
"ENSMUSG00000036523",1.38024803981296,0,0,0,14.7995454343315,0,1.02172767227306,0.990203095819249,1.89510912848579,0.934317151383475,1.14086759870143
"ENSMUSG00000036526",111.774908978788,264.273470419165,52.3098344907834,71.8513764762346,77.1186536669542,203.918755439923,36.8130067301576,54.3173146269317,75.6574469545265,99.0819867432709,44.4209122542533
"ENSMUSG00000036528",623.775258783705,799.450804185793,1170.56798350026,1212.71209310839,989.854580426294,756.548180620113,1247.79691766214,981.554184727975,1159.29607100993,1606.40528772108,789.620452691369
"ENSMUSG00000036529",1560.2762035816,1819.99364265179,1436.84922701146,1432.83704999571,1695.2765454776,1967.39165244319,1396.79522735248,1679.68529292969,1683.34384496818,1822.13559219641,1822.69507388975
"ENSMUSG00000036533",494.719012098187,360.460000429153,705.920653090777,196.250156540157,261.063310249729,465.920385819852,703.943245314289,317.794974964102,159.334828258903,260.921434443906,360.140748186813
"ENSMUSG00000036534",199.262076433827,187.762394984184,274.887342416248,248.554301340763,315.656696142257,270.88746383267,210.10674801223,278.56870249491,206.459554479364,293.195871556249,213.936525055086
"ENSMUSG00000036537",21.2346486789647,17.1380059879439,30.9681858353454,20.7810146561945,26.5199211594862,26.9310651322295,29.7243374670773,34.5640185496869,32.9704983580677,32.1312346905267,32.168490268031
"ENSMUSG00000036545",168.062163077695,86.6391902176256,126.696132513245,75.6106589879481,158.277579319616,107.688259853162,90.5334802921999,87.3424532594817,140.1873334767,88.9546222157929,87.3983299825821
"ENSMUSG00000036550",2696.12093751936,2196.96538845684,2549.05836864751,2503.84229782865,2356.45669203224,1836.43242520401,2302.50746529361,2375.92378211465,2702.09112600857,2401.78856025238,2793.85262877629
"ENSMUSG00000036551",0.683783527355412,0,0,0,1.05719397831906,0,3.09163206700773,1.96370396786275,0,0.943921026427717,0
"ENSMUSG00000036552",222.734804302884,202.37047745056,226.333008333526,208.089371546024,218.527994102074,221.542223316273,172.823392920274,339.354634793528,221.108384472274,206.599074120562,216.606537088108
"ENSMUSG00000036553",106.683253364872,107.078450383108,78.4268392178796,774.975621310219,111.717295565706,100.597708493053,131.567951169012,94.7979398967135,116.134072779978,114.081896994555,81.2111712777546
"ENSMUSG00000036555",218.113020477564,130.122396238121,163.41003346507,180.652334460826,144.955958904513,172.639435418753,147.458028103614,150.672398990884,200.662004541566,167.564270354251,159.604143381504
"ENSMUSG00000036557",0,0,0,0,0,0,0,0,0,0,0
"ENSMUSG00000036560",14.9873853514526,8.84861727300949,8.85732690536051,26.6793115442365,14.4501915798627,40.284252148944,11.1862427525792,4.47428019783512,10.2824815201699,15.3783422486679,9.32884444113389
"ENSMUSG00000036561",550.451505932901,624.074224009705,660.473720289702,644.291871199435,596.381984173531,643.363171160421,566.775853850455,641.980144339339,671.154429379385,692.565125466313,560.730929787599
"ENSMUSG00000036564",12.8072263281864,2.64974665600643,3.61803959115769,13.1593391006281,12.5533256796472,2.11635551149017,1.68489310268603,3.21419476902615,2.30778600098843,6.96754748522382,6.55288492528454
"ENSMUSG00000036565",1040.88171151898,806.849803701333,932.480543530448,1249.38650439256,754.437834432948,818.80191527052,865.648521358983,973.896985993062,1033.2700143791,1140.14937992811,1533.86462798859
"ENSMUSG00000036568",271.145441757913,239.679579887897,292.024507094781,261.190646569522,256.701502620068,254.260436813479,248.152694925489,295.086285683741,279.168951309506,308.65565413107,301.406926933948
"ENSMUSG00000036570",92.9267663336869,46.024487200529,50.8525893600941,48.4646838254582,94.9641028676206,44.9039908498661,60.2303041936474,43.4205908913237,74.4896634770357,37.2685885570392,36.3828339540598
"ENSMUSG00000036572",254.563542631397,335.76755528272,249.573688158803,256.817392882425,286.251991819544,299.732305063179,343.737569304631,288.884737406483,286.013969573102,288.246755341503,308.439002891002
"ENSMUSG00000036574",0,0,0,0,0,0,0,0,0,0,0
"ENSMUSG00000036578",0.711900559546634,0,0,0,0,1.2896485690311,1.00552256332038,0.974240958841832,0,0,0
"ENSMUSG00000036580",479.313596487483,478.693516272334,663.409427305132,695.596152937287,562.99462154583,500.570516092624,524.607139333395,945.334913442525,545.621105934128,691.76557302833,514.050961038802
"ENSMUSG00000036585",59.7600395479234,67.7673989536512,107.046003703841,77.2591665492291,50.3141128427774,33.7148414509367,88.8861076442772,84.4112618516114,69.1096753868927,46.3989062366123,100.914014173887
"ENSMUSG00000036586",0,0,0,0,0,0,0,0,0,0,0
"ENSMUSG00000036587",2.57664352615048,19.0104781566764,0.897951328954017,1.10351979809617,1.08338324694911,19.320564825178,1.03791560448538,0.990972407985062,1.8999778231359,11.4472897643403,0
"ENSMUSG00000036591",1931.09672232009,1939.13246678061,2061.41686956724,2587.58076717354,2098.12705143693,1679.99944016382,1871.41664913131,2325.10616992853,2396.56276277999,2882.61735849382,2230.35559231737
"ENSMUSG00000036594",2574.37972072223,3874.48687611707,2389.32628678354,2383.58981269333,2684.36370727402,3295.06469070374,1940.66867806105,2224.89849518123,2415.08278881259,2558.54663101321,1888.89755006964
"ENSMUSG00000036596",1.37526980871202,5.39894854805174,0.887067145819731,1.0899220224389,13.7908723204126,1.28483435480771,8.18718881341101,2.95964189753927,3.77839001024079,3.75005908861433,5.71528398157538
"ENSMUSG00000036598",0,0,0,0,0,0,0,0,0,0.936366945291053,0
"ENSMUSG00000036599",124.698472131957,99.2399431664157,71.9194357611784,90.4269605420847,97.1114356022634,91.998022558359,82.0043247128006,87.3580145883411,74.3402353201734,77.0943505039181,91.6827472156169
"ENSMUSG00000036602",0,0,0,0,0,0,0,0,0,0,0
"ENSMUSG00000036606",3987.41509333252,2991.7768503307,3998.35742769423,3939.47707797722,3653.89883838182,3905.78820594024,3206.64786314659,3534.46667333441,3638.97607598896,4005.88974260262,3861.13135327997
"ENSMUSG00000036611",185.483456289381,160.901004248032,112.463409964366,119.908821378458,135.301801598155,101.769984404633,198.833657272876,246.499201262561,164.969992201106,77.9887979476711,100.443159665964
"ENSMUSG00000036613",176.061436464371,253.731635836981,201.745063278168,195.639480177872,192.762928963391,235.512398600515,205.500861045995,180.294692346547,159.54609479215,139.448737722274,180.642332925067
"ENSMUSG00000036615",130.570541964217,153.876044261256,166.458664413161,182.89135091767,152.101207341993,143.46557276162,116.311978984289,140.542795308244,135.282002297811,154.577662050917,131.597534870391
"ENSMUSG00000036617",568.304172636869,605.717104989723,702.044930318465,393.857190590657,744.285452785586,527.243566363152,689.87865867564,593.840910739986,495.261229526363,743.666384714185,541.263485634784
"ENSMUSG00000036620",1603.85921349122,2058.50534371819,2305.70870580447,3487.71090422146,2077.21664191813,2239.87813095611,1924.54106832234,2634.0893899302,2698.68158721302,2564.10264791835,2208.76880830115
"ENSMUSG00000036622",1507.42483383691,2028.19444015973,1917.69202882794,2610.82144398876,1788.16735587904,2520.91246856153,1881.57572461514,2571.05891537839,1874.12657071453,2014.91868079545,2306.92503834221
"ENSMUSG00000036632",775.952746028002,989.944804840816,792.229630632811,841.138614458892,838.565148329888,893.474994032621,881.611587472562,974.457038582339,878.960998197653,755.680809679237,885.244494082263
"ENSMUSG00000036634",7.66818195371501,5.45962659055262,0,3.39316331463268,4.41646593477922,10.3443544670201,4.72850863936824,6.93641827694399,0.950306205429379,10.4007223396507,1.18603499445384
"ENSMUSG00000036636",360.795159615706,336.982755133805,460.637903587147,483.015742565437,434.430808727267,419.804246610129,378.419367152801,517.826840777367,465.149792647848,450.835966182191,450.076900549787
"ENSMUSG00000036639",56.6134679892454,68.0419201739486,95.2504535151128,65.1184538651433,88.432271436876,86.0934106528199,38.7314508223991,53.3811828180015,50.0934116096677,52.0267392336652,83.5010295609085
"ENSMUSG00000036641",1.35236200109124,0,0,0,0,1.2821488692862,0,0,0,0.955242890698158,0
"ENSMUSG00000036644",1933.60132414291,1892.21659872563,2023.5829878844,2993.25128164136,1833.86521398294,2027.98867336212,1897.12394398035,2237.0004061361,1918.39152990018,1868.55432529956,1770.34817614238
"ENSMUSG00000036646",963.69416679981,953.272207756827,946.475989619562,978.464748501146,930.439926285882,932.176610902387,840.911668874666,1049.4180684119,850.604161621219,925.43741430922,987.543880267273
"ENSMUSG00000036647",0,0,0,0,0,0,0,0,0,0,0
"ENSMUSG00000036655",2.0350729672458,0,0,0,3.19016781849469,1.29796837790852,0,3.94163168328403,0,0,0
"ENSMUSG00000036658",0,0,0,0,0,0,0,0,0,0,0
"ENSMUSG00000036661",576.914778430895,921.280162333827,707.236898116819,1372.25170102071,1062.52736263621,767.270699777383,667.805148862334,1139.02723188389,1131.11269826019,1232.04230933923,654.194138919455
"ENSMUSG00000036667",528.521701928893,362.913246145496,466.935433998613,332.768981925522,515.374099199017,302.510039415696,392.419464768541,386.039021029844,437.378612084955,430.417776065358,335.972654012091
"ENSMUSG00000036672",87.0734744179331,89.5349896039639,92.8401037984425,56.791019989446,106.670615615507,63.3772595842433,98.394514277567,66.1270693236303,47.1895124816882,73.3687472207577,73.0471985391727
"ENSMUSG00000036676",99.6906293593193,139.029889038451,286.621450916903,98.7241494081777,113.377244010188,88.0327674090539,110.391331372238,152.369101464576,213.147639522077,167.266030572101,200.158823648026
"ENSMUSG00000036678",164.807871595901,188.082797276701,163.620625347135,134.266335329267,145.655621119012,137.981392112184,109.503598050681,204.339139640495,146.686231586821,161.23714146081,139.174584257824
"ENSMUSG00000036686",1079.51483785294,1121.64362427713,1293.57350749481,944.606565467515,1308.23480920952,1061.47032333627,1065.95268972368,1042.98274506383,1080.60307064431,1175.26379286327,1079.07917280234
"ENSMUSG00000036687",355.871925165911,398.807096353211,506.959952977185,655.867774828353,418.577630875909,439.836837930633,403.69892063075,551.778464823414,489.991303042302,527.761961160485,389.532728092871
"ENSMUSG00000036693",483.014130376063,439.07007983201,405.089670885371,477.433702323457,402.164040641099,401.894120555332,500.583552950133,454.346819725615,458.254955448728,434.213146982126,648.994487500234
"ENSMUSG00000036698",202.90060839284,177.404800715977,192.476846281724,219.867537947025,154.210543437175,129.837092016954,174.024292086831,173.672296055502,187.740712483882,166.797225998758,155.089179451791
"ENSMUSG00000036699",0.68941665241977,1.07130323364719,0,0,0,1.2825662670602,0,0,0,0.944763201910574,0
"ENSMUSG00000036707",627.863027548348,585.903144737299,690.972430278479,730.399728356607,716.06754200431,436.918728163818,717.876303898185,614.840351216077,718.46349334368,770.109376566982,901.252988355597
"ENSMUSG00000036712",1613.52726420199,1610.88243319991,1955.11541521764,1748.4752462015,1699.68681170062,1276.7195782064,1975.27240115977,1744.4997901423,1753.75151451005,1850.88112826572,1416.65774723147
"ENSMUSG00000036718",921.420424110292,1200.80256238233,997.359183194783,1209.09742552372,1016.44919009127,1038.37535103263,1080.65600362009,1245.10871323723,1048.35666899509,1155.36833846114,1109.193518762
"ENSMUSG00000036721",72.6275895005397,64.7235116769841,70.857811709192,86.4769251461429,73.7427963978044,83.3798296574474,79.3815574227218,78.8992553459323,61.9871974801075,58.6941502211277,84.5302246311132
"ENSMUSG00000036731",0.536941859982818,0,0,3.06100408444706,2.65741695896746,3.57468009451411,0.854599896355143,0,0.747644505507608,3.12194617053313,3.23355383458243
"ENSMUSG00000036733",698.471077716413,733.355049394788,712.008324089265,762.824384586357,655.297978703098,794.291211619244,725.262936934259,604.537603924236,705.71348422298,711.513047566127,750.925818789189
"ENSMUSG00000036737",387.161138557761,157.674995379411,206.555392989204,282.608566154157,299.377158578341,185.656718385922,300.848615645412,185.348636501452,186.155819228743,315.475963590308,388.141108827844
"ENSMUSG00000036743",0,0,0,1.16177280507646,0,2.07146532488491,1.09461293482981,0,0,1.01726939405069,0
"ENSMUSG00000036744",0,0,0,0,0,0,0,0,0,0,0
"ENSMUSG00000036745",36.6900143420699,4.18972455071672,21.4289522899468,26.1839128147503,9.48699160087746,8.99481914699004,18.489504455772,12.9099133091058,17.0080029515897,15.0723581974875,18.4185020073149
"ENSMUSG00000036748",296.404510013413,394.283920999567,298.239265058875,236.84903285979,326.227931462048,295.358459958374,297.878154884163,218.023374647457,270.602385351937,228.262542990138,303.665692561623
"ENSMUSG00000036749",0,0,0,0,0,0,0,0,0,0,0
"ENSMUSG00000036751",570.723606270983,665.764338051937,545.582658035107,566.72501419678,476.345784774185,512.28935466787,726.250373292494,666.089610417214,642.884540438068,420.144972528267,523.705623568546
"ENSMUSG00000036752",2606.45333636182,2341.89573749458,1832.57370099633,1755.24987031957,1928.53584905491,2807.64321769401,2190.46434311996,2129.31194937568,1524.18526905592,1866.24975720598,2290.143942051
"ENSMUSG00000036760",0,0,0,0,0,0,0,0,0,0,0
"ENSMUSG00000036764",84.0115138117925,76.4301964965651,97.8489050793362,101.640862033724,89.2146370590561,85.1802952119643,135.846429960165,122.663786877414,90.998812820438,107.224812462417,82.9817180671869
"ENSMUSG00000036766",0,0,0,0,0,0,0,0,0,0,0
"ENSMUSG00000036768",15.6947595551925,9.10818356806573,13.7202348188308,16.2007960811959,41.1896996875854,35.9941512876833,17.7928757227841,2.12602427402025,11.1242211754778,8.29927023043019,0.412540963412177
"ENSMUSG00000036769",181.211069284144,146.93783083932,138.127937437408,128.206653994111,178.837676801599,124.701264725021,162.407096859196,167.344283457126,165.460822739169,166.306114455773,161.413169636222
"ENSMUSG00000036770",0,0,0,0,0,0,0,0,0,0,0
"ENSMUSG00000036775",241.56010937031,266.495995474563,212.794347273008,219.048918563831,186.269335273353,278.221659506304,238.489434605206,233.097037678668,249.74349115787,259.094980663333,288.791872294752
"ENSMUSG00000036777",32.2910105634128,26.3425641024012,32.5502961313873,43.5605532254057,24.4918804038004,39.9534648398948,18.5623837378895,15.3336925969584,24.0724925667466,18.4405889753615,57.2761263505061
"ENSMUSG00000036779",391.067808858306,345.202300096772,392.336430326305,467.504753042001,421.468644790147,270.848632096912,460.868836795577,381.748612238125,449.417265230474,507.572307083,447.572687743831
"ENSMUSG00000036781",731.284751637503,673.60616688449,604.495961782669,639.932369202086,604.349435668026,653.209540825868,644.731002407631,813.68352004841,553.040737970688,595.50752251054,646.56884168202
"ENSMUSG00000036782",246.767969852889,193.426156472305,302.857896585531,231.770287654837,256.788801712368,214.037493784941,237.826506440748,267.746059362924,247.213532075102,211.111019952666,238.083426799505
"ENSMUSG00000036790",0,0,0,0,2.10340851348733,0,0,0,0,0,2.27928774430745
"ENSMUSG00000036792",148.485326047912,161.225876997419,194.227612424028,116.118278147575,199.808832214974,168.253074677571,221.043142127974,231.96472006211,159.319489670129,125.369970304164,119.510700753699
"ENSMUSG00000036800",0,0,0,0,0,0,0,0,0,0,1.14045445258444
"ENSMUSG00000036805",2.0303825050741,5.45408956537891,1.78525187567264,1.10112773199909,0,1.30466500139065,4.03888079539928,6.76829760242517,5.7005012337334,2.85035619427085,0
"ENSMUSG00000036810",70.8522319954141,40.1138254135558,45.8305900404747,56.9243365049438,40.426880128731,53.2957445099298,59.9505172206214,50.6070592693187,63.465798940522,64.909800745487,39.3673735302705
"ENSMUSG00000036813",0,2.11777104544199,0.958473564289085,1.07162513723993,0,0,0,0.967865910332728,0,0.92392558274339,0
"ENSMUSG00000036814",0,2.15332329205488,1.77192068391265,0,0,1.28733968667212,0,0,0.945382891793296,1.88028504668696,0
"ENSMUSG00000036815",22.3395714243455,10.9977916727358,18.6516569649903,23.1095736631655,8.31903766285018,3.86443455487977,19.8269285321688,17.6024658256683,16.7220186193214,15.2382446192199,17.0440305203219
"ENSMUSG00000036816",0,3.14273615140675,0.867114996681729,1.09877514146465,0,2.55122035303796,3.12031735810317,0,0,0.957117744944753,4.6314059543903
"ENSMUSG00000036817",395.958624142076,312.713698019027,414.23982744271,446.291052575596,406.708675356407,450.762405243573,442.84822791051,505.766359280701,680.242978575483,477.79570505588,535.974693983566
"ENSMUSG00000036819",71.1259858239079,61.4898891386696,85.4907682471853,51.0305311322153,51.9893905910895,82.7702101188585,54.8983721209431,58.7005206976185,65.7786118049795,88.149421259722,74.0701201714053
"ENSMUSG00000036820",293.443107639611,295.694717453498,339.729729031474,351.391111558171,274.529369779574,215.203112859662,299.089595390879,278.560466092629,318.510865195453,352.013800799983,356.529803166402
"ENSMUSG00000036822",743.112226183349,839.382015698114,1069.43086439026,965.904053260269,817.022121452875,708.658063949018,866.868477965335,816.378332620629,756.019115312883,774.593363624479,701.153180498683
"ENSMUSG00000036825",650.330520018747,794.711485694292,1298.05993628353,557.182963509658,1472.29543336879,1657.00745664112,1212.6489376056,827.074953985826,1074.43752513425,745.324793909475,1232.05028218507
"ENSMUSG00000036826",123.74579769429,213.160271143476,107.328781934277,140.247488660684,94.589580813749,185.069924381895,125.586841784455,107.170954977726,119.087275609536,150.303051675274,152.473233142918
"ENSMUSG00000036832",2.7159790912777,5.36147826730866,4.41353629460407,0,1.05831746470216,6.46931473385016,1.02736552292808,0,0,1.89429798677428,0
"ENSMUSG00000036833",828.392530021857,1426.52975257152,1777.3781563063,1924.86417920009,2046.05312510285,1197.94621001398,1561.93062915183,1701.86759418502,2075.4844686455,2124.36641877432,1246.95048580814
"ENSMUSG00000036834",0.526946989732176,14.7028293112181,0.675176106840499,0.827816139152229,1.60084112659263,0.96845013020268,1.55829340773402,0,0,0.713510106528935,0
"ENSMUSG00000036835",419.08403837824,468.935005677018,449.958826016295,457.122133439576,436.992462256849,360.257224383823,430.545384297805,441.913397684191,462.474908156548,378.145275608817,433.983297116202
"ENSMUSG00000036840",142.454698105847,145.905184604031,152.828815818516,179.3114092005,201.380845839484,133.423259355385,205.036989253694,147.659990660873,150.585175182218,160.597323323145,134.186904059664
"ENSMUSG00000036845",101.45508758189,127.418926309574,136.869776395994,100.648451039341,112.116982038624,149.03728545085,108.738678251383,118.308269561742,103.104420653777,99.6871810055747,121.862552969007
"ENSMUSG00000036850",243.435810735142,393.3652103533,452.32947874057,852.54370744333,387.16515361023,227.49363911442,602.690185132916,347.040684756452,622.013939818878,792.66306602752,300.815267387531
"ENSMUSG00000036853",0,2.15093834113056,0,0,0,2.54812383261808,0,0,0,2.84000339721483,0
"ENSMUSG00000036854",91.4700473611372,44.7268708676929,37.9174404240919,45.1505790478455,65.3839123377911,14.0579642566921,25.0561383963275,28.9915354625182,28.6621489950647,45.2033139815109,26.855734351264
"ENSMUSG00000036855",0,0,0,0,0,0,0,0,0,0,0
"ENSMUSG00000036856",22.6410239389068,11.8208277418634,18.6674413070099,14.1793113927667,23.6111159742366,7.61834811778334,19.479779401005,12.753402112041,9.40411481415256,12.2517049900951,19.5770240226687
"ENSMUSG00000036858",0,0,0,0,2.10191351140727,0,0,0,0,0,0
"ENSMUSG00000036860",147.454766661353,187.672080563584,128.840313370143,173.734363441438,146.478420567468,181.244691534805,164.083719454402,144.895755960446,125.504127367337,129.709974853576,173.37757789429
"ENSMUSG00000036862",67.1329487325375,81.4374054776793,61.2333124897266,61.921150297345,59.1661646624182,90.2119998049998,38.8348009151991,79.9897296902802,57.7222910594371,52.2586799860968,89.8618016881089
"ENSMUSG00000036863",141.780570377984,136.858458443674,136.368146476562,214.803525873843,135.276305785111,147.577621544703,177.685552303042,226.135508272515,143.089464330694,157.154104416775,141.632584251477
"ENSMUSG00000036864",182.503701162575,238.122024545969,128.23641180512,132.436660302676,57.8675887448506,123.233930251983,167.808841396425,176.230660470081,47.7888702253292,234.980082752431,64.3862016401056
"ENSMUSG00000036867",29.5556236693765,12.5753641039479,55.3919946739519,45.9325159431509,15.8533497990952,79.5518918793421,25.6860703257357,12.0733188932269,34.5349803239812,21.0878454021918,48.5567530965741
"ENSMUSG00000036872",2.13957556534032,0,1.27974675188132,1.9720112150962,0,0,0,2.45627071792358,0,0,0
"ENSMUSG00000036873",130.198651028455,115.703246623473,148.574184609025,121.53933297335,126.633629275519,93.2797139384122,173.751681812025,129.695516501644,136.368208260892,116.065309041863,83.9212109206069
"ENSMUSG00000036875",39.1756838637761,56.8784061267353,39.0922300170513,47.7880897420234,49.9325675201815,65.0939111606977,44.8651427558285,81.3424586500042,44.496654810233,46.0022779789141,35.2927910182185
"ENSMUSG00000036879",612.532544728731,574.870807690898,536.979516687974,411.059902833065,476.042268186866,383.719798690836,532.224155266735,438.494289297234,517.386060921242,461.723719716344,457.266324856815
"ENSMUSG00000036880",1075.62982679754,1222.42224236899,1332.05008040082,1193.79033470797,1305.2748008061,945.959350914523,1223.10912440337,1297.47707666456,1266.74000035364,1338.21266760134,1149.32073288283
"ENSMUSG00000036882",53.4417778015043,72.7229731705442,87.3770671404246,58.0090869046665,178.95029105189,96.9571291712712,52.8054780276321,92.0502848707566,59.1277621546271,49.7795099730057,75.1979669014689
"ENSMUSG00000036885",288.362642079982,311.073901174467,371.555814644063,389.855627312492,443.688584372693,281.273424537299,368.417747343807,499.269546439021,356.443068086723,470.2057946698,307.113205265246
"ENSMUSG00000036887",906.852576181531,887.268922205643,823.346157504467,711.795798236147,865.249632444271,797.687067632022,583.722549796924,656.334408581801,706.017789576088,721.910011421385,646.89093845418
"ENSMUSG00000036890",42.0678985783085,49.5874404233729,44.150556060751,53.6822472121711,59.9908346080329,38.2999991280158,58.995707746036,57.7111040639161,56.7111896951252,52.7617979912604,59.4736147160119
"ENSMUSG00000036892",26.8961027618295,42.6681659504851,36.243892841956,36.610210658506,31.6517268202609,38.8510823895743,16.8223080049893,35.978122773252,31.5340501168317,34.5948596953336,30.430864599038
"ENSMUSG00000036893",1576.16493574901,2305.47187485372,2400.91609219617,3314.73478046711,2033.37801361192,1650.90228106522,2760.06622695621,2326.13140439589,2145.14701184139,2879.06754437889,2383.74956190213
"ENSMUSG00000036894",59.676481917601,48.1027032738729,57.162685783285,56.0564826205191,73.2627962201155,69.5878590721214,55.1916008025137,51.3079578895419,46.3247860337011,78.8696793294126,35.8737408849378
"ENSMUSG00000036896",595.722709501855,604.806279865721,516.565162070182,538.118917246131,558.582243832207,555.755546169125,410.355016326711,410.777578294479,417.017770973233,469.435734204002,461.524627478755
"ENSMUSG00000036898",46.4209697360169,39.0785367117066,51.6365097946939,58.8885763969989,53.2151851782618,95.6538795334725,58.0685909144711,80.9431789478996,59.4844576233469,57.9048308223564,47.9973723918063
"ENSMUSG00000036899",0,0,0,0,0,0,1.0244779114794,0,0,0,0
"ENSMUSG00000036902",22.2761611896286,6.67498778518539,9.55765211362338,5.51789419015317,22.6971000759384,1.30731539359683,15.8482869506124,11.6901983811344,13.1267882945703,4.85830563837572,6.58807710217685
"ENSMUSG00000036904",108.545835356135,72.8642712943579,116.765150681899,119.334810205361,120.816688917878,99.1440466575922,125.704104969937,116.383439976186,89.9482092646283,129.430976656639,91.3483543386337
"ENSMUSG00000036905",900.151436044128,868.135207679708,845.765299562869,801.593929924873,897.589898023237,894.924817226531,580.534624894599,661.380125326807,691.929809445635,703.106453120847,649.277330327403
"ENSMUSG00000036907",0,0,0,0,0,0,0,0.992606609936369,0,0,0
"ENSMUSG00000036908",1410.47951418102,1639.87432929659,1189.56905568036,1366.28150946641,1044.33403649292,1541.6921993986,1156.09053104032,1119.64521273714,1170.88860218169,1241.79653014623,1363.86112622286
"ENSMUSG00000036912",13.7206567466594,24.8140275521253,1.41603254059744,9.24402058312539,16.3435775831183,41.4501725200736,8.68024265772918,16.7463432462312,8.70333706708861,2.894315183516,7.03434550368647
"ENSMUSG00000036913",0,0,0,0,0,0,0,0,0,0,0
"ENSMUSG00000036915",11.0772156796451,48.3579089747162,50.4029407629813,58.863933656983,6.55315198557154,13.1400615823472,13.2668508786881,26.8839150007235,41.0096548800319,5.77095188702114,38.9853686484542
"ENSMUSG00000036916",93.6388499080795,86.5576132979253,116.519444863206,117.279922887762,57.7707696288008,73.9246212847507,83.439745563164,62.7416333719744,112.272777325991,74.847580009626,87.2231318947101
"ENSMUSG00000036918",404.537988089873,335.274827702756,393.372497370503,496.775064964405,416.883896963439,476.653002366704,299.379256257876,380.992464777581,366.075494541379,375.634486552984,498.582646047578
"ENSMUSG00000036921",0,0,0,0,0,0,0,0,0,0,0
"ENSMUSG00000036923",5.62576402801748,8.76699679729012,9.6283707885371,9.85779166423834,9.53502013883834,6.95746646933158,6.4639031745144,27.0464931211136,7.71081652301891,5.93547349176547,5.17519867972254
"ENSMUSG00000036924",0,0,0,0,0,0,0,0,0,0,0
"ENSMUSG00000036925",0,0,0,0,0,0,0,0,0,0,0
"ENSMUSG00000036928",12.2014032253754,41.2824536205854,2.93179785855827,0,2.48558821087902,2.40773891226706,20.3100952995227,0.467678745721109,14.8049679585,1.32530100301668,4.31353987741961
"ENSMUSG00000036931",34.6637804746845,71.331470745201,28.8564774581344,26.8052467621898,32.1523051075592,40.3709863598819,23.226664687805,31.9241922451308,25.0422889337997,40.7160050736847,16.901454314058
"ENSMUSG00000036932",960.120362048524,963.012663001465,921.479224041305,849.061558545482,883.640235912765,965.981981929262,905.759864497523,1012.36819915614,904.395196694581,866.134317775696,956.204749806525
"ENSMUSG00000036934",55.2728071997554,82.7960631896852,76.4049988965663,71.0497219711237,76.5020427697699,52.8937509342982,78.775959105702,80.4443956193515,80.4268416723139,95.6387660522458,90.6351152631717
"ENSMUSG00000036938",0,0,0,0,0,0,0,0,0,0,0
"ENSMUSG00000036940",790.587636085683,746.451220546915,812.959383139566,763.035164219989,1116.91938414193,744.79255599515,983.73986930734,884.460910812714,820.862078129002,998.922988275909,688.383816467187
"ENSMUSG00000036941",118.718322448136,110.63231978975,106.076509206147,123.843444914091,75.1497438273319,104.021807907194,100.967511563143,97.5504625506657,81.6828460185723,114.706714340798,112.384623833292
"ENSMUSG00000036943",20.6595345193594,15.9200779842972,18.4478254216409,15.3758702986104,22.2462773279632,17.9718047947726,13.4688374774267,19.5602120733143,25.1059802997053,25.9098822724851,20.7603471449816
"ENSMUSG00000036944",19.1584760658637,49.095285025612,25.6298226701046,33.9922585993762,14.8504467549482,38.2215328742146,21.6737431852862,29.5324259569053,47.6916255678142,28.6466846028817,43.7942298870684
"ENSMUSG00000036948",375.23348242399,370.882992631867,500.122936641362,482.476697778846,345.571510808986,580.107879606485,470.617080562373,513.264541957665,354.850788066871,392.292589379251,297.141369477454
"ENSMUSG00000036949",0.691470077091803,1.03339719197926,0,1.10947719453938,0,0,0,0,4.73431901411941,0.95938251869299,0
"ENSMUSG00000036951",0,0,0,0,0,1.30584871727416,0,0,0.929408523796673,0,0
"ENSMUSG00000036955",406.260024981221,348.767992991487,405.055868487862,367.552468300744,385.682040102646,437.328218831537,365.658772240926,409.727226395668,451.732390568686,452.874428197875,330.237354789093
"ENSMUSG00000036957",24.0013345940455,30.2807632151278,42.633339797912,27.1397835669741,29.7585395824775,33.2642471649346,29.7485592606474,36.5281029602921,43.4697460296871,62.0729314604211,28.5660720514917
"ENSMUSG00000036958",0,0,0,0,0,0,0,0,0,0,0
"ENSMUSG00000036959",142.628569637005,104.213417285717,139.589048735753,159.429599715431,158.891260920539,163.305821368347,131.880393077561,167.90565212214,131.273411554997,1024.63043596352,129.477963675301
"ENSMUSG00000036960",1472.63891827322,1064.2574298329,1079.70648409221,780.431029759256,989.156736605109,904.689829988819,1027.00056020585,960.552240025143,754.856207888274,890.089062320892,845.065343543675
"ENSMUSG00000036961",0,0,0,0,0,0,0,0,0,1.8727338905821,0
"ENSMUSG00000036962",0.225181291720771,0,2.72294799484822,0,0,0,0,0,0,0,0
"ENSMUSG00000036964",0.609121699705919,1.98659511747457,1.56680079933618,0.962418147767381,4.69238801613883,0,0,0,0,2.48931060582029,0
"ENSMUSG00000036966",478.198690708374,440.21453152311,417.604671949754,372.796716563397,433.380369432841,463.597736373245,403.511677435149,413.228480398006,431.603934924227,460.939552384132,443.686589582031
"ENSMUSG00000036968",82.879912490616,95.704942614962,96.9629239533928,101.948423484097,128.233149504744,105.527330754879,80.9497232166332,90.7702952115197,67.911403761499,86.1281225468371,95.6788397829017
"ENSMUSG00000036972",0,0,0,0,0,0,0,0,0,0,0
"ENSMUSG00000036975",29.2127620667515,22.5415242845842,22.0384336900672,27.4129181531039,24.3502051426965,27.1963022166582,33.9445164011718,30.5222156911636,21.6299444931394,18.9651309402778,30.9322004173057
"ENSMUSG00000036977",71.0454935661781,74.2543400604621,65.0763076488191,58.55999675397,67.1416646921282,69.6216485445816,51.1168062695353,59.6746287634802,78.0661167013698,73.3778165434988,66.1938792422723
"ENSMUSG00000036980",546.543353877193,360.655942717505,654.883643151449,483.383872229984,155.255499683499,309.764164674328,148.758763332902,256.848357551152,278.187082320901,435.913738069488,953.376201571272
"ENSMUSG00000036983",73.9605932738933,106.012431284457,75.0490222864123,93.9015142547397,66.3051977028215,91.2324341328179,107.902062191362,106.413176242129,111.268027844592,77.9003565526212,113.139447469701
"ENSMUSG00000036985",590.375816360137,493.899776814177,519.397063142711,518.6395360388,578.443463652477,554.584810915402,450.186054752086,654.299782557034,557.120105864266,488.295143538668,570.257194820434
"ENSMUSG00000036986",589.710579114443,651.577803041755,372.181159225238,396.096931067973,345.099041720466,429.856350948918,479.118669809683,401.958170852309,520.623022650394,420.155516941878,367.754048013611
"ENSMUSG00000036989",414.437442783506,356.925845317014,371.774332555726,391.512914168543,416.532689245229,536.944687948479,382.742453253022,460.674096693757,404.62885989195,462.679256153147,440.691329999087
"ENSMUSG00000036990",424.575038895768,308.166419607174,408.148201224922,406.321300761606,315.1240198232,163.600710270879,441.50580103783,232.864582468201,422.573211170341,340.943751677253,315.113400254504
"ENSMUSG00000036992",112.357789287435,89.8552542184031,95.1277895088717,97.0458940196206,83.5584282099705,118.779141284415,90.7529168224962,83.6766951177061,98.79312942459,100.746724948555,116.366303705419
"ENSMUSG00000036995",132.182131611461,138.628365029913,94.2115163329409,145.64147661155,98.7986604297838,202.465582276434,110.44886973475,176.274895738921,140.689689798636,111.223187650108,170.084518840623
"ENSMUSG00000037001",31.6704807153369,39.8799327431925,40.7972219809471,40.450875425728,35.8677142488715,48.5170821304936,36.0470917172318,37.5146629241111,44.1401014406361,29.278917442651,32.0350394242214
"ENSMUSG00000037003",499.597579010002,411.520935232162,505.374616334741,535.789499812919,459.579545974762,527.391024190181,444.332846345802,538.328120814923,495.578531129315,576.28546651115,563.146520410532
"ENSMUSG00000037005",3.00535177572011,3.4860884979385,0.962393093532626,2.96582336511334,7.66044891835303,2.7690331397982,2.21119494645777,3.23545210384869,5.1567083080817,2.5541721726672,4.16301150701331
"ENSMUSG00000037007",98.6446100602455,139.67144050135,29.6216823755809,32.142381531092,119.184551294347,65.5005561480696,21.3266448888391,167.77786222781,21.3799457512105,23.5477625616296,66.1136575739182
"ENSMUSG00000037010",7.06575184620007,12.9214507382594,3.54216734437087,18.3827413686538,1.10704893879052,16.6054228910857,5.08789399232961,6.81334652253316,15.9273652126867,2.68681664410198,26.8629249311162
"ENSMUSG00000037012",1612.83259387083,1315.99345029288,1514.74394946878,1663.84158029537,1383.93318944243,1677.51067144714,1226.20306219815,1521.01149916882,1520.75912930378,1482.46927850884,2264.62862566594
"ENSMUSG00000037013",502.146550905456,457.418980403551,512.456471050651,466.361159614397,394.336054063608,530.406539878534,457.098709558886,521.81743647978,517.076496666171,492.010094137551,530.083682947902
"ENSMUSG00000037014",0.68580564157177,5.39272587532747,0,2.18389895005603,0,0,1.02744442092261,17.7329760258126,2.82963126533379,0.943447339128411,2.2960979643056
"ENSMUSG00000037016",5.52293727926938,7.57493988765546,5.3252099342458,1.08945283298906,5.26744153626836,2.57119946982454,9.21257798071871,2.97026977692171,3.7817605426252,1.8721919310425,3.41871464692509
"ENSMUSG00000037017",367.950281805286,289.497694010802,369.391795530218,576.279279764164,424.992799614349,362.543740565738,354.071399876484,378.315796628719,391.42480649998,419.985855076033,355.270422539027
"ENSMUSG00000037020",766.060549670221,925.394289687703,1220.35167528108,1280.90450118992,900.552140721179,1126.91416141401,882.913273429704,1150.28052737865,1236.89743795824,1091.22020720484,1018.64005712654
"ENSMUSG00000037022",251.757624252004,367.260256992735,288.049183920461,331.89444642333,278.438486509137,369.669660947525,312.328306330448,317.351719656604,309.808969324934,292.230497056272,264.009019008012
"ENSMUSG00000037025",0,0,0,0,0,0,0,0,0,0,0
"ENSMUSG00000037028",0,0,0,0,0,0,0,0,0,0,0
"ENSMUSG00000037029",277.358981351981,256.519451246125,226.932399083309,212.014669552218,232.132057036823,258.827259513054,284.676057541746,228.777809813512,243.773227945513,232.230542686875,287.751303744989
"ENSMUSG00000037031",953.741595829659,862.00956476607,867.649558397376,1179.90345665015,687.72095670008,810.866900574681,740.823036256947,818.658836679419,970.210833020148,812.755152191984,913.60196672836
"ENSMUSG00000037032",42.9389199744365,55.0654580119797,86.8978802824714,59.1685533635459,110.528814449316,66.8650080314093,69.8243923811622,94.9851879252578,66.5702318477813,78.9310118826253,75.6495277656176
"ENSMUSG00000037033",0,0,0,0,3.17283223185442,1.27973943099813,0,0.991076622445968,0.943858496078147,0,0
"ENSMUSG00000037034",0,0,0,0,0,0,0,0,0,0,0
"ENSMUSG00000037035",8.22554621728304,26.0088231045819,17.704494114778,15.2120047237602,26.6637591231895,16.6894093660267,38.8833762266674,20.6312499330242,11.3239897354312,15.0399283491264,21.7790580840418
"ENSMUSG00000037049",1115.06813203839,1222.15115795014,1101.32749854285,1216.00182234061,966.831475466223,1638.46335458782,1120.75852526686,1385.60607274988,1078.91825904477,897.26192077997,1003.27595518585
"ENSMUSG00000037053",0,0,0.828150151419723,38.0659378009557,0,2.37976019806951,0,4.6320225406108,0,31.8729703757735,0
"ENSMUSG00000037058",506.751478093108,530.337171792815,646.194163217026,695.129849473365,638.326500357994,568.507932644374,645.204133268614,653.453739063122,602.067790301472,664.368753875893,506.858927883791
"ENSMUSG00000037060",148.582025071315,141.269945370966,163.764993756716,163.832744788863,254.073051060947,137.97610442183,136.141379457478,141.488700014945,141.92104124865,131.760863596569,168.362052993577
"ENSMUSG00000037062",1590.96765969528,1800.62257672788,1772.02680689243,1825.88631726665,1747.91202788226,1818.2145455152,1802.39515333097,1805.18751895988,1805.73551501499,1985.50889413606,1667.78678277411
"ENSMUSG00000037070",333.268933419519,345.203421206537,286.031594123431,278.783554964228,292.454193831539,306.025975643007,294.229045090884,283.242787788882,330.830355670778,342.051465170372,302.814795885469
"ENSMUSG00000037071",9323.85510505714,13840.2722605188,6846.82981398707,11578.4429786363,9254.1726304953,13063.1783302939,12731.6158394425,7773.08441104281,7900.95769323118,8577.70037154857,17182.7933001961
"ENSMUSG00000037072",1934.05977814466,2339.2870735122,2245.428616633,2247.88119134177,2106.21523636413,2223.9530701604,2500.85845643433,2288.03562008177,2120.68670452465,2116.88814232031,2282.00098616486
"ENSMUSG00000037075",433.672883919255,400.1274321579,416.671383162124,415.008016368705,432.96242209461,433.279797241864,430.813090728575,436.649190981596,418.383915584427,489.040069791169,432.509729730119
"ENSMUSG00000037085",126.656360031071,128.656007812801,122.487538820604,105.68495893419,101.778289037987,114.730742327788,118.551647547694,94.9884796778567,97.1689312780894,86.5955460089913,129.757058126011
"ENSMUSG00000037086",0,0,0,0,0,0,0,0,0.946762884136551,0,0
"ENSMUSG00000037089",1603.65506763238,1889.12856191166,1747.53808687046,2208.36272964795,1523.73327949705,2383.34784136974,2120.58838371839,2206.30953497734,1844.27940939708,1814.36115593664,1745.70845960992
"ENSMUSG00000037095",2647.67064759935,424.505885900288,1126.6986855515,876.901425593723,1161.16486004758,1109.15822503174,955.307949402827,291.9056814893,496.175448419577,797.952535296534,2030.49940193615
"ENSMUSG00000037098",498.953547934825,544.280881856889,570.269510887062,442.045892222293,472.587873680398,562.200321563546,468.647367664811,461.246170729229,538.374058266366,455.534103612106,604.639242669695
"ENSMUSG00000037101",0,1.08064173486522,0,0,0,0,0,0,0,0,0
"ENSMUSG00000037103",491.362112254204,502.043338758828,574.552182654533,322.815792385012,581.865874073237,508.732855242079,451.262259863068,419.403159322896,452.961333862398,539.687031846356,416.078787348007
"ENSMUSG00000037104",174.168047022539,154.720666616059,113.725222678107,112.929158164801,183.165740771423,86.6683943457097,161.201139192031,91.5690124716555,136.462801384876,135.351208391384,184.97564700383
"ENSMUSG00000037106",2.75975707059354,0,0,0,0,0,0,0,0,0,0
"ENSMUSG00000037108",37.2883419566225,60.5345571054135,21.1576344458734,37.3966384370177,42.0062133325487,31.6273734849324,16.4873046189172,44.977783308819,19.6570590646314,48.3972706159546,26.1606128274335
"ENSMUSG00000037110",138.342134678998,86.0596566815489,86.9125736825587,100.514370251769,83.7381428364835,80.2225639091388,112.329070200967,79.3265331325329,80.205901390474,127.231807718817,146.324544381965
"ENSMUSG00000037111",251.76962217496,218.246852122237,314.438151919193,309.191729927647,286.206358630827,195.955659223808,303.333320053044,343.98576637331,298.49625906209,324.536608619779,269.649389068538
"ENSMUSG00000037112",276.919297028505,228.288268017389,230.44061882158,255.722375744684,328.491032747093,198.081940110598,243.366348378482,262.715503677698,238.299121557771,282.311301548425,290.893522067879
"ENSMUSG00000037119",111.416756048287,86.5295817284168,93.1812657764558,89.6916464712473,118.978339314127,57.465253494082,119.786177133948,87.6979070589981,113.39169380912,92.663975668657,111.950896614143
"ENSMUSG00000037124",0,0,0,0,0,0,0,0,0,0,0
"ENSMUSG00000037126",41.1393764158437,15.1521925654568,88.4501832582666,105.01930183566,11.0070401550068,55.0549744741828,71.9335978721331,230.802413545387,101.711970009242,14.3404948427573,66.7108141889365
"ENSMUSG00000037129",1130.39160139325,1369.26826443261,1502.22951254265,1580.38489110899,1562.91233650457,1656.35759187662,1370.6114428669,2228.0914532792,1305.06413572226,1598.5732880065,1355.08618927468
"ENSMUSG00000037130",0,0,0,0,0,0,0,0,0,0,0
"ENSMUSG00000037134",369.030238038011,352.892945180671,315.609123557187,392.927168162991,329.930179240012,342.74279186812,354.203727198484,330.185607948699,371.458734415045,320.001574617368,352.460357243568
"ENSMUSG00000037138",21.3944895383776,33.4953745291937,6.21164771754033,6.5287955781706,7.39786575518548,32.1323460081893,5.10845883091855,3.95853245426447,6.62932423695239,14.0311852982083,7.99033148570029
"ENSMUSG00000037139",8.98213215660608,4.33120012218681,5.32350612613824,5.44038670394906,57.0922207264594,1.28805674664571,3.06662839329539,3.95042012796463,9.45693133825266,0.93443260452087,9.11716429469747
"ENSMUSG00000037140",0,0,0,0,0,1.30583447798237,0,0,0.929418658403609,0,0
"ENSMUSG00000037143",0.144862017084883,0,0,5.27128918980262,0,0.267110342181469,3.05816642993305,0,0,0,1.805032290785
"ENSMUSG00000037145",243.467020749522,74.6904351083324,1349.9470997185,69.9736660957754,341.642849626702,141.908780452418,534.440458673889,51.2904334227798,405.133037684107,217.728309513216,367.331651679756
"ENSMUSG00000037148",784.803610997208,586.545979215835,676.775478104079,745.894204231288,678.97914706077,677.266395681198,620.431655234091,743.999890213512,702.460259717554,612.957464486634,729.430169370028
"ENSMUSG00000037149",1562.76948264584,1637.53834683014,1510.20664900426,1602.75574584654,1590.28282200189,1498.61729216764,1772.54160611345,1727.22166725621,1657.84119241609,1462.23176285612,1758.69099245763
"ENSMUSG00000037151",30.4724547905801,19.151494091765,14.0206443866134,14.361508916424,16.0404163848558,3.89841669346395,14.5637817102474,10.7396191292784,18.62191025677,7.70709325663223,24.3111921163992
"ENSMUSG00000037152",138.711400774022,131.882587452029,134.030917048125,127.567805348755,150.157818379259,152.630086918503,138.242671875493,153.639318746448,121.180166758629,123.842020689063,123.372645740933
"ENSMUSG00000037157",1.37432340824877,0,0.885970789432458,0,1.05846901141763,0,0,0,0,0,0
"ENSMUSG00000037159",0,0,0,0,0,0,0,0,0,0,0
"ENSMUSG00000037161",0,1.06954122929672,0,0,1.06323009649215,1.28026562293463,0,0,0,0,0
"ENSMUSG00000037166",50.5790349408665,67.6959812556197,46.9153703479335,59.8442155444716,54.4978644204321,60.7479953081886,56.9998617259862,64.7823965387745,58.5486779711617,36.8198306076648,36.4357299931594
"ENSMUSG00000037167",0,0,0,0,0,0,0,0,0,0,0
"ENSMUSG00000037169",0.683594209336154,1.08408545157339,0,0,0,5.14198946324029,2.05136861139311,1.97393184351345,0,1.88732789639641,1.140481805269
"ENSMUSG00000037171",1.3752273959454,3.23552080558042,0,1.09033853365295,1.06533357535632,0,3.08209048673844,4.89539237937512,0.938470041516801,1.88648032750916,1.1444113267436
"ENSMUSG00000037172",71.0246927138436,67.5774732023647,75.328617770092,79.601889341496,64.4779784046934,31.9995942860224,86.8447732274325,66.4436961893792,91.6727253089191,77.1914597651373,87.1816078197631
"ENSMUSG00000037174",900.618703276112,923.804828222278,761.921072180088,708.693375428219,944.842522318045,662.844103896804,755.597516637847,1089.59980040805,670.275811210161,1113.70544005369,627.588427194202
"ENSMUSG00000037185",3.58019113648145,0,3.4417400817003,4.83523758564523,10.9263873475332,4.58067042051769,9.62027659550582,4.36051547653708,1.67030870455843,7.56584715255077,6.06912125930882
"ENSMUSG00000037188",0.682845031038108,1.07795910850919,0.885096030785616,2.19135229261205,1.05485829553842,0,2.04914806302805,0.993423480565552,1.8971065999538,2.82263257193433,0
"ENSMUSG00000037190",52.0433932313636,298.625032959657,267.239675354172,44.8866506321238,57.4552810769824,50.5921347208356,50.6026821334136,48.3638029231284,380.136864748048,42.0421628868825,50.9552065326495
"ENSMUSG00000037196",2.03475854048754,4.25873845274354,6.17300825613833,3.29931160150569,4.2546904137511,1.2768475251649,4.14250928396513,7.8560096224972,3.73026405309058,1.91873157409843,4.62189579154326
"ENSMUSG00000037197",763.914338528367,812.980732462478,741.878190346253,845.539858998571,801.926421218924,774.777160584586,856.744873383995,855.6937425242,752.883343007662,838.686773284827,893.57900695894
"ENSMUSG00000037202",7.56227113377967,24.8532485856497,6.19856928605969,0,3.17487473754862,14.1989175705874,2.04954965017027,0.985724523451546,6.60505805086075,9.38895259820612,7.98883810372476
"ENSMUSG00000037204",396.828152951705,396.47761372511,483.197672132744,490.633589411952,364.457007848387,445.278994686029,453.632068412347,399.454689361846,396.101871018039,337.520994005702,510.190705621405
"ENSMUSG00000037206",84.0078049135933,85.0861579324493,62.2701750533613,69.7088190850784,130.739366363088,54.636825165161,35.8388631262389,109.956422517746,80.0267026297918,69.5150230242636,62.0721918001955
"ENSMUSG00000037210",785.148078286624,530.379964771925,566.285753911113,833.100751496659,1112.00441436145,580.604326771838,607.242624741294,646.540269960003,596.208885660907,867.616960626006,860.278214771287
"ENSMUSG00000037211",85.6427644674108,50.5826726835557,65.5218247608566,67.6900579253117,117.390562627103,92.2763494074183,62.7305351655914,149.865972910573,99.4590813345276,103.116025611174,63.0947512078453
"ENSMUSG00000037214",67.3099537945538,58.4757992349438,46.5090851547828,50.8031336016667,59.6024111247825,58.2406881257713,54.8922260571757,67.7648900304512,35.5512678124688,61.5351185055896,48.5275458127172
"ENSMUSG00000037216",41.1606223219184,54.151790442616,82.6152416357161,41.0523414373438,39.6854896082755,50.3955573788075,43.3010400259449,69.1178574336263,61.8029602543521,65.708842021906,77.6354935152632
"ENSMUSG00000037217",32.9630750775309,14.2344120468277,38.3126177544495,19.0643607735223,34.7644554075783,29.212388470911,30.8090601455863,50.0539971746276,8.26508893004409,55.7360422903158,11.7512745988883
"ENSMUSG00000037221",265.201717034298,339.637266877529,315.598554390701,314.501802382425,244.712214428335,334.052187726192,413.669659725996,380.746029837921,424.778742483747,310.327566993379,379.705815062556
"ENSMUSG00000037224",11.7815108325596,14.0983652320288,12.4272919750388,5.43463783605614,10.5964355760274,14.1504771380461,6.14029568465869,8.85595176944191,11.3216293703971,7.47800416270224,2.27830090850897
"ENSMUSG00000037225",2.12157671562617,3.76871291839783,0.718363545710679,0,0.870481970435872,2.08064037464653,1.7181150679185,4.58889264740458,1.62946642235498,0,2.81623077867478
"ENSMUSG00000037234",272.899434678388,535.575274963017,570.989167181356,361.986233561278,370.527815157422,209.84678362522,454.663635379545,471.814000520652,327.041153893434,465.189359187795,167.417601845432
"ENSMUSG00000037235",657.931195606621,631.466891925572,812.689387694966,910.940551896928,717.007264574085,655.66570735769,752.811897697298,704.349655115977,782.554349641993,872.93046867593,695.038242265511
"ENSMUSG00000037236",1489.88906256111,1265.56232256672,1409.57920516396,1435.5888909639,1518.20819243554,1300.27896200447,1603.2057366987,1234.8411354649,1886.76623868691,1648.34804407627,1559.5075197808
"ENSMUSG00000037239",5.44612717388628,9.73652689269374,14.1520021247583,5.43956318311007,11.657434846343,5.14019191105832,6.16616547704892,6.9154389989279,9.44701663206956,6.62602333764386,12.5538378987762
"ENSMUSG00000037242",446.034656190851,392.018163225133,487.287990457664,472.871996129075,453.584413108163,391.587689955136,427.326080526916,494.57735162933,411.477017457103,507.247487680427,610.345532045266
"ENSMUSG00000037243",710.452172019401,951.382842211924,924.009748377989,837.222775616299,888.607607866693,1284.12238929852,922.089124406069,980.378445173902,684.92456386148,903.41121180676,914.253771710831
"ENSMUSG00000037246",0,0,0,0,0,0,0,0,0,0,0
"ENSMUSG00000037251",74.2622944168695,58.8560199464036,74.1834280021997,73.4279653274894,67.7064654165858,78.5980523848154,72.8228046236982,66.2674209047778,89.5712729940868,72.8963333413505,74.6281114506582
"ENSMUSG00000037253",329.695060734589,268.296978340751,353.631743633756,276.708181580845,412.52519456653,235.043135677507,382.06985200432,271.048333024942,333.295116546615,428.439324541709,302.206896410216
"ENSMUSG00000037254",2.75576684174386,5.40495743230611,0,0,2.1023016416231,0,3.08883113255636,2.9648482036392,0,0,1.14080455664069
"ENSMUSG00000037257",197.601300090249,198.143943036029,252.735788916981,252.160640481245,173.613362055636,201.531793003251,209.683279358117,261.155500155774,279.022893921369,239.270179456275,214.626615779353
"ENSMUSG00000037259",2.76002890555118,0,6.21232877765819,3.27253767680852,1.05356971795803,0,4.09711172231578,0.988965349872024,5.66261196177795,1.87781967190186,1.14270710412033
"ENSMUSG00000037260",794.749836593263,826.092387844536,861.24944954339,999.369648020544,828.765942882287,896.909045313614,816.066200538872,955.831670197745,848.545370821381,940.880583954968,797.452531171641
"ENSMUSG00000037262",238.160609845552,268.264884855942,235.528806389704,239.733917373389,247.658649048525,214.458886035466,282.186966813415,246.629183841883,227.053997258697,239.702060300503,206.648463753284
"ENSMUSG00000037263",0.686400440188652,0,0.883530688078674,1.09065044604104,1.05640304559018,0,0,0,0,0.940755210409838,3.42191476973123
"ENSMUSG00000037266",2469.49585691438,2904.03566856505,2840.83899037724,2860.33352572114,3371.87147791909,3300.81051287363,3987.56674095595,3644.26249231505,3091.35353494594,3984.87992094441,2896.97196401986
"ENSMUSG00000037270",1253.23840316212,1403.39015570709,1385.60143260848,1376.12883065156,1283.38250896452,1068.0302428573,1414.10358880091,1331.93338200341,1531.49592564446,1337.81926709421,1307.37183478854
"ENSMUSG00000037275",373.341781942916,304.252486863711,308.612508227564,346.55202733928,321.397665535274,375.582859446823,249.361032636007,307.538298702236,388.152248788847,306.967800011037,397.218974907329
"ENSMUSG00000037278",83.959308018692,94.1800433286908,71.1329161598616,81.6252894910484,75.0658459899124,100.263938957735,110.274054863171,101.614942869568,86.335741671139,84.1103478810543,128.062748643512
"ENSMUSG00000037279",21.7048467517718,21.4848974657051,32.6413289918134,54.7422149550475,74.3953222124171,33.5317229478357,68.0071853572739,60.9042305061947,28.1762937502439,56.1043284819731,14.9077167284188
"ENSMUSG00000037280",24.0590924330964,79.9369142234853,2.65874006499086,4.36134070599518,8.47123698002522,33.4975995479305,8.18889536179096,6.90833031413079,10.3912216726897,31.8736331062832,10.2770118186727
"ENSMUSG00000037286",426.25865928658,411.189745653038,418.480505998222,858.685592938252,379.476427140251,377.469976761866,376.793071007463,398.212056734754,365.699969391526,423.836269444838,344.03087883012
"ENSMUSG00000037287",36.8286243884543,58.6690763401382,59.8523075627348,63.6743625105517,57.0586847743333,37.7429889405848,40.6699357396615,142.294544634109,48.2553430254433,39.7896795472826,52.7132199985061
"ENSMUSG00000037295",120.080506102801,115.41560738327,116.605569543751,112.472641659589,122.299412931669,126.410988562006,107.139385324392,159.327555476148,131.10156045591,142.972222184167,157.815588284525
"ENSMUSG00000037296",94.8332001565794,127.067165511481,108.889779763492,123.698161445157,108.440885364849,94.0610487811753,105.829263447191,87.5304906532709,119.588655205549,90.0234657411156,109.644688824023
"ENSMUSG00000037300",585.037689351622,791.465233244703,638.38495236855,797.618543414447,632.510266849922,714.499872085985,760.163687719003,880.917492837154,685.77987010185,639.765651216402,747.783903058792
"ENSMUSG00000037306",2135.82203491221,1548.40339899431,2193.38081113217,2143.97272194822,1799.88738854936,1808.69051590329,1854.20865399932,1579.43618743467,1787.17412261813,2077.06781530051,1801.05218985278
"ENSMUSG00000037307",0,0,0,0,0,0,0,0,0,0.936366945291053,0
"ENSMUSG00000037313",72.5907609135519,199.851647465607,39.5026172631514,49.3861029152524,107.833128120197,84.8719519247446,81.4270145990383,72.0866617937716,36.2938203200079,31.0436250807941,81.5822864027755
"ENSMUSG00000037315",52.2183302798385,44.3667473201548,65.6498156717597,63.4637402140323,69.4106954571758,47.2708034176735,69.2407246937617,64.0305359246514,48.7695027168597,72.8694826466085,65.0516064118722
"ENSMUSG00000037316",196.538013944154,181.572032955886,225.860106017598,187.686839537669,182.054307869297,174.923594903469,184.774467334659,186.408861996962,167.854207821567,198.657841210428,207.907729276155
"ENSMUSG00000037318",53.2888805504372,165.650433105584,24.0558507290927,40.6494804659705,37.9945996908227,185.83226328692,35.4686987124704,49.3075972555319,72.2892012816066,78.0531346957892,31.6525737585621
"ENSMUSG00000037321",797.887304576834,967.292087332087,528.958369274381,598.14233341187,428.870241888801,696.245078316533,590.963125827495,440.975531844148,691.228287212109,905.434397166218,495.54883170978
"ENSMUSG00000037325",128.916874247686,107.708123855751,131.499148009193,163.861839750855,125.180118429065,98.4319829731472,135.850191946532,112.302154776457,134.303889530244,121.385725205707,129.733996560259
"ENSMUSG00000037326",1202.58997166665,902.179426111946,851.281614879643,1041.93879068011,904.299505015565,1271.99893134422,744.885211781517,923.321940754573,904.589827908054,1060.34205255745,1207.76434340481
"ENSMUSG00000037331",2032.72041391698,1777.46668313833,1734.42479768467,2042.97626479311,2052.75097739802,2112.83951303375,1838.71224840552,2016.48075753591,1913.7533891963,1939.63633588951,2239.6305634462
"ENSMUSG00000037334",0,0,0,0,0,0,0,0,0,0,0
"ENSMUSG00000037335",0,0,0,0,0,0,0,0,0,0,0
"ENSMUSG00000037336",68.8356923970691,54.6561312693512,51.5111461815981,58.714238185572,53.2827265453225,56.2971546544194,36.3348929115983,23.8793378394378,25.709410511505,49.5459852871327,20.1163556718261
"ENSMUSG00000037337",111.908018452069,314.39313270669,68.0290406830598,66.1977635313636,55.8472048583481,264.597349848994,58.0751736400901,56.1050445364416,75.3655204532609,116.6030488355,31.8262687304309
"ENSMUSG00000037339",232.611524198401,238.80516571532,249.489656733738,376.754789931653,205.804780801383,671.075991433542,333.548078814794,374.211752219209,331.483406218769,456.252327281687,635.916109998769
"ENSMUSG00000037341",90.672372760378,63.7523124158182,121.945954701787,70.0520532151197,59.0848211085208,79.0214241852121,86.1095741469825,88.159477693366,104.782818507933,71.7265858213447,82.5080734771026
"ENSMUSG00000037343",310.629172356212,451.053486486261,315.922067924884,391.158201210923,390.647745063108,405.295393023274,507.516565030198,518.178088431277,382.773292843971,346.709428619447,441.806648801938
"ENSMUSG00000037344",622.411095039493,701.363959412151,367.195063880767,322.915237157167,385.516008155267,391.311494256909,530.886799803995,651.501535048107,492.927910120505,491.949483053936,401.236701106172
"ENSMUSG00000037346",0,0,0,0,0,0,0,0,0,0,0
"ENSMUSG00000037347",19.0184512906913,26.0287318586258,15.9036555411575,11.9446614482716,12.6573290997683,18.057107170198,16.4538123017281,20.8176215933324,22.7270571989469,20.8401434627783,18.1972666127551
"ENSMUSG00000037348",23.9084845668161,24.7538102086059,10.1645924909648,11.5564262773276,11.2835791742672,20.3986349276069,14.5140313200571,7.78367033880887,17.4059808836412,21.6620929937076,14.1484167111195
"ENSMUSG00000037349",352.177991032745,338.487415166734,312.001609452348,305.746093049915,225.714063922333,425.316192401919,292.927015330434,340.205512467449,324.901756114119,304.610509215619,462.154072608306
"ENSMUSG00000037351",649.741451649659,645.742226422988,680.183793745716,733.131084301007,722.341687049068,766.580756132655,728.593058276343,726.188641283839,667.437714712115,669.321692525223,736.004053485333
"ENSMUSG00000037353",123.120665253631,127.366929087818,144.260244733812,192.143061698419,137.40166974758,126.859045667282,150.290414992205,142.877928203564,131.075560058033,185.349565313888,167.106703328264
"ENSMUSG00000037355",69.1095913872665,64.7724352820239,92.3949046767465,78.3854345239197,64.3875168755944,53.2628283982567,92.9877112104372,68.14915470346,82.7755372723992,74.8485419532982,93.2559921121492
"ENSMUSG00000037358",2.06152008703546,5.36461211961015,3.54007659057414,5.46459165735221,9.51184142644258,5.13477528593311,2.04866248406478,4.94713223641751,3.77206230572413,3.7736704964952,8.02403282076872
"ENSMUSG00000037361",148.322185258886,163.442754696374,180.975804691527,177.377534171339,184.625844454502,136.934656281029,194.076533699059,155.019730593228,166.141886588092,152.000726940064,140.80750189657
"ENSMUSG00000037362",2.73589695593402,2.14852542023271,3.53947483024697,2.18417046657324,8.49824681531951,3.84888693742132,3.07713502503312,1.96769854052588,0,2.83156182101769,16.0431366314809
"ENSMUSG00000037363",22.5159544511884,45.3786198224141,25.8618625498159,25.892577354448,36.8492603690956,29.4475044436078,33.1297130983582,28.7113001725782,28.6394674139813,50.9825206500616,37.2464247491363
"ENSMUSG00000037364",1962.49291328779,1811.32594830843,1637.41942649965,1368.86511476028,2616.04039168783,1909.50866734363,2086.65992475883,2051.16195960586,1526.59880409552,2083.09423957906,1738.40414407785
"ENSMUSG00000037366",83.1259103017049,80.9059120919416,124.749292379186,115.695837041828,129.27504131362,110.91131432664,80.0467067722682,65.9015096765233,89.4269745239394,84.7674904402162,132.532891533167
"ENSMUSG00000037369",980.622861963172,1014.5188277983,1178.16230668047,1105.07130145997,1225.53745028382,768.660329935522,1117.94542006704,985.174388566565,982.821114546312,1121.93442927918,961.413311694023
"ENSMUSG00000037370",106.356061644157,125.526322816772,55.7367650369279,114.03384567791,140.218892149396,80.483797964004,109.440286993495,100.945960652567,58.8994984529249,112.620391562821,142.148206770895
"ENSMUSG00000037373",1941.79188644584,2582.02938751792,2408.78668985688,2387.49312749119,2391.37102618039,2665.15387416916,2667.58348658499,2604.20246324631,2205.18233668569,2344.90170073858,2556.8298329052
"ENSMUSG00000037375",5.34783076467634,8.39055462193478,6.87070998013653,9.35604899112366,13.2136483526708,7.51253625454297,6.4021859735942,8.18888864107072,10.9673503943795,7.82365133526421,7.12151635400606
"ENSMUSG00000037376",190.102292657316,188.159556738048,163.311860746921,166.579196586875,167.447926333088,182.84275395099,172.369487272557,126.797747801419,201.939002959736,159.432376649433,239.731888447088
"ENSMUSG00000037379",207.661307857824,207.399314407007,174.887534724105,105.856074923637,232.48553509293,125.33656749588,163.716645388701,125.147871569206,87.1286983844135,132.375121697603,132.446910332195
"ENSMUSG00000037386",13.8445889996326,32.2716868143884,47.798209314835,13.8617884336288,53.0229799905193,25.9430264543445,47.9923751907941,7.84234074539277,41.9993887511189,1.61142307608874,37.4570925292799
"ENSMUSG00000037390",0,0,0,0,0,0,0,0,0,0,0
"ENSMUSG00000037393",0,0,0,0,0,0,0,0,0,0,0
"ENSMUSG00000037395",89.5958638938308,98.0762123332068,87.1481799081799,90.5100921287784,111.74635048383,91.6181598051176,125.789959481526,117.411164171844,118.774316333972,106.860956657726,129.702540940411
"ENSMUSG00000037400",670.562360044049,944.721163468741,964.575837223525,868.500280162026,974.072598219773,889.171478178436,760.637846655428,869.62398795857,823.636968998111,953.45153136844,622.814469376147
"ENSMUSG00000037405",115.337687037668,166.511017357053,83.3702263313034,46.8085810878952,119.02111175578,121.946170492067,64.5912981345525,63.8377860772442,50.8220069769139,109.868287235083,47.988714125167
"ENSMUSG00000037406",1.37359888323268,0,1.76760418954468,1.08898973257261,0,3.86463045889862,0,0.988907456278546,0.946387002693045,4.69691235996789,1.1480703066747
"ENSMUSG00000037408",109.736579649626,70.1675457118585,57.6981681449337,65.3438890018414,56.1527705945704,98.674130010283,70.6113673124351,81.9715392906365,75.5359016093498,73.1113503726282,88.031690455569
"ENSMUSG00000037410",113.706735278501,82.061375192754,97.5540593279151,82.8194927916809,140.335176196522,93.8595856877399,82.8155049027089,128.799301615367,94.6298306262341,93.6904684272516,109.567364137277
"ENSMUSG00000037411",40.9158597858448,58.0945024619483,74.1449726417862,172.973574187445,50.7466926319071,53.0899507442318,19.5098277034541,67.0458237792167,90.4480764489662,49.1149228650486,32.0225107434921
"ENSMUSG00000037415",318.756744252539,317.271494370469,315.971404541547,387.066148450834,370.831227339482,344.628835592944,301.433259559469,417.937909919592,272.649838704898,442.026718840271,360.183384623085
"ENSMUSG00000037416",502.024730953009,528.568867732443,550.736734503446,577.189942908177,474.672176473253,338.102325879764,726.176114297144,562.566935374837,619.400006725145,454.342727377699,511.759346891762
"ENSMUSG00000037418",3.30223292262586,4.3582416802273,3.39611671315661,3.13739307478811,9.10667095222988,0,1.96163114617114,0,5.42595238526442,0,5.48859529424399
"ENSMUSG00000037419",36.4436436623171,64.4718962815395,71.7419277393901,41.4553222637504,54.8952961104269,57.7657618570065,43.9615945587534,73.4087458677811,57.6927165256818,60.2336840017811,58.3927442798486
"ENSMUSG00000037424",0,0,0,0,0,0,0,0,0,0,0
"ENSMUSG00000037426",308.92397801651,343.976636070685,354.748231216725,436.521152399672,303.844955152358,396.802802644328,371.928614350654,417.039777242653,385.334474334398,385.945383442197,271.151837588293
"ENSMUSG00000037428",0,0,0,0,0,0,0,0,0,0,0
"ENSMUSG00000037432",0,0,0.888759702715175,1.08951922972888,0,0,0,0,0,0,0
"ENSMUSG00000037434",208.094834555806,188.847501172445,208.014758591444,181.647898696055,324.492728608162,199.017226736571,270.927814355316,222.024839054273,272.573138976219,336.818863065589,160.215746812075
"ENSMUSG00000037437",0,4.90653345407059,2.18429927182037,2.94900770402305,0.819965302202618,1.14822260616292,1.85792061508475,18.6956827249952,0.832415424952059,2.95981414089552,1.02448173125848
"ENSMUSG00000037440",12.46112430634,3.21654861761831,13.3102122986615,3.27165155819156,1.05707658167612,3.82158091178834,12.2849269710688,0.990892737851291,11.3098803542836,0.942001863903952,14.9236649453918
"ENSMUSG00000037443",172.229113969674,221.306930822951,279.637213598196,117.781398019691,171.751724426312,130.162890591204,122.840261616392,88.7046549269764,181.523220514964,160.96980290433,119.64185618841
"ENSMUSG00000037446",48.8909532052897,110.69186650311,127.71127904281,162.877565679413,96.1059813287347,158.857701345769,175.276030624253,180.497728469469,109.306259690975,152.369225894507,90.7706861757953
"ENSMUSG00000037447",496.946889947239,322.893021781314,412.368166530996,446.248945820962,1048.47931072525,479.043541378639,574.159400292231,617.656840947254,503.685467866077,875.698987165329,400.660455307983
"ENSMUSG00000037451",0,0,0,0,0,0,0,0,0,0,0
"ENSMUSG00000037455",300.910641735458,298.327121879608,199.146148361866,434.73343041343,447.36476749921,273.981357930114,321.717649740163,333.947137045714,232.773362431482,335.297470807611,392.908301905402
"ENSMUSG00000037458",3478.61685660769,1534.12376096372,2820.58133102167,3544.36927494655,1588.18719331563,1847.24190732104,2252.34760244906,1896.14699676206,2429.91357336368,2077.09952747866,2166.28481154947
"ENSMUSG00000037461",482.446607759988,383.403234633331,393.80236196461,569.130628408879,659.908979728323,451.091693837345,462.385851000969,399.716819565223,388.699523726003,440.065828003667,431.955026069281
"ENSMUSG00000037463",1.03137636477105,3.3435636775865,1.3254540133592,0,2.68181796381354,6.09111193786548,0,13.1008999839046,3.30422796454559,9.11548520129391,1.14937698704177
"ENSMUSG00000037465",71.548697182079,70.8645532923746,130.536281843135,110.452274237918,211.628705545583,110.539494392093,112.982453553457,148.298037079149,83.8121443231974,193.247906164511,91.2049859855991
"ENSMUSG00000037466",39.9559546524276,56.7464688600431,31.1509042113495,40.0578733467399,22.8384199806853,74.4633547710984,36.8371807592001,24.355746975188,34.6207124621102,31.3752859877366,32.3647622845446
"ENSMUSG00000037469",0,0,0,1.08937161574435,1.05531355933403,0,0,0,0.940868287008832,2.8136139400671,1.1412450283123
"ENSMUSG00000037470",1420.14574673443,1344.48730502279,1148.13746216951,1296.35299416758,1129.35040812648,1321.06322350258,1293.10245353789,1384.89280477919,1266.66293385219,1078.62180197506,1473.91155387996
"ENSMUSG00000037474",10.9919448725914,15.1209132676721,9.7561145238448,15.3173266044073,10.526434477852,15.3461244077024,12.3790708359389,15.7902700923411,16.8986696354067,12.2885802729487,9.13550990003437
"ENSMUSG00000037475",813.443863214164,1035.5487191454,1147.98078955484,1228.61687307843,1048.38052822787,743.51232463439,1158.83748554856,769.646384723688,1026.01759936824,1364.83187811249,1034.13440891877
"ENSMUSG00000037477",0,0,0,0,0,0,0,0,0,0,0
"ENSMUSG00000037482",0,0,0,0,0,0,0,0,0,0,0
"ENSMUSG00000037486",420.747588634635,452.634424591175,474.322121075427,436.433854913166,332.693796857636,265.473794486676,369.865452428223,300.157712046658,442.598037311364,365.266226010583,502.452910385709
"ENSMUSG00000037487",2594.77178525639,2551.44280643247,2821.68420338708,2495.48282417582,4218.51307846751,1836.97242075332,2411.00850507873,2424.50180390175,2932.61929486453,2539.01474675513,2560.62166076264
"ENSMUSG00000037490",106.181917869123,84.0597376667726,142.806922223957,81.9129671203907,141.366156247813,62.6241897085631,134.608513355716,128.494297499793,98.8040170611172,147.036016013604,98.3665738602782
"ENSMUSG00000037492",0,0,0,1.0895783501383,0,0,0,0,0,0,0
"ENSMUSG00000037493",148.60258035347,153.318250948719,130.245886470064,124.389277349179,149.427759776986,161.362728191727,140.683418210667,152.384697475836,117.618768049275,145.404714656291,118.515791546648
"ENSMUSG00000037499",165.615491415075,199.950178093861,145.749343420608,191.195329515572,146.601665448968,243.99385731339,169.20300094332,189.202500735286,152.055883335571,159.317280913113,198.192724980232
"ENSMUSG00000037503",171.012368467844,172.671402866931,192.926696963594,228.821158407875,241.936376205553,159.039686113681,213.408222355749,193.377346801643,216.443423961686,228.861049603635,192.060643591767
"ENSMUSG00000037509",12.2592278100251,21.6724325507641,9.04668409635618,5.60165607479899,10.7926358247688,19.8195913039133,13.1124803691349,7.3514544686121,13.1396365065028,7.2506604541251,10.2054689166206
"ENSMUSG00000037514",265.530688458564,296.493452353261,325.687847746546,279.490864965954,310.040774490134,289.880422723901,241.674534447665,344.026796812015,275.358265353692,353.217975896677,228.345588156614
"ENSMUSG00000037519",1856.40188149121,1798.77836936097,1832.72500016587,2165.83005159859,1623.65739908408,1569.46074221283,2121.36718142698,1889.08475521277,1769.35542579378,1636.62778068083,2102.63238692417
"ENSMUSG00000037523",866.051866675875,872.431569049506,825.827957323397,1058.42974823598,615.100679462007,1040.4693850297,818.094865594578,903.622865833427,1088.12336623183,912.57318086475,1189.49974190109
"ENSMUSG00000037525",76.2080561661525,101.939389337443,89.1827477178926,107.352845679442,81.9038183175151,112.089731146514,77.2100136397546,86.397122970077,76.0331300773703,106.25767711821,71.1695675018317
"ENSMUSG00000037526",172.230525597811,168.259617824999,226.564501451715,297.796540644251,345.963964927892,178.479633991509,214.642578276058,213.782287770817,167.398147951622,244.122733147672,180.533631358568
"ENSMUSG00000037529",0,0,0,0,0,0,0,0,0,0,0
"ENSMUSG00000037531",129.241911531602,109.390518936164,85.36295839894,103.974906278245,95.364728821671,103.889782270927,82.84876927787,80.8906029652687,112.891456413983,98.7687882968071,122.977868072631
"ENSMUSG00000037533",231.350077198645,214.144516282053,292.805147547494,285.595193677056,268.481755364537,307.417870872058,253.841475221865,244.734714262648,307.120690591857,289.717803511271,193.333601105657
"ENSMUSG00000037536",114.668355184084,391.116725953416,478.577477203082,531.378133807547,787.055386425796,619.851708552967,125.581343328121,99.4753061863082,276.683462546287,494.409610576798,107.308594681944
"ENSMUSG00000037537",0,0,0,0,0,1.28191223901898,0,0,0,0,0
"ENSMUSG00000037541",575.21609226409,766.335905618134,691.252299368121,1160.51894422101,469.273017237056,635.00271540213,864.763298462094,693.828899129486,608.488778400459,418.667964303712,1070.1798989725
"ENSMUSG00000037542",0,3.21409500340818,2.65218910462825,0,1.05354814722859,1.28587237991596,0,1.98454692045048,0,1.88181472291011,2.28963185909247
"ENSMUSG00000037544",8.94082601172536,22.8145882144577,9.0036340769386,10.0454613418559,13.6067641875713,46.0828209219545,8.49289041970042,5.48159830737689,9.35340140319853,9.52195640523791,0
"ENSMUSG00000037548",81.4365185467752,264.699625979606,53.2757985894911,100.685826288953,87.838917090474,248.444579859408,40.1098687322586,101.174639453526,58.3271625026479,169.885873316531,38.8690061886711
"ENSMUSG00000037552",207.86466605267,388.036516367943,164.267285994695,145.025870067272,533.34917688791,299.605666150562,294.562750310039,338.204530746762,156.189422881713,195.157937110676,317.687742845061
"ENSMUSG00000037553",261.568047708414,218.841830630247,193.355322220675,205.47118151308,267.609087423855,286.758636329599,199.785462538274,178.351548660682,187.790467473085,240.917634122847,208.31750208539
"ENSMUSG00000037563",3830.11087732294,5223.42080490684,4185.20417424618,4504.50755638849,3920.43234552451,4659.13310571779,4348.15278012255,4164.16700408575,4118.02946221308,3701.91599644364,4009.41783432089
"ENSMUSG00000037568",0.686003617515112,2.14929467379959,0,2.19642958241709,0,0,3.08700789820915,0.992356921628837,0.946036734452407,0,0
"ENSMUSG00000037570",465.008710143493,622.512168208217,445.067284631634,433.725462669194,455.92926229772,471.397845416797,441.468142255335,547.632158197916,548.581237177214,418.940751653963,459.306091269924
"ENSMUSG00000037572",45.75389255968,83.9576084205516,54.2964986250649,42.5431488094925,25.8970102257653,54.5198937623294,50.4215316014345,26.1820499689836,64.5600268482091,58.510644836425,49.3921154076623
"ENSMUSG00000037573",3210.86765734899,4520.70392386137,3757.45171884204,4337.00949285759,3145.67548986479,3947.99646525979,4163.00427127681,5674.28113925104,4849.36909579281,4027.98562873787,4127.06088019866
"ENSMUSG00000037577",6.17774483963876,6.45815015863053,5.32963089889026,5.47885438024625,11.5779134925673,12.8707717291196,1.02697946307459,3.96875892101206,4.73524886084241,7.39747028600891,10.3530376194423
"ENSMUSG00000037578",13.1401188683839,4.30375237761584,17.7338679215277,17.4337919058544,11.6072364023176,15.3926658307404,17.3708571862793,16.8468310275998,5.67095344476793,8.44908280954746,10.2939469932361
"ENSMUSG00000037579",1.38074003271022,1.08324377240471,0,0,0,1.28067872809705,1.02317258129822,0,0,0.935626158113428,0
"ENSMUSG00000037580",338.345243094462,143.441382213652,263.565197321215,182.142144452133,219.91863857176,197.775963394263,212.763332848577,155.251288130379,197.570430019531,226.646144550677,221.019510662884
"ENSMUSG00000037583",0,1.08064173486522,0,0,0,0,0,0,0,0,0
"ENSMUSG00000037593",5.93214854585899,8.63943620200467,1.28893047772002,2.82174983823933,7.92541392921949,9.93461833108938,4.4115028372421,4.58909128137088,4.87740472061384,3.24506230213742,1.97541953064185
"ENSMUSG00000037594",67.5176838451346,40.8516849820032,62.7367940411882,65.6575023538846,57.3736875853212,78.6281358664312,56.5440154457336,57.0041908300067,72.3847068158659,69.0612177695009,60.7481010000516
"ENSMUSG00000037600",296.457994850124,263.098812933448,326.052458727249,368.969089500324,240.75370847319,312.592444061785,331.69654220968,296.837048380648,368.701390132727,444.154515164047,308.440843497703
"ENSMUSG00000037601",713.955834781676,1057.22606667994,771.34247129097,845.235258272106,911.909079051345,976.206206854204,1045.33719891761,952.740615040633,672.993215747597,737.632279979034,766.000025129335
"ENSMUSG00000037605",31.2900619119342,34.6462707315913,31.4321517451241,33.8980591511114,27.5010531415712,11.8107293702198,32.7335246174191,17.464335197209,37.2545754704198,32.7216023350003,21.0918601170153
"ENSMUSG00000037606",735.995723686221,871.733176967352,1086.38998926385,1302.30359115931,816.103147256565,902.834815148475,1039.34509757648,958.40661471201,1210.05264622828,1296.03690407803,1001.88489130289
"ENSMUSG00000037608",748.931459157689,4925.33871063696,801.418860104803,869.492729087369,737.951166674532,1953.76877887235,2863.68196963404,846.050048370392,3524.16998242385,4343.34488296333,1844.47906770437
"ENSMUSG00000037610",1.35823133423731,1.08457579967548,0,0,0,0,0,1.00476871231703,0,0,0
"ENSMUSG00000037613",10.9202465096643,18.2843603974494,13.6879275777868,10.3960845227499,15.2907441967399,10.8661529665676,8.9241275263165,4.17472742339615,5.54291165076547,12.6859148574768,20.1470268422024
"ENSMUSG00000037617",35.3569171775842,70.3488324682819,108.568473340484,43.9531651888494,45.5608123079976,44.1155475016357,27.8359264053663,168.701953436666,37.9597726872047,42.0429111639488,56.8791765679237
"ENSMUSG00000037621",5.41269098609501,5.39886981012892,21.1844419133848,10.8940133438476,3.18337471441472,5.14655707678188,7.20779028965156,8.88161264738627,8.49028580682096,9.51268786603351,10.2904163123834
"ENSMUSG00000037622",568.049887312498,480.736130505964,599.266833814438,744.532625501478,549.585663927206,521.910703690544,547.83571645178,572.109457400512,650.367400981203,730.524638283121,502.734157304026
"ENSMUSG00000037624",9.74477681296378,16.4328049072374,16.5176828000951,9.29262261462743,12.245984268249,10.8941069704382,7.86847740589348,5.26635755517862,15.861499327603,8.94236706539853,15.1055995534174
"ENSMUSG00000037625",0,0,0,0,0,0,0,0,0,0,0
"ENSMUSG00000037627",0,0,1.77278237636417,0,0,0,1.04518926617884,0,1.86086229991774,0,0
"ENSMUSG00000037628",4.82287514300153,8.66059005236855,10.1364722091878,5.40565430038708,6.25685219087083,12.5997383542594,11.2174976929452,8.9208387130717,9.48455550965674,9.44092903361626,6.78967512365805
"ENSMUSG00000037636",6.18096583660037,4.28740883902951,4.42661496431816,7.64920799568333,4.23421169822693,5.11243005221397,7.18490779968524,1.9764124692525,5.64631322806307,0.947198811219438,6.88774026055917
"ENSMUSG00000037638",181.227012754366,176.509770069124,198.418068851273,243.888797207038,273.252615549025,260.263885068044,226.390905020342,309.793618619001,191.330363567885,307.530558614981,159.848848315539
"ENSMUSG00000037640",109.590990497838,39.4040028350231,97.756675474287,49.7971936841804,44.8304760763656,50.2121471113162,49.9384115376956,138.612657203371,58.1140590639197,44.9704713047681,351.706053876779
"ENSMUSG00000037643",514.492676824639,430.249405442654,539.462233203847,477.043038234822,618.182338400325,366.205211145355,505.572707876893,523.470561891584,586.813727179578,581.659506773854,655.323762714375
"ENSMUSG00000037646",784.811574369014,764.749464416966,882.680011627375,1016.76587163463,825.340163455286,693.866895867478,835.830614087803,898.192194559258,934.593412249693,864.787783877441,947.349828837698
"ENSMUSG00000037649",131.625028898943,271.944258577999,125.830852412825,119.813510515288,109.176369099284,184.184097042237,109.288048222596,96.3608705430727,112.655104752368,132.411847805753,64.2731016649198
"ENSMUSG00000037652",160.090145490802,136.852369093755,227.466337863265,161.056154915033,149.444614388848,56.6461446205243,231.663808314324,158.248740940508,147.934069312557,167.418987927132,131.896545238819
"ENSMUSG00000037653",0,0,0,0,0,0,0,0,0,0,0
"ENSMUSG00000037656",524.619675887619,466.859744522872,574.403950616989,585.059562238923,608.534024911943,525.439520533019,545.557947130256,658.933214520828,558.014916722218,699.273536836471,477.002519850636
"ENSMUSG00000037660",0,0,0,0,0,0,0,0,0,0.936366945291053,0
"ENSMUSG00000037661",192.330607228984,255.237576991916,282.032231298448,379.815735992797,225.416910506308,256.988112270687,273.978836559962,285.441991841728,271.345990389913,298.990237771347,330.714301199746
"ENSMUSG00000037664",51.2509669052415,23.5289396879579,16.7611045524507,25.1614811496013,22.747934578299,35.6218047515664,12.047563762787,25.6874515293142,27.3297425076656,25.3809943757379,12.2190545988683
"ENSMUSG00000037669",196.102777756934,204.117304585488,201.665203938836,239.21656825474,206.635605582906,249.60023497481,236.438844478098,383.501452269997,232.781153133461,178.762990280644,223.197826070952
"ENSMUSG00000037674",510.917620276068,605.274268171994,520.050114391708,389.273596304897,436.638686406524,482.488501870194,532.444808501017,561.109495096682,534.428121260928,402.408675507867,464.998341088627
"ENSMUSG00000037679",218.239565384106,249.328444920691,175.871445993438,177.748674765537,257.060529434161,240.43826512198,213.860917674024,230.908221407318,187.454411870209,281.113477124604,302.405317201334
"ENSMUSG00000037681",1482.30751528633,1155.49762029609,1594.18208766811,1483.51820132077,1594.48645202222,1173.51748665652,1472.31537203721,1345.39242179964,1637.16453399715,1758.96747068384,1712.86125163367
"ENSMUSG00000037683",0.688117724202503,2.16702055420575,0,0,2.10597469789295,1.28045236093714,1.0310888457526,0,0.93937876917644,0,1.14113840243632
"ENSMUSG00000037685",113.630246725798,116.109731354908,158.328853594489,124.931946825853,113.253670778851,86.4878672543019,107.818595668764,82.1231424995393,103.578054212964,232.855685442468,78.39823917162
"ENSMUSG00000037686",139.165862516318,93.6096958512361,80.0708412262877,54.4691296189963,110.969799445343,149.594382851372,84.5884744263217,134.657166036525,57.0462314054779,155.404361405823,55.1003753557568
"ENSMUSG00000037689",0,0,0,0,0,0,0,0,0,0,0
"ENSMUSG00000037692",929.207432067062,1087.71993619078,935.558194784121,1270.27715095917,736.875234416528,806.962042978494,790.981634691569,1098.23968551418,1407.08929397164,1310.5148904804,1250.42076414552
"ENSMUSG00000037697",521.610033824312,641.787736926194,648.875314754488,532.415830907444,651.42825560055,521.912692006393,561.45717196552,526.482344788107,605.380814608007,721.22102362483,537.199644619948
"ENSMUSG00000037703",216.166843825425,175.912911294444,213.084077856562,180.93038397442,180.184955794706,228.076828956355,178.3893303736,185.569579012774,191.148395726157,227.076586369306,231.034740928054
"ENSMUSG00000037705",0.693051004862603,0,0,1.08769737297707,0,0,0,0,0.94593542688205,1.86939259075059,5.70163336117906
"ENSMUSG00000037706",3416.78415753872,3185.64503349761,3266.64618316008,2996.29759712023,2876.84391119535,3019.50853209174,2972.56009630356,2849.89131260423,2710.96728249884,2811.51726296587,2795.27694645549
"ENSMUSG00000037708",0.610600847903288,2.8799557928084,0.79107592425824,11.9746846647198,4.71622181345402,2.30775438912575,0.915859288712278,2.66462629996576,2.53918737231898,2.52870382313022,0
"ENSMUSG00000037709",320.432226776355,575.512334433787,570.972563374835,455.657408138315,815.677672726165,444.454096662315,615.3258853643,728.956001850764,537.114937853744,822.330374465959,367.420397644169
"ENSMUSG00000037710",171.755341437603,253.712507232248,160.908992484031,212.784110280514,187.895156568077,183.640693442748,232.456724954645,169.529392402317,184.932352667218,147.975748216347,152.755410648953
"ENSMUSG00000037712",921.127042778443,706.368937973415,1039.83603163776,1028.30078208984,1174.2925441459,1040.3350026291,1220.1793212881,1592.19563780847,787.832356736557,1078.71920394762,967.737111814313
"ENSMUSG00000037716",1.63458325747632,4.50150638436525,0,0,0,0,0,0,0,1.89759598490435,0
"ENSMUSG00000037720",351.790244045887,352.686464783116,421.595943817166,489.5597989139,396.461641795959,370.847208334884,516.653243621616,450.336050218091,415.934259933235,421.026832050888,407.346589289471
"ENSMUSG00000037722",133.998179434504,122.485870039673,85.7023105072058,235.235061853936,100.48478267141,102.472955590723,165.153496479295,98.3402600994363,85.3603778999215,152.251283375739,104.547743092265
"ENSMUSG00000037725",22.6301037451271,21.8855276348717,16.939490967682,6.55731661844667,19.9003879683536,16.6420984088829,14.3715051196788,8.83917724318053,16.8142545532796,8.47301896490058,12.6547738119968
"ENSMUSG00000037727",0,0,0,0,0,0,0,0,0,0,0
"ENSMUSG00000037730",217.013158969947,160.89146206457,177.686373922033,150.917063552624,189.566740906194,141.934205297619,337.494030553421,241.847603554464,153.040153021513,178.952200802911,131.293474903671
"ENSMUSG00000037731",100.410248638309,150.555551428628,80.7547147493703,109.825054543082,132.661518900459,124.619769087497,73.7484768149336,70.7600330391429,86.6773302843017,88.9842230166432,83.2704557394312
"ENSMUSG00000037736",193.447682867494,25.1311714832757,13.3704776505704,31.446860941124,36.1824620165449,19.7155788037369,133.397592383654,29.3823332244924,21.7397574863709,23.9965039432458,150.447954567431
"ENSMUSG00000037737",0,0,0,0,0,0,0,0,0,0,0
"ENSMUSG00000037738",49.2908773346747,50.2202457221186,95.5169142544632,75.7831825334421,99.7415728404988,68.3411737053935,69.3810229383443,86.5291735486665,106.227698142529,121.753900339566,42.8065720511147
"ENSMUSG00000037740",267.588349677735,302.483849578809,243.712393246458,376.110792226432,257.229706624016,321.51175362678,321.094794982414,281.705454611032,293.261049653894,269.018517925372,317.547924967214
"ENSMUSG00000037742",82584.5387034547,85811.8159743344,90177.3707287854,100594.80995816,89993.6866995188,86082.7889461066,79869.2451185405,93829.424739472,85359.5473124159,75248.26046864,87366.2569433707
"ENSMUSG00000037747",0.664766738006594,2.14320748664785,5.05079629470973,3.28965026789707,2.60281925508075,2.54775878963596,3.12456336715824,7.72755732373259,10.673095429615,1.91036959411305,5.63455362282852
"ENSMUSG00000037750",102.941061035408,118.939381056955,109.007740120274,115.362480141311,117.500311078947,83.3932510653107,134.161611854219,107.297623456996,128.558124387756,143.735969227009,102.906301852255
"ENSMUSG00000037752",24.7115820767992,42.0945527528828,16.8049241707708,29.4733391762038,18.020866906775,34.8508793471259,37.9877951854762,33.4149610368787,20.7011297493033,39.5650923237084,29.6995638811689
"ENSMUSG00000037754",35.146666765235,50.8183799814939,14.1821857504186,21.7878993830303,32.8603896615118,43.771438721211,20.4902370219237,25.5961289503782,30.1769600048465,31.8983418399659,19.402062353006
"ENSMUSG00000037759",351.035346067214,186.312332208451,294.562816126601,294.811030980297,355.490224916712,266.349716070399,159.246742428473,321.167361059587,375.82078881924,279.638737139174,363.89352651192
"ENSMUSG00000037761",259.791983842718,249.178190997541,210.710475953178,263.122156717105,226.625677760817,276.879672262906,228.033219750406,230.655714562576,242.54840548754,291.226050812855,256.613832312322
"ENSMUSG00000037762",266.883070651917,320.015244547216,228.211000506873,312.507187826429,285.19087640383,320.750174499855,271.328539022798,401.398220384552,380.8065414185,344.133142686124,312.3972106166
"ENSMUSG00000037771",0,0,0,0,0,0,0,0,0,0,0
"ENSMUSG00000037772",290.125658158024,339.466941495013,307.893170225185,332.042692281338,265.902098082951,286.580676711317,270.190050383825,298.031896414523,282.38273650638,259.188838360675,286.165763112073
"ENSMUSG00000037773",95.9125748129766,125.58739685251,92.9084330106956,84.9736550741703,116.524225043488,129.17161031303,105.760410439914,119.678991964532,109.055199560125,127.892278559171,95.7296614863065
"ENSMUSG00000037780",0,0,0,0,0,0,0,0,0,0,0
"ENSMUSG00000037784",8.97740527876922,16.2240189364282,16.8752330793546,5.44267671058418,10.6111561608684,14.0984312486342,7.16231547519612,6.89576846284434,5.66319333748911,9.37310387054772,14.8441576444016
"ENSMUSG00000037787",327.494185855867,372.80044275604,160.009962880262,304.919004434325,135.594937861533,152.043435005078,182.468645115403,159.625758398508,154.803083348234,180.412613315947,175.371944062525
"ENSMUSG00000037788",165.481182416587,140.501307398485,199.292450456786,164.099447684614,150.447942187528,166.08225297162,169.496289721527,173.957487970447,204.491529653509,163.429899780247,238.201165218537
"ENSMUSG00000037790",0,0,0,0,0,0,0,0,0,0,0
"ENSMUSG00000037791",1042.12991674047,1069.64811918054,1824.72190812708,926.327571750063,538.121825564652,590.118798484905,1337.90777052488,527.410647361337,944.315449017974,665.972390599291,647.636919196378
"ENSMUSG00000037795",204.403340869135,176.094763577393,216.103046075278,227.193455013459,84.0074594656907,89.6388761879338,214.833241393923,145.923628565179,216.889473385209,132.674596871217,142.86290062961
"ENSMUSG00000037797",0,0,0,0,0,0,0,0,0,0,0
"ENSMUSG00000037798",0.331186165721558,0,0,0,0,0,3.71656544694484,0,1.63103007460238,0,0
"ENSMUSG00000037801",1.2700920141036,0,0,0,3.71889018880662,0,0.9436284344416,0,0,0,0
"ENSMUSG00000037805",6927.12102274371,8008.69077648833,7588.10629956821,7604.33897949649,7278.5146822685,7690.05952471457,7978.60466018351,7824.50817447281,7283.50739329721,7293.72150865386,8218.62346493078
"ENSMUSG00000037808",150.688907575764,99.2699309477388,120.364769649012,90.1974622597754,193.618051046613,58.4084773824733,177.621270140543,93.6375428703751,172.74343134011,147.92192892682,96.8381516604039
"ENSMUSG00000037813",8.80570676158026,9.52634113374702,1.88431014628831,2.30115640699099,6.25293908102746,5.40620579487156,4.99847917509311,6.75538835577092,7.40118465273949,2.74207997375275,4.47879477808655
"ENSMUSG00000037815",2151.77111290848,1496.9751844605,1687.77315514181,1719.1429258726,1804.83594988673,1586.20989422461,1434.13365336592,1937.96795242815,1908.02994834325,2224.83316693024,2037.68014323443
"ENSMUSG00000037816",36.4515292713669,30.6796172870896,58.9972138551784,38.0490828369014,39.7219710838782,36.787380836829,35.7332921608341,28.9153559061875,25.0688751999722,50.6812911321299,43.934983100546
"ENSMUSG00000037818",72.0477203944907,55.855174222845,95.9594124019102,75.4335633512698,112.179729977869,32.5737902862578,52.3997250092966,117.247338208454,95.0937873535135,115.749863849839,151.297844594327
"ENSMUSG00000037820",471.467939423388,321.012570711103,459.244169199601,296.919126511266,558.135173897534,371.311312987896,363.758238198447,324.304748365379,389.127566152331,378.280521571935,464.58210677446
"ENSMUSG00000037822",225.096559362412,276.771068992695,209.552661127685,269.18562400812,217.23730149905,251.292907274523,288.520820743927,256.911350907879,215.273954070483,222.704357412377,235.592523862583
"ENSMUSG00000037824",1009.75391461952,1100.93571107334,930.481080562244,962.243052141125,998.075472777235,1030.04541916835,980.196492456051,1090.43619797499,989.790207265644,984.140675487802,1121.13864030139
"ENSMUSG00000037826",148.149201506486,101.615105116426,238.422284302208,75.3749356366747,80.8692081671847,52.2007604679652,149.436914701989,61.5532452991441,154.945307253588,68.0015715012027,127.41123966249
"ENSMUSG00000037833",26.2971033085368,31.0504177724632,25.480749724444,30.459087903988,28.4581713205408,22.3517038193755,28.5845158737274,15.1620269098019,15.4009517145446,19.9173172554368,42.5963161418842
"ENSMUSG00000037843",0,0,0,0,0,0,0,0,0,0,0
"ENSMUSG00000037845",206.037481479185,236.632178467617,171.633002528393,132.430490074038,181.879573096579,126.484492664862,135.08819432764,132.433418320274,130.735273713413,172.794079199207,132.265911160488
"ENSMUSG00000037846",0.689239255710213,1.07743472989577,0.88743378010535,3.28084082301621,1.05720809837018,1.28448198733549,2.04237621211375,0.991619959107279,1.88975556293834,0,0
"ENSMUSG00000037847",20.2731991943413,19.025106327881,21.4209907784504,12.3045005846971,20.1683129902335,26.416725896109,26.39167368323,16.4293385471674,27.3760654791082,30.3625679085289,29.3793564760526
"ENSMUSG00000037849",40.9050075473395,60.723371185414,6.48483029778024,15.9988018887415,8.42147633011588,52.9774797635837,25.2963661926298,4.32516897020365,13.7108382165833,19.8950105651051,10.8272414850613
"ENSMUSG00000037851",2137.3944665595,2096.79016160497,1997.98353004537,2495.81420404442,1885.86734333566,2150.74754990227,2150.67648889075,2362.57162975011,1849.7849421854,1780.07861508899,2605.91173690171
"ENSMUSG00000037852",104.624030886874,53.6219647033001,59.4477151434943,58.8072126404112,120.445487100751,63.8213680230135,44.9045045990148,62.5355929603318,47.2664463589637,47.9516980913008,48.1728529410803
"ENSMUSG00000037855",6.15990423075748,10.7617131094625,9.71909245452117,5.46716025645371,12.6898835715504,10.3370492327796,9.23527698649484,3.94408378005449,6.59506786506319,6.60399649727492,4.57420614984566
"ENSMUSG00000037857",358.458070214926,389.216898084712,485.006827974612,430.035146182405,343.240772906347,187.779178553118,422.021202826986,327.791423850419,314.441684782099,409.105447809127,360.108296545033
"ENSMUSG00000037860",22.2389945170852,41.8833919754961,37.3470577175863,23.8583223374046,67.2592195762689,36.4185144464873,16.5367576802473,14.5463043890515,20.7061566076258,20.7498014722051,8.53104393951905
"ENSMUSG00000037868",79.9751407164815,84.2451026071599,226.505139268583,123.959222825408,251.540240367491,88.5369685225389,74.7603161655551,134.28309916798,61.0771968600257,86.2822762155589,26.2328811251935
"ENSMUSG00000037872",15.7003588822209,18.1926387644876,24.7266773491281,18.6263206025864,32.7868451263884,23.1743408652701,10.2627134401115,21.7402906394269,19.7776491533164,21.7984539109642,21.8076205383881
"ENSMUSG00000037876",947.795487526799,830.447902065646,1065.00080789186,1131.39262142184,1150.07985183758,579.509665191597,1082.27985644739,665.807929777638,850.016883965098,948.487922440348,785.096968696788
"ENSMUSG00000037885",161.062090690635,149.319232258638,184.729356812157,242.355025604579,202.089699767797,163.619812585737,237.429652814012,188.812383511557,130.67464772989,211.326228449966,177.364977785287
"ENSMUSG00000037887",226.712456467866,138.283555957698,331.72300424096,156.272635097641,138.606150546459,113.829403111082,173.511272793125,173.963188606809,66.3641341857335,201.433929104813,49.1032282108024
"ENSMUSG00000037890",37.4320519780881,109.606006924602,61.4296868925711,84.8527256094149,43.6971715428642,23.016240761966,152.420645948642,99.4518529956263,122.144791192383,47.0854598178892,28.4581411431709
"ENSMUSG00000037892",35.8714194287302,24.7640294919137,37.0952500352144,25.8924747692334,50.2174500363596,14.0297573752485,32.7149621046035,38.3666292057367,46.4085473045383,22.4818479863499,44.3539333346127
"ENSMUSG00000037894",521.537026545859,597.944976222439,603.101880518401,639.287509352136,578.892988005289,601.040604465307,667.408273018858,619.889217492737,519.872455815119,557.647920097918,484.265228990964
"ENSMUSG00000037896",222.826827069794,195.360605276621,207.740258730897,219.831362086843,164.350800160238,140.22798670721,225.843683491035,220.289630702421,212.859119590332,210.962235202604,217.198648801711
"ENSMUSG00000037902",263.730716593568,297.932643956843,381.657146728087,346.275722471221,401.7823220071,287.61442031172,224.939166717963,380.625877275427,289.722140342966,333.460751056308,282.519519377893
"ENSMUSG00000037904",112.28255741828,94.6430373992675,73.1811367405473,100.215331269774,65.6427059474083,85.6824657778521,71.7839434030854,66.8928217864899,75.2421163273522,88.8608232383461,93.4917133291687
"ENSMUSG00000037905",21.3730430736474,28.4725538042103,26.6563294718679,11.8198973505185,26.2556392956269,28.9872276219787,19.2472003445063,24.0053222600962,17.4695266175015,27.0269306029925,21.459199997567
"ENSMUSG00000037907",205.92093522318,90.9432844400657,162.62493355392,121.79706650315,262.066220115964,176.137045081462,110.980036515756,229.311491556892,143.202716949418,206.380464442246,186.609324837579
"ENSMUSG00000037913",0.718410181835154,6.46194517375528,0.981773999023158,1.19944954500055,0.810597489245709,0,0,1.80269943296513,1.02607061628359,3.14625511683146,1.24010762330956
"ENSMUSG00000037916",1798.2799795718,2084.9321594934,1728.46739543233,1980.29344355989,1827.28237849742,2043.85854968415,1865.74670582747,2126.58016557696,1843.19073020358,1679.82372244124,1837.71468456997
"ENSMUSG00000037921",97.1984877449818,73.0733881054258,157.981589500476,42.3059183740146,59.657562311643,39.2001622246314,72.7297097412402,30.65402024296,42.4550945481514,40.7809762021541,69.3182489404245
"ENSMUSG00000037922",19.8148314354815,113.958932374773,1.06253510869812,0,3.22920437364162,52.7018937001399,2.12206205805783,5.03634788930233,0,24.4934621054131,1.36875537201078
"ENSMUSG00000037924",0,0,0,0,0,0,0,0,0,0,0
"ENSMUSG00000037926",80.8300935724507,145.928633400956,131.165567505283,82.1234322163644,86.9269878758449,33.6887261874732,63.2318072584076,69.0231725119364,63.0708179344177,62.1512263190252,69.2457535285859
"ENSMUSG00000037933",670.537162793399,452.674387962044,523.076324311683,707.65758139029,445.97417804971,395.57709000454,600.250294235713,538.636810830821,489.134323566123,646.552249870287,540.298302199165
"ENSMUSG00000037935",764.617255082108,753.607475430091,752.968551975609,723.249289358805,784.38085888686,827.986333914024,773.344608388473,714.519690950722,736.843494954431,721.545721211294,812.872484940709
"ENSMUSG00000037936",1908.24443364091,1709.70914189123,1906.57739565741,1920.35137629957,2114.67597696551,1788.06356563172,1567.2857820995,2011.93680645897,2011.28483908846,1933.9823343797,2324.69213063882
"ENSMUSG00000037938",34.4159217252612,32.4581685707605,42.4086290179547,44.1759933909177,44.4692319723656,41.2047813777468,49.8263540750884,53.7097359978207,46.8845385439116,46.7349622326145,39.7499215961335
"ENSMUSG00000037940",80.6480508471164,109.793366305282,110.725177112755,137.213142299747,79.7964010853966,80.3923044096816,116.223534903944,158.29087197537,140.69652452018,80.8742219975387,72.2228074221056
"ENSMUSG00000037942",0,0,0,0,0,0,0,0,0,0,0
"ENSMUSG00000037944",25.2575244946339,151.766574099859,0.883465782271166,2.18821232976865,3.17256846219636,60.7865776697116,2.05242142923506,1.97293156943426,1.88582823362733,36.7890296401602,1.14330132476312
"ENSMUSG00000037946",118.801570094614,109.926883075424,103.798688838125,99.922466653474,79.4702443773279,120.50025788146,131.624644233077,68.7700573905677,93.2987420259241,133.170524298758,117.110200599416
"ENSMUSG00000037949",1053.05636228993,1280.2238929653,1398.11736099072,1261.27673137614,1362.79379891979,1184.46561485645,1177.6062544994,1003.02651357896,1222.27739442418,1209.46694708903,1096.20512001889
"ENSMUSG00000037953",0,0,0,0,0,0,0,0,0,0,0
"ENSMUSG00000037957",736.953665558227,527.586470044524,632.524484750042,657.117726049934,612.144677768196,593.303850796526,596.126004204818,536.523126845562,658.025493576714,624.412563170973,898.666812225598
"ENSMUSG00000037958",530.132351544092,556.442370840984,584.672253095346,563.019250349526,535.204030654792,545.297418674359,596.967497509753,511.022845422421,555.364228752106,559.317659822393,518.41172364211
"ENSMUSG00000037960",208.294270150913,216.503177613156,270.402534557051,236.23442993341,261.370124785198,235.96738285151,200.853840275464,233.978585046032,238.613394514329,275.293480638987,214.662125678771
"ENSMUSG00000037962",1.3447956274791,1.07171223760727,0,0,0,0,2.0813539958886,0,0,0,3.48476872589522
"ENSMUSG00000037965",1885.83230338554,1990.70411466735,1562.20124249932,1606.01811747879,1668.84552124423,1866.59132328908,1500.90446130582,1870.68581501362,1980.97209701989,1774.33848277741,2681.4321496654
"ENSMUSG00000037966",169.864141083153,184.844365071644,252.765583959341,272.140372315306,194.720844820583,218.96180451606,204.174592607768,171.773978818027,233.87657899382,196.4131770473,259.354906193079
"ENSMUSG00000037971",148.357374673899,130.633732627591,169.298706738992,187.857596354889,171.99596687194,130.82746737588,155.634634766158,144.832918980595,143.955644222018,145.842159890426,171.469683838289
"ENSMUSG00000037972",43.7918636449167,48.8200479832619,33.7721485741092,47.802635632684,51.5883022599547,56.1789949141814,45.4914977374458,50.2581132882563,59.4798804435441,50.4285207494154,64.6210878271899
"ENSMUSG00000037973",892.11403838535,3159.2064142727,1208.95908124002,3417.6723790802,5075.57171297476,3597.49791846615,2655.63210761153,6272.18616643568,2662.44589921325,3773.02834518782,465.246464550574
"ENSMUSG00000037974",0,0,0,0,0,0,0,0,0,0,0
"ENSMUSG00000037977",5.97629659523076,2.13672236764913,3.51090919504448,2.20268411979451,2.156086016924,11.6536479196659,3.13619676340058,3.86898632260053,1.84917390498872,0.963651879355503,3.47847618975939
"ENSMUSG00000037979",17.6265201955192,11.5783125137481,24.3122053628081,29.8145879977017,22.9545634309095,26.3934833706277,11.0826618325016,59.7813638343843,74.167034521409,29.1457420222157,11.1208936385157
"ENSMUSG00000037984",0,0,0,0,0,0,0,0,0,0,0
"ENSMUSG00000037989",1539.23081723416,1162.91608293865,2703.77690905587,1915.88058837679,878.516639479462,1359.74127052074,1624.41839429389,649.313131690766,2370.704393062,1664.25246314896,2488.3971720343
"ENSMUSG00000037990",11.7089545428386,19.4893648750916,8.87777776585582,3.25952375876557,9.54317972953706,5.13126926603636,12.282489088208,6.91169806697002,14.1830992744226,12.1836197134965,7.98815276840576
"ENSMUSG00000037991",3.30082253176668,2.13472198988202,0.883489431817744,1.11952420283693,0,11.6972870143844,2.1194938928525,1.96081558685838,0,0,0
"ENSMUSG00000037992",102.741591667075,180.679575438988,166.22821893897,136.115607637824,268.186587572301,132.724179676546,215.324912339667,143.256952842921,87.5844481224941,196.485850956576,127.007483362756
"ENSMUSG00000037993",1174.40826247493,1081.9658298386,1012.17212189153,1131.37941644569,1184.41875927675,1248.09306753944,1010.90621194811,1063.5155648296,1068.54392526065,1005.33203393687,1289.15006178001
"ENSMUSG00000037994",2.07140313687751,0,3.54434304834391,0,2.1093076585091,1.27893516665433,4.08359328429362,0.991797231178051,3.77802979488258,0.939594487242031,2.29066178000548
"ENSMUSG00000037995",72.9720938005777,74.1972872707391,43.5531400698264,63.7164591050578,46.8997732696872,155.834061515294,68.3134485123085,82.6244566169724,92.6757152466264,242.890233787338,69.8660966905078
"ENSMUSG00000037996",0,0,0,0,0,0,0,0,0,0,0
"ENSMUSG00000037997",35.1082527304095,49.6245426179618,33.9986000067114,775.95456857507,37.2722538759551,516.761535873803,49.4474639818914,34.9890675697479,62.7979396395129,41.2679031447291,58.1023529846005
"ENSMUSG00000037999",254.027555331324,174.307338302151,238.149390135337,153.626497860861,186.74037068858,124.682884879829,169.277688563377,157.917400114707,236.882747912405,217.960259720838,192.290430304389
"ENSMUSG00000038000",379.223576280757,344.174018613601,407.83293366296,427.71424120257,307.795470897458,384.724779740463,338.509745445823,329.858368206016,352.025132359605,270.56259649802,334.329233824314
"ENSMUSG00000038002",313.049220565434,114.152583676463,426.725242603573,113.032286537321,534.829674753063,234.388097682895,240.807228640426,420.846696251893,322.546294711395,252.283276169393,254.976283260384
"ENSMUSG00000038005",123.535312822371,149.148492969809,109.652301977087,104.914981488843,109.87800366247,178.904143238331,126.212298906797,128.092170293136,112.404254243257,101.881491917129,120.715192285785
"ENSMUSG00000038007",24.8370788494278,17.0251143473226,28.6820043077435,28.0611464574465,46.3916892435487,26.6615599567283,21.1985299763445,25.3385281558415,36.1308064040086,48.6545275680922,23.3471720689154
"ENSMUSG00000038009",2.03536890106777,3.22022192553691,1.76441221773098,2.19567427022586,0,5.18616625363827,2.05624450757844,4.93849771413107,3.77178140261685,0.947752966813507,1.14652364644453
"ENSMUSG00000038010",38.1222366423401,54.8113385988903,69.3556070571138,66.9420807033735,36.5373600085126,42.3778020565422,54.9670071377217,53.883312064864,64.2388994854219,54.0481724674462,68.5231897523949
"ENSMUSG00000038011",70.9346456730961,53.2311110563822,67.8822640333659,80.0243676729805,62.4967538866059,21.7422837653777,58.4700525644411,21.944444307356,43.8380092809988,40.8257784922494,81.5552033697823
"ENSMUSG00000038013",63.3814278086949,33.7549267825093,71.9999662731742,98.6911994911176,59.283902328132,88.6637725035287,48.6119381267613,80.4721163995332,53.4376385184667,59.7605673388253,41.1091703170803
"ENSMUSG00000038014",3140.12945712156,2646.66162786854,3072.72349673562,3283.80883276758,3025.35385522616,2666.9788851342,2959.37278474293,3263.35120048537,3122.64980675998,3061.04509574208,3288.36026036144
"ENSMUSG00000038015",0,0,0,0,0,0,0,0,0,0,0
"ENSMUSG00000038020",59.8423337903937,72.5741794391381,76.1739788843536,96.8305107418069,99.5095858818209,106.976576645686,68.5243528527998,115.501524038721,94.557485549194,77.7791252136506,139.19777226283
"ENSMUSG00000038022",35.7097161364235,28.5480498256481,50.9235034607684,25.1393778484904,26.1943452317647,23.8033776295587,33.1434499516868,28.1284872355285,44.557293348276,23.9329564645186,27.969432977337
"ENSMUSG00000038023",1848.07168426427,1987.24153686041,1917.40403089105,1923.67012436075,1769.3201973649,1782.40380615821,2041.87726241001,2052.7607694407,1995.05061536979,1828.60892105317,2286.05726622698
"ENSMUSG00000038024",733.32620012821,421.278691165789,714.846086224495,691.718756018316,593.533760285536,329.750859037348,567.823226565521,498.255412957493,801.272567887246,637.193573991077,765.703576101461
"ENSMUSG00000038025",923.30183490361,851.885116518139,923.110979440501,1002.05720001803,1028.14943506535,1034.68248274075,862.900460527683,1053.12384260613,960.508498748599,1047.43787221902,982.888314455608
"ENSMUSG00000038026",0,0,0,2.16961281243481,1.0638875536652,0,0,0.982607468474322,1.87988575538786,2.82705035827842,3.43214155095182
"ENSMUSG00000038028",31.6724617799194,50.197005279372,25.5194484722423,15.4041971073787,20.1223286873567,16.8424994685441,42.2360782378539,14.7874957386643,38.5383752074672,16.2047283890262,42.5265532139206
"ENSMUSG00000038034",1445.59999683225,1726.52878896146,1911.37728648569,2044.68319632557,2396.97889575477,1832.7215910766,2063.22900833289,2111.65519148435,1768.42008956042,2435.78888332077,1899.67001753555
"ENSMUSG00000038037",16.3096089732792,25.1635942301179,4.46894944231464,9.74073099875909,10.4393971885631,17.826944193394,5.10423941133335,7.01210742216353,6.68825190203844,16.064542186298,10.1955587109013
"ENSMUSG00000038039",700.006590536189,721.447082829653,753.174413596597,744.066488841315,699.331942584185,635.252808837877,1792.67914494637,663.596080923093,847.274397606338,750.114891474668,667.214999007045
"ENSMUSG00000038042",26.661819124904,24.0124982656204,14.4549789823413,14.2440649109472,19.3391067086326,7.85738412738949,24.9864144405968,19.2499086105806,39.5842175392042,22.9707662288839,16.2446859861351
"ENSMUSG00000038044",0,0,0,0,0,0,0,0,0.944631770133836,0,1.14302734768516
"ENSMUSG00000038045",0,0,0,0,1.03932087219945,0,1.03594761823643,0,0,0,0
"ENSMUSG00000038046",104.434357909864,80.3658219819564,63.7647243859906,66.6252370958553,83.5179974533348,89.7284631054693,78.7691772816166,79.2992700388226,82.1710351708473,82.040188258621,114.735094605716
"ENSMUSG00000038047",71.3280605208573,80.6897814687492,82.0360837608909,63.6869904026943,82.136459598982,66.8736759573433,67.4769337221015,54.7105189356247,102.202836668766,89.0182428610256,59.2774842802477
"ENSMUSG00000038048",0,0,0,0,0,0,0,0,0,0,0
"ENSMUSG00000038055",38.2953202606422,36.7853600727215,42.6692380009289,57.9809407228664,39.0901036036633,39.642425779704,47.8876375799952,51.28609265353,45.4956738892708,49.014129958449,42.1755853543444
"ENSMUSG00000038056",1312.95381154728,1116.2330486816,1551.81524246719,1921.96940051227,1042.74414449176,932.267294316913,1413.28720065954,1320.7097462883,1377.32738507307,1487.1232802312,1591.57296284886
"ENSMUSG00000038057",0.713618270443086,1.090875698648,0,1.10349452563177,0,0,0,0.984768249964745,0,0.892542393749949,0
"ENSMUSG00000038058",521.870683774299,523.488124616249,1227.43428235599,825.306896657635,984.406411449549,1322.58308114593,537.995060365003,679.145516138046,513.20135972696,937.609458823499,565.605881880717
"ENSMUSG00000038059",5.09145014339684,2.13607058851308,5.27006423152544,3.2306029730121,5.53971525925477,2.53391567480494,4.05010664439197,2.94308148164367,10.2929005721186,3.70177428348445,3.38145076454256
"ENSMUSG00000038060",1.83915677336753,4.48170038728979,1.17986031431637,0.723223927618436,4.91865353855014,6.8472879469071,4.26363124840952,2.62743966868748,1.96246791367654,3.91823487670113,2.37119120433581
"ENSMUSG00000038064",27.7025433377407,24.5545430498907,14.1446693797645,14.2565288171107,17.2213868626528,15.3076513766648,21.6921391765748,8.78491594714509,19.6167737400594,10.5113673318148,8.10002779958871
"ENSMUSG00000038065",17.7756732000346,13.932973230035,10.5511101573797,16.5694869147891,28.4271787696457,16.8385025591747,20.9791903933235,21.1491449195987,14.7121533097806,22.8511051664915,17.5062121748117
"ENSMUSG00000038067",11.4528377300119,19.1641587005922,19.4718667563691,5.48813927566727,15.1582464646979,8.88253421195793,10.3310987006532,14.6217599747442,15.8634429389471,15.3005729867804,12.785575949801
"ENSMUSG00000038068",582.977517957374,300.903081190298,737.306244300788,942.698234558762,780.711798352255,204.778822007586,534.811606995428,274.324051553712,499.006141470415,702.579152831239,461.084869975343
"ENSMUSG00000038069",162.446209951009,197.987501249634,167.477950605367,97.8219516514738,237.814845909791,144.035541091029,211.179607733784,106.007198846811,91.3645269182254,248.729245319208,262.576434607007
"ENSMUSG00000038070",35.1758253779965,28.058790789503,66.1610640020907,30.8994551496272,43.408201225178,41.3711943863135,42.3153839779069,30.9767065142661,32.7806284663722,35.0797227973171,20.521788987387
"ENSMUSG00000038071",0,0,0,0,0,0,0,0,0,0,0
"ENSMUSG00000038072",368.502431713995,419.101582886786,594.826320485238,397.460734609884,370.421348718266,440.358337043347,729.442747207652,593.656006084745,537.822549388308,498.918920100394,588.826240822515
"ENSMUSG00000038074",15.7465130828111,27.1295567836616,22.6465208918674,15.9375353338582,16.7436306363697,9.56847049266614,23.9547059169232,9.57271682751581,20.0841846378332,7.21761116732328,15.936494072132
"ENSMUSG00000038077",1.37725658777652,0,0.88570108987494,0,0,0,1.02584261629892,0,0,1.88017183783411,0
"ENSMUSG00000038079",19.8219512883461,39.0874573790505,42.8123766119902,36.5469223470796,28.4094041324129,16.9351715544056,31.0542601657183,16.7536799232612,46.915579730983,30.367823748686,30.8030142652395
"ENSMUSG00000038080",259.002987073086,252.600046481055,264.457516474272,213.597939448039,257.332223736106,210.401589412054,261.534377700753,303.547325061397,316.881278406086,343.545623380048,404.098746291098
"ENSMUSG00000038084",940.708034052982,876.946092053256,869.742832936312,816.752948433289,840.88570640907,824.975060614625,1011.50875047808,893.863893085403,874.366054306208,776.500618661674,1027.04639884876
"ENSMUSG00000038085",87.7925383845047,165.55554791783,150.083552496879,135.532152755213,129.562687996114,103.920815917264,133.646688180899,123.566227644033,129.427634240611,146.06608881472,140.189853239432
"ENSMUSG00000038086",4.39057639790101,4.18565063101233,2.07181002548651,0.42563244116293,1.6795556199193,0,3.91108758496392,2.25667576038128,1.80755612032774,5.14152389443133,0
"ENSMUSG00000038092",0,0,0,0,0,0,0,0,0,0,0
"ENSMUSG00000038094",2450.64783229894,3370.48905292022,3182.01339190668,2969.65326172754,3811.84548184777,2620.08645170131,3052.5077256426,3979.52761979981,2994.86732557059,3300.96528354785,2785.42169043121
"ENSMUSG00000038095",850.460740950847,771.93113683278,1020.40943997894,930.488692352569,923.99851933927,625.769924895991,1097.90404893728,819.852740384531,957.925980929407,913.333435858751,1060.94712482598
"ENSMUSG00000038102",1124.46391977616,1307.63756338259,1065.07333475985,1249.23907923286,953.803120219791,1177.02654445178,1173.11109694106,1288.26204129693,1252.40673138646,1000.28399997371,1418.64588349012
"ENSMUSG00000038112",2.75632581672104,1.0793609636929,1.77496308355232,0,5.27678665492885,1.27625246210512,1.03175342676309,0.986578482049778,0,0,1.1439682085655
"ENSMUSG00000038115",0,0,0,0,0,0,0,0,0,0,0
"ENSMUSG00000038116",733.110842834329,686.752102661875,714.291478704179,676.806574285915,609.565927924221,483.018798399799,770.234818030433,645.974400596707,652.641465585273,689.625725448916,887.866351396195
"ENSMUSG00000038119",51.3149179235473,78.1391266144495,30.4474712369662,37.4271647620176,39.1605524841392,34.2518380719942,43.7796018025808,62.6078949723646,46.0889824902763,44.6563110414836,74.9577688281584
"ENSMUSG00000038121",71.306903933142,73.0671330914281,90.1996455676816,100.437272461866,59.9810885332667,50.6468677126881,114.671797838447,58.0200422104954,65.3866439966351,84.7893191718236,92.3245627224375
"ENSMUSG00000038122",50.3833754290928,30.6379014350668,52.4065893679555,26.35163705895,29.2448608483721,25.6882460521176,39.5146898280066,38.2368866262448,45.6789048329142,23.7288517822796,38.6675762494494
"ENSMUSG00000038126",106.401646723153,132.854699640988,16.8305776483569,20.164519129105,10.307957490896,159.430514107382,14.0200980067294,126.650625512687,22.3396165325137,12.8420683384937,87.7759144379013
"ENSMUSG00000038127",217.581369447003,214.741456084086,227.246845937139,194.158430098817,183.435813132449,200.261573882987,221.942642353816,167.152581358749,191.347940482018,156.580019139408,165.583807765259
"ENSMUSG00000038128",4.1240512396522,21.4696351688963,4.42927154203656,1.093048696918,4.22448237686082,6.39952503715762,1.02603622936428,0.989841931303279,2.8263809024169,3.7755558852068,1.14651720575206
"ENSMUSG00000038132",13.545156686941,4.28726553784018,4.41114259216029,2.1900436633182,6.41170945884361,1.28548880586912,2.06796126045464,0.977186795744953,1.86940644317968,2.86645836087649,3.45115096097992
"ENSMUSG00000038135",0,1.06515580513659,0,0,0,1.28368522795881,1.03793688828554,0,0,0,0
"ENSMUSG00000038141",453.443063450655,450.911801068542,499.617214321754,531.514232543586,493.689235994604,484.665387445921,514.669870010299,580.616582435038,552.805771017412,642.254771468426,457.761479552554
"ENSMUSG00000038143",95.4987606834231,57.0508237804967,77.0007807906472,63.292995850289,44.2559012598786,56.7627302882599,58.3164280202114,68.4371065947051,69.0694151150504,52.5472914237193,89.1673269389234
"ENSMUSG00000038145",1039.98275495676,1222.26891522184,1193.91257764719,1826.70300153771,883.753770342432,989.554419383534,858.076808302342,1018.01345765574,1278.78876248085,1514.19004470248,1152.89937295449
"ENSMUSG00000038146",396.353829723923,328.907926434613,368.250078525337,280.330641831996,486.991557342539,419.09860880568,363.516143009279,686.286419580962,395.330407897877,472.514513713218,507.550741638933
"ENSMUSG00000038147",45.2155815166155,49.1125355055274,32.4405268618165,21.1755825462511,31.3073145714247,41.9300663374736,22.0681139005368,23.4816988358857,23.1255432168385,38.7936745229438,27.5993822767287
"ENSMUSG00000038148",0,0,0,0,0,0,0,0,0,0,0
"ENSMUSG00000038150",1535.9522987697,1804.21431956725,2083.50225949762,2537.46822382707,2091.92246962682,1991.05509027532,2290.33666558175,2372.31769487208,2407.30572375565,2494.63247991755,2649.435112613
"ENSMUSG00000038151",39.3942840464351,44.1479627426571,28.3888416643697,43.5924434712102,42.2423173166459,41.011058297569,19.4248572461984,45.5668451939353,46.3042818745628,40.3424832652612,19.4429199143945
"ENSMUSG00000038155",143.903597756874,15.9618961566569,93.0607905814207,203.356405802201,190.404709406573,41.2555009257025,61.1306155291032,40.3055514040105,42.1468400623355,34.6157168366491,12.7119744907266
"ENSMUSG00000038156",90.815385785335,89.5667034579364,73.6063321458338,73.0376440639321,178.82576924461,109.336736874418,63.3770201845574,74.1779279498116,75.6833319824854,60.8861372899389,47.9873524962962
"ENSMUSG00000038160",322.253219953966,339.643775632828,362.676738852254,394.867592206946,337.833057184478,340.849465221313,413.288820070942,336.060285688378,396.831289764694,329.300934298552,376.948970712951
"ENSMUSG00000038167",573.515366008539,572.066842221216,635.187344022289,614.113626348271,531.193977504984,597.640241933764,643.686899309952,636.228161458165,810.137796261853,611.65882886856,700.612364531955
"ENSMUSG00000038168",751.244095410731,682.326048492571,769.567382814641,741.607542690619,674.58775765294,500.747140652318,756.302891682401,565.446173084783,578.143924516426,657.61298886981,511.410702120467
"ENSMUSG00000038170",2874.14714931618,930.53624470958,814.814348090338,897.247243253535,690.707288015946,769.483788419887,722.294638368995,954.750708364623,826.956761179637,711.971366616119,1002.48772980839
"ENSMUSG00000038172",17.746311962797,17.6952975108617,17.601809649302,31.5107617441136,21.0445291334365,8.82331852906326,11.8686824797386,6.80200698001007,6.46928038152732,21.2284207388312,10.8270276381992
"ENSMUSG00000038173",0,1.81765477061583,0,1.41278477322438,1.19699922872344,1.23141474830571,14.7031948083018,1.26985210149314,0.534757522925049,0.454071521043811,0
"ENSMUSG00000038174",23.6256369892177,15.8968179667465,40.6325205274598,31.6131527102303,12.5272303329045,16.1020073042032,43.0319956368784,4.98988408078859,48.8193911218885,25.2713853520532,13.7617992188556
"ENSMUSG00000038175",417.676372383576,268.168152127425,380.174870457814,332.909246481514,345.421220839477,379.238883409468,329.639759863252,324.250403913954,358.497102100966,449.600886251251,359.813370853228
"ENSMUSG00000038178",925.220683304343,802.72641402854,1707.31910759793,1297.84677811681,1178.35437679451,542.090737197732,1003.52160876655,807.008272817966,1126.7476431014,1780.0338125869,1068.81766219436
"ENSMUSG00000038179",44.0709691199151,89.2042865025347,20.8733337006325,26.030438814245,42.1401271966228,79.9789354095146,16.7396023876145,32.8413706519132,43.6943200139531,27.4656359723507,28.3674917612296
"ENSMUSG00000038180",2.27411553634901,1.43329672702002,0,2.89611377654658,1.40584805515624,2.56923864408345,0,3.92359674295534,5.73892423962893,16.3065934656014,0.757992954232439
"ENSMUSG00000038181",523.957089528047,601.518843255818,671.812393680195,573.440464396228,579.643887662525,655.969275494658,685.395235272723,587.801937852166,568.354383325746,616.57692918682,591.294488278993
"ENSMUSG00000038187",168.632189029436,152.307448632405,143.54124633273,106.255762973497,144.596039025949,127.37640002699,166.006457748917,149.052310180765,150.823690223923,157.085016479085,134.209425061304
"ENSMUSG00000038188",231.873947996321,339.017147064376,251.488823314475,301.827851469592,214.781563950437,316.031786187207,296.816399722153,296.115976185773,258.647067446603,314.337246377945,311.016134329764
"ENSMUSG00000038192",0,0,0,0,0,0,0,0,0,0,0
"ENSMUSG00000038193",0,0,0,0,0,0,0,0,0.94676288413655,0,0
"ENSMUSG00000038195",159.646509421578,203.956470789647,225.979046703772,241.264777244322,148.00527763449,192.513426021956,199.104653048834,179.974406052004,160.679511368129,209.95491643443,233.026571325451
"ENSMUSG00000038199",0,0,0,0,1.05095675570363,0,0,0,0,0,0
"ENSMUSG00000038201",27.4356519039243,6.53380196863734,10.6051504099841,14.0946033607194,14.8785732166485,15.5066517542935,9.20464098692674,9.82961635456043,15.1166673795315,21.581698910494,9.13292866768623
"ENSMUSG00000038203",0,0,0,0,0,0,2.03990667692183,0,0,0,1.14551357563487
"ENSMUSG00000038204",17.4402946086402,1.07632286769077,6.20549168391077,1.15921779087003,8.93322188482002,0,9.19949318743552,2.93858635607686,8.28143087121838,5.36164689571881,13.7242986411107
"ENSMUSG00000038205",31.4905973152522,8.73572004436243,84.2319903031451,11.6722780802136,13.0158452735009,8.3695760101148,8.46727451515645,14.0201239066715,6.85321014916884,5.47122569551486,10.3369655331401
"ENSMUSG00000038206",303.833235814561,286.551714808646,306.969296776299,319.657954013485,298.636149626261,283.343634712096,356.496584433464,393.682093657298,330.503081542569,329.294787595969,282.755699013968
"ENSMUSG00000038208",36.9963902362757,25.8104994647143,31.8202050222773,31.6001794630505,34.0717583080606,29.4555302930502,29.7696291552802,38.1147907411768,32.776771174964,28.3061050469386,51.4881063241453
"ENSMUSG00000038209",8.19201856275309,0,2.65512962596608,4.40077635946706,0,0,5.14824561757701,0,0,0,0
"ENSMUSG00000038210",0.682102493493597,0,0.889241596419293,0,0,0,0,0,0,0,1.15286961022678
"ENSMUSG00000038212",448.272290407017,380.145917076627,444.431277266905,477.457999681653,472.270925000658,377.595379858833,462.485350825803,507.108361032266,505.588829652626,475.376174842013,488.086968745633
"ENSMUSG00000038213",603.844511615643,539.692847089784,594.575726410928,613.419401716102,558.855198739609,658.581091212628,625.51136392984,561.582965197959,561.956939354992,677.108358311611,599.4455625744
"ENSMUSG00000038214",62.2712790116508,42.0063135512903,61.1853902579056,61.2952731373151,119.411521748328,143.913636371139,59.526025108298,46.8469676445938,49.0941659805069,43.6919195570494,50.3863362479895
"ENSMUSG00000038215",102.571390080564,190.419386071499,102.77375735941,96.7370606665744,93.4421226280001,109.825152537245,84.6608972890676,141.003922858505,89.9999507198344,70.4586566476178,104.635734238852
"ENSMUSG00000038216",54.6116371115185,9.6468385118131,1.76750468706183,13.0767493601274,1.06750995353852,0,0,0,0,0.944460940580755,0
"ENSMUSG00000038217",72.1209291635612,52.1118518676242,69.792684669663,84.3573292108461,114.663496473049,84.0949869721232,43.5839984394797,66.635757624619,46.8872308713345,55.3196967340085,57.4513929954814
"ENSMUSG00000038224",9.19744753293051,62.2526997414946,11.9060595431119,108.704229070949,5.41939630596548,70.0556793407711,8.54656710833914,16.4929777100307,6.6673274657859,9.05830587343808,3.66592557365424
"ENSMUSG00000038225",129.053058927856,99.7673501381614,71.7236613941944,95.79642835763,70.306212146258,85.7715551618011,136.715237061857,74.557985192633,90.1879421856181,93.5240573465413,84.6189386512636
"ENSMUSG00000038227",4.74584793007175,7.54364652874157,9.89640634405472,6.82295237289346,4.13799906674396,5.02366435919053,4.01621357231151,3.06885465113769,16.717203661905,16.8188705828503,3.57220723884625
"ENSMUSG00000038233",2.05024285308018,1.11532318291185,0,2.07632063387828,1.04930636346056,1.3259913351716,0,0.972329315192064,2.79593595466439,0,1.17565256217945
"ENSMUSG00000038235",1861.61564114455,1585.33336549846,2169.36979185502,2032.55435175052,1984.0189161968,1612.15574796787,2020.15294573958,1691.6678414094,1681.7186885485,2221.56445423705,1397.70199240467
"ENSMUSG00000038236",8.87279355355394,16.6769473990336,4.16471840429839,9.28982187280475,5.05923583265103,4.82401578538583,9.76155189363469,8.31166071606689,14.1180142089536,19.6708512219385,7.62475388342088
"ENSMUSG00000038239",526.990638394141,4.63521742878989,7.62989662455185,61.2166746478397,71.7313332303113,5.54517772500709,7.04223726851102,3.41892585483425,0,18.5888392859865,1.96927505107874
"ENSMUSG00000038240",76.6187473020884,60.2672623904619,71.8916237307203,74.5231507068384,65.0298984521833,97.2329589078417,83.1881462988554,79.5722795255808,88.401709151992,63.8424768063985,85.4131360628675
"ENSMUSG00000038241",430.330112546205,687.679831366008,421.852262282501,431.946502104777,441.805971552575,666.986875945902,387.76046334833,499.731597603631,446.228653147051,544.374403881441,454.114653052102
"ENSMUSG00000038242",2.76528383049015,3.23390569234518,0.887574718515394,1.09016128088816,3.16165900995439,0,3.07416144569564,0,3.77206478030195,0,3.42878209561865
"ENSMUSG00000038244",343.517947112022,374.472400587554,507.498439551287,445.580030321074,604.088982528516,352.559860346091,435.194556067079,389.91531739685,590.022087872654,782.358288868902,336.940864626202
"ENSMUSG00000038246",0.68432829683965,0,0,0,0,0,1.03396757437648,0,1.89153013403482,0,0
"ENSMUSG00000038248",17.1280240935905,15.2360204674277,8.83046555573578,19.5649129906687,17.9409822112593,5.15491951120988,9.20956039369818,10.8718709030262,16.087664204909,7.51808932321608,12.5650479648644
"ENSMUSG00000038250",657.433186688669,651.411738697634,705.353415322168,822.274628669369,514.553582908072,696.480780841612,578.500255209847,608.896778672708,747.048460898628,745.01143298633,811.190888119478
"ENSMUSG00000038252",379.381077233762,451.445995209799,210.707389207828,192.166404557582,192.4991321312,338.212148018422,201.809475313585,184.206369286408,182.137727755396,178.780722808932,186.146087490911
"ENSMUSG00000038253",3.36517938353598,9.76348469526988,5.26564910879768,4.35126918418527,12.8014156976259,6.48263463257614,6.15089348311776,12.7741230503302,7.55059245172145,8.53459843415276,3.45143306592472
"ENSMUSG00000038255",0,0,0,0,0,0,0,0,0,0,0
"ENSMUSG00000038256",465.966527358058,345.084413878441,381.719067304864,283.583580970413,490.005215784017,343.788899105294,416.19341429837,311.333358801237,301.298449345662,378.962375231564,335.819900471868
"ENSMUSG00000038257",0,0,0,0,0,0,0,0,0,0,0
"ENSMUSG00000038259",85.3923778881876,39.9382034794466,63.0579304877153,75.1303638990188,47.9504033490819,76.7244080294337,44.0482515206923,53.109385584848,25.4491753730442,49.7604143570708,41.2242401660474
"ENSMUSG00000038260",534.191642141015,878.233831137376,924.168449107765,809.1022594078,1101.17139201496,1041.19194980665,908.011272778638,1128.03100734865,888.227832227711,919.766175858011,814.743877301015
"ENSMUSG00000038264",597.02758966585,554.944970866778,220.814252806715,341.19729962666,406.171896367486,795.027027543213,243.18406491515,794.176333423165,558.584779134174,622.369516471902,946.077212385642
"ENSMUSG00000038267",249.085453350355,226.406317875504,254.668628681866,329.044601662767,312.872898955666,298.892436936192,252.296298739301,390.665631521823,329.330101746564,446.617914434674,330.041331071246
"ENSMUSG00000038268",135.371385175894,159.393558506465,138.364644085219,142.525402893695,139.861658315424,191.797139986173,188.254174053002,159.698698582778,151.631550745859,137.784719069617,175.053384368463
"ENSMUSG00000038271",46.5911322261542,80.111183051028,33.9477495059506,40.5135333728713,41.1550675694712,48.2938239609796,29.0666322820361,36.2239842613686,22.3288648543331,35.648082369474,22.1515122690086
"ENSMUSG00000038274",2899.65233977242,4088.7211778567,3190.32282759918,3477.48374595672,3242.31746316412,3298.12592542998,3402.77426706582,3014.96090416872,3028.93260930446,2997.63200191506,3056.72055253714
"ENSMUSG00000038276",3.16008556991276,3.77109213325871,3.09611753352528,1.2691943246882,3.89246158748484,7.06975918484386,2.81814805683813,2.70400949864608,3.45405714814632,1.09460501834246,3.14157936952117
"ENSMUSG00000038279",558.891308371555,518.409111655812,433.460625491322,478.146884180089,464.897473567013,578.826758740794,486.16947402446,430.309808846065,557.139639161887,507.520405696696,687.423915209778
"ENSMUSG00000038280",166.235802812433,148.386176469045,176.712958297099,189.962295578445,148.708236092616,148.76984912929,160.746172401635,208.256198169687,183.115904716294,230.558916061453,198.762148676474
"ENSMUSG00000038286",204.105859211162,209.936836884185,168.578275302228,190.923304426818,188.506817974176,221.022370393045,191.897024797169,203.85445617474,214.705319701557,190.038125629783,175.063595607728
"ENSMUSG00000038290",379.442008797847,374.397881797913,402.977266325121,402.29085587138,416.129271178699,416.254448829094,410.599237603729,421.283513861943,503.43416356563,433.336003623045,479.699821292196
"ENSMUSG00000038291",543.599410384783,526.947731572304,613.899689141708,576.938486981053,587.55256236119,542.010396520968,552.090904389365,598.049555828958,657.259465650676,571.937032416551,603.31066257032
"ENSMUSG00000038292",0.692643705784664,4.3305761183427,0.888238057703722,0,1.06440303262961,2.56012115444823,1.02379770610985,0.981314013218164,1.88297340444931,3.74455449588095,2.28419640132029
"ENSMUSG00000038295",28.9055456759805,31.4843046148495,26.6046153660914,30.3738125070432,25.4314125810983,70.6852059318146,52.1110425586202,54.3659693922062,35.0507251308735,23.4052004218245,77.5509576930156
"ENSMUSG00000038296",114.151779254896,121.981647995123,128.419578351195,104.691036938128,128.077868270351,137.790258118036,149.536647382958,105.508207958121,101.973213423079,120.199370042977,110.841985807613
"ENSMUSG00000038298",1.18502819048048,0.924305443368702,0.761415751936914,7.3712777693836,0,2.20945072468649,0.879284392178333,2.55358968795225,0.811996296728385,2.42572759930931,0
"ENSMUSG00000038299",574.738111599611,561.028280509815,543.457870330976,527.187571081419,619.708027683256,546.64779501047,619.172619494785,499.563571768664,533.555670343021,543.169939738066,659.919498007315
"ENSMUSG00000038300",0,0,0,0,0,0,0,0,0,0,0
"ENSMUSG00000038301",270.810840144585,219.886509575148,216.041621996862,295.426041598144,261.875503757817,249.694572110478,208.845529380953,170.66131176452,207.393100957505,255.521662510925,316.273890192976
"ENSMUSG00000038302",147.135626713456,144.405233443763,157.884813089012,141.413215383288,113.202497740635,143.725642404355,124.315205260039,173.879425425815,142.918280690006,139.051139581557,131.849566503182
"ENSMUSG00000038304",1.27734526780983,6.99822802364052,0.832755675549815,1.03937113279419,2.02458280274285,7.22493638285865,3.91966780179109,1.71784537889464,2.63686508246807,1.82261299858115,2.20181384828074
"ENSMUSG00000038305",37.7601361803555,34.2827421920943,38.4864350432782,89.5094590228694,38.7265357790349,14.3169409438534,21.0720397647185,59.1103369803583,28.6313989118852,19.5975780222977,24.2727205635575
"ENSMUSG00000038312",1221.89799620727,1637.2397782427,1063.73155431448,1046.92075925819,835.608591664586,1029.02018645896,1193.22805660558,1195.11842819466,1164.76073248822,749.217347815603,1217.24080180528
"ENSMUSG00000038319",8.35148483224462,13.0954396919378,4.5243632068797,21.5365262537131,16.8043988545577,9.95334160609271,7.99200801386762,6.80597770111712,8.41703210149086,7.25755764837885,7.86843377105677
"ENSMUSG00000038323",25.5167316256121,23.0397602105283,33.6599432859919,33.094534514196,25.9926977395764,37.5007249442659,31.3880509638455,42.9857365006388,28.787715830514,29.725972197723,40.8648487523414
"ENSMUSG00000038324",2516.59902743437,2515.70863693495,2540.95073242955,2837.45466507968,2643.10312366329,2727.79037081451,2610.53294788923,3066.92835193098,2411.62770391517,2641.70894700658,2736.04745420371
"ENSMUSG00000038327",0,0,0,0,0,0,0,0,0,0,0
"ENSMUSG00000038330",0,0,0,0,0,0,0,0,0,0,0
"ENSMUSG00000038331",18.4606575355308,11.4731550962568,15.9593052358707,11.6153160595686,108.318871082565,11.6527645090313,19.2769422516437,14.5917826015621,14.7011461438738,22.2937378321742,8.42065068406299
"ENSMUSG00000038332",153.308560475921,190.972416268591,139.881007347879,172.688937351447,162.204460722951,138.427642561135,136.710459950511,126.069013482192,145.540577344244,228.863176007834,145.339475566241
"ENSMUSG00000038335",368.793085857765,473.899322181025,226.874095949251,292.670947363971,288.109959777397,339.32871116364,324.171283080381,276.881567408775,357.863351131438,317.489393288199,488.825781039331
"ENSMUSG00000038342",759.545295252856,868.65203431198,918.669651023897,1216.01572965776,1101.84155211428,762.249265725355,1051.4685690837,1047.48822327821,837.897026808992,1102.97035282583,830.447949463257
"ENSMUSG00000038344",172.560573253354,128.753395174665,159.593833420898,195.989547513159,126.615458838978,168.339514987192,146.466918010987,135.687806574471,136.010101131227,160.953039113491,132.322678174002
"ENSMUSG00000038346",597.538679037881,572.383845965085,472.963807306556,513.312191841836,435.934229440583,583.496825688783,454.897538223574,565.721191485474,426.659219881637,513.823829785317,559.910562663693
"ENSMUSG00000038347",0.2195588891665,0,0,0,0,6.59506286020053,0,0.766000525081654,0.749356558540613,0,0
"ENSMUSG00000038349",253.985662916634,352.524958743831,181.779391993329,348.383965998172,441.530091295347,286.834246203057,287.015015333149,568.580596598294,573.817540816076,329.679199362434,211.90471700562
"ENSMUSG00000038351",194.203224747128,122.925077621685,162.453298819036,156.93254051615,171.000790427385,158.702157917353,158.921975576573,155.849864342696,164.226318204734,162.400553934784,152.7615011101
"ENSMUSG00000038352",17.5140902676952,27.7376635716657,16.5032709708716,2.44933982395294,6.32805256548451,29.5913422442262,1.54903895476422,3.6071899239522,14.4369971787436,5.71427122035666,3.27343481006218
"ENSMUSG00000038354",29.7899085359994,28.1928609398724,21.314019315375,23.9036966109577,28.6320788627414,39.8294255221567,34.7812961495953,28.5509729044463,30.2076730337517,28.0313779844308,29.6345693428994
"ENSMUSG00000038357",1.33452025633101,0,0,1.1055788505245,0,0,0,0,0,0,1.16215050973875
"ENSMUSG00000038365",185.631188781982,210.899112182251,177.078446484195,208.397150488196,180.688341224319,175.303319579155,202.027505149062,224.151713845086,225.655451417328,177.188651264635,190.950365760277
"ENSMUSG00000038366",558.767048307518,429.912549512195,471.066630788771,363.50420215607,548.3880628517,374.097295793676,439.657767903075,433.196175946279,435.312622845455,533.790912932424,481.488226653139
"ENSMUSG00000038368",269.286537149519,317.272137414184,308.581563296452,379.172410671344,318.801732085245,353.895600115419,475.300324990594,289.478646974674,307.280236298586,290.451543886555,220.665523111722
"ENSMUSG00000038369",1350.57544749398,1028.48726652733,1234.34210107263,1450.12822892908,1290.28863569588,1155.56796991101,1167.91556979916,1386.12818146831,1342.92825222132,1397.66056817022,1454.86908672918
"ENSMUSG00000038370",0,2.16048373472963,0.888382630737939,0,1.09259058737007,0,0,0,0,0.901353038902672,0
"ENSMUSG00000038371",781.916636598648,620.819983049434,810.032256679186,736.283184376165,773.453599689764,499.776358136628,699.091160962573,861.878706287698,846.321503299924,859.352073566178,889.844082884951
"ENSMUSG00000038372",371.680843847436,567.90939839944,693.665693992569,378.414235352785,715.517685140097,812.829851209016,519.93154035899,493.032242949657,510.107827314701,354.151673717188,288.546577966661
"ENSMUSG00000038374",512.465386585927,602.428759022127,509.085493604943,544.402745151373,592.630632207708,565.681169826075,633.489137961935,485.943083614892,521.569013578576,505.04091367189,547.053022915975
"ENSMUSG00000038375",300.852772072628,262.834314845385,332.061940712072,253.819499454299,427.180102067064,255.076745290032,391.968719689275,346.987215052914,223.880953453022,288.748196832936,216.100637958032
"ENSMUSG00000038379",6.02423347847032,11.7978272107429,2.61649324414993,3.35285885417614,6.16044633043335,3.78575416158948,4.07783768353832,3.85919086678518,6.95192506501774,20.5015131157318,2.4232622408565
"ENSMUSG00000038383",206.518627561421,243.544281348264,254.792532413771,293.262993900197,301.966869683218,237.804418804347,214.920455558742,253.199329754718,228.549741502607,226.00729019183,229.015270557922
"ENSMUSG00000038384",633.509492192848,653.367841753658,769.123198488398,826.756963921783,651.281029592426,957.354087270176,1167.26636769474,816.779538789321,470.050000974692,569.862094581464,669.961162198174
"ENSMUSG00000038387",495.450395865077,461.802916213725,495.705411674976,460.435481960357,402.254619761982,356.241582164133,479.81411635813,402.691722424811,447.822444743622,415.773674316158,398.821012977257
"ENSMUSG00000038388",1150.94716867439,1055.18234307231,1464.77203018086,1155.63577892111,1162.64272409722,1156.66250059046,1101.28159331745,1293.92705061247,1143.80425181225,1097.95213032001,1187.72531400761
"ENSMUSG00000038390",11.0666157947532,15.1457551678777,7.99773439306811,7.61079517384644,10.6564165923606,17.9021948581102,7.16879619575728,8.83785564308568,10.361089346225,6.55967618626753,6.86116597420869
"ENSMUSG00000038393",22845.4977698425,16237.9127253474,22400.0076943318,39472.0764044694,29020.8941946171,18605.9525323791,14400.7497008517,36638.9745255507,32799.539933513,31610.7671054318,36914.793729962
"ENSMUSG00000038398",487.876174523388,585.199054418716,522.718204258672,581.549251354325,615.763110596145,648.209229111207,608.470615536353,556.78311584026,536.480843277251,520.902322155055,545.34201019888
"ENSMUSG00000038400",294.060707822653,352.973743398855,327.448678311428,457.529843061977,332.202221511137,332.122713963583,304.421533984864,402.16672696026,306.054609398386,301.999830292515,382.278591348239
"ENSMUSG00000038402",0,1.08064173486522,0,0,0,0,0,0,0,0,0
"ENSMUSG00000038403",154.894775364004,1.08054023493642,6.1845130321425,18.5354790508682,21.1625692216342,0,5.12847512013553,0,0.944993343211744,16.9935089327836,2.28551653976659
"ENSMUSG00000038406",3115.76114141468,1183.34938879269,1185.54597771804,1317.78717210679,1186.94439590384,1344.22585818673,1096.34483696776,1328.66181071718,3837.42450511034,3862.83469917435,1389.18401433798
"ENSMUSG00000038412",100.067080564126,109.944588212599,67.1631083636214,85.3707609739454,78.404116028471,68.2035515121763,115.314715067847,113.455184759927,86.5391090992183,69.8608858142234,90.2223381066466
"ENSMUSG00000038415",1.35287768264822,2.19550795674622,1.75565821949907,5.40332765823161,5.32409395815946,7.81950866287563,3.05522626902431,7.88728655005841,0,7.5115065396031,6.87661088448979
"ENSMUSG00000038416",653.86654137022,636.427530922204,706.509548810088,677.497355857653,746.00182594748,684.49673053321,678.379659125576,661.179210388659,725.708270418311,690.756173429039,699.65522902847
"ENSMUSG00000038417",295.109834303296,292.914412988157,278.68452563453,362.745790701734,267.009779371451,301.071277606606,318.617467937116,401.569667078297,297.470225363306,274.168367323577,375.778653736907
"ENSMUSG00000038418",5871.83198676732,3718.20381800058,8007.78333156949,6077.6548337159,5621.03793052554,3071.20843186514,3672.02839542546,7496.66308846158,5196.74703513844,3820.11088381617,3330.65767380063
"ENSMUSG00000038421",26.0676470439472,87.9296386326786,4.2671292630172,3.09093381844843,6.10854150560656,80.1983979914728,9.9191149471247,18.2184780396022,9.14395095337127,26.4797310930855,1.11010336093282
"ENSMUSG00000038422",503.954233070023,590.814904248115,464.699798059163,489.576572500859,380.416887486516,340.676355860176,534.771424485492,229.49883323871,543.11280565438,329.365577261297,575.948833543605
"ENSMUSG00000038425",133.632637866648,172.750296540007,181.59428337376,151.843055180773,124.602632901561,266.920698218087,127.980363025586,179.538839930652,113.968040834558,135.93470099662,158.557210713762
"ENSMUSG00000038429",1336.29449069581,1202.16110967323,1256.32462173551,1186.55785422817,1241.23220955872,1368.66769856136,1231.06128408543,1219.46140303821,1141.78938893128,1062.323105224,1427.12712710757
"ENSMUSG00000038437",590.088799554215,598.506284589733,480.603174759707,589.71196099279,697.21575137266,737.663116607037,404.780481695536,667.246254382959,571.306827043691,729.124814146563,663.843467022158
"ENSMUSG00000038446",251.703850560214,301.293333893588,258.438778275311,421.574891842399,306.573707881124,278.886410738472,325.485388461275,309.181626124829,294.890831157898,294.943308012913,309.069806094436
"ENSMUSG00000038451",256.437188236175,299.026013108969,350.77697072442,246.328180016773,319.628333528195,303.213529316305,312.916211959163,293.621126567084,302.085822611036,301.572263229864,234.375147689012
"ENSMUSG00000038453",566.23732911196,589.973617503835,495.349539108764,517.455401810824,252.879459730325,781.779061297692,454.90550366531,724.516929768307,463.330964977634,444.746818318123,779.954278397256
"ENSMUSG00000038456",57.1751930067558,41.0988177711377,47.8305398013612,30.5145957845547,43.2651569227415,55.5578987139611,49.1066875251674,33.5965365549836,57.6715484746416,36.5214861367493,88.8783169521853
"ENSMUSG00000038457",6.30239290471963,4.95972620270153,8.69902364823747,13.5986749796631,10.6274756638928,8.89111857104547,7.89501973774156,5.68436750916477,109.075657511864,9.30250178192815,7.04487104998903
"ENSMUSG00000038459",388.239525465496,310.744590294317,341.479641302315,359.504135719732,536.140171202191,272.444809968937,460.928873512581,441.040272973115,340.539617843869,439.596724434799,264.451112113492
"ENSMUSG00000038462",1358.05392288262,1610.45925192603,1428.34918807172,1519.51025952416,1567.27433571061,1612.10237814943,1641.01132974603,1656.70888955831,1536.56660010982,1396.78682069099,1504.52373252797
"ENSMUSG00000038463",16.481780368956,26.9622139996354,23.8972795519934,9.82363853096632,34.8142356495728,7.75048732328395,10.231718343679,32.6552989237555,14.1844971230783,13.1383743139761,21.6862943720945
"ENSMUSG00000038467",3350.02530674402,3233.7461426092,3538.50216086982,3820.12568765879,4000.52644669707,3480.94511748602,3472.67924156976,3089.99271813905,3094.80050089798,3838.3918867329,3552.40117377677
"ENSMUSG00000038473",65.3926052252648,40.7987461682964,47.5796982879511,60.2051296121912,55.3222932828292,48.9211610986399,46.2860934283688,38.2193382845818,41.9969894244631,71.1161789230851,61.6930224593676
"ENSMUSG00000038481",117.757861418581,840.836538782974,123.492645720841,79.0781196872595,118.352525386325,95.8604732956537,76.0659155238356,79.7951099625644,126.474842929386,144.479726759899,99.9037617788941
"ENSMUSG00000038482",498.666971498325,333.486727826961,480.931375554334,377.938502424232,368.770690114553,441.369939468626,431.438798987791,385.40466075819,357.808652548484,370.544136444023,555.320675825553
"ENSMUSG00000038485",88.2917544370352,67.258964723832,89.9701673371332,83.7594460348314,88.8811260084197,75.9335559709917,80.4270364764084,95.5861885096653,100.359146446644,97.5497861000689,91.8386399871582
"ENSMUSG00000038486",3.44417292334668,6.47241714710456,3.54919199058148,2.1815445584546,0,3.85868423515967,1.02251513602667,0.990679247027556,0.946767704520085,6.56447174853072,1.14370861162507
"ENSMUSG00000038489",337.596644757052,390.067244466132,313.757334954417,396.525540389476,313.961570494652,442.43411062628,382.965172856994,472.157748294124,370.767186705996,324.099977099132,330.124619561324
"ENSMUSG00000038495",443.661896377971,374.088310329303,523.077101627508,559.909519107168,680.645391166958,367.150584709773,523.509750030642,624.253885360461,465.374982602985,859.489693117825,456.800932335444
"ENSMUSG00000038496",1.3645066345603,0,0,0,1.05245093300213,0,1.02632134680487,0,0,0.943557643281528,1.14083547045198
"ENSMUSG00000038497",213.751310390052,240.422710945469,258.749726915209,268.181913599047,277.060143676251,163.630128254161,277.006315017713,252.434204678054,239.475580326115,229.299790158475,211.814866452112
"ENSMUSG00000038498",0,0,0,0,0,0,0,0,0,0,0
"ENSMUSG00000038500",19.6017719959768,44.5523427147959,23.0337352316638,12.4704096291399,70.4632737802847,32.2155307948999,33.8929626196006,15.9499714670865,29.009473453659,20.6355924003061,14.0703415793833
"ENSMUSG00000038502",738.129308992063,902.353287683291,1062.35802104942,1058.20165435476,874.595817649036,1056.11848505,1127.50424065065,1002.87240037676,869.784675317287,1008.23747133897,799.50650508788
"ENSMUSG00000038503",256.611058601938,214.0950793102,238.741704304887,231.142378227124,227.938051514388,199.075971967117,233.251858830385,172.756084857162,208.893933335051,173.123648212443,282.780933975614
"ENSMUSG00000038506",90.1310051989785,79.0803393320507,64.3722287847692,96.4468387537272,55.2196813170394,83.4850892056871,75.9128133716939,109.297531432733,72.5949601520223,74.5116620378353,77.7280381753422
"ENSMUSG00000038507",505.659015593426,395.776038396225,374.132096386903,385.081103709661,399.762327247702,347.977100334807,380.426918017879,350.25460785546,430.790884428139,509.214073586969,430.214292846583
"ENSMUSG00000038508",69.9881253465971,27.0620322786165,62.4544891984886,104.570162667679,29.6172902948496,41.4085285425974,17.5183589377731,13.8275667398272,7.55309846017096,28.6389025736209,9.12803065878719
"ENSMUSG00000038510",87.3869140616713,90.7869343264347,42.1380307272636,53.3288499465733,61.0323030898057,100.817819807402,71.2377868892749,43.3093309293369,70.3306737088376,48.1948636504357,89.5524659193278
"ENSMUSG00000038515",50.8030038328665,55.2577689525054,51.0740814727739,63.2654376988028,67.5123508222676,75.1274329482138,51.0223683553117,59.9332086861543,84.3487109821744,56.0708790769979,60.7994124508424
"ENSMUSG00000038517",627.224920541591,507.54753271852,760.630510647809,935.936426232609,629.140204218813,710.403453440584,655.612894100928,841.149598594673,722.775049610074,953.535241193303,783.695256622213
"ENSMUSG00000038518",1082.57621289171,196.950327084128,292.722316046335,726.613102903151,349.571563831016,454.41852119131,671.142270415734,319.069370724352,419.920226567494,354.534740962619,728.211536384967
"ENSMUSG00000038520",874.865972861508,951.842089441353,1134.62416078545,1363.0368668161,1190.1301035839,1168.00482388804,1309.37148841864,1305.33634987645,1125.92228420726,1583.75442768071,1062.56397896713
"ENSMUSG00000038521",352.604662509304,420.90868232672,297.396772278589,229.696674857465,411.136536654922,417.876866332023,302.924264882056,308.83913870023,368.616787134103,256.57052131092,241.73722152755
"ENSMUSG00000038522",40.676489722084,49.2319423724957,50.5112496539386,54.5895171906054,58.0863147245146,58.8211520947267,56.2199728688734,57.5688819223479,49.1110837821118,61.27594227431,18.3721292855021
"ENSMUSG00000038523",0.67731406954971,1.07580886239152,0.891011691653607,2.24040992841118,0,2.60744535297365,2.11423741175574,2.97497762424817,0,2.58702529434464,1.17251112696328
"ENSMUSG00000038524",138.926637172904,124.942933336037,127.7534547297,111.926014356419,141.046443201865,109.543965026127,110.14152915229,95.6650468916781,91.0689519204927,167.542296185549,58.0220495989186
"ENSMUSG00000038525",182.177390682871,211.019687598607,188.507900671853,226.294616367168,238.429671335252,190.351638555435,200.125843447961,188.125854223792,185.026413236147,248.670922498748,200.293285826663
"ENSMUSG00000038526",12.6667337412011,0,2.41331523769337,2.77658645240844,6.25410931792147,2.17982651504809,2.60065682722488,0,0,0,1.93738833279733
"ENSMUSG00000038527",77.1712995022523,132.543345715298,67.1418441673775,90.7852829134431,77.0614146103966,97.1707174456064,106.62226247966,107.685232581705,77.430297489859,95.0780248521948,101.637614668348
"ENSMUSG00000038528",9.71309313063492,2.94871411210586,0,15.074599926677,4.05744526531385,1.40487420889862,26.6455975918112,9.98353228060584,3.62172491613097,3.10500035503324,0.629073867499638
"ENSMUSG00000038530",4.74034853681679,4.24270756812026,7.02409996895831,6.61048308438318,19.1284964182207,5.13323960540753,4.15763048135328,5.88394115394056,4.66154143119919,10.5928027610135,2.3063829741606
"ENSMUSG00000038533",124.834385947268,112.269326265839,120.510055704364,103.461196929953,97.9350263987488,99.9563130711644,93.836090524154,118.730360251043,112.806107261483,116.619377976319,143.365242243744
"ENSMUSG00000038534",735.021750355309,829.128319395097,569.665028103051,567.34653693193,659.666096140139,932.765710293973,651.413809523474,809.997545743623,811.439561259355,706.558997347872,1031.24995255785
"ENSMUSG00000038535",261.043456619839,338.52249756164,248.736321663679,266.216053984713,280.40431684384,247.797103881376,267.434570940928,307.523494247303,227.51457061493,284.188984636059,255.350634731709
"ENSMUSG00000038537",0,0,0,0,0,0,0,0,0,0,0
"ENSMUSG00000038538",145.889403332843,164.197842391798,267.167996038892,263.402597990134,185.076199995927,122.492096200265,266.670401178537,125.55309849912,188.336222973883,144.798411622021,189.362808201273
"ENSMUSG00000038539",435.733681612777,363.091184275097,459.960022316264,516.242817388508,509.243649077894,623.909336111244,559.60734573689,368.373322836437,276.364868586497,530.425721252637,568.891637051373
"ENSMUSG00000038540",0,2.14915889045567,0.888804602408752,0,5.27145878920711,1.27821592325561,0,4.98005704008041,0.94840882256777,0.936440893023208,0
"ENSMUSG00000038541",0,0,0,0,0,0,0,0,0,0,0
"ENSMUSG00000038542",272.537596677506,204.365675020639,165.356345152651,172.458577410213,169.228268892118,204.88836917377,176.088847648909,127.895145084813,206.670722352655,205.935780198299,207.77693786379
"ENSMUSG00000038543",20.906032103726,45.6813991604656,15.7822297586772,16.5907890471573,27.9734404545261,33.6599298123373,18.9797280048555,30.0620700631954,27.7338986130499,28.0049471442091,23.3696544374079
"ENSMUSG00000038544",21.0884529810403,17.2993256667795,8.02002830209517,23.3602117222258,10.9141067869895,24.6618710498032,6.4716608587485,13.0525211599603,19.0895215663427,19.7007744974535,5.30185734182954
"ENSMUSG00000038545",683.289562361803,686.299757294519,675.52506577683,619.327842222474,624.71772658691,792.614154235753,673.531422887766,625.765119727538,699.439748183465,606.829593849034,544.53199898031
"ENSMUSG00000038546",548.83728443651,697.434318217126,662.746230980903,773.836009785688,642.981733682818,546.756935880587,682.739457948754,569.842694337417,672.272617951975,636.912657999633,560.536567375027
"ENSMUSG00000038550",31.3377259408449,32.7768264847011,19.8506906892163,79.6533892759229,21.4640366500047,15.0593233722693,24.8816522191335,26.0156656378761,66.0737250598209,30.7431908736881,59.7336424361139
"ENSMUSG00000038552",8.74481855927419,7.76632634985888,11.3573780944098,4.41333775969918,5.15961062837996,19.5907333453522,7.48871731624533,6.28552087000141,10.0858693162956,15.7828124934266,11.2108122385781
"ENSMUSG00000038555",2.04419835485811,1.07226079475827,1.76666660299034,0,1.06561966381777,1.28809998195211,0,4.90636086381466,4.68386890970221,1.91081907999171,1.15145386308997
"ENSMUSG00000038560",0.677260678952361,5.39594742541801,0,0,1.05928861958057,0,0,0,0.943886986495038,0.949440384222439,2.28358463718829
"ENSMUSG00000038563",389.884108921819,501.146043935156,341.253913892714,442.879277334648,382.142659275375,440.392177896486,395.253690281326,352.162520260588,402.749900708025,456.527637288345,475.680904511131
"ENSMUSG00000038564",468.194816339433,492.908543091204,502.096444787427,480.39427616969,463.294523931027,485.416754954138,529.890321759928,588.207038737869,463.425031225987,532.05876518679,452.775090649794
"ENSMUSG00000038567",109.688002137583,23.6131147242935,1204.56380896365,143.978365333049,2781.96435636722,5.12501630420454,384.301328930853,50.5434591445957,83.1409718489226,551.366634406184,20.6279545913237
"ENSMUSG00000038569",27.4273515564187,38.5544583001015,37.6682729065497,46.3852406422822,33.8509894826016,43.5476433243525,41.2927639697002,39.2676753627531,36.2163182770557,29.5698500630238,31.5940624084438
"ENSMUSG00000038570",4.20992575956873,0.359245904370152,0,0,0.345640481127351,7.667236862551,0.692691825486674,0,5.95982894129695,0.633995799637187,19.0420994536505
"ENSMUSG00000038572",4.09852271646768,3.22656920907196,0,2.18458135866039,1.05623467353205,11.6094375645719,0,0,0.944064196545421,2.81992842518732,0
"ENSMUSG00000038576",40.6094674004745,46.058835849919,27.0884481770069,16.7073855314883,12.5100047586892,27.0926606056765,24.1877804573239,10.3225441878723,21.6863881558146,35.8302124398881,15.1311721966224
"ENSMUSG00000038578",64.1910428230415,81.8333854201034,85.3134664861325,100.337429476066,72.7933207467289,131.808627124692,65.5665933121245,82.1673247301434,81.1132903563857,69.556198022424,75.4820335382134
"ENSMUSG00000038580",0,0,4.43570275480537,0,0,3.83846845185275,0,2.89807410104819,3.69868475243032,0.954605569310774,1.18122550970439
"ENSMUSG00000038582",132.359029916464,104.376962191634,101.605996456014,140.998075362785,107.215190169305,75.8936787612843,81.287097253639,114.98281703848,117.446677633125,161.294417978573,139.79730777608
"ENSMUSG00000038583",0,0,0.888711478704946,0,0,0,0,0,0,0,0
"ENSMUSG00000038587",188.975975105361,272.445717148288,199.397114071657,176.114998061491,370.078538820685,283.915903537012,215.803540361066,396.531727607937,212.866171924751,177.751216325466,193.701676385302
"ENSMUSG00000038591",0,0,0,0,0,0,0,0,0,0,1.14045445258444
"ENSMUSG00000038593",89.5609035314162,89.2720229711151,108.867985241614,110.497244320118,97.1909296307086,140.232021131858,89.238418005169,100.837713889044,119.740585438661,125.886014019088,114.720678746835
"ENSMUSG00000038594",42.0543578778734,30.2992684963242,27.5072985188968,37.3613359698928,33.3551042246428,8.45307392355015,25.622602570697,25.0005182096751,33.2098537052294,26.2420332318569,25.2039914322777
"ENSMUSG00000038598",0,0,0,0,0,0,0,0,0,0,0
"ENSMUSG00000038599",2.97175622194689,4.76619374285174,1.56865363071241,1.89078450346789,1.86864723210901,5.01862343178661,2.65490527588233,5.88665389658513,0,4.0649120709925,1.01282737500766
"ENSMUSG00000038600",0.689526756126533,0,0,0,0,1.2760964612575,0,0,0,0.941197151723312,0
"ENSMUSG00000038602",2.75089244070558,1.07254534621558,1.77158097275274,4.37180564259519,1.05746141780467,3.83536590114319,3.07725287734373,0,0,0,1.14757844002306
"ENSMUSG00000038604",395.941768410012,418.284800388818,398.475164369857,441.472353601531,528.025464749688,500.737445606807,416.191077917054,532.502251643325,420.421828828308,579.326482762573,354.331816792866
"ENSMUSG00000038605",57.2522912793368,77.02457288875,71.2527652609245,56.0015394158478,101.736036696173,86.47183661553,70.5559595551484,90.4714280024369,81.8970535795382,88.29975335987,59.9548686143077
"ENSMUSG00000038607",25.735924301773,32.2995192247011,27.448306240363,23.8821935181872,22.8681244667017,21.7120226015064,22.4552733944775,15.8230504441037,17.9220585578902,23.3572695733963,21.5886066345595
"ENSMUSG00000038608",211.514036024655,376.815185579819,117.750394970423,157.074289566054,118.614126520689,279.87043972105,106.856602279271,102.528730234047,123.229909509233,168.591888561947,111.722320805351
"ENSMUSG00000038611",1202.65519270518,1170.34868810974,781.213745592877,1238.18709637942,1071.6026000432,1226.4521444419,916.757481095093,850.221457598467,1107.35552085284,1048.58909662777,1068.89725888206
"ENSMUSG00000038612",1076.1637710484,1165.90918706623,1352.01226330248,1510.2750519322,1473.58233416988,990.786534163085,1311.537427256,1291.35688286605,1091.62988571934,1522.33754029667,946.171845897158
"ENSMUSG00000038615",2219.29532988368,2008.97346106407,2198.85595851096,2388.95014256887,1951.49413803356,2227.57103109796,2139.34863728933,1805.62899059226,2055.86872572562,2113.49986496162,2609.48797728157
"ENSMUSG00000038618",612.703557512431,619.51691251664,644.199229272704,254.395195741377,612.465073279545,226.335877333438,628.233102126264,269.297877619469,675.570403189539,285.508943648224,259.172046186326
"ENSMUSG00000038619",142.381890173412,138.87951161412,133.273258138345,154.208613733012,138.848158866725,110.432551249166,170.220427465638,125.950317998037,108.109164476608,116.068575930761,126.202524941992
"ENSMUSG00000038622",71.7305778930541,86.0947148904974,71.9907557543476,53.0557444508894,53.3074073375784,63.1552456941252,72.0337938328764,43.9338652640473,72.3204999782485,44.493581361673,58.1075478011412
"ENSMUSG00000038623",65.9331728624047,96.5571567935579,81.2707382372197,68.0620503072025,81.025190501468,122.782943932061,70.191462992784,76.1326486850638,111.860954499452,84.9658618168936,61.1767797599631
"ENSMUSG00000038624",9.53265337425816,0,5.31134610902492,3.29445316035549,6.31818477911139,1.2873808111897,2.07629716587111,12.7568448799581,2.80525463520966,5.7000763479849,6.83723197928355
"ENSMUSG00000038628",139.008214081795,192.43448641768,150.299608364205,122.545822674642,165.789844030656,188.741823816157,165.302559967748,139.325879962824,128.244546070734,124.998147561635,151.589338811938
"ENSMUSG00000038630",0,0,0,0,0,0,0,0,0,0,0
"ENSMUSG00000038633",198.23849339335,237.759033409468,191.613665174216,256.775648256491,209.083947044256,284.266778302667,275.28425469405,283.886446690701,292.880401843699,223.673419395918,300.248301963162
"ENSMUSG00000038637",66.2559770111993,57.823145047957,169.170110754754,64.11873989861,82.9264206050092,234.252518089547,107.171676317598,82.4657749337556,82.5643281974583,41.0728470905829,60.1346482100145
"ENSMUSG00000038641",0,0,0,0,0,0,0,0,0,0,0
"ENSMUSG00000038642",1515.10521478822,1414.58584803067,1163.59033341302,1209.00675478212,1498.98406961187,1253.17817245149,836.020355747155,1121.59616246971,1107.29223652001,898.447279211168,932.345047094862
"ENSMUSG00000038644",155.971325776049,292.300390443384,236.260964514365,99.2932756670896,181.345483485356,232.4727996378,111.896331988794,129.347788385768,205.609132695935,138.018015723042,223.776054111915
"ENSMUSG00000038646",304.976829773871,331.323998879692,288.759043048798,395.291115309357,388.948896085907,341.050199519125,344.528480610737,371.726938796933,347.17202042182,339.70712991492,322.065668420053
"ENSMUSG00000038648",203.560784792093,163.617577295782,166.48435284086,194.290785794115,137.418727311356,173.642511471691,139.275562054934,183.802744061422,196.311697456408,144.932186701475,233.274212264827
"ENSMUSG00000038650",445.750995890289,338.864434809153,337.78100121217,353.592973841254,419.073386771773,350.112739982119,344.515552606936,268.341296561491,370.028975090113,388.144091189257,448.233460507903
"ENSMUSG00000038651",0,0,0,0,0,0,0,0,0,0,0
"ENSMUSG00000038656",0,0,0,0,0,0,0,0,0,0,0
"ENSMUSG00000038658",326.092117369978,308.963469205687,433.086762629169,292.163051681309,432.963964415687,315.151422487904,380.075084099304,403.480797804797,351.702763670933,413.429256435497,311.897634966724
"ENSMUSG00000038663",102.065948319164,6.46697141477107,12.3997043088757,12.0303747035062,31.5965247639893,6.43523324585607,11.2854821236157,12.8763083444393,7.55213698172624,13.1758760133832,7.99769513911119
"ENSMUSG00000038664",1852.81262762592,1598.45689045987,1824.0893244934,2021.74358367416,1697.86979621578,1420.47225016008,1927.51181099021,1748.44236611419,2037.39286260889,1670.60274323184,1885.73689196893
"ENSMUSG00000038665",1.88099597069832,2.92673783467409,6.4370855947745,7.903969844,1.56266478439398,1.15995116412073,0,2.93109775681964,4.28455350836462,3.4020636765065,6.22072550166471
"ENSMUSG00000038668",164.910133423917,447.158005497377,44.1761615547088,62.4526779673508,71.0208093800634,38.6747520970924,223.705067790723,155.664383696529,35.0910057271431,37.9520555804052,99.6037178799012
"ENSMUSG00000038670",2870.13988544249,20.5287044718696,24.8053518412476,259.398028679222,233.001158591371,32.2836162720737,18.3950162459084,6.93092621550863,0,223.635660688821,4.56013726982551
"ENSMUSG00000038671",216.22358855177,173.027546489315,213.492522243004,242.61765826345,161.932012718448,224.464051023432,166.804536193698,212.11103103855,146.68674656451,253.487382001896,184.392962665109
"ENSMUSG00000038676",0,0,0,0,0,0,0,0,0,0,0
"ENSMUSG00000038677",29.7146555965558,36.1777669769313,29.1139550382214,27.7645324164632,17.8021789121043,33.0818306987642,17.5053905813835,30.341800684684,18.9260987519238,15.6881158200664,29.8682462597088
"ENSMUSG00000038679",555.303512295976,254.039749816593,361.598180602756,203.298250114699,179.312511359669,118.803034521919,270.770389903053,174.795346018572,357.673506773908,185.021435755702,212.644559198326
"ENSMUSG00000038683",476.528184065615,448.380802114727,454.290639911763,402.85492835028,451.343822316431,452.539714014831,434.701750789118,409.9539085102,443.105084955477,451.518700499708,467.456035262386
"ENSMUSG00000038685",293.284108502585,395.189039497257,217.616657462442,284.578706960351,193.756003401952,227.793040436494,175.55715831921,269.425096536657,222.582415126243,258.520802004637,238.459486749686
"ENSMUSG00000038690",1017.00176143436,1014.67886043819,945.885965096799,791.525311932526,740.5050212712,742.809835136288,680.88397070348,1002.5169065942,874.278199221929,654.498479696324,779.85453167198
"ENSMUSG00000038691",0,0,0,0,0,0,0,0,0,0,0
"ENSMUSG00000038692",43.1946332768982,39.981557289085,51.5989560780326,49.2277897940436,55.3225765333743,113.972321904646,37.8862027790654,66.3639338777426,44.2607482581613,76.4352364642132,50.8997075063919
"ENSMUSG00000038695",206.050325696635,278.606136212833,171.689288299173,223.559091171228,200.527534512551,219.883015135734,227.533140853938,284.626430902789,160.316875681462,234.163934309839,228.666344350912
"ENSMUSG00000038696",664.18670029668,571.027004307176,607.235214560045,621.826408927255,661.964845710251,644.847072375964,539.549284818837,699.802749947377,586.250778880139,492.060503655994,660.796844447507
"ENSMUSG00000038697",302.448745732849,311.47683821789,322.996311588091,310.183415301976,271.68006115831,300.909321188922,317.958087323219,329.325834948869,304.967599242891,410.657480001157,329.860079206342
"ENSMUSG00000038700",4.05210311081419,3.226449956261,6.17586516827313,3.27633365509379,8.51154026840065,7.71493542995817,3.09544412664917,11.8075555754133,6.58185673972148,2.86238972498298,9.17387584930772
"ENSMUSG00000038702",103.290211540727,104.306389395537,89.7662914672882,66.4237268884397,104.532305626017,66.4082795463766,91.78646575553,69.3958639295365,90.2404290114872,90.4982427657051,73.0305001107868
"ENSMUSG00000038704",0,0,0,0,0,0,0,0,0,0,0
"ENSMUSG00000038705",343.003250122155,318.8931131922,341.799999336985,210.065621874312,366.357791975054,183.248781475128,263.024181653307,367.322530203403,227.681531893796,384.455201542833,338.19209386234
"ENSMUSG00000038708",3572.01370483155,3097.8617896498,3106.8586905573,3844.40807313514,2977.60059415652,3316.94698387753,3527.76947491752,3263.93202600664,3709.75721811362,3285.99614053873,3493.4164082851
"ENSMUSG00000038709",0,0,0,0,0,0,0,0,0,0,0
"ENSMUSG00000038712",668.639496281581,698.806039238996,1049.09640626868,1455.63806930903,1130.41754018787,898.663831404337,932.899969477428,957.132759199991,952.674656460541,824.728712840273,784.298346458493
"ENSMUSG00000038717",963.111068336139,1019.60221386826,753.330767015121,865.810045130549,794.209718987382,926.646490497234,1013.6627297846,958.896571430989,896.913634866195,696.280728873758,781.683321118699
"ENSMUSG00000038718",23.7378767353301,22.2101544305363,29.3889984252259,74.5181504864904,56.2795958815261,69.91592435357,28.5962706079341,39.7915018214862,28.2674062513253,61.034900862688,30.076506560994
"ENSMUSG00000038721",4.01699038013178,4.28798575772719,9.67824865431986,7.66737886970784,4.26990212163043,6.43559988719932,12.4341078228272,11.7674686169631,3.7452856175772,13.4574151104928,5.75312003947283
"ENSMUSG00000038722",644.823176276087,691.591957331755,635.052309631036,728.491299791516,595.417535191511,666.979913889642,688.208515333767,613.094888791939,598.704791580327,530.953226774835,644.974150164156
"ENSMUSG00000038725",2.04568945015211,0,3.55946594830934,1.09955443268825,1.04465488587278,1.28722820896191,2.0827955575456,3.9267056878273,2.80036890813372,3.80025114750182,1.13762344218606
"ENSMUSG00000038729",191.884816852217,215.970992826335,223.881326536588,225.07419074452,308.13022064605,219.723696522264,266.865018488202,267.868460366466,210.743926906051,245.396956274936,304.445240347731
"ENSMUSG00000038732",20.629777669868,13.9668325290784,15.0611216124005,6.56274376869748,27.5037296291073,7.65227117386035,8.24192866871969,7.89038785343906,10.3188036651545,16.0965815938093,14.9123786833129
"ENSMUSG00000038733",1112.80879005536,1225.8832224967,1590.16698778632,1435.285450651,1826.43680378457,979.386193766616,1539.32121600247,1241.61279239194,1558.07015454619,1932.65501649858,1265.40515040354
"ENSMUSG00000038736",235.56230709996,185.219467408759,172.434424844027,200.782210156596,188.309209584053,174.476204466626,197.54832818834,167.42781276403,204.601468874311,165.690739270113,246.887077708944
"ENSMUSG00000038738",13.0596680475422,34.8308924127134,12.4161116515989,9.75173020441715,5.27538604421403,12.8852860826572,7.15867116223306,6.93767565127254,7.5958902248303,15.9193408965469,10.2178405389881
"ENSMUSG00000038740",13.610805616403,10.6930669386621,7.94213455438859,7.67507717754969,13.7524338463428,12.8777095781834,6.167406232266,12.8367746421218,7.52664765081714,16.1591778495301,11.485338243915
"ENSMUSG00000038742",22.5504691236805,30.4080576584127,22.1045919711995,31.4965405250769,14.8544749108971,34.7613495006043,30.7205060816565,32.5545271712611,33.1061293446164,20.7275972792311,27.384086637837
"ENSMUSG00000038745",0,1.08133084905289,0,1.08971508090394,0,0,0,0,0.946040809582353,0,0
"ENSMUSG00000038750",0,0,0,0,0,0,0,0,0,0,0
"ENSMUSG00000038751",1.37193128211915,0,0,0,2.11181228969836,1.28893071158066,0,0,0.939399069604644,0.940117394124548,1.13980296113363
"ENSMUSG00000038754",16.4355580393486,7.3792621795785,13.1740099670093,7.59037086621946,20.0135987562313,15.1051517271516,24.8547999598445,36.9186297548458,20.6100330458221,32.0853871277694,9.16988977405118
"ENSMUSG00000038756",0,0,0,0,0,0,0,0,0,0,1.14045445258444
"ENSMUSG00000038759",562.015310749637,507.61822019439,547.229822868328,528.59322902155,592.75816091085,516.620605086746,635.49676230487,559.075615086987,492.210859076618,479.258878914716,554.571323093413
"ENSMUSG00000038760",0,0,0,0,0,0,0,0,0,0,0
"ENSMUSG00000038762",2438.53578634915,2306.24838429988,2706.98033546116,2523.5277415137,2179.35162816954,2442.25273326206,2407.20446598391,2138.81556113575,2312.68203822826,2194.42084840638,2743.32835358394
"ENSMUSG00000038763",85.6856252689673,5.41792462885422,13.3168800051752,19.5727691787787,27.5027357513947,9.00972700381521,6.13120420297204,3.95180173484636,4.73153984271401,14.935124699365,4.55777162634183
"ENSMUSG00000038764",499.551041065638,304.752843466891,489.919657852917,432.482653133628,582.96539365852,251.149512924061,850.527442043235,383.201860954239,523.247462447384,435.391065759309,616.583897996525
"ENSMUSG00000038765",33.9976005076349,30.0351013404132,49.3898287520359,37.4105337328359,28.1827559390247,29.8911819985058,19.9160106437378,39.6482482733172,39.9408042676421,48.3215346600819,58.6210327732757
"ENSMUSG00000038766",119.311406067044,70.7495216593621,131.215185427569,122.641649391736,120.198975741661,42.6831718034073,112.791629900868,66.2411099244322,93.737370036603,69.3546929986974,147.743940149852
"ENSMUSG00000038768",0,0,0,0,0,0,0,0,0,0,0
"ENSMUSG00000038770",0,0,0,0,0,0,0,0,0,0,0
"ENSMUSG00000038773",933.14654734292,1036.7647486638,892.649288207841,910.034638153198,1016.79182994896,978.444554276912,851.322815581502,1063.56811529178,887.809778350496,965.490222482431,959.405760307037
"ENSMUSG00000038774",613.645761424089,535.225371938631,1478.77530499727,682.717726692791,575.253235113982,519.891303383875,595.999727781982,632.569095698175,631.230104641556,525.397218361821,570.628463386791
"ENSMUSG00000038775",134.80762308099,83.2020505140611,41.4139467555039,76.6345408340932,146.25650530611,101.422275963502,67.9299545962537,55.3875151606796,87.0337513427552,75.9733353686985,126.407764467669
"ENSMUSG00000038776",986.07846821976,732.424105631522,792.425144452,822.260120616996,785.955409392916,839.103324381829,446.027693528648,631.598909601487,668.101888397922,687.400541941013,652.440817340244
"ENSMUSG00000038777",185.424991294523,11.6883643342046,58.0537443396684,13.0540547369839,84.1467587171348,48.6712329734678,38.2892822353903,11.2439392241958,18.5339705781884,85.3537938866195,11.4600332369674
"ENSMUSG00000038780",1213.30066671152,1088.59654395641,1361.05718523033,1283.31512329953,1212.02399205851,992.336344348448,1277.5105123359,1020.87210709489,808.026764632425,1459.20047410937,1352.17562273079
"ENSMUSG00000038781",1975.10564975212,2135.904419472,2378.89386568162,2319.7918484457,2079.17077792932,2124.2129850823,2112.47989283313,2304.87997968991,2156.55921313327,2320.07173957993,2208.38804432322
"ENSMUSG00000038782",3.83428098108439,7.02987118816216,7.01892832548482,0,2.5006142471963,0,9.94032788098211,4.51980667508153,1.743830913212,4.63620342897033,3.07170466512655
"ENSMUSG00000038784",242.731167608966,174.655555110909,212.46370877068,246.829262350627,201.252019118952,227.194439705859,211.391844473917,227.518019163918,225.809532963576,217.860738950234,228.715184965075
"ENSMUSG00000038791",0,0,0.494759787837611,0,0,0,0,1.33033298823897,1.26889130517463,0,0
"ENSMUSG00000038793",40.2626438781286,33.3325060467121,32.859473740249,60.9897086788325,23.5288172563727,43.3036731938224,35.9578463945053,46.2572386444694,48.0413856554216,27.401690704949,75.8585526469693
"ENSMUSG00000038797",160.042326795438,110.53571387801,143.419691925875,95.5485849045371,104.924066601841,61.486173472146,194.738892240948,56.4450704852188,195.766069548374,77.7349098171335,128.360459690159
"ENSMUSG00000038801",0,1.08511124952444,1.81608617723806,0,0,0,3.08614540074444,0,0,0.908898417297124,0
"ENSMUSG00000038803",0,0,0,0,0,0,0,0,0,0,0
"ENSMUSG00000038805",0,0,0,0,0,0,0,0,0,0,0
"ENSMUSG00000038806",274.069931383197,282.988597321374,331.369825466185,340.408261582672,300.025292296515,261.387082651269,332.039846178378,282.862687786044,284.386896144354,338.91325839566,306.484578005662
"ENSMUSG00000038807",381.484108144859,437.664699500633,425.728261799375,543.158273747853,486.432506072269,401.764898160976,452.112585997202,500.128551077194,455.251107935002,456.035591494838,343.810939093888
"ENSMUSG00000038811",17.3034427005095,48.7838303869207,30.3124719281445,19.674903795211,36.1302402477063,41.1519026373223,13.3606503479853,27.8459821709003,18.0458138048476,25.3624664485283,21.7376800982408
"ENSMUSG00000038812",250.072435897607,318.797467151778,250.714566676737,274.119054312476,263.832664855697,281.164331655463,318.035693432531,252.716066236031,247.932483575677,216.762272960138,258.383731451401
"ENSMUSG00000038816",429.194134180906,384.390751276593,400.494742979588,413.064694398993,472.202510740139,379.881471358764,475.99939373429,398.595515267223,411.978494935015,336.349160005303,531.63820787517
"ENSMUSG00000038822",105.022970660731,88.1308899631485,100.986868860571,93.539764805753,177.032461906929,157.037250397681,114.355802168446,138.348947938411,135.895765374586,146.547571894249,100.870373891221
"ENSMUSG00000038827",21.2474587149322,24.0225846295161,34.3263317357586,10.3980091811366,15.0441562922899,9.67682033511523,16.6836638230201,12.9190793557192,13.1540423935527,16.395115233582,20.6787021305611
"ENSMUSG00000038828",1761.38438758074,1688.07323779808,1516.58952987493,1612.17423035391,1507.19542276549,1888.04725749908,1660.54625180985,1806.77785514849,1532.84916228528,1555.53032912406,2030.55668261309
"ENSMUSG00000038831",42.7979365648813,34.2780432706081,55.1021372690764,46.3305087212869,40.4527608510735,45.4393760324452,36.1091122149134,47.0978404510459,52.3645327481211,38.0368482990005,44.0520766866919
"ENSMUSG00000038836",20.0469027577806,17.8447246004819,66.735624835736,12.606492350777,52.0536751564286,23.7571284889578,25.3045614023251,23.3397602251729,23.8905574012358,47.9421631963684,14.3917258169613
"ENSMUSG00000038838",218.283553025736,243.852203655552,323.385130034834,316.780751160766,159.389373058406,215.840230448525,431.313780766793,385.632702328621,245.800546363376,342.800655308935,353.524084122163
"ENSMUSG00000038840",0,0,0,0,0,0,0,0,0,0,0
"ENSMUSG00000038843",16.3372489573052,33.377851347208,9.72573330023494,14.2799529625231,19.0315078670164,23.029837670403,10.3768134166909,8.8372221548463,11.2042920393655,11.4327094813275,21.7695125865784
"ENSMUSG00000038844",1137.71835148423,1228.95631565887,1357.73212403139,1268.52483947408,1394.37277721223,1139.87222308395,1492.83699162797,1538.33351989713,1461.56601953356,1520.10963222806,1376.2473308135
"ENSMUSG00000038845",1096.882313441,1267.92293156066,1037.24657415995,1199.63309724313,1061.39774305774,1398.43036015453,1203.871743626,1271.67452287663,1062.78976424669,1083.61005611309,1259.38412966004
"ENSMUSG00000038848",631.474580745406,542.655694320492,669.516631214583,528.885189712707,562.730115728103,500.353121647245,625.807243582682,577.259700416175,649.656404637883,531.50731337606,729.697820766955
"ENSMUSG00000038855",280.110128121254,252.95502441177,222.631697785141,227.027809512852,319.732535578201,275.624671128014,234.374020241916,292.524075137587,215.29455620896,242.277526130695,325.599613349975
"ENSMUSG00000038859",565.367778659924,609.252207143664,641.112794865958,805.938386980858,593.045811951038,706.20189576242,739.281425062401,823.994370671913,741.557004929351,679.577640810013,711.086724221637
"ENSMUSG00000038860",131.45756042486,132.028796837691,173.016612800854,160.257652467836,217.37813462207,80.2892622862832,126.16332726209,76.1710289777768,150.719336947129,201.096794636348,153.182973156855
"ENSMUSG00000038861",662.876436442378,716.140077498128,822.680745318044,799.419439403428,634.179491527098,742.303636396255,686.536815918407,643.825040131214,704.189360301754,722.758204926249,808.920931759239
"ENSMUSG00000038866",412.238815952764,431.114277937118,457.747512258844,455.054162983386,377.626343338393,372.869914357207,469.059002640935,442.670042301688,408.154293452156,502.508614398844,421.965186194933
"ENSMUSG00000038871",136.38044600435,73.01514716586,59.8675427331721,67.0679085867762,83.6861742428432,77.9734074735479,72.2280511788526,74.3675945697641,66.9231767821677,67.8011733334668,124.1639687018
"ENSMUSG00000038872",684.497207869014,455.355236813278,689.98958192124,637.202760353708,417.525311151046,493.474106874448,519.946342148643,435.560127189354,652.923715056855,494.480582971769,576.882218218974
"ENSMUSG00000038876",520.896807638828,454.314379653501,549.308237299891,518.179266393144,538.394025972331,455.734959489109,555.236944502995,522.570249433323,517.281887565503,615.798369100401,493.962394818313
"ENSMUSG00000038879",588.144204573406,603.053228366132,604.71021868458,758.377949323628,656.463633035504,678.074594670624,658.224940976707,637.829500884851,824.873785598519,592.249897613991,833.585208101587
"ENSMUSG00000038880",528.026690111476,604.548268546956,497.719789516037,561.737394415504,449.25145677005,664.359174917266,559.97084029344,498.145812797401,494.069956570825,508.537552839508,612.879657865223
"ENSMUSG00000038883",0,0,0,0,0,0,0,0,0,0,0
"ENSMUSG00000038884",121.264709408985,139.753295684465,92.871929406824,119.021096544772,130.161186058409,153.977772425763,118.546055438169,75.4689884430356,138.811030593578,126.283418224902,111.332896193951
"ENSMUSG00000038886",1427.86132694457,1211.82742833963,1399.3351495538,1511.65303770674,1501.75062655679,1539.18984014262,1225.4737188721,1315.77133388801,1449.21211773576,1415.79575877848,1608.72814390633
"ENSMUSG00000038888",90.0861318517829,57.5594751243001,81.1243193057261,102.101883585956,85.428584819851,104.742397524614,75.0484459019347,70.3441334111835,82.3965120872387,92.0137166829906,75.0607786095997
"ENSMUSG00000038891",0,0,0,0,0,0,0,0,0,0,0
"ENSMUSG00000038893",157.444571874347,170.498309759134,156.400181255413,141.449737759481,120.804017772409,182.173866370902,179.17856230157,191.724425729654,188.569695723414,137.186489482478,165.264553422766
"ENSMUSG00000038894",386.998463484585,305.089790909958,280.922342485003,696.670572582059,485.350567732465,501.157507544576,235.843440714032,808.382752470312,526.612213999518,271.756063276448,404.569942000197
"ENSMUSG00000038895",201.117048166533,190.221180685023,219.524017194612,201.714390636185,228.32531703932,218.365509738069,209.082897526088,215.287752482427,182.684400227265,224.183869535204,234.390860572517
"ENSMUSG00000038900",3145.57454900557,4450.35528650808,3673.60799036717,4149.32390817746,3476.79774205011,3925.01243827029,3814.05471992079,3714.34298183357,3592.76031244993,3517.96256073053,3858.69907191818
"ENSMUSG00000038902",477.50268163264,578.952632292173,538.499317461266,464.182215623776,531.841111587441,547.727040806234,562.365859082281,507.84448267821,578.990109620085,578.719359350147,479.174647414779
"ENSMUSG00000038903",4.68285929779115,10.8299068789424,1.76284904078741,3.3206931067838,4.21317607769632,6.43353009147482,2.10501996358198,5.84253314067399,4.62620875326512,6.75476941452522,2.28153309285302
"ENSMUSG00000038909",323.780219983382,441.860552232125,301.120555613425,313.119934704835,309.875121386365,374.095899568607,311.595481716736,312.038196000981,320.427435770347,344.154614271328,336.741411132668
"ENSMUSG00000038910",105.782681004581,157.847554426573,74.6418733993798,39.30562984004,69.3237695009853,155.242807528762,68.8106085199177,57.1935516986203,62.9407934712079,118.411656537733,46.905017746508
"ENSMUSG00000038914",866.409970891387,712.474856747573,702.213379533335,658.836092563346,831.755118574844,742.828530278652,864.469688924675,816.536033938617,998.261229186565,854.225246895871,970.01643624478
"ENSMUSG00000038916",0.687533748022858,0,0,0,0,0,0,0,0.946619013584403,0.939785884343217,0
"ENSMUSG00000038925",0,0,0,0,0,0,0,0,0,0,0
"ENSMUSG00000038930",70.962847761719,86.1009435273028,96.5863703802612,71.9901926610988,96.8183907228336,82.0912147462886,97.5580628015675,98.5645587436151,71.6494177086755,100.041123721613,68.7783246517811
"ENSMUSG00000038932",1.00974018897816,0,0,0,0.718101886282325,0,0,0,0,0,0
"ENSMUSG00000038936",193.821768832282,208.780555980071,250.078718028228,205.451111922383,218.574554049816,250.181020709627,178.463922363938,252.695028636289,204.588768751574,224.506771064962,148.093984939235
"ENSMUSG00000038943",20.9982797498101,37.6959222565567,17.0473478130138,13.732277481862,16.5077262331182,69.8410422316805,11.2580730878887,35.5264815618606,21.1494602088414,16.0867266881313,1.14000980393797
"ENSMUSG00000038949",490.279115323438,491.35018174789,590.428387428937,633.773135061272,527.349599899682,374.553428618345,567.297496027483,444.020582498068,539.728233313034,586.30008540517,504.650808966388
"ENSMUSG00000038954",89.2379796218626,165.891245878252,136.633408568173,114.036837629859,103.413877896576,148.071178482281,141.535691224394,162.171976130979,105.232191511811,104.802882622585,84.5865798797768
"ENSMUSG00000038957",565.470069344116,186.999693732254,173.800410151863,502.727248077742,156.395221120683,405.485914634641,165.006695769129,601.727119801323,390.404298646231,305.71219292968,269.412259080402
"ENSMUSG00000038963",2.76731444152356,10.8430946523975,6.20465266663588,3.26267396364186,5.29403053185325,3.86886412705956,10.2468239052889,4.91580919134619,2.82723736726142,1.87330530123043,2.27768594113376
"ENSMUSG00000038965",520.952348964968,617.676922988401,523.737769641474,488.975347712869,598.593560182345,565.797770724493,608.536316689083,598.386907507342,498.205760852885,525.078637664711,577.319939841283
"ENSMUSG00000038967",612.373192075027,575.484789611013,628.250922923619,842.793407175426,640.34083265813,694.279362663764,647.761944286285,800.501373176225,728.978649861511,824.286905753679,671.965687936984
"ENSMUSG00000038968",0,0,0,0,0,0,0,0,0,0,0
"ENSMUSG00000038970",541.004406273705,445.967197836297,584.643513066308,597.140785844708,575.826075967285,510.330034583463,503.962108197436,669.86952418035,526.127968637816,676.808959267745,641.355197499645
"ENSMUSG00000038973",0,1.04678389291114,0,0,0,0,0,0,0,0.955837489259011,1.15335941183315
"ENSMUSG00000038975",711.864397265946,827.902093667415,672.549391543652,810.771609571137,877.296758472173,829.418537703374,857.656671230066,853.961263204405,771.504762608735,572.540058438749,908.59985884385
"ENSMUSG00000038976",2524.8915882264,2007.69969316615,2066.41499875952,2018.25747733765,1959.72225636423,2088.82952946612,1800.06541431912,1678.30975423644,2283.44737500531,2279.20773740722,2380.73145360791
"ENSMUSG00000038980",46.2359695143967,46.5116997909388,39.9813157902572,18.4782547404348,55.3484575834119,57.5871383753193,56.3546328770115,97.364417321097,58.4513948635057,46.8916672466511,60.5820990735582
"ENSMUSG00000038982",117.163921101066,129.752864104661,125.957351242315,101.966662219174,133.138980659885,107.21348360355,147.841689788963,100.591198530351,126.61421157462,124.243750431029,119.207526847062
"ENSMUSG00000038984",2.73433868839873,1.08268847425485,4.41891368590511,3.26724395684487,1.06293102381634,1.28687894821588,2.05074022135373,0.986044209177098,4.71894631301307,0.943030089779321,0
"ENSMUSG00000038987",0.683640195633821,0,0.885503636181287,1.09674012478612,0,0,1.02685485884117,1.98380470798984,0.947720599519855,0,1.14458769898375
"ENSMUSG00000038990",145.866109724313,133.522713618742,125.542459873214,111.496897294686,161.235410963283,152.993731897117,154.217203570461,160.072277363781,128.609292317382,161.157589056769,142.122889605796
"ENSMUSG00000038991",3287.37053966612,3295.23750372585,2861.68112432001,3011.41627986315,2361.68658730876,2955.37869714766,3006.17285361594,2362.06193073087,2640.85923211218,2449.53195918413,2928.76704124204
"ENSMUSG00000038994",0,0,0,0,0,0,0,0,0,0,0
"ENSMUSG00000038997",0,0,0,0,0,0,0,0,0,0,0
"ENSMUSG00000039000",636.422178789756,571.691382267431,645.329475846616,621.650720716838,604.338141593158,525.404943307858,622.363903854831,636.997705254791,642.462898979219,522.296113376139,662.076460154182
"ENSMUSG00000039001",1475.12808036426,1864.99180552457,1500.75575097527,1467.95765523912,1361.92426319584,1518.20327063424,1557.36138910949,1689.38992239035,1418.52808547025,1228.04810354134,1318.3113890884
"ENSMUSG00000039004",55.5409002162871,21.6482278486137,47.8033282217468,46.7567680145796,58.2608818816514,41.168468061871,48.1068742744801,61.2582082249619,45.3939346069497,56.4242111358086,51.3889861751249
"ENSMUSG00000039005",398.784506764259,317.281961669278,456.336719559554,368.305478747809,386.914473880094,295.141386146779,345.398581029264,329.27415041381,334.393337416356,368.645529843905,402.145707603202
"ENSMUSG00000039007",513.956915009353,570.980518284851,626.271083104936,538.793326066696,539.65452834566,465.011314606025,659.605485047834,587.41874380284,674.907049082249,505.890658998922,583.373944994346
"ENSMUSG00000039013",2.64029189098547,4.12828509693754,2.81573877919983,2.24032496654275,0,5.43036266003788,4.2091121043004,5.22278951344288,1.8082021957927,2.69771338249112,2.19012027702465
"ENSMUSG00000039016",379.478978353335,521.811178747808,444.534515039031,496.897170910588,380.682444652331,528.569091705713,473.315716297981,533.54346060314,424.241489752707,386.212229664451,422.045158863832
"ENSMUSG00000039018",180.039801549946,225.769360992824,190.710938737678,223.590124320289,189.277545335838,189.294740686721,214.527916846969,240.180200188905,230.75508781356,161.190394948772,226.132821558682
"ENSMUSG00000039021",3.45472664195847,4.21197474769617,2.58472344532494,1.05966541920516,1.12611528577477,3.77084110269734,2.17940737660055,7.67677146878405,3.91679376162748,8.19720756708879,0
"ENSMUSG00000039031",266.739132734147,258.178295208075,253.514143611267,222.812239692865,319.351289760585,213.90284530141,279.396809406107,364.27637538527,347.233685103066,330.857509084448,234.948784462974
"ENSMUSG00000039032",0,0,0,0,0,0,0,0,0,0,1.14045445258444
"ENSMUSG00000039033",60.8010931004758,83.3487551524633,56.8844764651019,75.3377523554717,46.9254294559897,61.2842475702119,64.5781597891665,61.8028764579236,62.8525303131266,47.2070907851869,101.947419961555
"ENSMUSG00000039037",2.05035963936355,3.21939073750985,0,2.18286726214672,4.26056573494482,0,5.12992104413812,0.983492838605575,1.88106374337585,0.944810644374877,9.18490977727859
"ENSMUSG00000039041",1483.71985569316,1164.66301113377,1321.3273802489,1384.59662790085,1254.61554373129,1294.10300080008,1367.03835468423,1255.12548097585,1510.55322778128,1324.16575510859,1548.77170491792
"ENSMUSG00000039043",30.2179244662989,18.1468984533561,25.4786656936871,14.3137671361659,27.6502769986613,32.4049432799358,29.9951992571341,17.6438055974202,20.5798297177187,21.07339094563,19.5772772508272
"ENSMUSG00000039046",384.988998986992,269.792723313604,342.616415732401,325.514714771284,525.490400857938,278.003812806724,344.424802009053,324.209645043264,343.23910418515,349.507759209746,333.856010437697
"ENSMUSG00000039047",430.335569500069,444.506459285003,354.973776853419,446.667096030434,392.923944098703,437.662532309288,479.95771302272,432.03861108742,452.105079505365,344.316579269452,418.279906597063
"ENSMUSG00000039048",271.169000864014,284.842429815105,209.892696318897,160.871982435214,194.568052402268,342.246756408139,349.580430237747,341.422481238288,255.042283523158,334.795590543555,354.666908513597
"ENSMUSG00000039050",1695.16552433966,1875.4547347155,2103.22053324894,2378.72767599183,1455.33387591436,1886.52176402511,1935.76829403099,2014.25964803786,2117.52290021263,2019.57022582699,2069.70698882189
"ENSMUSG00000039055",2.73232167604736,7.53411444180156,2.65186115053161,2.18826991290488,1.05468870905876,12.9443271814356,2.04819124166627,2.97214138396284,4.72997125587848,3.76439010166498,0
"ENSMUSG00000039057",0,1.97768719847976,0,0,0,0.700458529024862,0,0,0,0,0
"ENSMUSG00000039058",0.570151667211884,0.886145873536374,0,0.898453801122736,0,1.05300783159484,7.93272430635271,3.26074311511025,0,2.32493431354062,0.944173436749122
"ENSMUSG00000039059",0,0.970052116942282,0,0,0,0,0,0.792554280180144,0,0,1.59115599974262
"ENSMUSG00000039062",4037.54482379728,812.770556010238,2301.67658970418,1052.77852979321,2334.65353296326,1246.12630045496,1310.96745452929,607.149279462288,1957.59513131434,1706.94911852751,1501.35533000446
"ENSMUSG00000039063",378.588840886687,454.298341102455,593.566501716947,474.579283277999,551.897753074562,469.689853214194,500.100336690212,436.015863618403,607.751651645922,691.035347279017,508.185603718654
"ENSMUSG00000039065",128.927139639334,194.625440993378,141.89056155552,148.688400951672,99.2410709357343,158.310319693817,195.473684496153,118.131261556259,145.923118197236,160.834320961123,177.868957101289
"ENSMUSG00000039067",1090.9751091597,974.675848392864,1050.27391718905,1140.20750811725,1115.28666887017,1008.18173663267,950.998358656036,983.705246991631,1037.7840587741,979.04299462671,1064.09321842575
"ENSMUSG00000039068",396.785964441427,361.323411215479,375.614847803083,375.556694397454,349.462280706789,301.937005471085,394.557585175282,375.726608612465,370.623549701575,359.933258544638,378.74903890583
"ENSMUSG00000039069",181.265163512021,286.169180941235,229.298453184518,215.372012123914,191.648930427048,250.409819743109,183.17647820616,248.608382079189,233.731029760782,201.923554098347,161.112435440903
"ENSMUSG00000039070",0,0,0,0,2.10191351140727,0,0,0,0,0,0
"ENSMUSG00000039079",0,0,0.888711478704946,0,0,0,0,0,0,0,0
"ENSMUSG00000039081",778.553045483307,512.470729004949,910.797237114803,525.872316568173,642.450992773076,547.6960764862,860.031207749374,600.390256779778,585.432540165071,771.748890223058,494.990075550921
"ENSMUSG00000039084",0,0,1.76315049168404,1.09068996560545,0,1.29151436716677,0,0,0,0,1.13997557857594
"ENSMUSG00000039086",63.2338148117679,57.0498222884063,75.5931858191176,46.8483087620409,69.6575736017464,50.8303640532799,72.7474864392462,68.7388913777967,64.0150232747778,89.3548979848535,58.6395885643778
"ENSMUSG00000039087",1073.83862345825,862.392894961821,825.658583795171,1261.92895432644,689.447537307244,1135.72469715228,881.501310589789,1120.81209703942,1047.58758787824,686.374077359608,1131.35202181985
"ENSMUSG00000039089",255.023765648649,241.967689495122,257.653518462726,190.517084554054,234.952268222749,256.90888084652,191.280377700671,216.945428025611,286.517960309708,267.367592966685,181.952087302951
"ENSMUSG00000039092",5.41112175895152,3.2772928218749,11.5261675230642,0,8.37813548749211,0,4.20032649094752,0.979863521781448,3.72494899534739,5.75301599167409,2.27158838545363
"ENSMUSG00000039095",0.689939267648385,0,0,0,0,0,0,0,0,0,0
"ENSMUSG00000039096",19.98976186353,9.71299248784642,15.1018709067815,21.7754932216812,26.695695282698,25.5330121458381,14.3522745916328,12.756790664631,15.9962261419575,24.4346592738217,20.6284638797742
"ENSMUSG00000039097",0,1.06263286241008,0,0,0,0,0,0.985995465505579,0,0,2.33511718329289
"ENSMUSG00000039099",13.6930013291645,9.75196839589037,9.74695566627381,15.3327282159638,10.5208516505585,10.2700556216046,12.4100151060523,9.83466903414247,5.62057128341242,6.62825146219442,4.55994063414149
"ENSMUSG00000039100",670.202165546949,560.219975059063,656.804831662434,587.087686707092,617.760502413409,417.706352756812,689.224292004353,589.504489819706,676.695164870816,652.930950475357,716.762327168172
"ENSMUSG00000039103",337.233780204988,145.113100472543,129.859009654406,105.469905898946,135.072300099991,94.6312655623333,122.722278799209,87.1122957113536,105.098701884783,131.701129187289,107.647781371503
"ENSMUSG00000039105",738.718421682459,777.355781979357,768.536102677016,988.295980067605,831.37028483488,753.382008909003,1007.95550324992,796.895326240067,781.432470457018,885.784955188782,798.510726984341
"ENSMUSG00000039106",0,0,0,0,0,0,0,0,0,0,0
"ENSMUSG00000039108",490.107890334882,475.218731087625,519.258549961355,545.963154853246,496.645601522727,494.356693172214,512.173136650741,537.969110316554,549.272870288241,598.426038710968,516.666280142528
"ENSMUSG00000039109",81.919220231919,66.6490422571861,51.51413287975,43.5718044956763,79.2068338070723,50.9188373590223,33.7792902321443,42.6092892894019,50.9110879175492,48.8802188064134,40.1122806810747
"ENSMUSG00000039110",20.262662503654,11.044917269142,8.86267594627785,24.4984008582317,10.6220599480753,15.4234211015122,8.41225616510197,6.26021889096407,5.97608963275279,9.61212170816139,11.7036772705143
"ENSMUSG00000039114",2.50440970118557,0,0,2.02946726241745,1.98443060099218,2.37853222719458,1.91932804855722,1.86055048810786,4.65469088111837,1.75843715551503,0
"ENSMUSG00000039115",87.8709220920025,51.7947353544376,70.9558806672808,56.207304285607,55.7597423010696,43.2522111500723,50.2628710447673,59.316842803623,29.5982554274297,56.7674312129247,56.764208831468
"ENSMUSG00000039116",17.2326132023954,10.9988459031345,29.2735443194502,7.60702711263191,25.5361955785404,7.61573230752144,10.5038199856224,5.83941838634271,16.6642907120246,10.3360196728654,23.9241653962546
"ENSMUSG00000039117",384.253274157016,326.777820434747,370.955984044008,362.636786773005,376.581835985771,329.191547466334,303.442642756537,433.997742385731,326.773059302171,412.439888934406,414.673626244059
"ENSMUSG00000039126",9.96732216967087,26.0697778274035,20.4244386740019,1.47990036279275,41.3307997488607,6.97520748354348,40.4618266699313,14.434190825691,17.2217652517566,25.0059135160043,10.1181725564384
"ENSMUSG00000039128",632.103216292279,679.044244586718,597.840084267632,718.262255685677,572.289982221999,659.431192869615,649.783385905826,800.846646721339,565.980538811173,567.174809232628,634.416689753603
"ENSMUSG00000039130",203.358725243862,157.968168896422,219.691145921225,201.163451788657,191.663194619999,240.585145441684,233.134291030025,211.618242926602,263.625678282727,225.612152425938,211.457700219469
"ENSMUSG00000039131",11.4669260940391,8.63296882957271,10.5955778963987,7.71659709963553,9.49070319588202,11.5649742344958,11.4732392701825,10.7638142344149,8.37480388710096,8.63226753785885,18.2953651127855
"ENSMUSG00000039137",11.8264022532802,36.6418938741242,9.32179554176721,28.3426481882548,24.5799524106703,48.1107514487387,24.688272910461,7.36741275608096,8.6256453822437,14.4788682468134,24.4409555579875
"ENSMUSG00000039145",9.80551957591606,8.54820478262826,13.0548918858393,5.35420779010959,4.28839224669101,11.2424698860226,13.0593768995336,6.01805458233186,11.4440758713978,5.73932574242143,10.4824053406175
"ENSMUSG00000039146",0,0,0.888711478704946,0,0,0,0,0,0,0,0
"ENSMUSG00000039148",1399.00968095051,1542.38578294631,1471.64131568047,1519.1323005349,1406.75082801698,1566.58248326966,1443.91148196209,1403.81047270354,1383.86183693975,1408.33266980732,1423.66919091751
"ENSMUSG00000039153",10.2228299706262,12.8705607223785,3.01273183183292,6.06958549526218,4.57973425887977,7.71991989168978,1.44099827879433,4.5889291442885,6.94019434700707,1.739647994874,4.39681772697451
"ENSMUSG00000039154",13.0261703841322,6.15700317654768,13.3474493144465,3.7294479309059,4.83451139051771,4.37852704438625,4.62319294406964,1.68273757940501,3.22551569396294,1.07976660990836,9.96140550121676
"ENSMUSG00000039155",0,2.16767084877187,0,0,0,0,0,0,0.943973100158616,0,0
"ENSMUSG00000039156",785.095547705668,1280.14733940196,946.836530042776,1403.78353133234,928.11689389908,1229.79685337865,1220.69056428726,1600.82065859236,1198.12558994929,1102.5414869778,1299.91759625669
"ENSMUSG00000039157",285.500836472054,290.55389369966,262.27354061253,227.532073689639,257.425497035177,240.974963291209,314.599513161697,205.675013862655,271.704494821772,344.824407418953,357.78182988634
"ENSMUSG00000039158",194.4375604649,421.255840994142,96.8712275944436,103.100745622064,93.3678167806311,302.920823548326,106.376723350703,93.4606950509079,90.6021074458515,150.275377006519,95.6879151813666
"ENSMUSG00000039159",384.290997044397,363.525430934483,502.932580795324,667.614741840371,631.337307922967,378.94656891973,588.361443846434,568.601440057205,514.50075700667,769.498347217815,303.214481434226
"ENSMUSG00000039163",50.3072995346139,81.5046841282754,75.7274264122916,76.9435263491154,100.558831560036,70.9770366761017,75.92710688044,59.6509240783479,99.5202442626687,44.4002801687231,82.5932028265008
"ENSMUSG00000039164",38.3706641776992,44.0251137589444,59.5228647970055,46.9331092970938,31.1376404145697,43.1840808366784,43.0895476647958,53.9205072437542,52.6201426806812,65.1241878055816,43.7856872448522
"ENSMUSG00000039166",34.7838182840383,29.4781312670778,36.1072645339754,43.1285588485693,84.3917529176819,31.697702208854,36.1502760387691,48.004739004893,41.0968021360616,69.5306005483963,40.1491685093662
"ENSMUSG00000039167",148.047299567354,118.086893465008,128.122314319731,138.074124424173,169.598058018527,148.75482929846,174.695800233835,206.282247686899,164.492992361548,169.865436571544,143.678556167775
"ENSMUSG00000039168",413.628643260589,631.106752819139,483.568088972634,876.717091994954,611.56144003746,812.588418726431,807.849357460372,884.934320826452,735.123619937812,643.94262346831,699.02933053422
"ENSMUSG00000039174",0,0,0,0,0,0,0,0,0,0,0
"ENSMUSG00000039176",483.923033427405,907.162195026425,874.807311850679,964.325477567084,936.211741685375,1117.01818712865,929.183186365986,545.471149630565,823.783859339586,1111.13048109595,1005.45079128364
"ENSMUSG00000039178",109.619570956056,112.643132643139,111.567587888587,120.294378057689,79.8588805117316,89.4449842884338,113.240791370471,115.329901551249,102.384617701594,105.279380172829,62.0325794297857
"ENSMUSG00000039179",0.780451932225162,0,0,0,0,0,1.16664843884299,0,0.734968154777767,0,0
"ENSMUSG00000039182",253.698580532017,211.071445820406,186.199614288787,156.45825951898,125.28168331795,393.044037226963,170.850430453258,272.971970240258,227.669706503528,214.669626383602,350.013070066761
"ENSMUSG00000039183",332.935211098236,412.026102862196,308.954728275895,384.928658561128,247.408083807414,588.70580866258,338.317154284511,307.189113539159,352.946915255818,362.487785742096,574.228304585617
"ENSMUSG00000039187",5.24228920862282,5.75752360752413,12.2246599045126,0.831422556229979,4.80567637243673,11.679993508335,0.782966895816699,30.163363815164,2.147401623382,5.73604214822558,1.73865364940307
"ENSMUSG00000039191",169.197235440572,132.589129146871,182.8850139556,158.767366201635,205.971998914919,130.496829449067,149.592478546455,160.608414851475,156.46083140483,140.231922328987,176.264337584357
"ENSMUSG00000039193",137.008958151601,144.054283251268,58.0231101756729,39.8108098498313,184.778909244424,14.272380323828,110.5702169575,39.6893007017885,114.162545820287,36.343772902972,55.0854636715771
"ENSMUSG00000039194",0,0,2.93605374467805,0,0,0,0,0.627972999395072,0,0.448001073487073,0
"ENSMUSG00000039195",546.93962972794,633.847651340899,582.732966402823,637.729345952836,548.53913564706,696.715542495603,638.77040931451,573.676917850971,541.009796081342,503.219225854703,631.898106004276
"ENSMUSG00000039196",843.59765954051,990.228850623287,1177.14695547614,2115.28044250883,1361.26030316346,1002.56996747981,3008.73107957286,1000.50484755002,1038.64370351003,948.109766119084,3099.05848769808
"ENSMUSG00000039197",599.987203954809,658.145570750201,765.887927029387,780.858963858463,695.012627302176,748.592728205427,714.247122371351,766.206825796981,1053.4817211303,819.006023168248,712.644824721777
"ENSMUSG00000039198",0,0,0,0,0,0,0,0.992606609936369,0,0,0
"ENSMUSG00000039199",211.815306885719,297.041961836126,256.92886176126,281.238104515711,255.745238187614,281.871319893414,324.058905152484,268.550002246393,271.324541295116,258.463024633021,281.070342704614
"ENSMUSG00000039200",0,1.10268096361816,0,0,0,0,0,0,1.85567996433393,0,0
"ENSMUSG00000039201",589.713069304113,500.835541907551,522.387821578149,493.204165935783,718.538675648297,591.20846611314,623.709068059448,553.036123505457,515.359121624968,678.760994313897,548.628631045175
"ENSMUSG00000039202",119.959403020066,90.1092586563287,79.4986609600879,89.8142754957145,93.8987233622091,96.8926336041149,118.850156698767,125.839652872555,84.1033106067559,95.3481505360836,140.856147910576
"ENSMUSG00000039205",1055.16250215504,953.367264317731,922.276580469173,1629.0474009924,1382.6722088243,2279.2458876427,993.055929056074,1416.17765835197,1386.08180096431,859.519383766193,1164.21348369143
"ENSMUSG00000039206",133.119837121728,77.9607573588947,119.585449400979,70.7905689857925,105.733199520897,129.148138080548,95.2532917065064,114.287452713713,74.5468235052742,104.9311753545,86.5869127267936
"ENSMUSG00000039208",119.650538411977,160.039092635061,129.266722430143,136.921821589396,189.383655666197,149.794784771027,174.62639399215,180.221120364662,124.951018255752,177.339812197046,149.89033812213
"ENSMUSG00000039209",1.37987853529677,3.24192520459567,1.77742295740989,0,0,2.56382447803796,3.0734337344382,0,1.8935257682731,1.8727338905821,0
"ENSMUSG00000039210",158.324382038629,136.709335052201,172.561624737265,156.292851304589,137.202704970499,100.941578389911,113.026655429603,113.003352566927,148.01061208752,195.8178306024,190.568843357049
"ENSMUSG00000039215",0,0,0,0,0,0,0,0,0,0,0
"ENSMUSG00000039217",6.79242677937316,24.9124598498962,16.2125593159756,7.79617860651686,5.84875853010859,12.0908525756399,7.29602627851309,2.30560516450715,4.38189036237026,1.51204340843171,4.53344921292878
"ENSMUSG00000039218",13753.9549530038,14150.8867097745,15647.8324148009,12340.2305017317,17316.020220896,17948.4048542918,14865.6633054826,18793.9479872443,15810.4352139024,16107.2759231033,13976.8045482574
"ENSMUSG00000039219",703.167485541047,769.991212344989,722.947287837172,1043.19347484336,695.283759942851,530.085114718648,728.03933554408,659.397229049151,756.563348586961,910.405530330597,575.157796972593
"ENSMUSG00000039220",1083.69239859043,1449.14968259797,1503.62178493023,1243.38387103633,1339.36032725497,1408.1900093251,1396.67936029634,1007.77162192726,1377.74409588349,1294.09883053765,1089.12677907769
"ENSMUSG00000039221",431.892592493406,519.950723068602,512.968899457196,480.7867893318,495.372884747171,329.010008634128,607.856289524236,526.230514004805,525.912742828315,425.400696688039,439.218870067401
"ENSMUSG00000039224",0,0,0,0,0,0,0,0,0,0,0
"ENSMUSG00000039230",326.767361222346,311.528252598607,321.846636327628,406.761671708716,302.503576729606,407.404101718627,282.204870737805,308.455966665059,354.761514449724,292.48579282591,403.257879950515
"ENSMUSG00000039231",43.0987599230805,47.2788254320625,27.4043742989145,36.1126449540411,52.8121493222629,55.4463681075207,33.8558572138068,30.6295676936045,43.3806820005048,49.996132924948,34.3489012919243
"ENSMUSG00000039232",4.28439564917402,23.884253321174,2.79094242274344,3.43855548938666,3.37561796734068,16.1369057916344,2.43004017758531,2.3160465681919,3.69465569736097,10.9618866762384,4.53494462045717
"ENSMUSG00000039233",348.219709076938,399.42613887013,435.018816544102,370.682517414467,369.184550629581,347.965889534037,416.639719418031,344.63376876489,345.906861596306,481.6967953567,294.221708039438
"ENSMUSG00000039234",1560.27144387013,1207.92913488128,1071.84201700508,1240.23793515968,1032.87522721892,1203.29449141155,1236.25428040009,1217.44474322654,1580.89602786651,922.147580331407,1389.43623872223
"ENSMUSG00000039236",385.189870067366,564.151869728423,378.230307632535,952.160572761385,370.520291277129,1202.32673655816,501.342785306672,778.3552552746,642.11878670607,557.982624478585,1098.53652720215
"ENSMUSG00000039238",34.4214195176876,22.6589937892947,76.2037805572558,25.0824574331627,122.557950706606,14.1647823829898,106.420505196466,38.5518575434886,30.2368612610848,78.8166851274778,43.3894529974416
"ENSMUSG00000039239",289.25174972095,266.572418925588,251.942298580024,265.108590006645,263.179265685453,227.825087378764,347.908507044549,289.815174212811,263.769585352937,169.049425002124,315.914983575118
"ENSMUSG00000039242",250.401447807542,189.356373877697,242.337728369248,284.828231119098,325.442372198092,253.594522016079,360.899529900006,226.050064899123,312.149150712712,363.684521364619,327.551373994427
"ENSMUSG00000039244",439.947527344462,366.537722995119,409.3372736657,416.672729485859,363.229173330981,438.155649347272,466.70076926085,404.558756113629,377.78330480544,466.012141196488,502.371389881897
"ENSMUSG00000039246",52.1494703961227,65.3496081181721,74.7721504624889,71.9396215503127,59.4624405065113,52.6054148277499,76.5427362845829,55.532211583242,80.4803840935716,56.124437076418,57.5543944481949
"ENSMUSG00000039252",4.80728355196491,5.36780803941762,4.42818833809385,2.1853805666623,8.4442045208679,0,2.04999058181701,0,0.942969347760751,1.88467962354563,2.291484716098
"ENSMUSG00000039253",72.9327174042169,109.938199487455,89.0276670923094,89.0710348164173,81.2980206386709,103.412213183603,92.3688477453439,100.198670207509,107.651891265865,130.978124766659,88.4900425256251
"ENSMUSG00000039254",365.915179701469,423.312847452562,324.27464955382,285.103213404881,318.921795034921,307.764822324495,308.222830112552,372.689325517628,321.259069140133,340.04275829771,253.294441826595
"ENSMUSG00000039257",1.29267972582584,0,0,0,2.8242970274362,1.70961184428516,1.22052805155116,0,0,0,0
"ENSMUSG00000039262",1403.45083538588,1531.47627758403,1356.50862514876,1451.07294277614,1191.77697229876,1486.95356815672,1326.81991221491,1683.96788280379,1385.52453969826,1587.53305012554,1906.01391616125
"ENSMUSG00000039263",712.314116440007,906.16255101555,787.935721054954,791.478255332404,766.699887152498,852.934319183683,751.984928118711,894.780676878392,725.80721475497,911.006074588071,796.319273141058
"ENSMUSG00000039264",117.284266578299,614.498770176905,37.0810196114083,32.7785995494682,41.4564255391178,255.590324113286,60.8068543846561,45.9275536418115,63.6421082468841,135.529183580996,51.4678839141406
"ENSMUSG00000039269",0,0,0,0,0,0,0,0,0,0,0
"ENSMUSG00000039270",19.8224844077635,5.41447742455974,8.84364411116974,9.82446141485535,13.7556798824457,10.2684475626411,20.6110290896325,10.8311976437197,10.3388464740995,10.395448565893,11.4319136101581
"ENSMUSG00000039275",313.13564397486,288.724877141193,248.161597806315,243.877027183932,288.894689318709,313.738772170316,247.612519066601,293.703335726483,282.817214783431,249.524029546649,363.292776370062
"ENSMUSG00000039278",0.673710321537355,0,0,0,0,0,1.02968514084002,0,0,0,1.16202042304841
"ENSMUSG00000039285",546.484647509224,632.853925514624,923.960788080054,755.374221866059,815.552849000906,664.214815393221,756.921275079435,784.164048974386,712.932060853955,945.771105312417,727.125328485165
"ENSMUSG00000039286",1109.09078525768,867.542743521288,990.264756634226,898.832110131502,1115.59614335931,625.8659977926,945.792792329515,919.663537202149,1170.14726502172,1030.81248427768,1044.15609771251
"ENSMUSG00000039294",118.923308761761,147.614544140567,111.87434072249,99.9090649968734,117.957880410353,143.422238829787,140.331957594518,90.8158958887031,114.131814628134,137.33261900109,144.010738645204
"ENSMUSG00000039296",0,0,0,0,0,0,0,0,0,0,0
"ENSMUSG00000039298",124.270078840859,112.628214145694,196.409804547255,84.0623086626272,85.1659188107474,178.538923184104,108.898698234572,370.299661832736,90.9644662979809,81.0880727327455,198.856001680037
"ENSMUSG00000039304",31.3790353331089,26.492496708855,23.7248029067908,21.7813192991661,40.1199827994454,29.0766663644301,16.3959212946245,33.2618441427235,32.5213693436025,40.7540868386892,41.28333696139
"ENSMUSG00000039307",326.069971056899,510.929809782511,307.127750806162,325.122196302851,387.663435702421,443.233430086943,340.309437111359,593.822293508796,531.25241668173,430.51643856243,425.80957009076
"ENSMUSG00000039308",308.080593237754,424.173195788834,362.524367261795,352.749299101411,381.537933362274,384.031093355616,306.614629356133,440.939098807905,378.764008913819,371.767914022266,478.519073036469
"ENSMUSG00000039313",0.708387066791804,0,0,0,0,0,2.09695516776442,0,0,0,1.08532956656409
"ENSMUSG00000039315",2.07110161267416,5.37097138426072,0.887806221246191,1.09383109314439,0,1.27804789381903,3.08065868942343,0,3.77181679953497,0,4.59473443137017
"ENSMUSG00000039316",45.4503884076824,144.321333527648,65.5175279565228,46.7312296618431,76.4802059495885,94.5741863930784,47.3226670786946,50.16336086583,39.8297736788159,74.1586141110225,56.0284405550832
"ENSMUSG00000039318",1551.58622891076,1965.82951093643,1282.65526284012,1756.73543817346,1444.83786891661,1342.48986077584,1579.44839634759,2488.79156939545,1514.85641586068,1386.64903051449,1463.19656261026
"ENSMUSG00000039321",0.688500655923969,0,0,0,0,0,1.02661854260615,0,0,0,0
"ENSMUSG00000039323",233.914592047404,266.929416591859,248.100151329176,208.899244497667,344.942296051219,79.491456163604,255.796025438614,208.975529392518,189.567039289314,164.75739358732,97.5918640932878
"ENSMUSG00000039328",44.0986032251271,30.6823044122418,46.5087414113824,27.6210150511628,79.8842681826784,19.3395737759872,38.6081517545912,28.2751306350151,37.0686443178735,72.4718499755553,24.5299722639449
"ENSMUSG00000039329",0,1.07057519576067,0,0,0,1.29396596465524,0,0,0,0,0
"ENSMUSG00000039330",0.245441343228283,0,0,0,0,0,0,0,2.66136455385309,0,0
"ENSMUSG00000039335",0,0,0,0,0,0,0,0,0,0,0
"ENSMUSG00000039337",0,0,0,2.17145379140739,0,0,1.02344465048542,0,0,2.82191180734995,0
"ENSMUSG00000039342",0,0,0.892036224744835,0,1.04594503900942,0,0,0.980201426522556,0,1.89511445180162,2.28488675610618
"ENSMUSG00000039345",123.874391739987,93.498343140931,93.5229748837907,73.2706351016958,106.021735459234,70.9534558532907,115.425060748985,78.587039195961,86.3598236387485,79.9737005667257,105.993683148242
"ENSMUSG00000039347",16.1564684092974,12.0890965396195,7.90128056231054,1.64334917403201,4.10176326054002,1.91593547523445,6.30800990976718,1.43849701729594,15.1339904092163,0,12.1833275725151
"ENSMUSG00000039349",177.050484060432,143.222969266851,142.389548370712,187.35473148306,172.702074150996,169.860240753832,152.567955310443,204.115097110017,176.234163290021,161.565295981588,158.126419864367
"ENSMUSG00000039354",370.241234648386,215.099462854622,357.211478132973,374.096254371755,351.837353073843,376.993822544527,214.39081999514,326.49179821155,410.527462646293,419.507090224806,123.015549010174
"ENSMUSG00000039356",122.679587622286,146.140997457347,83.4364546891271,116.048252546591,103.324897020675,169.344734646734,139.819798241075,90.7817047327623,127.648430445197,90.0134363721431,187.313190917565
"ENSMUSG00000039357",104.130381232299,87.7488426327539,111.366853951818,95.6773644183594,105.544296805142,91.4385234503109,94.1069267443352,73.3312848230072,108.908175201121,85.7159031666563,116.363926397749
"ENSMUSG00000039358",0,0,0,0,0,0,0,0,0,0,0
"ENSMUSG00000039361",479.075035343415,431.288252182665,501.077381675803,467.961916746592,558.357325509465,415.412733060094,471.098752874215,484.671227358091,502.2635283892,496.600238550271,522.382077160171
"ENSMUSG00000039364",27.9897840512834,25.4049967072169,81.2034403784352,120.631339917925,174.695561905696,53.4155213306185,48.4471537435553,44.3033896851124,100.883384246639,228.427733405703,47.554035597101
"ENSMUSG00000039367",2361.32834392333,1854.26210439099,1789.79894056439,1850.5478273361,1682.72723597083,1902.44639045564,2224.73536057516,1990.08235915074,1722.93696493232,1727.55163923966,2112.92419557721
"ENSMUSG00000039372",0,2.16128346973044,0,0,0,0,0,0,0,0,0
"ENSMUSG00000039375",0,0,0,0,0,0,0,0,0,0,0
"ENSMUSG00000039376",43.6255127237656,4.55506390756783,1.86859859656325,7.99673963503165,3.27752455726213,0,1.07666290809699,2.07246300285129,1.98619051043083,0.98524148423163,2.40138887144622
"ENSMUSG00000039377",65.7789815425337,111.79923713307,60.5851487494056,79.0594169803503,53.3895947201382,74.0409029503389,115.328053213531,77.8769059697837,91.1483323873838,93.5513704551934,78.9750242367081
"ENSMUSG00000039382",408.011198884393,268.958725796358,499.681456884713,448.875466954346,706.627347112797,438.880522895025,505.019807350191,669.789172929841,498.927878654513,523.712004070259,373.474483979043
"ENSMUSG00000039384",44.1153126085689,32.7606409364157,29.3005285359716,27.7245674747293,19.8559079469904,25.3819381687085,20.1804286546713,15.0364770264604,16.0467441620512,16.8624332150083,13.3056926827889
"ENSMUSG00000039385",1.37455154069814,0,0,1.08992372504151,2.10589192562688,0,0,0,0,1.87584530865766,0
"ENSMUSG00000039391",0,1.08256363428055,1.77690528761359,2.19231092666515,2.11057689201545,0,0,0.987886785705461,0.940299042433468,0,0
"ENSMUSG00000039395",6.07475444028046,4.24285655541135,3.52256814051325,3.30177478735875,4.25574076297683,11.5404187666725,5.16214329579856,6.8931947391731,5.6129763195929,8.63500133627371,3.47274123579631
"ENSMUSG00000039396",10.9145919107169,17.3382457118215,5.31777991528988,5.48337646351362,2.10761433930598,12.8026399382359,3.1051621406453,5.88679105966923,3.73165943884959,2.84774542299767,3.44126722357938
"ENSMUSG00000039405",536.576340167051,517.591408875206,507.907833292353,388.992534079055,553.706817715821,337.93207934174,614.275996487217,422.241787027552,404.230782889458,286.932132674753,322.270542928801
"ENSMUSG00000039410",20.6280398536975,14.5463999238477,13.3309436442331,33.2907288063549,37.2130315970543,27.2140684804256,23.1166281098198,26.7583108077119,27.8984848630394,26.6708312587557,29.1918826986118
"ENSMUSG00000039414",554.17611593129,573.173397010043,466.260898485182,551.482062430634,478.920736149969,549.471877108022,516.429704645223,702.931063439236,557.042404565154,468.082038834173,600.0759572556
"ENSMUSG00000039419",11.0410894876363,35.0505034836561,0.28972662259816,0.355646628257173,0.687950687359778,21.2597143635196,0,0.972258866239648,0,0.306104365969455,0
"ENSMUSG00000039427",499.814693987099,677.717376691351,602.296436401479,691.082605451314,556.213326033762,732.738124475017,724.037663327019,776.208365157683,634.205062875494,615.443110801187,579.048092048368
"ENSMUSG00000039428",589.513545892556,680.795998480752,629.636619524581,704.553131945661,578.011026198683,668.05640026156,638.866094143891,789.177492174068,614.42212850411,736.710230407945,806.048800811965
"ENSMUSG00000039431",10.0367276099916,6.24792682459002,11.1713028660519,4.22803801141414,6.13247513754633,1.23712295667418,8.9354172398665,5.75706948602198,6.39196910792123,4.56168990671901,11.0220091942437
"ENSMUSG00000039438",3.31178597686033,1.0715436522886,0.87709555031999,0,2.13991897224698,0,3.12125791364436,0,7.47120497557674,0.966125684669774,8.07504694313812
"ENSMUSG00000039449",217.805021964736,222.880657598675,236.356311998826,266.977033598116,270.035568091884,193.461085772596,238.394333129231,235.338476664329,228.309397209325,246.83797510342,223.549801582505
"ENSMUSG00000039450",513.116669442453,389.42973340679,442.517037981145,604.94598719631,380.914734389279,600.706984033229,333.466214135373,369.213198634115,605.410208059914,440.917160132037,597.590696434751
"ENSMUSG00000039452",0,1.07063748479295,0.879644304237652,0,0,0,3.12140885208613,0.973950763827722,2.79400905012836,1.92402413309862,1.154740805292
"ENSMUSG00000039456",498.762533920501,409.443163341843,439.776184725637,449.413397303558,456.507118483339,339.008302177897,356.95463025533,381.959497146245,520.08118505625,468.817051872359,417.538255914285
"ENSMUSG00000039457",392.641690159996,280.144346672382,425.404624843685,339.288497216914,428.440455888311,344.150403903293,318.625440474752,442.824684661861,394.486855887609,380.159905313223,545.323513994957
"ENSMUSG00000039458",240.566627890567,324.009670372256,293.462238262644,271.65480831774,274.961515437243,286.580191192771,259.793530595851,319.616039610838,390.941277188498,283.769469367094,279.115885587433
"ENSMUSG00000039461",62.8397114025881,57.6766476230565,85.2863360753509,66.120019452369,60.8751655990846,80.6125000779266,67.3956018132857,62.0227253748096,69.4511406190878,62.5075895718733,54.2820355983054
"ENSMUSG00000039462",0,0,0,0,1.05095675570364,0,0,0,0,0,0
"ENSMUSG00000039463",246.425094575514,229.906713710386,225.060565432344,288.565997866692,241.714056056575,290.357477308404,225.555467631924,294.146750297762,315.406419290417,275.558535871213,330.80943152086
"ENSMUSG00000039470",60.7332608623863,53.5276057984412,74.4852359515961,79.2632331175398,70.218731848242,55.244000254762,75.878866577906,80.9405606299352,69.4227668361914,99.36028132751,93.2583936386633
"ENSMUSG00000039473",1224.71514178886,1219.87549861052,1344.03478192529,1613.08753425517,1240.72100990427,1255.47404937354,1377.05148140759,1509.17350596741,1297.52569678913,1415.12993954181,1372.47115927743
"ENSMUSG00000039474",356.94966802254,384.739640379645,348.562607856337,350.779379382062,279.637754834324,360.417730840278,381.517832473533,318.476625452076,330.831793678197,302.751544833976,399.605101875944
"ENSMUSG00000039476",52.4074411722084,15.7319162306463,43.4418097728496,17.2839364421946,82.8618184462122,25.5778240634908,61.4227520245051,32.8495918903896,46.5795608381408,37.7219759705224,29.7479188228796
"ENSMUSG00000039477",2295.41477762155,1698.35237050482,2385.32405814751,2117.57039062093,1633.81433147815,1285.15662913821,2222.76935409115,1992.75748535038,1407.34077553052,2161.94969757376,2999.77950303588
"ENSMUSG00000039478",17.6150097313959,10.5143699444692,35.8087666052089,16.5940067042204,27.8787771545255,10.957068336868,26.5253163944687,12.0857465383127,15.0855196529071,11.5586772732389,34.0524386995853
"ENSMUSG00000039480",138.423156117102,165.509220735247,137.184204624307,156.118535690293,133.403068948869,106.409589474023,118.94541107978,140.574525850212,129.817422603544,132.584202779428,172.391149796408
"ENSMUSG00000039481",271.862492942493,179.551215270099,352.907415598816,341.91731860375,203.197871034734,186.776441223795,311.233410319179,156.704721013908,225.256067575524,283.930622631233,300.116679858898
"ENSMUSG00000039483",294.842563343902,278.140116892255,218.605124822641,259.243565261202,296.246051274069,296.941050887552,299.258952866539,316.906697093411,315.184902939927,306.465393413058,390.182299302964
"ENSMUSG00000039485",48.8109342381313,59.0551635309327,26.5908775429648,29.4590499309786,26.4921037542251,49.9349567863802,44.0245475398567,35.5897147532756,44.3517459790071,33.9400033874023,48.1550389577174
"ENSMUSG00000039488",2.76435754850201,12.9142881117961,8.87429654750744,14.1781938105119,2.11058035905264,10.2200417359298,7.17326929900366,3.96255178920418,1.88611668700545,11.2821867466713,12.5932698242065
"ENSMUSG00000039492",0,0,0,0,0,0,0,0,0,0,0
"ENSMUSG00000039496",6.71572459843119,1.05687371304254,0.879642266800194,4.40531804640184,2.1364365252268,3.84324599716668,1.03488896587572,1.9652696902325,1.8659183018925,9.63315876258283,1.16280387085084
"ENSMUSG00000039497",102.180843475406,109.877501428576,111.806992826075,81.8750154471791,120.274674996979,94.4244644012704,93.5216761495897,73.1699379722183,105.371887347593,72.5706398071549,50.3473690590014
"ENSMUSG00000039501",2603.19042813821,2348.46919349179,2736.96028469059,3065.37909912925,2076.99683209063,2031.92746020618,2335.6410995088,1710.33177511663,2714.80542095259,2619.97399272546,2311.5482939354
"ENSMUSG00000039508",0.689939267648385,0,0,0,0,0,0,0,0,0,0
"ENSMUSG00000039509",215.277803935138,182.201022476652,187.040290310387,162.683748260363,213.906743867252,227.33752368898,176.248349918368,211.102624698218,220.105397276168,242.340029388228,207.93356048249
"ENSMUSG00000039512",354.624818036557,344.522796807356,377.538605014141,291.485027715696,468.831219510994,277.826998850419,361.362335498871,319.797458146372,316.385686607721,330.05566306692,423.123396476856
"ENSMUSG00000039515",587.482592981141,594.014516160076,442.630521696925,570.022419945504,497.583857776105,685.644619699374,451.31308739278,516.849445957138,553.314589824095,491.723150481391,462.838441606754
"ENSMUSG00000039518",4.13431797808894,15.0894343484506,7.98591617855524,0,4.25972064159292,0,6.12687773704274,0,1.88106794788915,0,1.14286948589164
"ENSMUSG00000039519",8.84342383391539,12.100653172389,12.4908526134462,0,8.37871436521812,7.69796385728524,5.17596830747487,1.95341016625017,2.7879046076707,6.63452027801727,3.44619872236021
"ENSMUSG00000039521",1.77471238352869,14.8351651000503,0,0,0,6.01491612089786,0,1.18224839308242,0,1.13874557124606,0
"ENSMUSG00000039523",384.916814081958,372.541589582677,338.630506367884,436.841698028641,348.694874438955,446.680933678809,355.181706041066,384.859905535212,361.386552670243,388.29070516232,466.374166505658
"ENSMUSG00000039529",23.0594713624993,29.490742577102,22.4734625548204,31.4175531667872,33.2709359773746,13.7918686312145,19.5814012208814,138.83268278772,26.1815799674302,242.199553679085,32.4720307542778
"ENSMUSG00000039530",217.40137768847,190.345370482067,284.2437841825,169.909311982448,270.592462302318,139.996030210889,185.850766472734,184.362400445207,173.736152428268,174.078376051968,191.766795287187
"ENSMUSG00000039531",146.08396847151,182.742673652674,177.530687981438,176.516600953929,195.923875038404,138.2339121787,123.692726178064,105.482100156849,113.521043381791,123.106886635474,289.12141300753
"ENSMUSG00000039533",30.7853572356037,7.46506093111757,21.110627081684,0,55.1260909562725,13.0030941038366,29.9404597084065,4.94307641602737,16.0092370714623,15.3141208650082,24.2084568521627
"ENSMUSG00000039536",634.553849357725,525.171272043166,601.929884996157,612.85029785779,645.360903303191,558.328324855972,570.888919831823,642.649720853902,649.346456638415,658.469941278203,583.303019178748
"ENSMUSG00000039539",0,0,0,0,0,0,0,0,0,0,0
"ENSMUSG00000039540",0,0,0,1.17922826152714,0,0,0,0,0,0,1.05375228986253
"ENSMUSG00000039542",6.26738523276075,1.9653545056315,1.61196738555448,2.97977135128333,1.43224984771004,0,1.41959693088673,2.19086383267361,3.13620458101617,2.61355329815906,4.15999431432838
"ENSMUSG00000039543",2.11084574038073,5.380919553003,2.70122109345029,5.44106190113901,1.06851326822815,2.58552845740345,1.02311930518618,5.80157491925238,6.44306408055892,3.75122832598833,5.71304479478357
"ENSMUSG00000039546",0,0,0,0,0,0,0,0,0,0,0
"ENSMUSG00000039552",0,0,0,0,0,0,0,0,0,0,0
"ENSMUSG00000039555",0,0,0,1.0895783501383,0,0,0,0,0,0,0
"ENSMUSG00000039556",26.8320103202813,52.1588834723708,18.6132277422577,31.472094619585,28.6219298834753,28.2895455290032,28.6152233280541,35.5267612203396,26.514455983799,16.8625185187624,25.0848606136004
"ENSMUSG00000039568",273.840518340551,241.994532071285,456.513286369907,355.665590695294,458.104857991674,285.242250392864,395.794476750982,330.501933597331,280.88450493991,435.519159285623,247.064375411547
"ENSMUSG00000039577",6.2294171340008,3.24734995960746,8.9084985385337,4.34163544526119,7.45904518011961,7.64590350860663,13.2790100012438,11.8323060150595,10.4015550472578,6.53291809175431,4.57468673255026
"ENSMUSG00000039578",16.1803238662517,19.1997752583213,44.0157416995293,42.6028854883926,15.5393914758833,2.95994851452578,16.5205185999279,39.9459602701294,22.1419805339017,49.1498146274538,42.2514169640617
"ENSMUSG00000039579",0,0,0,0,0,1.28191223901898,0,0,0,0,0
"ENSMUSG00000039585",107.597572584363,97.528536737087,113.586289312978,102.823953962906,87.4511404202818,47.3244592242338,92.8769956164639,58.4656210519943,133.446521867808,112.094742610755,117.551206223615
"ENSMUSG00000039599",318.760799837277,319.381829157615,307.027656919895,291.405922826701,346.036332663677,258.951546036694,289.815935538965,283.657562382926,388.492489541728,357.69350631104,278.186463433482
"ENSMUSG00000039601",2.75921167109407,1.92883248722707,3.5775751677551,1.34777499795179,3.90394558068269,1.57424959532228,0.935375048097928,1.60286362418747,3.80778695087786,4.70337032659728,1.41685054480166
"ENSMUSG00000039607",9.13658162237551,8.40550676132842,13.3563441794413,9.09620263519179,10.3499171187238,3.98437417705028,10.1635745537196,10.6766116669508,11.4830215614981,4.62464305714616,9.36164960021856
"ENSMUSG00000039608",0,0,0,0,0,0,0,0,0,0,0
"ENSMUSG00000039611",15.8499213825215,9.56245502489616,20.4328183757975,27.2666690389449,13.1761711129299,13.7604049526322,36.2283133709008,11.3860180851195,12.5526573946561,10.921066137662,13.2281984618248
"ENSMUSG00000039615",1188.65636956268,1480.26591084262,1264.387574255,1580.5381788862,1261.91267297955,1496.65298722502,1500.33540537257,1524.15411643629,1326.24779608761,1382.10453225608,1436.32073918143
"ENSMUSG00000039616",731.446573849305,581.998753851944,731.759618424242,802.984857969262,655.676419855239,710.981842048709,604.335438727859,700.888809656813,738.002140430164,722.246364361603,654.428921097341
"ENSMUSG00000039620",28.9630142583348,63.0294839899864,66.2647275519879,44.0304374529414,110.810748271354,45.120767649226,90.0520327986076,115.212407665511,46.7692410304722,63.3578291927624,51.0825357654195
"ENSMUSG00000039621",310.846238224879,486.098195930335,232.086889876908,233.351492273024,294.030690439995,439.746018446249,251.675182083037,211.40657958521,204.312756862602,353.761717750316,247.727660430813
"ENSMUSG00000039623",256.355589310671,317.908162153921,379.451160176783,377.236957888904,273.381590714721,534.21725393044,265.351006545828,318.77720244342,327.239840714491,420.568182888188,358.689293098473
"ENSMUSG00000039628",4.02273347802732,10.6098851826514,11.6540174341154,1.11559945255073,2.09407758286342,6.29859577557649,6.0450419574246,4.02486793533508,4.82387637804409,7.42128081923586,9.39674471205157
"ENSMUSG00000039629",6.98500585213402,15.9008848448276,3.2733459047487,5.34766715864413,3.89373085233266,8.28812622968326,5.68099287714484,1.21311546496339,10.7925324323096,4.6066347486853,7.39402751492268
"ENSMUSG00000039630",6870.61931616492,6897.7991661328,4826.48054978235,5405.30306550871,6810.90485736995,4472.34099506423,5362.68040995898,5205.77512216032,6157.33347409386,5861.38348370162,3345.99314033671
"ENSMUSG00000039632",0.689939267648385,0,0,0,0,0,0,0,0,0,0
"ENSMUSG00000039633",334.068103728426,265.92419999727,293.051572646467,306.822555089383,381.533072103324,189.654221883941,363.829057683363,367.401661603383,301.091427667149,328.213138950498,317.727783513342
"ENSMUSG00000039634",55.0659444801155,55.4090214498287,70.8709746584454,56.0769496545053,86.0261343341603,41.0487867560855,58.3486917278467,55.8886996986804,35.4175850659513,76.2311062440234,39.8410072360596
"ENSMUSG00000039637",395.646365484268,499.004113307294,329.938263783984,360.272991811986,371.563024076829,546.937748275253,373.67059806951,455.670925442314,323.624795800502,363.200886142627,383.34200919111
"ENSMUSG00000039639",0,0,0,0,0,0,0,0,0,0,0
"ENSMUSG00000039640",1113.81040295562,1241.72639010146,1200.17865886426,1466.42315172681,1111.00492138554,1381.40741826205,1450.61586659608,1257.31110142961,1097.05064864581,1096.80142356434,1452.72591852741
"ENSMUSG00000039646",220.24689285138,223.1599753274,373.973923182556,271.675995860166,306.25306583573,219.165369632336,342.036315967544,359.529051711376,192.218957519551,272.460872098041,206.612549577236
"ENSMUSG00000039648",384.014013303706,468.669822478936,457.226520780457,551.520917972116,373.020902568662,512.518585973472,511.651966720955,558.694191561163,513.288852794186,497.125773728032,504.671455116091
"ENSMUSG00000039652",40.6392574231322,71.5324727425815,73.825487777999,70.9932915430026,51.3226894723393,28.1926381704172,79.2858103804742,56.1809272167704,63.4706966544943,50.4184630157192,65.650129223692
"ENSMUSG00000039653",2.04998351069763,1.08028141820195,5.31731789941523,9.86757736279695,3.15261925554585,0,1.03303579077827,1.97016423608588,1.87278117727946,0.949565203753761,14.8692727760777
"ENSMUSG00000039656",539.886565241903,639.894748575877,636.421624853024,607.658200690531,517.062634085751,690.887985244856,580.878813836696,660.098818595608,547.737206223925,625.624562769049,566.296527463213
"ENSMUSG00000039660",639.228751135394,790.394157965884,780.323796806063,872.799576353066,585.742169271607,883.242037438044,701.585055437896,794.879426857574,751.065416498458,628.698239842996,1054.35064946007
"ENSMUSG00000039661",9.43301568166951,4.26248877990834,13.2679768646386,10.9724078626211,15.1340482088153,7.62898077483825,7.23494335853487,19.5005744079539,8.39846891878135,9.56413796374919,12.7688335092189
"ENSMUSG00000039662",144.244122601654,163.902625671255,103.472113431183,115.561757444491,117.146809993991,119.860847486606,104.730190540813,123.002849639835,124.445876885021,101.168639136731,145.520125137023
"ENSMUSG00000039670",24.0503739641749,21.3019168317617,38.7568590790415,25.6645914013789,30.5873425626804,20.7359057951955,24.7746591402004,18.4555334850158,23.8421809544799,19.1321198562296,21.928989909701
"ENSMUSG00000039671",2142.09691422413,2694.83040233868,2550.38317622472,2524.11315371132,1733.07061995804,3485.85572770182,2288.080428571,3211.72564172196,3028.85628907267,2492.54534729715,3290.15085825598
"ENSMUSG00000039672",0,0,0,0,0,0,0,0,0.946762884136551,0,0
"ENSMUSG00000039676",3.56922828854504,6.23790143714611,5.96588129579215,0,2.05511714418511,4.98103876534376,9.04448406383103,3.80761415355338,8.19764779350562,2.79203270919693,7.83095402865139
"ENSMUSG00000039678",573.434104391146,669.375290900515,479.64338969696,889.044647561485,580.084377138307,690.933783786822,595.096207249173,879.795241424077,682.949095675348,612.0579058586,1018.33847370635
"ENSMUSG00000039680",549.884526754697,539.60047651776,650.676736687767,755.184849540988,673.361763270837,573.329999699885,710.063849323396,565.199362460579,707.447877834543,707.795660727494,639.751028561696
"ENSMUSG00000039682",1624.59863110039,1279.5807351289,1594.35776677605,1466.12699230328,1669.4920476055,1276.21701095506,1437.4827135877,1270.05296459188,1575.92503597626,1684.33962235347,1590.03933201221
"ENSMUSG00000039683",59.9350030969542,53.5046030276942,62.3846342552546,52.8166302670289,75.4774065925742,57.8345882420372,59.1370900913113,73.7852280381668,61.3115717328295,67.1624691632002,54.458289510271
"ENSMUSG00000039686",210.068654118014,265.061993618303,232.130494721767,241.936982008946,277.999701306529,332.994212302685,251.757145171971,310.834699526172,309.860311834981,279.13802736681,242.823421468715
"ENSMUSG00000039691",2.05900769835506,10.7827551176001,0.882847621970669,1.0904006000697,1.06103593579696,7.73383767289419,0,0,3.74663059591329,6.60836416393172,1.1413825805546
"ENSMUSG00000039693",17.6692898070329,14.9978471542511,14.9877996962344,8.77342119162847,18.0496389858999,14.2014360006297,17.5075503870008,17.6831107730205,28.1475531296007,9.50816623631298,19.5207444989528
"ENSMUSG00000039697",103.061416511831,71.3862098890335,84.529179632958,52.4467874248969,121.775426656794,47.2756812150673,53.3672184564047,33.3242576491035,53.9487889984278,67.5622774328467,51.9613234923286
"ENSMUSG00000039699",3.41830829300263,3.21874528418505,3.53806330376895,1.09585313957212,6.43541130782248,2.52786512102618,4.11902429773656,2.94245564751457,8.41105290033611,3.79756611458423,3.47321373553881
"ENSMUSG00000039701",263.327887557732,220.621373998824,340.803791194951,296.772400023592,240.386847495616,170.389494688495,350.546052703242,228.606401269619,324.386929210093,265.738624558892,335.101957624564
"ENSMUSG00000039703",841.920548802507,745.863384474349,721.914056611339,785.985081461212,738.853729013602,713.067592043308,656.118421137386,682.638204673509,694.30839481689,746.77767759995,834.776322010661
"ENSMUSG00000039704",140.546329487665,113.100951209102,131.082038269279,112.326667235504,52.7793581621281,36.0959427168158,143.378798708289,48.6994206037157,127.986169748155,62.6594559844964,101.781621317571
"ENSMUSG00000039706",20.4426715666986,16.2705773504603,16.5084972455047,21.5610885155181,32.2324680498882,33.331013997536,24.7279526840933,32.9489317179547,31.8202521268233,39.912943350733,18.0471001013097
"ENSMUSG00000039710",0,0,0,1.0895783501383,0,0,0,0,0,0,0
"ENSMUSG00000039713",280.931583304883,256.525228434881,304.394292230808,272.611113251652,329.892723241512,310.863458027774,265.205222516771,313.078728491837,261.529062705159,334.006206146764,305.712984954427
"ENSMUSG00000039714",0,0,0,0,0,0,0,0,0,0,0
"ENSMUSG00000039715",155.774498257827,156.604075953402,170.578383227685,173.017653794448,150.263859965051,187.81098572123,147.38930300651,170.278569936985,150.921371915447,165.990681542634,162.611647982611
"ENSMUSG00000039716",0,4.91428386789838,0.502957227751936,0,1.19081045378378,0.724466808235013,1.16448576610571,8.22798382586719,4.38994531566626,0,0
"ENSMUSG00000039717",0,0,0,0,0,0,0,0,0,0,0
"ENSMUSG00000039720",0,0,0.883784739092781,3.27737446637296,2.11021366113553,1.27921585679361,4.09993888228085,0.987988316498037,0.940348165966459,1.88711334291786,1.14548643541408
"ENSMUSG00000039725",102.982050055743,83.7581890392921,54.6499060267861,84.2560767672295,83.2933705986856,64.306777569131,95.9152779482891,65.591433758475,64.6502076279618,77.189326074362,101.286370645829
"ENSMUSG00000039728",0,0,0,0,0,0,0,0,0,0,0
"ENSMUSG00000039735",336.312156953924,242.457574640147,329.493449544195,255.087920455412,372.22583637632,144.341959397909,289.027537278948,260.042197830939,334.879018831005,360.147206660316,265.293177270444
"ENSMUSG00000039737",122.091876291808,131.658133552013,107.138147036451,103.779429715389,101.627066350898,122.245905020733,108.818770837939,104.375571812581,134.951723835096,98.2186969238779,84.8452089595147
"ENSMUSG00000039738",238.957239050348,181.876722447515,160.993111009414,88.3706975041355,159.242545832391,304.885584190802,260.427458093575,110.470441847472,147.92251341894,174.866381859597,87.4789965587423
"ENSMUSG00000039740",179.928346409966,160.982626383046,114.4268515361,101.407951666795,84.7530582432395,145.578071691806,106.873392148585,142.88307738679,193.121911083965,99.7362120873487,210.90945315728
"ENSMUSG00000039741",287.046573893641,186.370880143919,211.213240883465,204.828666013306,240.659326331923,270.080281344579,176.724275106967,285.371980725542,322.838567344533,231.411707403328,341.692964260795
"ENSMUSG00000039742",0,0,0,0,0,0,0,0,0,0,0
"ENSMUSG00000039745",407.586797611563,422.749428679641,389.859895668029,413.643850705035,364.952008003624,482.157971991937,418.57370076279,376.890079433591,440.995753176217,322.107786098565,381.346598501497
"ENSMUSG00000039747",7.24306961630723,17.5804197063424,3.43222688869179,3.17365802904767,4.16857265356602,17.1633593232291,2.18145713365621,3.1089788279159,7.25113674200883,8.05749215263862,6.1356981770547
"ENSMUSG00000039748",44.6500077231094,4.01550786725087,8.69561043391385,3.55923532930561,4.73343044581974,10.1406143990958,0.956027387774188,0,0,2.62999826778653,2.90425621304065
"ENSMUSG00000039753",169.727669184254,146.446919033025,141.396911757551,135.847771968148,216.909934359172,134.671492080239,131.432725743212,85.9065571805262,135.047331197505,153.836799477169,107.556683383278
"ENSMUSG00000039754",51.3259482341247,80.7046855603942,62.626395013992,70.275486494832,37.0950800217056,98.61356138534,80.6913339668092,98.8657570580167,100.595326694471,96.0759746221705,127.445183328909
"ENSMUSG00000039756",624.63217039303,543.769879256975,543.430815211327,581.04699015953,509.842332725047,534.022571023842,531.359941766058,492.275381936289,633.757343337908,536.15633485015,671.006716491262
"ENSMUSG00000039759",116.503050586205,131.938474303101,115.975034910625,167.131207305272,119.863960877501,169.146329751519,111.285193777675,152.273561359428,157.531860906732,150.199742867992,149.863587761463
"ENSMUSG00000039760",3.39150657873032,17.0858738262613,0.883577758318404,0,0,10.28365049025,0,0.987522383177513,0,2.87717123452673,1.15552539539192
"ENSMUSG00000039763",31.537403953269,44.0993746176558,38.9656212510852,37.2400593416523,58.1406635246055,48.5196017686549,37.1631016254831,47.2904884662936,40.2883631445498,53.1072342304886,55.0166843592847
"ENSMUSG00000039765",49.7426026011956,48.6725378310526,51.6768076868247,23.217768870651,52.3549541623385,42.6979849511613,40.6962328513822,35.8652877614301,48.7527949469075,58.8886695449558,38.9105360881828
"ENSMUSG00000039768",650.456801818214,624.061810781372,537.58654391391,750.805985131854,600.579890205546,663.543491119984,632.13760529866,541.031505605964,668.077040102811,522.774232986666,895.515194922216
"ENSMUSG00000039770",118.104155986129,126.373829082502,147.085771200451,150.529428525348,160.513734474999,116.839271151107,165.649017830289,128.498147755235,161.733194248987,155.683761161975,142.385890238501
"ENSMUSG00000039771",148.534484163123,168.015813793557,125.591916513497,154.358936703623,133.875547710058,180.737696545959,178.79371328111,168.796735858465,146.422995116503,131.933573232669,163.829222489652
"ENSMUSG00000039774",26.6869192763594,49.8241054564973,16.2262346292881,32.9607998846773,20.933137920716,58.6766159053536,24.2939099850714,23.0612254767056,37.09692288106,25.5132877651475,25.1520469476828
"ENSMUSG00000039775",0,0,0,0,0,0,0,0,0,0,0
"ENSMUSG00000039781",322.825154033753,329.194974417593,369.283890780043,371.510667740092,336.332979998817,458.411592550837,375.078721723009,410.105505354803,454.647818180188,423.338966604506,406.761859391709
"ENSMUSG00000039782",148.967250470795,85.6485108439836,129.226997313787,82.349712324198,110.607872651838,52.6942416528013,152.935453068538,75.2765067049823,102.843333941333,131.986086474133,64.6929657016856
"ENSMUSG00000039783",11.1415949868036,31.0132162942777,1.5962779363544,1.08095622019334,0.951237835707776,19.5246906755721,1.85874660978516,4.43672358815802,2.0080244239156,8.42811285809547,0
"ENSMUSG00000039785",0,0,0,0,0,0,0,0,0,0,0
"ENSMUSG00000039787",10.9934352686147,16.4613136119214,38.0078701279158,25.1228189914554,52.0384144207229,10.8099134195544,15.6061759539035,34.3922078387694,12.2134447469192,12.8647302098949,7.82011251270296
"ENSMUSG00000039789",48.5254936739658,35.9425546240111,61.0831575847675,70.6023503100427,47.1747226351318,35.9934337373773,63.7763967142718,32.2019803062877,61.1812224359341,54.6226366197979,44.543842098546
"ENSMUSG00000039795",159.077162894867,185.529081126646,270.359626809165,138.976202787463,300.684884682229,144.945800864437,148.790247883433,199.759798008189,160.99944313959,131.597906389162,352.779752423601
"ENSMUSG00000039801",192.92873198578,189.411760982818,233.748054557373,164.018485169483,201.254297804759,157.84546150797,188.68263506278,168.574707816961,176.541704888866,205.340840352326,152.547937930045
"ENSMUSG00000039804",380.60592989449,293.461883759322,462.984433665289,315.890930194563,416.517219787094,409.449089362672,319.106908755194,385.402721745771,339.972445292998,265.698681145888,458.329002019047
"ENSMUSG00000039809",4.83780179300161,5.39902798246075,3.54570011289012,17.4173930371403,4.22105367143418,10.2957386697707,2.04318616270691,10.8863513138172,7.56800104652409,0.936771738122121,12.5536759659632
"ENSMUSG00000039810",181.768742019553,477.739810542168,157.70580666347,205.345688414375,345.516870540776,189.993384158888,140.186536699131,124.319994258027,301.234213599726,275.018711976659,183.666213712638
"ENSMUSG00000039813",80.9608312006355,75.3222075380226,53.0368250521064,53.9384743991632,106.36048876888,132.115767686474,50.8460129493266,90.161180999727,88.2885597921369,72.5410443298293,105.572753340254
"ENSMUSG00000039814",1.05860990939992,8.24885112713328,0,0,1.15358491316408,1.98085535166503,0,2.15092008151777,2.05770180056893,1.02650875991817,1.24536038182765
"ENSMUSG00000039824",18.2124979005473,20.3481072641333,15.8139370153475,12.0829303428623,23.4817395034742,9.07140648712888,9.33965651434271,10.7024724876153,15.8190860076151,9.5958799525881,9.20206841381288
"ENSMUSG00000039826",175.137424037807,161.149328520268,113.255061973194,121.565812519899,127.119612639644,170.161981109201,158.491513215112,121.587775100567,188.183508476698,130.92000355701,139.954652053381
"ENSMUSG00000039828",228.18052941864,168.64286583618,161.546470087832,170.256476474789,214.142916897601,128.357479005551,153.553365053793,153.667754828647,168.49897854238,135.862062790139,148.127786647328
"ENSMUSG00000039830",0,0,0,0,0,0,0,0,0,0.936366945291053,0
"ENSMUSG00000039831",763.294812299359,664.386023274112,726.385505842224,655.596081524683,910.018268322794,733.708201458318,822.020793369154,951.125252394367,712.42962825379,748.195092753559,749.835849021243
"ENSMUSG00000039834",908.056173852858,721.349395649153,743.466783335778,712.631371647997,628.783942354829,905.298837149545,674.498641228967,850.991955576021,745.822002370599,752.471736200672,996.62116269205
"ENSMUSG00000039835",594.16750569392,909.503978615936,959.979506865922,894.963745523163,1161.55517740214,846.082971258944,878.105232964785,1114.72182933791,756.823597406704,1172.16980720232,582.326286629018
"ENSMUSG00000039838",0,0,0,0,0,0,0,0,0,0,0
"ENSMUSG00000039840",735.183905837677,784.481086755368,1091.96052034022,1212.08565695243,821.186184260469,614.538914975853,914.127424358727,946.038452413001,1036.60073782997,1086.39933194438,883.418080006575
"ENSMUSG00000039841",206.572371204123,181.404391211357,162.563464020477,163.103268421644,150.078715365429,142.379154260681,125.643474170428,146.463622288285,162.369866263374,165.090331566668,198.251876150537
"ENSMUSG00000039842",59.5618672689888,77.0120122010436,64.4073071569975,83.1852113988813,48.7023807396221,45.1572170627631,96.3386156689601,56.5968112950092,53.0089071860918,41.7370952945602,60.9719663698669
"ENSMUSG00000039844",551.151219503389,490.747594070688,499.188624145322,611.766427615745,595.90437050285,729.941628127981,441.722530686052,566.825930749345,467.149449393846,498.867039816493,650.894296824639
"ENSMUSG00000039849",351.320643477103,406.917411585077,492.056334373049,472.48373477108,493.662865872021,459.721564214021,379.979312412326,439.134134625486,424.446071591535,567.009016211843,510.964282082077
"ENSMUSG00000039850",115.006338455617,160.766345725895,138.086483321799,97.7792247522202,124.914890456688,117.788354946824,110.984323726435,107.217412342815,123.639360743101,109.921575746007,147.460692870743
"ENSMUSG00000039851",0,0.678488089970716,1.12835193699804,4.36150773677449,0,0,0,0,1.8180672513405,1.22248876841862,0
"ENSMUSG00000039852",1177.18663935912,1295.78181701935,1364.6294769344,2302.48372028652,1796.82136575351,1145.28441068813,1366.90741889659,1843.0778423959,1607.27144104327,1915.39864660216,1433.34619940738
"ENSMUSG00000039853",67.3807727167492,60.8312101404689,42.7708009760469,69.5619849129245,105.324555562701,62.6317449825556,55.4316871047691,71.2595389018485,60.9661408547978,303.048090333128,53.7329784924193
"ENSMUSG00000039860",0,0,0,0,0,0,0,0,0,0,0
"ENSMUSG00000039865",181.985306351457,192.296521490975,185.65018817185,240.698237047299,191.110006927678,176.926670774885,182.068989523821,212.190886330011,255.644627497929,174.815910041584,173.079683252621
"ENSMUSG00000039873",15.6894708413759,8.56961548566441,8.87819832858414,13.1145549064417,23.6609799984046,11.4201752603443,8.2195278356494,10.7790887455056,9.38740518999852,13.258708524489,6.92782621333061
"ENSMUSG00000039878",0,0,0,0,0,0,0,0,0,0,0
"ENSMUSG00000039879",334.729146180239,291.412248373975,379.327470307378,340.560631204993,496.42178982592,202.928445068819,449.760252052055,348.200047458328,404.128025660936,494.586880346509,258.022833148236
"ENSMUSG00000039883",17.1358792833975,12.8930631285968,12.3960804133961,5.47357415681687,27.4733151554051,3.83637328389293,12.3601953481369,10.8594988860637,13.1480835145403,6.62832134763198,24.0758844114593
"ENSMUSG00000039886",927.459321652062,1102.2805461504,1161.1690221467,1412.37570390351,963.283024398793,918.036752765582,1102.4890870074,1105.71108231615,1298.85459789955,1181.41692797116,928.726746259124
"ENSMUSG00000039887",184.563321968899,192.247134045839,211.312719460776,167.806700025181,254.285965664225,202.958700678679,202.200627567084,198.029404365613,164.367568456797,163.578312746653,107.86419591989
"ENSMUSG00000039891",116.179669059858,4.31280325171263,4.43693343794463,16.3537712886559,14.7878663183787,3.83489936740732,5.12941793549146,0.987804930048603,1.88327004869074,9.40828025002231,2.28716554302218
"ENSMUSG00000039899",43.7129649973046,61.3645626905245,48.6854239982687,49.2773719649033,62.3444624672968,37.1661461416177,50.5409048408229,42.3687538395367,73.195451928414,41.7308254457443,40.0876231998519
"ENSMUSG00000039901",165.242844977074,134.511353009228,160.276833871911,162.670575869773,135.513663462346,164.116320394764,141.649712364056,164.763179047374,162.233193934743,170.597111775062,184.565251766112
"ENSMUSG00000039903",46.1774679551317,9.74440271469921,12.5420145256893,34.5246540967997,12.8124260821233,17.9515280315346,27.5750084724774,32.5820944960221,15.9789800369287,9.76347539855523,40.8393720856744
"ENSMUSG00000039904",0,0,0,0,0,0,0,0,0,0,0
"ENSMUSG00000039908",178.726706428145,183.27529255453,302.265739396975,257.71030040342,283.13115139347,243.508703857311,240.97723707663,233.478533970965,339.651720790007,379.678480210897,226.700940841822
"ENSMUSG00000039910",3572.18248854635,2141.53611690035,4254.11825794073,2885.76727093744,4318.56898466203,2680.46939789075,3954.2397073518,3307.25744564465,2754.5736835471,3247.97364853647,3518.54934707077
"ENSMUSG00000039911",83.9081796531536,90.3652432252181,67.9012924347531,209.089920284499,52.0573167732272,76.2820363245497,50.5296393939597,71.4265256203258,116.11475284162,166.228856659069,152.288264113412
"ENSMUSG00000039913",0,0,0,0,0,0,0,0.992606609936369,0,0,0
"ENSMUSG00000039914",136.0618088659,145.242595246062,166.842959679798,236.570147377873,172.853319535351,145.966505705005,148.381395601909,177.43162324504,195.64410137628,188.653950029149,141.802574838811
"ENSMUSG00000039917",104.881821154202,155.929826786383,95.1323705484579,126.059004559791,118.155283988886,83.678917846345,131.341905715468,142.785199157632,138.747587556777,93.3227733807807,133.348682043174
"ENSMUSG00000039929",308.380343385549,237.985810282145,173.111744840957,256.98947562615,215.186470787095,264.579818213354,223.008700752078,194.945692240628,269.423213565998,274.112329592252,304.437166091494
"ENSMUSG00000039934",116.531886967372,32.4710779293126,13.2944950858523,13.1417578029793,20.5055513598139,68.7966335697076,13.9966465470521,10.3226645955049,11.9207271173904,16.3406914117422,20.5218090693909
"ENSMUSG00000039936",49.1578986197606,825.850663099742,532.107251690668,644.026393283791,50.8179940680021,238.561156859854,11.125007363372,18.1899561344701,41.0046154416394,101.118575616532,693.878711666119
"ENSMUSG00000039942",68.8017509656756,77.9189707227778,127.594279736179,93.5916370388467,270.322559481806,90.0676672123431,112.771092596279,128.045087288001,97.1592038321348,134.356100356003,41.0751599070486
"ENSMUSG00000039943",287.347895389993,304.089356073916,359.316242960383,306.815577465485,322.004887005523,223.913105691595,277.28822335862,385.673489811544,390.724840245134,371.921894791344,402.197328554419
"ENSMUSG00000039952",1050.63932692747,863.887072603076,932.12245349896,946.954921327782,1008.49571556488,731.056860167546,1002.99054826758,1016.95821325807,873.752303350731,1012.9378896588,1047.0311676487
"ENSMUSG00000039953",2288.96869897592,2284.37498147679,3045.98715880748,3133.58705241089,2768.39877598772,2588.24721857358,2563.94444651947,2993.22596829228,3113.84332509826,2975.88916350167,3206.13368304567
"ENSMUSG00000039954",1.40051995039386,0,3.26322129644638,2.01803934392974,1.07829524014004,1.30528660102325,1.0517171990481,1.00811804410814,0,0.968841679929909,2.34560466332225
"ENSMUSG00000039956",160.365787981714,116.647039042443,137.036528447756,87.4604109139885,201.783576439408,88.6674466271616,143.308451457451,86.3663821529522,111.842205581813,96.7401118813607,58.6228833955996
"ENSMUSG00000039958",92.19098250063,56.210920946351,182.834326736924,85.0801652338124,172.525090878875,47.1810963869658,85.2877884494295,144.024746844727,135.225094407011,199.9714757229,188.061177600096
"ENSMUSG00000039959",90.3976903721363,158.707874549122,129.204799192423,157.60840738252,106.079097439574,113.982167411563,86.876861175894,135.00727628694,127.464357229938,127.671810400047,153.226735879949
"ENSMUSG00000039960",427.210682086537,590.944937268254,459.653331023465,1181.46057961039,583.118262090769,538.835756006222,510.758424908459,806.702344621793,600.992467644576,669.00838509146,646.750115481949
"ENSMUSG00000039962",0,0,0,0,0,0,0,0,0,0,0
"ENSMUSG00000039963",0.698952534439437,1.09364989008455,0.502897611858594,0,0.535016149043598,1.30541989513194,1.55337150552581,1.00555553147841,683.356850863341,0.530919120372232,1.73721680031706
"ENSMUSG00000039967",752.015519812545,702.505359542612,929.268149864795,981.943211697814,634.671113745535,501.801617693857,893.430634686232,650.350616812991,877.148340984647,643.604546849723,697.392980221398
"ENSMUSG00000039968",336.243113910424,435.525591366686,311.44439069523,322.494778562654,271.213932585148,247.60426458939,360.797659610015,298.266616623627,314.339887091478,363.39070907496,314.957695569354
"ENSMUSG00000039976",40.0187020427016,21.6466987245252,23.0934310946928,26.0701659077879,26.5457115613663,20.5091404272784,34.7908839591423,28.59636379389,30.2375644662551,27.1257671129276,36.5884125887023
"ENSMUSG00000039977",2.61939002578643,0,1.12423512675333,1.66893923066674,0.980747431698009,0,1.5710658669591,3.75963546093067,1.19163774216809,2.63181678026372,1.74629924340298
"ENSMUSG00000039981",110.743935276185,150.389988292026,114.168083437315,166.525016396315,97.3434250257027,155.855334965867,110.579558477631,129.624341628983,79.5249425545694,138.297696938747,70.761400370902
"ENSMUSG00000039982",121.087914500808,114.551721910799,178.162468047638,115.516436913428,164.190457787246,101.724454932398,130.008270687054,171.621656249277,156.771904650403,209.098643081355,105.035174663768
"ENSMUSG00000039983",142.537151807604,159.869228059069,135.565191014947,122.174944471324,122.957243653487,164.813332779455,155.78791427904,134.177623352876,184.000121584683,131.339473301873,154.637432523043
"ENSMUSG00000039985",46.8942835161506,67.0182375584505,68.1268130999931,29.0825347706202,97.6524136086253,29.5138593780913,42.7322744231927,34.9420220417649,22.5553113227434,141.326874936027,27.1496322736005
"ENSMUSG00000039987",192.814018490165,146.124019772966,138.215162724961,189.661989282403,140.099364905279,97.2654239453197,161.744471519811,184.852816097375,147.792712280657,124.238988875251,148.325455914354
"ENSMUSG00000039988",511.883011939961,427.934940518374,489.52334766421,483.780435395919,390.978403393679,473.046972372332,438.093297746631,452.058268440604,444.370222830424,443.526033967498,525.68407272871
"ENSMUSG00000039989",450.391041177333,501.986184042015,541.33846608633,333.594094976985,499.362470946551,427.880804233074,585.745855041477,568.798786080173,433.276204675337,673.604798717148,274.118203229514
"ENSMUSG00000039990",353.277525099433,607.029295695511,452.882221399622,366.255304077898,289.916628824685,527.598869110708,421.523929692488,419.168859864397,392.860840632205,315.300169416446,535.677325938425
"ENSMUSG00000039994",85.5511047582811,95.2518700673323,77.9929082705645,43.5280212172103,82.4127555526302,99.3345262632561,76.7238883842832,58.2980884578684,48.2133872983759,86.9862107219228,64.9610138242408
"ENSMUSG00000039997",282.779026335532,297.79967257954,128.600815449214,151.06945618921,127.335155988119,233.915549038554,181.005489242951,106.386084791986,137.259842387568,135.163677211474,135.653103776559
"ENSMUSG00000040003",4.2285743526475,12.4853844518361,0,0,0.811113049486706,0,1.56921609985081,1.52440380446748,0.728060690799969,1.57263619718394,2.63753217159368
"ENSMUSG00000040006",594.356326444388,550.944770364361,580.245438811074,582.898534566153,622.974270201186,484.600739501727,577.754433286085,582.485069433327,605.376322424964,584.800463241097,517.821099486423
"ENSMUSG00000040007",395.78162110992,402.855031629291,399.387746270225,394.053590521581,344.584814098989,349.616872953556,347.957737206025,395.617725551351,342.328277664495,552.027817514646,383.781164026094
"ENSMUSG00000040009",8.88443184764684,6.45243980443048,6.19766400316881,4.37291930491286,6.38317294531638,5.13781298604072,2.05231386342726,6.88836993996848,5.64992741955016,4.71688414260413,3.44039323302922
"ENSMUSG00000040010",2621.0297440241,2556.36679271888,3021.81210247383,6710.7949284294,3064.94273882982,3239.01545502254,2819.4861891046,3352.51264528416,3534.6409919474,3612.78698257268,7023.19069560251
"ENSMUSG00000040013",0,0,0,0,0,0,0,0,0,0.936366945291052,0
"ENSMUSG00000040016",113.982181854032,32.3772230409715,61.7127713180461,29.3505672529412,54.0006371182051,39.9185255045018,88.5961289236021,30.5911964128043,75.7289701687951,22.724623476845,44.73410457005
"ENSMUSG00000040017",0,0,0,0,0,0,0,0,0,0,0
"ENSMUSG00000040018",203.415286697517,232.683538744176,149.365429968332,188.300682161017,214.631762222715,213.949209500732,189.598481629473,205.803061705086,175.55155589043,188.869512240283,251.077764894225
"ENSMUSG00000040021",528.290876463491,451.15310379258,533.253537796171,365.499196401139,355.109795436276,264.095465521094,583.526551028962,334.187153353176,551.849644847071,319.133431970649,592.311493619963
"ENSMUSG00000040022",96.2992973660412,105.112389610617,94.5737480479567,76.0104978948996,92.8855368181098,72.519486323099,72.84714052197,107.784181619527,95.2223339139711,99.8530954371084,92.6567748964768
"ENSMUSG00000040025",1009.78754347325,386.026659553134,210.085554184213,187.235177205234,206.76468948745,171.128709201973,899.108850625739,490.822235915483,683.000909841528,717.242810114596,609.139856787732
"ENSMUSG00000040026",11.331174396078,4.06594545751663,8.44658412508952,26.4400441251137,22.9303801647935,14.6204204545226,27.8435324298021,16.634706689511,0,11.3208444426269,12.3077661793691
"ENSMUSG00000040028",354.879021009853,326.686863555135,328.132999473539,299.991621644938,275.246938498382,295.540998145285,284.072550558024,304.898588485181,307.833690283375,338.29468859063,363.736803980921
"ENSMUSG00000040029",485.052859294129,497.416228317587,430.411424062523,394.264581595127,390.362635407662,500.682944645382,454.190959451575,521.292385718488,470.424242049587,384.88804978083,467.374415613341
"ENSMUSG00000040033",806.977358743577,619.32769074933,475.231047702471,534.294181413197,515.756574472641,635.046267762228,516.962063383239,446.508952281215,543.652876800171,751.732157682269,771.532623338616
"ENSMUSG00000040034",89.2949267119027,89.1231144812811,106.05683568965,88.9699709091515,86.8654922288448,91.9291845468084,84.0312034795634,71.6364217342393,94.2083867634738,70.6313929650876,87.2518840593696
"ENSMUSG00000040035",4.84628516584905,4.33032570451398,2.66248153604048,3.25991986949589,4.23228900672207,3.85443804936369,0,4.93111730552311,0,4.66850209102474,3.41835286333728
"ENSMUSG00000040037",6.89953315022166,5.86118280099443,6.69344658961406,5.53041662230712,4.45519372597279,5.83019753575631,3.46605971077715,2.69754201071459,30.5845486202216,6.07559903604614,3.86756486085964
"ENSMUSG00000040040",142.192410958902,118.275843907577,149.265587395055,129.537501070815,109.674390727119,100.187984496528,126.662940718952,129.335266139824,131.329484879876,124.328912363863,143.711158929034
"ENSMUSG00000040043",315.370176432039,345.570819247262,389.259763849974,346.306750505525,326.020810770623,394.937774359596,318.55538260311,313.970930825399,323.740456272956,344.639946826434,287.084072637477
"ENSMUSG00000040044",198.720030751395,209.604801471367,205.571636492053,186.50787709821,181.276660370874,251.390506599236,188.47731880444,204.440603571962,257.749750177846,202.506192198909,203.112466488189
"ENSMUSG00000040046",5.17533684311343,15.940158482923,28.0917364591328,17.4059437966288,51.149749125088,33.4659362498437,20.9259604098032,23.0589798506405,18.4148922623964,14.0282727856312,22.4482966385691
"ENSMUSG00000040048",706.653291973086,828.681845961619,628.41102453422,712.840462354626,628.254505119638,807.427244097313,780.816277952274,740.350047412538,628.403468535625,585.393427426301,599.911308613436
"ENSMUSG00000040054",1336.52559057624,1268.21094615959,1240.95774516752,1179.42627598419,1271.79282525998,1246.04329049689,1280.06640105294,1494.2501911147,1397.36439098456,1584.11610832134,1500.43476153342
"ENSMUSG00000040055",25.59072706581,32.3267789606887,44.6423894924121,11.126980474692,45.3566539689851,20.1120211001803,64.3714527001155,30.9420715316115,36.2429419100897,20.1907556088318,16.9890287570641
"ENSMUSG00000040061",102.164832822839,210.09644937388,71.4589783794854,78.6481992345437,83.9037125782385,164.516397959653,52.9260941346553,102.789865785837,50.9305464086885,82.9445707807863,67.0619484256
"ENSMUSG00000040065",0,0,0,0,0,0,0,0,0,0,0
"ENSMUSG00000040084",54.5387452410284,97.1208352665491,55.0099949953367,70.9087400852286,91.7384647971893,106.286483875101,70.77476088929,67.2841524674003,77.3133979252001,70.457722267029,59.4080727887411
"ENSMUSG00000040086",0,0,0,0,0,0,0,0,0,0,0
"ENSMUSG00000040093",255.264403542378,217.835689705157,302.903099971576,290.159960582976,432.953934573458,176.848417270153,417.858520637777,261.537981006487,338.410368751206,256.213714806834,350.449321746607
"ENSMUSG00000040097",256.929681266475,273.616580747476,317.696832176355,242.476011540553,311.26913580371,333.78887476229,245.017548094105,280.131327704538,336.926157805916,360.174759336129,216.23047571646
"ENSMUSG00000040102",78.5102541060087,68.3659390175045,63.5343642059646,48.9963035799114,48.4881391200818,69.930600683885,62.5197376527069,72.2107159448316,77.6061371021275,58.4583483856339,81.9074437262259
"ENSMUSG00000040105",113.920458186039,121.080622187944,88.0641807386673,108.956664920132,124.870794980258,113.360011572316,136.371715501219,108.959988504399,151.728356246775,129.750295200821,102.444871511317
"ENSMUSG00000040111",329.125344289684,466.325800017705,491.075600214678,616.067451515119,243.989745635857,443.59390634582,364.974947740753,445.427672016796,577.360823578699,397.601304291781,475.481870550565
"ENSMUSG00000040112",367.907075257814,443.752863708477,372.58809490982,473.191931121078,336.60936768337,368.450372014093,349.886610377074,375.697062015689,326.767343276387,267.327073172198,374.967352031345
"ENSMUSG00000040113",0,0,0,0,0,0,0,0,0,0,0
"ENSMUSG00000040118",53.1533285754742,11.4323523901181,50.4488687177709,11.9388737914573,17.3824007148388,10.4828164078355,8.61904083233876,6.12953313768438,85.0020553760456,56.4405117008236,10.3474242125514
"ENSMUSG00000040121",4.69858977400324,6.37414137726385,9.65720309946849,5.50254001061797,9.55682918912214,10.3247275726974,11.3486944616159,14.7294353702917,0,5.74473114973581,11.5329528095658
"ENSMUSG00000040123",790.082073468461,1012.37914363677,1148.63890575199,1109.86791095906,1211.31013723645,819.463842098427,1119.30731771521,1128.79884712095,1129.72628877924,1360.88600027647,865.077503001434
"ENSMUSG00000040124",54.1243760524364,69.6525642584841,77.3242394185911,43.9742407555815,40.7656466366983,76.1496269761337,55.5630068029184,48.0398008245294,45.7374221301431,57.0164617798134,63.1855422671579
"ENSMUSG00000040125",0,0,0,0,0,0,0,0,0,0,0
"ENSMUSG00000040127",0,0,0,0,1.05052509109081,1.28243898145952,0,0,0,0,0
"ENSMUSG00000040128",571.926237578346,802.136779663872,1095.5495520199,1033.42224652462,1397.95111900845,719.483945248645,1055.66186409684,949.837157492483,440.761202798972,847.102443464422,514.204304424754
"ENSMUSG00000040132",0,0,0,0,0,0,0,0,0,0,0
"ENSMUSG00000040133",2.06417925387241,7.52865211599659,1.77145112673952,1.09221386959688,2.11275076190404,5.14961437722734,1.02354498428146,0.99049618287325,1.89025602882122,0,8.01339203460821
"ENSMUSG00000040134",0,0,0,0,0,0,0,0,0,0,0
"ENSMUSG00000040136",0.87894569367167,0,0,2.75897341540668,0.738567058394962,0,0,0,1.1971768476562,0,1.59138600378358
"ENSMUSG00000040138",0,0,0,1.07957669319162,1.06069326539548,0,0,0,0,0,0
"ENSMUSG00000040139",45.6601629035341,55.7783732314939,50.8030105079968,63.3205680834146,34.73797587839,68.1839276745533,65.0967885655772,45.6179663931138,44.5222913841645,48.4840666345718,71.9019222453312
"ENSMUSG00000040140",0.691194260259109,0,0.888473019734072,4.36120230256031,0,0,1.02559049628617,0.990950145691794,0.945223916992236,0,0
"ENSMUSG00000040146",405.37567867166,339.476059002768,444.815688512186,456.273419682389,332.202591822324,396.226226778409,287.529932310619,439.331118273828,267.164827407544,422.082594813664,273.614291628952
"ENSMUSG00000040147",130.253723439468,36.7776858615596,58.3628471875671,35.1900876830859,51.6322529246149,41.0825756702974,76.9569444699783,37.3026628231059,69.1016215815822,27.6076236904736,75.3345271425617
"ENSMUSG00000040148",0,0,0,0,0,0,0,0,0,0,0
"ENSMUSG00000040151",189.426379523075,126.328261366141,157.9528073281,177.017403043772,167.14786075408,159.847182333593,185.257350754006,173.083493537937,166.482202488066,142.848052772728,177.001537583712
"ENSMUSG00000040152",3422.87374712361,1595.85888249839,3984.4725757376,1254.98955961611,7789.47914532039,629.935335618938,1985.91801493664,1303.8028280264,794.264849739804,3473.3604311027,1225.99912885118
"ENSMUSG00000040154",0,0,0,0,0,0,0,0,0,0,0
"ENSMUSG00000040158",332.376850664395,203.935955992095,350.548559867766,248.6420957679,340.379744448912,212.386608596295,203.504600065962,162.519830018048,276.335321714911,272.578184659566,268.631946305187
"ENSMUSG00000040163",0,0,0,0,0,0,0,0,0,0,0
"ENSMUSG00000040164",2.04321403597322,2.17303554354124,0.883786002715801,3.25776750892785,2.11566445703178,2.5770293631628,0,0.989962624647259,0,2.83331299145988,1.13915421057769
"ENSMUSG00000040165",2.79456206220709,4.4323825313246,0.613193975921926,33.4263267414686,3.73825992485634,4.45093180503147,1.45661082801514,28.9628695671803,1.28896646910885,1.35063514279623,4.87336612973028
"ENSMUSG00000040167",89.0185743997875,169.089855045018,100.108821109249,137.180420947418,188.079956196568,56.0986100642103,197.074226387384,92.189447085951,177.551449308871,67.4163194006644,119.441286024387
"ENSMUSG00000040170",81.4043168742283,60.0460202995239,112.772245963465,94.0597993357381,176.501498788288,79.8342310025227,94.0116185234106,115.567564579082,169.225434138703,144.394136588021,149.998366328218
"ENSMUSG00000040174",301.768799776861,391.824260985448,297.065053211853,341.535009596928,310.530707979461,361.628099748755,355.646272634683,442.321568166256,331.175361688834,328.562654980657,332.081666412081
"ENSMUSG00000040177",90.771354338317,72.0401223866784,85.8371874598475,85.1379077863531,75.1197961091281,69.3993707798742,74.8480662603158,59.6735494829998,88.4407372879565,56.8246913325328,93.7378107616132
"ENSMUSG00000040181",339.417029307194,239.186358491452,288.471099858966,322.600712441498,302.41761811227,281.289729987591,215.412606645168,292.589313045827,257.680910668594,303.236427864433,281.490816281199
"ENSMUSG00000040183",3.66336864820716,6.1116083552111,5.36015408945183,6.15798849244703,7.96908729717431,3.9032802105122,1.09114548753286,0.996100859219681,3.81211897193213,6.6200678381789,8.05722710541588
"ENSMUSG00000040187",69.9403722431887,27.3881881451376,35.0247984413066,22.8673638577401,31.6206905032181,24.76920629872,22.594581510834,16.1287944671498,36.6565087793226,28.422637833963,29.1029655566918
"ENSMUSG00000040188",379.945101581541,382.193365479397,376.653798483139,464.176064325686,356.128602044655,404.331722662661,410.647281662254,435.80688948094,480.989316370387,395.952184731193,482.362677406064
"ENSMUSG00000040189",16.5337572593804,31.2312985880236,17.4225679825018,30.5481161045845,42.5930281571287,34.758800364856,14.1680563647844,30.2231571174142,49.1685261203131,63.8560172420146,24.9246204142195
"ENSMUSG00000040195",22.5854782572195,17.0912053326316,27.3189125356224,22.458109711927,32.4775548755258,19.069673145046,14.4607493721909,13.7166032750645,34.7638547438872,35.3844439421487,21.2092601078915
"ENSMUSG00000040197",0,2.13106719279731,0,0,0,1.27626194552363,0,0,0,0.953847919486963,0
"ENSMUSG00000040204",12.2146973230037,16.005630350199,5.31839450659047,2.20980541708849,4.4330278178769,34.205295050548,7.22193966961853,5.83439749173602,8.31452156377935,10.102577929264,3.53973939520912
"ENSMUSG00000040205",4.12636199877862,0,0,1.10055539574284,0,0,0,0.987376550643204,3.75562222816804,0,2.29648152391564
"ENSMUSG00000040209",50.851724291724,24.75001128724,38.9857680094043,37.3216594258635,39.1466985695977,12.7932724664904,35.7769630797624,35.2403029440791,44.3011784627767,43.010038600084,44.8148267986265
"ENSMUSG00000040212",37.1485962926921,48.0371193572881,27.2414839826034,37.464606891147,52.9308935727589,28.4139044428887,28.2146998468529,33.8676808210754,32.3752286391199,42.3558408745115,33.6675835985358
"ENSMUSG00000040213",160.800378346334,167.406598294124,178.993626751976,169.145497223132,138.271516567273,158.98395701917,192.583882284136,152.553774599922,181.979957784562,165.523940571807,183.678218790093
"ENSMUSG00000040219",21.4068427469248,18.2620096038072,20.403801330221,16.359942900835,10.5501430592462,20.4650859053438,14.3135935887673,20.8486992320467,25.5186898281151,21.6055093487131,17.1855477144854
"ENSMUSG00000040220",255.187348695941,190.236378683733,276.640197948964,227.557099183982,269.505605141441,213.338244348278,343.551464259073,248.58510900759,235.653644267969,289.834724789008,226.424982481849
"ENSMUSG00000040225",1929.02279429569,1635.42383708757,2241.35814694279,1926.6008356976,1919.42488010039,1438.24334405931,1826.71591843385,1917.95245826849,2074.77758244211,2017.66881575808,1986.4949658961
"ENSMUSG00000040229",27.4499164076835,25.49343094239,16.1461288704561,16.3302228962259,30.4305934757698,14.0317200075541,25.3806747221349,23.387419984277,31.4772898812267,13.0785921835262,11.754536131429
"ENSMUSG00000040231",0,0,0,0,0,0,1.0244779114794,0,0,4.68183472645526,0
"ENSMUSG00000040234",359.892390298566,349.808706745596,360.443877898938,356.189426727509,415.628859574542,344.188153804358,366.080697677647,414.957407738286,409.484425281253,440.395194984426,338.004983571671
"ENSMUSG00000040236",198.178739037027,208.92958517038,185.091142176359,227.293745222091,178.164985983897,209.953056541039,196.4846781697,197.50976102793,202.808611369691,192.467119028866,189.159002852833
"ENSMUSG00000040242",559.456101664297,563.115631485146,559.539625302905,518.255978220832,536.926466148349,505.799646612928,537.830886091255,469.738699168844,468.973605031995,486.904616349314,513.190927560313
"ENSMUSG00000040247",69.7720625260782,313.609768454539,11.1022447092645,8.7310817117487,32.0621539678438,243.667536033882,25.5245326329096,16.6384864680535,32.2036454172747,108.195040934764,27.6520674039553
"ENSMUSG00000040249",1219.98878071502,932.561667107161,943.444822778241,955.938986227153,1413.94793922982,966.018338741227,933.114601627929,1003.27430723685,956.777568407544,881.433223105132,1096.68302526776
"ENSMUSG00000040250",443.485423088165,541.792129436702,350.484219889569,362.548757979181,406.257105620008,430.955288784699,412.583226308058,478.045414183036,484.460212141379,343.53660360391,516.83051255719
"ENSMUSG00000040253",116.070667743474,104.500563933287,91.3329849668178,100.542429324644,82.1961592482937,76.9242592050874,79.9683017892973,57.4572089195024,132.028779379921,151.512155892094,74.4402345576602
"ENSMUSG00000040254",0,0,1.92266932541687,2.37617132524477,3.41512833062549,1.14865348483245,0,0,0.839729857510939,2.05687959791531,2.04522927026783
"ENSMUSG00000040258",0,0,0,0,0,0,0,0,0,0,0
"ENSMUSG00000040260",24.0225054307554,39.8711296359555,26.5744964980445,13.0953777542925,57.9926561880802,37.4070199355915,35.759510900502,44.6567444569408,33.1665870759327,33.7348723962908,35.4079872915376
"ENSMUSG00000040263",404.689961239922,489.875678068627,349.081249408335,457.933688979216,391.65013787901,553.019706960362,432.610017159123,435.999826461482,339.576074065595,328.920119619185,460.491998652046
"ENSMUSG00000040264",3.4113927317496,3.24821954169387,0,1.09644166787591,0,6.40741366168554,3.10762444218252,0.983895299647925,1.87137764251445,1.89685742242056,0
"ENSMUSG00000040265",46.782626582021,28.7086114209582,25.1596593496755,30.8066198589913,45.424025075847,25.7529526721336,26.5549513593394,59.9033553292581,23.1140034536991,40.8886754755615,24.2111979481478
"ENSMUSG00000040268",270.865614528411,175.973406819019,241.555380708122,259.994052627985,288.740245569931,250.492884611937,199.198015265379,262.679210161245,222.961561237219,267.566022869199,253.417241751365
"ENSMUSG00000040269",282.360001210951,361.272083753229,295.381298788677,289.519433463011,299.115598623288,313.540399175606,387.545330098495,388.102590285592,285.872372855553,287.606104681973,304.321464204148
"ENSMUSG00000040270",22.699628581418,28.1993489211513,0.857075941673768,5.08996090734541,17.3935171933189,27.3085933692614,5.97694795857131,10.4786294946851,10.0330665241636,23.5098815047934,7.71710875654837
"ENSMUSG00000040272",74.8603062166416,83.9375595346303,69.7616554896469,53.7653509991731,71.5400837124844,91.1344134211637,58.9194612653625,135.833854649538,58.7732909785328,92.5104757054561,73.1695834273345
"ENSMUSG00000040274",10.6652776995435,57.9895246979934,66.8471036227351,12.2751588308767,9.89049943593663,26.7734626753933,15.9699598024167,9.24982119715192,62.0898217135116,7.67455242643994,15.7592220473118
"ENSMUSG00000040276",5.47694664884211,22.9353000013125,0,0.981922232905047,1.92070547438666,21.053056490025,0.923433071224349,0.881738267486929,7.41138382138927,4.94335988331512,0
"ENSMUSG00000040280",9.91720709769441,6.51838624119975,9.82789660549866,7.66767345731453,20.9473436213825,8.83707610992731,5.04457827093597,5.86517094800998,11.18857381586,7.08784524396394,10.538309229206
"ENSMUSG00000040282",15.8715080680286,28.6535668071025,17.7110086296587,25.1435623332236,22.2766232360235,10.1734362991253,31.7539492335959,26.7273462315967,18.8046298685716,21.8458072897624,16.1658873213462
"ENSMUSG00000040283",198.604330506918,171.744981447036,176.265463514159,204.358215962296,260.729362498937,241.303897322557,232.288080091316,290.649519040873,238.723891074735,274.421133272203,296.258512442417
"ENSMUSG00000040284",0,0,0,0,0,0,0,0,0,0,0
"ENSMUSG00000040287",92.573665886687,17.1148328695834,6.17126971399396,14.2872967997822,31.6789191187774,5.18100076325468,8.20921771314578,9.91142440038301,6.61175131308468,21.7792557070354,6.88595501342623
"ENSMUSG00000040289",17.6103235691642,20.4207577262093,25.5889396034606,20.7771372746665,21.1998906544445,11.6023909559159,30.8750175017887,32.5741814825298,26.3842318842657,25.6492738032812,32.0780173572313
"ENSMUSG00000040296",560.422589067711,311.345617615303,355.600834430129,328.821244904296,339.385802598571,283.009059199911,374.25960994055,211.49579633237,305.980279861043,379.984814026594,422.599035834474
"ENSMUSG00000040297",770.403252290362,692.833609723037,698.427844395579,642.399556698716,621.212246052269,460.118521192841,865.844488973001,578.647445310066,702.882031643669,779.185693623132,666.631431679373
"ENSMUSG00000040298",0,0,0,0,0,0,0,0,0.94676288413655,0,0
"ENSMUSG00000040302",86.5811065092895,79.4697896170703,83.6768422349466,84.4915960703174,130.781054421377,93.8214768465579,110.878812413301,100.073404943596,135.097705423235,88.539847433436,106.328991846165
"ENSMUSG00000040310",3.21865966995042,5.08973471795971,1.66644815819681,6.14399239589661,8.00701219368449,2.41368982975157,3.90404482238318,0,7.10154102498674,2.40006366721249,2.1521895413464
"ENSMUSG00000040312",211.325085562519,262.722380178917,236.524626606412,209.187204267059,222.875910283586,338.177984798118,199.458507105448,266.52921887924,241.774459426412,241.7379442651,176.212603748854
"ENSMUSG00000040314",0,0,0,0,0,0,0,0,0,0,0
"ENSMUSG00000040321",87.8371344777189,65.2015641341533,66.8879373898411,81.0578803942049,81.3025350390877,46.2236828930202,84.6494610002664,78.1458010339883,98.3553507882257,55.7053407208498,97.8002413810629
"ENSMUSG00000040322",25.9060189290419,18.3649162780109,16.8179070626765,12.0645907591397,18.9893315190538,11.5363183150514,26.9066523290988,24.5674708881048,19.6361666266085,18.995218182057,14.8877005223787
"ENSMUSG00000040325",876.283682252976,779.120801223619,784.886751318546,910.172599436494,757.088455888287,799.984639669238,822.342520859112,969.526548325411,878.663329339003,823.568738814876,927.368224255604
"ENSMUSG00000040327",223.055647833169,177.910201070349,197.688015612782,154.022758878392,209.561220728227,167.357929697048,212.419443150224,185.144037253816,263.655437722724,160.262418646679,194.008843250016
"ENSMUSG00000040328",0,0,0.888703457416098,0,0,0,0,0,0.946771429460078,0,0
"ENSMUSG00000040329",1.92692766315503,1.58267188517295,1.317646080465,0,1.63914406227174,0,0.768963312976896,0,0,1.41449673508773,2.55209200839046
"ENSMUSG00000040331",492.46216957253,480.961481416471,544.849503947116,508.895689699884,535.366232611828,515.392886553271,501.646467486154,578.909782729664,593.37086720362,524.568769922518,500.681934871098
"ENSMUSG00000040339",18.669087375647,11.8873369845734,18.1379381402813,11.7824552293366,20.6886793229644,11.4016955513819,17.0885532246515,9.64784284584821,32.1514971850235,6.47757742365337,21.3194347067779
"ENSMUSG00000040340",0,1.62344903518548,3.2931173491021,1.35741939578901,1.593425587834,0,0.771793719651937,1.2195956522359,4.66916529944116,0,0
"ENSMUSG00000040345",574.988417350726,961.822385363649,541.308154771523,531.660381002476,397.370557239,762.310602212111,524.553111268597,585.697124297788,671.577320744216,615.686875570644,748.877000575982
"ENSMUSG00000040350",363.313944226599,257.824308592372,242.509653209911,276.188877259135,316.984464797777,202.642368157664,254.076266617411,222.222295138772,234.310174315157,307.734882698959,182.549346328463
"ENSMUSG00000040351",316.393949216447,215.299624672984,285.763811136224,267.427596437524,275.483948541129,180.12076857684,281.021639716004,238.490794985424,325.523145658915,234.921962814325,321.262418789921
"ENSMUSG00000040354",1805.91870820802,1859.19176195382,1922.18242580522,2169.03633161477,1342.34981495536,2556.82990468001,2242.01363954554,1815.1915555645,1385.49299339023,1872.29379785792,2412.20415257869
"ENSMUSG00000040356",1417.37901676615,1554.48447107895,1442.26652633738,1346.46912413335,1331.56441971167,1650.99277710897,1353.72757569229,1372.41930954199,1335.24154773508,1347.96181361617,1460.40884209375
"ENSMUSG00000040359",704.580047632181,698.01651539135,583.005970067963,621.329095538296,479.921826291573,705.76362081704,710.018616084693,738.866753365214,695.784783654103,567.100258717493,924.043336657264
"ENSMUSG00000040363",468.830092336809,561.070620349388,385.785236370804,511.61952857755,594.526144335921,546.723185301873,561.908624633747,1193.70850813452,849.888381446606,936.233099096099,1189.49653032324
"ENSMUSG00000040364",1.37947732729045,1.07964138755914,0.890722290918932,0,0,1.27651361189603,1.02773800124563,0,0,0,0
"ENSMUSG00000040365",1138.5150804693,1273.47454324882,1062.38072850876,1240.44610461741,1358.16252951536,1158.05929413658,1005.13677061169,1161.03179872444,1122.50963250628,1152.95212311038,1179.72650368194
"ENSMUSG00000040367",0,0,0,0,0,0,0,0,0,0,0
"ENSMUSG00000040370",55.1781362940903,69.4037993316397,49.0506779559274,61.2305312557755,68.2941360169499,74.6118524671573,76.5057976096269,61.4463185789255,56.7478242225774,58.296086198015,97.0549296283718
"ENSMUSG00000040372",0,0,0,0,0,1.27803489289244,0,1.95294260051608,0,0.954727290135516,0
"ENSMUSG00000040373",0,0,0,0,0,0,0,0,0,0,0
"ENSMUSG00000040374",473.149037926192,509.917530263667,434.279776287749,482.728972310411,483.954899157317,462.734013616241,522.688598529834,479.956582565487,475.619793102805,489.717455194887,512.130110361725
"ENSMUSG00000040380",0,0,0,1.07956923681313,1.06070059140124,0,0,0,0,0,0
"ENSMUSG00000040383",842.609335267665,777.326604583432,848.214704384608,807.220080496209,822.053970495139,813.646616360193,789.433496071476,839.832559056232,788.337427743439,755.121761559391,895.448629742224
"ENSMUSG00000040385",2766.45411617542,2944.16166508851,2784.87317927306,3151.74466101249,2537.45565043116,3107.47991075296,2627.85698544853,2895.23777909,2806.22655134604,2655.08295628569,2762.34038612618
"ENSMUSG00000040387",0,0,0,1.5030241846249,0,0,0,1.43912876912323,0,0,0
"ENSMUSG00000040389",765.75743853611,92.5240235186015,119.996431421294,275.858425694778,305.301979833628,329.266055997762,104.8550186661,99.3149471420317,93.9360184147598,81.7124987316874,285.576906485821
"ENSMUSG00000040390",340.959655774612,308.720222842171,379.226485616077,393.509547208993,394.114340631291,453.205649575071,421.82605059473,486.679799345506,324.446716608827,396.543765908214,349.011941105989
"ENSMUSG00000040396",225.401573017784,247.91812812963,254.936644648191,286.130115690926,214.675546880862,264.049612351579,248.884883185777,271.748446059557,299.416237173014,230.195103070526,340.948655624938
"ENSMUSG00000040405",0.560497636448273,4.66681591477354,0.728213033861169,0,0,4.63153225460497,0.856549635079432,1.61812287502295,2.0063758672466,0,0
"ENSMUSG00000040407",2099.98039254446,2091.38491801894,2598.384687056,2584.1605165573,2381.46825168954,1760.71440601869,2901.02413859031,2288.92358684957,2872.82294113805,2638.85272361858,2356.08950850265
"ENSMUSG00000040410",340.403248739832,368.826925321769,386.452004105998,449.021445049418,347.476965202927,415.808988876126,396.833101760035,431.354159962894,469.113382833225,376.538392637974,345.105207829172
"ENSMUSG00000040412",41.789051882026,22.1463475553791,35.5781640927305,19.2617437566759,43.584363745491,21.0438462492714,52.8405418873871,31.7197047159082,16.5865655233424,28.8379262889268,15.3084674561622
"ENSMUSG00000040413",966.688904010508,981.316804937298,1162.31740102385,1115.92629352387,1105.46939312041,1104.16802246825,879.004166519335,1175.34579492213,1164.71903802428,1029.1525561906,790.317788815322
"ENSMUSG00000040414",555.313668565322,506.570990554951,531.636705548992,601.129421244546,674.519203006888,557.851344370566,617.060770119297,555.078998125363,562.107180024828,609.752684982161,517.215823736206
"ENSMUSG00000040415",392.160957731238,450.7035816255,547.258893347867,444.778043942673,544.163750106565,448.778654333326,308.137711792093,481.390993470158,479.505051360864,537.85021134307,495.621743304113
"ENSMUSG00000040420",0,0,0,0,0,0,0,0,0,0,0
"ENSMUSG00000040423",222.384452173532,199.160098196563,238.875455520655,210.302997786499,189.873829692261,160.817133832466,234.43981925868,147.834394187838,175.639956552617,181.900913869119,202.559610760145
"ENSMUSG00000040424",30.0582142735906,33.7207862892695,42.4391416895485,27.8999620184801,44.486005612857,47.9722147863855,35.9957676411263,31.2174056554028,45.7550524362876,36.6385482597125,29.5078899540938
"ENSMUSG00000040428",87.0896801095241,19.5003659136698,13.9638419291742,16.188370863077,21.3860440879401,397.344631571875,9.01359685195726,108.113067242973,104.64068385353,18.067103111294,12.0255925921874
"ENSMUSG00000040429",34.629248766225,46.1652791897889,24.039786578929,37.2583335419952,29.3591115747487,29.4742004887284,30.9002263821999,27.2987372770765,48.1147242142923,37.8745718424588,27.8788215199749
"ENSMUSG00000040430",258.726627360251,199.272162211535,283.93465952112,247.62476867105,299.07182351443,231.029346529411,273.647420954419,210.324012539685,233.318206373257,234.706831832137,263.093047104754
"ENSMUSG00000040432",43.8657591339113,19.646764990451,28.9675389782229,38.0131036994151,31.6084841073234,42.928695343147,35.893204140878,32.6739486324015,28.4548295533923,36.0844855185228,29.5365576291666
"ENSMUSG00000040433",417.743440873048,349.794972595463,489.389271827141,463.148405441815,320.898399226614,223.710295472613,417.334826198168,334.047410455467,370.312577297522,395.401302207449,346.91096737101
"ENSMUSG00000040434",327.719903050242,296.701296799871,227.238354932848,368.927135552551,181.592957093081,520.142386740327,554.877950411611,630.953471764177,458.472307033799,336.348645369722,716.117626956803
"ENSMUSG00000040435",830.523789856836,1276.01138085446,1364.59568302951,1041.13043663299,1003.7146992983,623.039620975643,665.442172127683,1020.8240885982,785.062917989836,903.127698481263,699.41577204822
"ENSMUSG00000040441",7.58176023940417,9.75015748782215,2.6596789168587,7.61470133016487,4.2373193045564,1.28750300662428,6.14458878073556,0.985411084116806,3.77648715561084,2.81194008012723,1.14009077473998
"ENSMUSG00000040446",161.17569392151,162.535547810512,138.467019199907,121.8196107331,144.873741309263,179.061754756403,172.5320002841,201.763981120779,182.349818425714,131.36659532119,203.966732576283
"ENSMUSG00000040447",1415.22985615341,742.610018607841,849.324137524311,901.980535528853,1019.45448027192,877.717387040424,1128.70970944718,1295.99850104263,1373.62655903771,995.581917022702,1416.34641527367
"ENSMUSG00000040451",191.63920483009,173.410015600455,299.54480438562,266.894332509765,345.94032832842,153.781603106236,304.914539689722,291.657417081263,245.13215982256,371.692713246331,154.451528988531
"ENSMUSG00000040452",0,0,0,0,0,0,0,0,0,0,0
"ENSMUSG00000040455",142.724675193553,96.9033381651325,165.972662613347,103.338593541009,122.650886508253,90.9820754221649,160.832523397188,93.9856997902424,129.423353314121,117.409782067092,123.509805346138
"ENSMUSG00000040456",0,0,0,0,0,0,0,0,0,0,0
"ENSMUSG00000040459",765.191729272415,923.375696455038,781.589561546916,708.808324185262,976.925158310485,957.002760637453,953.256138970133,888.991598159888,883.349733785269,919.310831339274,831.295397525233
"ENSMUSG00000040462",3238.38652847087,3768.72720560253,3297.93338019267,3798.42409040496,3029.99225336858,3847.20093604646,3570.15662494594,3859.28574589226,3283.93172625206,3342.8651939793,3704.49336596899
"ENSMUSG00000040463",1342.95040519841,1413.55196520279,1175.1695179433,1473.78768571028,1338.54848971007,1523.29230650906,1322.73686133178,1238.267156849,1383.62705847439,1311.04595127482,1839.56310487333
"ENSMUSG00000040464",104.110062490793,124.857003551258,359.198668766647,102.153375157134,129.222484302587,109.506051290271,128.448333067595,138.937928052521,149.225201524424,140.608994398697,139.688686259024
"ENSMUSG00000040466",313.698351740413,354.41785556345,316.738710819704,316.335658401233,341.024408427086,364.299485274994,283.285313783061,306.479025093452,306.1082968799,298.770014216872,287.149962310556
"ENSMUSG00000040471",3.70167743301767,0.802084761104625,3.96518184551811,3.23763104133939,1.5889319320379,3.42214445127605,0.686607502985396,2.92086864729806,1.89467884588149,3.14519242664137,74.4142537704724
"ENSMUSG00000040472",589.220349879471,649.69775651228,621.269599959703,657.669835149758,610.34017794789,692.586379819036,784.311110907819,617.416029962139,735.138198998357,615.288199254915,669.357145471611
"ENSMUSG00000040473",32.4233000244272,52.6252372983519,59.4736068311985,68.8497266739745,81.7595819572319,60.2000262067455,57.7672139089651,77.6111655828191,43.7604968412099,53.4301155711346,69.1629266081362
"ENSMUSG00000040478",0,0,0,0,0,0,0,0,0,0,0
"ENSMUSG00000040479",1335.79361328248,1448.36944732025,1504.63847406313,1544.26072392939,1637.45229181956,1560.45087927272,1250.98706427961,1628.78637214132,1768.02175413927,2208.44765476559,1971.43810759672
"ENSMUSG00000040481",1369.19294624668,1320.0091113244,1053.91059335184,992.038979083022,1417.63148041835,1373.21064248361,1256.19524508375,1123.43436624001,1067.49149932733,1171.62479733605,1274.91476504163
"ENSMUSG00000040482",254.43571014756,273.761523951815,235.200208707931,214.281524090679,267.223728420086,300.504851405033,243.506374350424,267.787861580456,269.242259238603,274.033599012101,292.925426294694
"ENSMUSG00000040483",164.657012166982,123.177147206525,120.179539341471,125.18497625435,104.565016547222,131.121649373711,110.230136887388,66.1904516740009,105.486253560684,175.396557416108,141.964748195049
"ENSMUSG00000040485",0,0,0,0,0,0,0,0,0,0,0
"ENSMUSG00000040488",652.646898127621,853.136493454381,796.753137839232,1342.90346855661,965.019638890012,762.272230248714,707.295599811597,936.946078238486,1082.67659455771,892.66031189084,1061.72193908294
"ENSMUSG00000040489",0.687816049055026,0,0,0,3.155600223375,1.28102569183423,0,0,0,0.938119720665714,1.14163924303733
"ENSMUSG00000040490",2.07543839306596,0,0,1.08841309047118,0,0,1.02472186069488,0,0.944492136782604,1.87320836865697,2.28152050910888
"ENSMUSG00000040495",0.688292268321505,2.1616711580127,0,1.09198969831963,0,0,0,0,0,0,0
"ENSMUSG00000040498",0,3.24192520459566,0,0,0,0,0,0,0,0,0
"ENSMUSG00000040502",67.3335984191696,66.9181453941509,65.3074385955252,84.0931734484316,69.9660814503448,92.5673036118779,92.0687898666112,88.1699571652837,89.4316166532268,90.0400266481951,60.8444124953829
"ENSMUSG00000040505",0.831047131357727,1.7822159509109,0,0,0,2.11680224807804,1.24924383493923,0,0,0,0
"ENSMUSG00000040506",489.489906853944,423.744987349526,531.466852772605,529.188472901114,480.668418456362,526.560445609104,382.820918915784,452.691194388027,487.649208818208,531.570172921811,508.808727096181
"ENSMUSG00000040511",237.626320379885,168.298274686995,220.061637927699,151.12138371981,222.755191172876,194.516412157845,189.617437058377,275.387262652457,146.314699200096,221.062796694992,142.150438458989
"ENSMUSG00000040514",0,0,0,0,0,0,0,0,0,0,0
"ENSMUSG00000040520",37.3975070235116,26.522975387127,23.3074569578521,30.7713207868116,55.0951833439723,72.759792646337,58.3297408572639,84.9522676830953,48.6847907287488,19.3269108457537,43.0697138492932
"ENSMUSG00000040521",314.99038665152,370.588248676339,248.35470921226,315.595399497708,295.040018786881,296.491771052315,349.575696537293,299.163852710776,275.260148701344,254.496089307533,304.871178355327
"ENSMUSG00000040522",20.1282270794806,3.98463681851486,21.629119576064,76.1052996481992,16.7067278692812,3.45378563739058,12.0240371798902,13.1161922776513,5.81964760837475,10.9665520053473,9.21972871172562
"ENSMUSG00000040524",219.787273271404,685.147624418942,1384.91869055581,211.044189074387,826.403386915109,770.726353866317,197.430912865883,216.643482221646,674.866734208748,200.92698424295,226.998922054526
"ENSMUSG00000040525",788.058716235938,727.405231676629,975.07354025293,986.59711872691,906.459071116284,700.273175607551,805.435425895338,753.539031054679,708.610569043007,1085.63281263108,792.330926463366
"ENSMUSG00000040528",13.6396516806117,20.7794796259746,7.41025468866494,10.1206150080904,9.10323303420305,29.2752060712577,8.58559517714749,9.21944110759731,11.0503486416025,6.14249481890089,10.9094690382406
"ENSMUSG00000040532",772.212440517618,1172.81654028237,1068.87824961917,955.294837689628,953.771382353821,880.834775829313,1036.00789849624,1156.45558487747,811.526736691055,849.297422861548,843.998032060498
"ENSMUSG00000040533",0,0,0,0,0,0,0,0,0,0,0
"ENSMUSG00000040536",0,0,0,0,4.16488642208,0,1.03405651249497,0,0,0,0
"ENSMUSG00000040537",1.91058574592416,2.22460503130026,1.84640617798283,10.9416417894819,1.45954509399727,0,2.01840088151821,0.684082995425079,12.0884164034367,3.27111159322018,6.89486538369478
"ENSMUSG00000040541",0,0,0,0,0,0,0,0,0,0,0
"ENSMUSG00000040543",25.570185873871,30.8402528142223,30.7056306803109,24.8845575512814,19.0692265438831,38.2800909145775,25.483061017916,49.9883707847582,31.0292413486611,39.1069604557641,46.6193211354678
"ENSMUSG00000040548",1988.75936256068,1741.33589108582,2539.87984028623,1911.10439946166,3420.07276214036,1798.82188030286,2951.4194718225,1677.93847326425,2182.85073308513,2160.30473786777,1984.52691446526
"ENSMUSG00000040549",484.66581901583,388.77588751482,427.801478377721,389.05056458287,386.341918295652,311.383448911717,400.425202365981,392.99906416958,536.46172998098,445.585382106263,397.276540911757
"ENSMUSG00000040550",367.042982378672,365.1433642179,392.876814028771,383.45897660533,296.156034639356,267.151594957384,370.305358170987,305.546806939019,315.381377189673,320.184537644953,412.747726995446
"ENSMUSG00000040552",60.0959742047801,49.5206935990334,41.5876084720208,58.1462440657845,30.6544022357633,44.7442201588734,26.924745314866,42.2778318805602,32.723322601306,22.8160778360702,53.8504105888298
"ENSMUSG00000040554",0.575153448293256,0,0,0,0.892193073817823,0,0.864577643764614,0.825560913553654,2.24518431733717,0.794904709815867,0
"ENSMUSG00000040557",203.388050308372,289.373499025584,219.27534135771,290.273292906742,308.687027637367,323.262584660613,245.930852551905,322.992353672493,207.031949639062,336.68109938888,267.812550686406
"ENSMUSG00000040560",241.88805193165,198.553518566027,235.167770158681,233.242188958191,204.483455613101,192.31063251407,213.898324800846,274.484304110578,276.850111793798,247.501762426227,235.243180534587
"ENSMUSG00000040562",191.664513775273,169.637787449168,174.512725859181,156.073922038947,199.785777850449,211.285155082453,181.351544679097,193.37573290007,170.522918576988,144.697630440863,255.792835093982
"ENSMUSG00000040563",55.1363587699018,45.8323276413119,50.6243678923409,48.4267065696476,56.739393898418,69.7506074102394,54.8129649391763,83.6380210322435,39.6798175586544,53.7374796220948,76.7527611808309
"ENSMUSG00000040564",42.4634808031536,11.7537213303457,24.2102596133351,30.7816141068689,23.2154579936796,22.8155933429366,24.3116709612121,43.1847895835944,38.3818628428375,39.1711552312399,65.7802784524963
"ENSMUSG00000040565",609.819144464006,420.44335569311,512.272325820043,564.595132511293,453.432443488189,436.241415644581,506.94524976575,445.665678925366,545.686702721193,479.030266764679,621.977787628351
"ENSMUSG00000040569",30.9563449503079,5.39848972476859,5.15626557745906,5.45201233848842,10.4602715888823,12.7473051640734,11.1297656676184,8.98762528053645,8.54463839657834,1.57085967075685,12.3516699840595
"ENSMUSG00000040570",2.48125641532823,4.26265236750513,0.939254054354494,1.17100151668146,4.80785760467536,4.09535187846856,1.11056283790122,4.49192999045193,2.56125792183776,6.10655055711582,3.62589062904958
"ENSMUSG00000040576",0,0,0,0,0,0,0,0,0,0,0
"ENSMUSG00000040583",0,0,0,0,0,0,0,0,0,0,0
"ENSMUSG00000040584",44.9465751989209,48.9572136092832,62.0295565437076,46.0788549051705,69.1923404852996,38.635735722264,38.3617364282973,31.4825389614255,77.761102146676,52.0622546587259,93.2096893964394
"ENSMUSG00000040586",159.723868929548,194.484167734276,184.631258048062,182.512302132814,237.540237620764,194.594581092454,181.164988211626,188.209408738724,165.011029144825,199.466153272036,187.231500005063
"ENSMUSG00000040591",9.79870415195673,9.83447444905499,6.66598375951767,10.9683358450611,23.6965243851973,9.6222463527234,12.3272417673952,10.4269069111932,18.4052976631414,5.67406867954777,5.89877556671623
"ENSMUSG00000040592",57.8547646562244,277.60660430667,6.96000225702546,14.9036019841386,10.7991159122088,260.13444042103,3.86919059230083,22.4758669380565,12.698778577483,67.4541963212442,1.3060087426533
"ENSMUSG00000040594",283.643100600611,228.403763501514,317.570053997315,243.660513045843,279.23514691106,229.836796721824,234.87876931032,251.434619967869,279.208847764227,330.930044888682,322.483038543331
"ENSMUSG00000040596",229.364885740159,108.263877892665,174.084709198283,196.73729187445,218.277515093344,112.020508838399,281.818499161603,171.609129794425,185.553461061079,171.936976304335,196.409842330813
"ENSMUSG00000040599",91.5112616199201,74.1507142850892,82.4204883132079,62.6995006238046,54.1110278202645,71.9947700656524,72.6401347178526,51.9038499339374,98.6928899683767,73.057568176656,101.65684317195
"ENSMUSG00000040600",0,0,0.886457994871583,0,1.05692199954826,0,0,0.990180845967102,1.89224949656431,0,0
"ENSMUSG00000040601",0,0,0,0,0,0,0,0,0,0,0
"ENSMUSG00000040605",108.87756208558,85.9865908159804,220.750394600249,53.4741267637204,126.80876997209,56.2520408437126,132.225618033892,56.4241965785558,104.655624420276,99.8920271807314,82.4947022025335
"ENSMUSG00000040606",164.935761942212,153.532907122672,199.929249824255,247.629594245725,198.472479906294,191.29665392791,216.520628292304,169.445313242104,208.665942091812,253.748465093852,252.588308376652
"ENSMUSG00000040610",1.35827051572388,0,0,1.09574364385316,0,0,1.03491978551482,0,0,0,0
"ENSMUSG00000040612",0,0.613184292841792,0.499544275380786,0,2.64285121406311,0,0,0,0,2.38990683427694,1.67129822833375
"ENSMUSG00000040613",133.218616240051,166.568734480053,117.723990278842,83.2501650765134,91.8534296786324,121.628213107967,72.6289745296706,85.8197155563614,94.885309039277,88.2321816669177,110.401784779947
"ENSMUSG00000040614",0,0,0,0,0,0,0,0,0,0,0
"ENSMUSG00000040616",152.666533194497,130.987363654149,116.520819454645,137.934671164471,148.625179697349,168.405621655411,129.070957482258,161.839467226281,112.982751573345,194.250178708285,158.622724009374
"ENSMUSG00000040618",623.853890379102,701.06843614211,779.119368586327,807.212113293835,641.666634630301,962.535801550059,700.434265556242,778.994215506406,861.214230957065,751.994334089846,802.857778396331
"ENSMUSG00000040620",259.091602296145,232.342098026014,281.216296510553,249.638826179198,219.147814256272,200.281496002116,235.028404746997,226.781118604782,284.157440371394,226.052968305751,280.098231111983
"ENSMUSG00000040621",35.2718157673868,32.887197470673,44.5018194816808,31.6758236751311,51.4370996548778,38.8066728573692,44.6877649541221,40.9459842061219,38.2463552056247,45.5534319787827,35.2574880295045
"ENSMUSG00000040624",39.160310117928,27.8861093536124,42.5534595971729,14.6522255236341,61.083477104328,22.9021250390906,42.9726377837421,28.5720677923498,17.6923586427859,52.0336492655223,36.0825427554098
"ENSMUSG00000040627",0,0,0,0.798995247304321,0,24.5157567727064,0,1.415579999236,0,0,0
"ENSMUSG00000040629",0,0,0,0,0,0,0,0,0,0,0
"ENSMUSG00000040631",123.064114582087,113.34894969735,87.5060364034212,108.040190275679,96.7870730303904,192.089511926735,117.372998615592,139.753015895243,114.268286874482,116.30287698268,148.610914132437
"ENSMUSG00000040632",0,0,0,0,0,0,0,0,0,0,0
"ENSMUSG00000040640",7.84081171638721,14.5876459753071,5.02783813062781,14.4902017063018,12.2481560812919,10.8476086921932,2.85273944210026,16.193112449935,4.54103388790616,11.0341149321183,18.8501571994188
"ENSMUSG00000040648",248.081502982119,227.605607121159,200.500435850901,229.053453153186,264.301741026965,157.838118939638,431.405150843001,182.000108927133,322.003763319084,237.269332383158,222.419779955234
"ENSMUSG00000040649",0,0,0,0.859391509625812,1.3366193925799,0,2.63973137722578,0.604431948996421,0,0,1.44918907321884
"ENSMUSG00000040650",0,0,0,0,0,0,0,0,0,0,0
"ENSMUSG00000040651",255.873548771127,263.612025302146,236.007505899044,258.679825308527,285.291350738265,237.561295855333,301.470524973971,285.282229230085,349.282236152729,310.720956821123,239.384865723968
"ENSMUSG00000040652",333.059151360152,305.271890947307,324.880282767505,290.403662587638,396.005878569684,325.751036059545,310.643408198532,325.039934814052,321.112977845528,313.563902600932,275.237482656751
"ENSMUSG00000040653",22.3421620971231,14.7842618142955,15.0771982365259,9.85010164542979,7.49270723509218,5.11623144637083,11.4043509225666,15.4527879206097,9.20330134795853,9.5834412765097,8.08947788350408
"ENSMUSG00000040658",7.30771576424139,5.34100179196416,9.72258766205778,5.51039732584741,0,7.7070010135765,6.27862255571484,4.87223080320641,9.3082239054452,4.83740616113938,16.3374738282045
"ENSMUSG00000040659",499.430389445515,431.97245179757,552.141286145348,744.300541321177,498.788450172754,500.737766492119,451.386525480723,580.742852437502,523.970812186328,754.041585650765,782.143639612567
"ENSMUSG00000040660",0,0,0,0,0,0,0,0,0,0,0
"ENSMUSG00000040661",217.853684699189,206.900486249161,177.572496188379,194.880045271948,205.795220830948,212.924728691107,174.374619963444,220.426789307045,226.526556033474,218.758933364993,210.307483198936
"ENSMUSG00000040663",21.650041825668,71.5616159281281,13.2632359446901,15.3483605111743,14.0014542946677,30.5968261306384,7.22963861268049,11.7066459486613,13.0742012042724,25.7793028814018,21.9881180202487
"ENSMUSG00000040666",166.102829467348,41.0490369855033,86.9346992198807,47.5067216089791,51.5538743572767,41.412710748163,49.2268082937964,49.3611991285452,74.646545213187,59.7957352370717,36.3785823880577
"ENSMUSG00000040667",758.965182028132,837.293215049242,862.385453581464,685.658340729238,751.236435958736,720.912962378001,854.336937133596,826.468042226314,777.780310805027,755.303402445751,833.879639490737
"ENSMUSG00000040669",195.869295389125,370.343351455208,555.856140115379,269.147138776824,197.480580233723,389.580807322103,185.655632387354,213.831828983925,189.343879466141,218.218580049372,535.040738772288
"ENSMUSG00000040675",36.4643182309749,84.9585762856651,11.5220398739923,36.0129538117444,23.1730777641596,70.7139720483893,12.2516213023663,14.9152489565807,34.1192343557254,30.9419506168135,21.7302508624144
"ENSMUSG00000040680",13.0213161025742,21.5771394274907,13.3256471430047,16.312563117022,6.39960960338606,35.7227925591474,12.3087417484124,26.6013533110624,18.869148779366,9.41522991604225,14.8982403973654
"ENSMUSG00000040681",290.745163898566,259.393080182899,271.600124540926,221.250506526351,318.948282326784,214.279053081035,239.957177194331,224.002279550203,206.606095660776,276.273902985042,268.499205110392
"ENSMUSG00000040687",986.127730897644,1010.04902112696,1019.02804104359,1000.25104863242,919.973225796488,1090.19095925496,943.395818077035,1178.4285263452,1001.49198519874,1095.3837503762,898.378774107311
"ENSMUSG00000040688",536.589540959963,589.487369170624,525.890310265399,515.340943358255,494.234793890807,606.218227137024,663.454966957877,512.474021412303,573.079659741948,482.476181871964,772.878679065756
"ENSMUSG00000040690",515.535668864538,476.799047750538,291.113214713137,385.580911262238,559.033214586774,83.946790963775,535.636665100464,341.924388737799,261.253903925779,119.958903715433,367.297785072396
"ENSMUSG00000040693",32.9675555843116,46.1079121472911,83.1046491919556,54.5630354812192,115.48683094471,37.0601789715042,56.3188138133536,95.0228317199585,86.7567759525119,121.051671667606,55.41161348727
"ENSMUSG00000040694",59.9634794629736,1.06823779722612,0,16.4538984809229,143.377002106287,0,1.03269245314466,0,0.932394209775868,15.2777193003067,3.44134214244572
"ENSMUSG00000040697",250.248591677321,206.37131718996,254.782346301592,264.635483719518,255.869890364019,254.500880928987,230.898486957413,311.176062103134,282.559538970948,290.142116491098,340.730943659573
"ENSMUSG00000040699",282.6790971781,363.705981613121,278.477011180963,279.166151631965,246.177928812812,313.726897788906,261.237548293016,244.987687640967,287.598044764617,367.482898050721,204.868745141884
"ENSMUSG00000040701",350.358323078261,433.774521564983,356.833578441284,310.904470484823,294.072811819499,625.16647840873,291.947181916402,395.512086618664,333.186784083239,358.135282346051,289.971147608725
"ENSMUSG00000040703",9.96334736539331,10.4075132967038,12.776606433675,6.04878178559469,10.2036944671334,14.3043210921611,13.6894440808094,11.3115265618709,9.94226096525083,10.8321742858125,19.7330058553174
"ENSMUSG00000040706",1.37695792585109,1.08236884787718,0.886697825609051,0,1.06560724725321,0,0,0.981695116607001,0,0,0
"ENSMUSG00000040710",14.9190926576635,20.6574069717074,5.60204807371885,12.0265517101294,9.5554750966627,9.21406496798287,12.9996581247807,11.4830718256152,10.9112219964428,14.0189627105542,22.8131665721759
"ENSMUSG00000040711",140.47191647631,109.419951989569,113.590473877209,101.162959599682,302.760248382119,86.2234445706105,152.467162773619,191.001956395207,102.908288008216,173.056252847872,119.701948325083
"ENSMUSG00000040712",489.442337556298,510.175312842669,538.146670977047,499.797676215236,572.055808791187,546.613726611732,456.281209777114,571.986308681555,567.902721163833,506.181521907773,573.124071350605
"ENSMUSG00000040713",341.235943014544,352.304375100777,297.150791472046,346.675840717847,346.554323368162,337.008392627893,328.919666236407,351.888496401096,327.303992214513,293.78464912605,269.015797142185
"ENSMUSG00000040714",786.693084475716,687.108435804932,977.224801396991,832.599701526271,989.30371417933,787.61183769966,954.639136114425,1089.95748252818,1023.97968432249,1175.54902897922,1136.13944216881
"ENSMUSG00000040715",819.418817709926,728.262591685661,818.667296594381,859.069613569098,1181.6708099456,654.855053135752,860.867068292378,826.824331398164,812.121427604686,938.9791519851,812.39387258117
"ENSMUSG00000040717",10.230752921721,4.42868312743366,6.56080162672407,2.50354224489969,7.8082443449152,2.95235273724658,5.45705324176059,5.67939622949879,4.6724300931737,7.31739978793011,9.16969223195617
"ENSMUSG00000040720",913.450743350974,839.672918490954,921.823471680134,860.845792232737,807.378884871226,801.152795278048,938.488822306025,855.110572499975,939.536933026219,834.20033613124,903.354570157571
"ENSMUSG00000040721",228.460661448471,249.488456655609,167.431172439192,168.075811009164,197.89924707521,251.568848472145,166.509270937438,191.094193135928,221.151259160804,200.414190517364,183.761175675391
"ENSMUSG00000040722",14.6004354743276,16.6719457583463,16.6558685369233,171.146520811606,17.1641612025846,52.0465803803792,17.5923886097486,14.7790453671417,21.7853713496015,86.5051942174123,12.184916071938
"ENSMUSG00000040723",106.523223634916,244.272280373127,60.5615735547617,67.3576791120469,88.4629604440594,170.147563044621,62.5083486138799,68.4879449505977,70.8408233585225,97.2012870765302,72.2726685705664
"ENSMUSG00000040724",1.39033922322032,3.20357553090163,0.886377615113837,0,0,0,0,0,0,1.87655284806868,2.29220432753244
"ENSMUSG00000040725",1886.53448280637,1787.60883056669,1768.04459290546,1867.14182802211,1983.0854789094,1848.47127834176,1729.47609753815,1886.4403953957,1773.16834931624,2039.44246175067,1995.42099231554
"ENSMUSG00000040726",0,1.06101189578805,0,0,0,0,1.04343183331599,0,0.929564952148332,0,1.16155406274711
"ENSMUSG00000040728",1920.9050887037,1678.68824405653,2031.90609324451,2222.76937034204,2373.4363327971,1679.79943949158,1970.12730562683,2239.59293810553,2094.35914570648,2106.43964511584,2031.56011794937
"ENSMUSG00000040729",30.3867182410079,13.1105874791707,36.7557454674874,21.7567958804625,35.4627557442957,24.5364050796754,22.3085157355839,13.9862510719,23.4343760191576,22.0284566218694,19.7185545265872
"ENSMUSG00000040731",1238.17408141458,1147.84337124122,1215.28475507315,1319.4609100248,1392.54091535498,1300.06358633541,1218.79969524921,1257.81676894811,1170.10297040196,1202.09145809097,1439.82840686372
"ENSMUSG00000040732",79.5586950173388,83.7290600408582,85.4405203184787,92.1367337946447,82.3372584011687,69.5618600561057,67.3507682139078,102.024801222911,120.352200062409,75.1858723359058,78.2584164361703
"ENSMUSG00000040734",386.422053911162,354.47913508647,513.064950665957,546.298032893682,419.207648907365,407.714119209205,507.394034169163,554.544389674922,308.581858504683,517.744415736197,530.631047537435
"ENSMUSG00000040738",480.686647555239,459.689438540498,482.456447934799,471.353575140332,467.05328096045,456.167261373533,490.412670356985,581.87407321775,505.494915972361,469.918756620178,470.056463249884
"ENSMUSG00000040740",4.08559968911518,1.07347042821437,5.32392707560797,9.81576857498534,6.42519834438528,3.82125294341114,7.20009684035503,1.96544239845948,4.70210021831937,3.78895658777803,2.30197574384698
"ENSMUSG00000040746",1238.07565672434,1431.02443711229,1831.17734668284,1404.20871876722,1597.85296622924,1470.33254563579,1642.67163735266,1239.23015653721,1603.37589855536,1778.28312199838,1783.13629579675
"ENSMUSG00000040747",75.5114567986099,163.209172711309,41.4527661956733,32.4242020963027,40.7840048941993,136.056384349936,27.4382204425325,39.2390191173048,49.6662390078675,68.5969860285234,32.8069246168619
"ENSMUSG00000040749",29.4015571493041,7.46944580364873,26.7772221390717,7.14697195511189,7.83430540007391,36.294966818767,61.9810750211309,33.3283252524652,38.0668846134701,36.526259976793,7.45570534025677
"ENSMUSG00000040751",38.0122024031937,84.8815898224319,38.2093528051732,42.3307249979186,37.9984512175171,81.7743935337168,26.3433287407353,52.4798941758271,25.0538129644623,40.0284799866296,37.263297708468
"ENSMUSG00000040752",5.51380938708357,0,0,2.17272867887986,0,2.57407001517284,0,0,0,0,0
"ENSMUSG00000040759",1.22403729477239,2.97870061244203,1.62973858744834,1.02783445206543,1.00369773524877,0,0.975061372697192,7.1253651074478,0.859183248211955,4.48626122938757,0
"ENSMUSG00000040760",252.522324787006,220.174868218073,282.225199144705,237.304200888893,265.812414849851,182.50732904746,253.46562415086,196.412701560872,248.048822255217,268.462262838382,229.435571141406
"ENSMUSG00000040761",1118.57891028087,1116.98264619482,1079.60257952973,1210.00832918597,1234.8967789017,1122.01716439389,1017.05489457958,1442.58528306739,1058.14547348317,1104.19799135921,1340.0365617554
"ENSMUSG00000040767",84.8128940795038,101.854273555853,99.6035089269139,86.048502345599,74.9838205054056,102.329784084195,104.81911168948,90.691481735931,81.6596309126148,75.6469217868783,73.1758899774257
"ENSMUSG00000040770",0.662197413336686,0,0,1.09673981242738,1.08701211345858,2.53393411669382,1.03734751758769,0,0,0,0
"ENSMUSG00000040771",151.605539066756,162.160840106539,174.560329633681,154.5597181776,138.13515413887,121.684131674546,184.059242423018,142.071878778052,179.780884616724,132.863363314435,157.186460559569
"ENSMUSG00000040774",706.699099181956,859.630187093939,975.245034876027,835.105780247091,900.832368172031,789.097324999795,576.814662313348,1116.84217601248,803.529827701591,732.348769852292,824.933407676969
"ENSMUSG00000040782",1198.11870200742,1288.66612058379,1299.88228748146,1256.54108030323,1264.98510772706,1324.08829324215,1231.51851143537,1411.91722617494,1328.95784512549,1243.50241486667,1170.55092210965
"ENSMUSG00000040785",600.978258088905,457.50668980528,337.689444423914,417.862245571764,488.979072558508,207.024180811709,410.849241899355,278.458840372651,422.869969662977,295.951789761401,491.554077883924
"ENSMUSG00000040794",18.9236523840667,14.1693618757555,13.113607519513,10.8804184716813,18.0644430908825,23.4046107820855,27.5451993492183,22.6070551466293,13.2525364276484,18.8814047066901,17.2895107439363
"ENSMUSG00000040795",104.821879020302,105.357336111298,92.3966647716964,98.218437159445,109.835627503817,53.2567602089484,74.4476836589461,104.889631635637,82.9312590609151,48.6500168490757,170.225134560094
"ENSMUSG00000040797",4.11186313253942,6.50213311012025,0.885950123754959,0,6.33017538281764,2.57238183824211,1.02305041520699,1.98209074657052,1.89555212040229,2.81395614869538,0
"ENSMUSG00000040808",0,0,0,0,0,0,0,0.96747324923478,0,0,4.68032631956304
"ENSMUSG00000040809",4.74000041175198,5.37317099656998,1.76337226321441,1.09862889735293,5.28141322090075,6.3858742472442,1.03983235109451,2.93247848135629,0,3.82084374458337,6.8643166598257
"ENSMUSG00000040811",331.558121800491,339.96891955693,245.114602959027,361.230747383174,269.438101845092,337.950002679224,275.008451371808,421.296205968386,313.560616189773,370.011976987278,326.471168890428
"ENSMUSG00000040812",1.94819562033489,0,3.21846322579962,0,1.13884006164187,1.37512066984461,1.10452840321994,2.59627939691196,1.0167760418116,0,0
"ENSMUSG00000040813",645.005169409909,769.350316656584,822.203267312322,992.330225504492,765.716581913513,769.215833084235,738.896688280365,809.557658111653,839.397059588938,821.051406578751,764.855684419768
"ENSMUSG00000040818",407.734267442777,487.904997979517,550.55645982967,684.257326734855,502.237901820187,417.175762910081,585.437273500073,619.604324506043,473.313226876413,605.749425530587,428.989181234754
"ENSMUSG00000040820",85.7968808637739,127.519078269573,117.973470831375,103.363320436614,100.767203096021,153.028752816849,116.519529659315,110.974366323133,275.856504781905,117.150116204639,69.3286394973869
"ENSMUSG00000040822",174.011866288279,221.907171719787,212.852125235504,213.270337063743,150.05418681963,238.187330041283,212.570228660143,231.410289660441,197.634427227094,191.402506963713,223.748320199779
"ENSMUSG00000040824",432.559485695701,521.869807697522,456.192339238771,394.054744317667,432.988366946872,474.959176531432,439.588905398331,464.392684784097,359.719117261758,343.19125894987,418.280123041503
"ENSMUSG00000040828",3.33351190305931,7.16790544522532,6.08819118487401,7.43641117690918,4.25165287760004,6.80752007835315,8.13155894441022,3.68365055918559,8.55546285056718,5.34033414038178,10.1433735137403
"ENSMUSG00000040829",147.928299689209,95.9764893720807,229.883809770033,94.1362015824692,231.755482166311,201.802987290575,156.043521081712,141.606893612076,207.505921027797,109.517772930966,116.81799663785
"ENSMUSG00000040836",7.59291392909759,2.17057769422082,6.21435865948144,2.18915117378434,7.13515827768065,6.49242656959066,6.17513874743265,2.96499351059623,5.67650968400488,3.77127966891172,4.57567711292838
"ENSMUSG00000040838",16.9952255532805,23.3204892337801,16.0567143154958,14.2640111683098,7.2423787822373,18.0425906980369,10.3858186658495,11.7370457485547,13.9425112961455,8.51049302797713,6.82070349440168
"ENSMUSG00000040841",199.981055956859,215.819411384265,159.780912798809,203.891707786861,172.679079144545,231.416279803298,187.925727774328,257.476968727806,170.407545010885,202.119319982399,160.407215815448
"ENSMUSG00000040842",271.06949455398,269.51445678994,256.717215992188,266.035638212895,266.505543744424,264.321555067669,256.08339452665,193.613850868726,213.587998082423,216.68826095444,297.900788200631
"ENSMUSG00000040843",190.41958776645,177.786379653773,167.228316400807,169.207061995175,196.849444653566,150.743683273141,231.229366139834,174.085902514054,181.734822642414,201.395899103741,165.478900748257
"ENSMUSG00000040848",185.133024114633,118.683429429391,159.673551071554,187.265817598373,183.177725522947,168.253987645371,196.527734182174,178.564666597928,156.084069173955,193.086797272203,169.213256227635
"ENSMUSG00000040850",3540.264514593,2817.94477926683,3224.70496781774,3753.20135739791,3493.11155469099,2351.05712847396,3774.4366836032,3700.93425649761,3866.64236314565,2817.368570451,3334.91364316418
"ENSMUSG00000040852",71.2347497548121,24.8067047934071,36.3962856582003,38.1465002042053,54.7477113860394,32.0292174843359,56.2632053490091,24.7998837580909,53.8768165051442,30.9430207373346,39.9756983016201
"ENSMUSG00000040855",44.1895739331331,19.3437264168169,43.4551475115104,29.4506708069317,28.480077474965,6.40187835489923,24.5352048904191,9.91943807243507,34.9818578958744,16.9150485692769,26.3342867058049
"ENSMUSG00000040856",3.01101956202229,22.8375463251744,3.02779651335739,0,3.63666722527933,0,0,1.34435227368876,1.28672013981871,10.1056905998877,0
"ENSMUSG00000040857",267.355401559053,370.767394543447,652.4907446301,305.308857290111,426.414586041126,263.758335285027,367.367931566927,343.589781538643,311.314015149267,532.245179570674,312.035651689676
"ENSMUSG00000040859",1412.81024131203,1572.44397161161,1928.19201518986,1774.88376996712,1972.28713992252,1710.97253416213,1731.46476361048,1867.30261253274,1382.37206856719,1957.39342767119,1130.20004867818
"ENSMUSG00000040860",234.356094976254,296.958123762728,312.134076565548,395.244647667191,221.0637260272,422.351673823036,271.110520067738,373.049293833903,317.349930429651,330.960598524957,351.06332231964
"ENSMUSG00000040865",56.3903328084257,37.9515183937094,70.0186536525151,74.4470366163886,37.0708755003576,20.1479113937558,74.3438871333028,23.1638099790781,78.4272649740507,40.1878180186334,33.3737636418544
"ENSMUSG00000040866",0,0,0,0,0,0,0,0,0,0,0
"ENSMUSG00000040867",58.7355762059859,7.68772294879826,24.0261911119826,19.9557686253539,18.6136984297924,10.6826079477296,15.2525226167859,21.0516781191618,10.4267331272824,22.2758214565883,16.0571805864082
"ENSMUSG00000040875",469.786448827158,452.495230908444,566.433331452414,488.282737865032,449.827981245267,423.487425506497,578.503576715302,459.847866610198,453.837676174138,513.234968471517,498.391616135923
"ENSMUSG00000040877",26.5766239466501,43.3938115042184,40.180919984665,14.1267381956529,25.653017253792,26.1596553974278,56.8095049788686,29.0772918095798,55.673673286148,39.5131676629397,30.2238925815692
"ENSMUSG00000040883",449.60982485728,487.796232883873,528.621596840896,572.378463790251,531.757368180856,579.536203888137,568.630383157261,483.969742566496,522.177328805045,497.482068704195,467.151535900595
"ENSMUSG00000040888",197.131446579075,154.107808564031,253.172605169086,329.957664362339,245.4757973234,321.643254947552,209.861962411737,234.798797016142,198.963890575829,267.772544213018,251.27889877139
"ENSMUSG00000040891",0,1.07794691340668,1.77264393771194,0,0,2.56516651847244,0,0,0,0,2.29157621596958
"ENSMUSG00000040896",0,0,0,1.09970229538256,1.06485505338919,0,2.00359656518704,0,0,0,0
"ENSMUSG00000040899",9.62297227429875,47.0473547204806,0,8.75065181603535,0,26.874510123031,0,9.90662441947091,1.88521174400544,14.1892864898541,2.29996492124281
"ENSMUSG00000040901",0,0,0,0,0,0,0,0,0,0,0
"ENSMUSG00000040907",147.977979462746,91.6984094652074,52.7749738583802,43.2473773200623,214.658845151529,110.278878904407,146.373179499352,87.1969679519241,93.8707904642415,123.60410581093,28.7375700228349
"ENSMUSG00000040913",174.022484539864,180.089629452103,169.638245689234,391.477813829645,193.656446610705,443.196739807185,276.831750819616,438.158932901387,311.628502354042,333.485354013805,306.127988857404
"ENSMUSG00000040918",62.8022638744447,59.2009558061778,101.98850196893,82.3993816944449,95.3803378225605,53.6236114115656,90.3354782772091,84.3279529468165,74.7077539000271,123.818170993888,84.6903844980543
"ENSMUSG00000040919",0,0,0,0,1.06214831486416,0,1.03218196537257,0.986923219467363,0.935502647006058,0.929027180730793,1.14903064780248
"ENSMUSG00000040928",102.279772454804,97.7707392767118,122.36349134418,124.522081489061,120.082129226367,89.1126968543568,112.621721449389,101.526637118739,114.13053190392,120.48608037632,93.5808759554611
"ENSMUSG00000040929",26.5650626912068,30.9620625928816,39.1340112560225,127.492456547513,27.6023793263416,15.4765362176451,36.2356352333215,100.050719440799,58.6155579781177,27.7204636797758,72.2573776553195
"ENSMUSG00000040935",0,1.07596218731527,0,1.09431711675945,0,0,0,0,0,0,0
"ENSMUSG00000040936",5.5779374163568,4.15516409697327,5.28397745961813,1.04970497790846,1.01546734477534,2.775782361524,2.70590775004147,0,17.0456491279596,2.48059560570576,3.77907211721258
"ENSMUSG00000040938",5.40070725665648,44.5562131595071,59.8840889139699,8.1389190963347,26.751734039743,4.20130226174699,7.41906351656556,3.8940280857188,83.055543033208,20.7341263281941,51.4952324373582
"ENSMUSG00000040940",1617.96107586311,3088.3009615446,1473.61084448644,1621.3632188767,1719.19542895104,2520.16453778023,1667.89057329907,1804.33221186924,1665.83042300939,2166.74939447066,1696.38207439305
"ENSMUSG00000040943",169.392676479965,162.760045433028,174.09274167173,136.479827081455,157.163263626376,84.0211658820008,179.936329291595,116.777172556911,220.455004922297,148.660419473442,108.525674390868
"ENSMUSG00000040945",1107.41129237559,1268.853183136,1304.55798785117,1418.62265987414,1218.73500108019,1456.88768540065,1431.50107712564,1335.37511605042,1252.29896237379,1287.05524724913,1481.02917583924
"ENSMUSG00000040950",49.8450812245465,46.3272042193955,43.8758512817751,48.2853390840471,77.7067318710445,62.2104311167981,42.6432938607663,51.6258847063829,60.5692264330383,55.8924153835865,21.4330886325755
"ENSMUSG00000040952",4548.95687451011,6018.0795405741,4988.95067355454,5137.02679010419,4908.70787467411,5908.75898860112,4809.79409365778,4839.89884785488,4485.67860671824,4363.75388033127,4857.70278860656
"ENSMUSG00000040957",137.875848710961,114.111545115767,151.404939043131,205.834233308665,211.866950654429,122.955816342043,175.701885674557,177.373675432799,166.151049003775,205.897547443361,72.3159642482101
"ENSMUSG00000040963",5.67497905914934,10.4211506506175,4.6844922826839,2.92668046037879,3.74995368874957,10.1398817886248,2.73512865200789,2.63068905432475,5.0143777949557,1.68566047031935,0
"ENSMUSG00000040964",1726.1413373661,1174.92066610981,1448.66618465849,1606.04145907323,1385.73676049232,1077.848333628,1068.06209816808,1382.5981745952,1576.23705402036,1093.39926511978,1858.52051659186
"ENSMUSG00000040966",0,0,0,0,0,0,0,0.992935028383712,0.946449737367101,0,0
"ENSMUSG00000040969",61.3088363160867,125.014711308216,127.101082943917,200.224775741664,92.4476559929643,57.6469997034235,167.983201373017,69.4079817133993,114.070815405289,86.9214780875498,93.2422611469057
"ENSMUSG00000040972",2.75270482800313,0,3.55306975852051,2.17600438023654,1.06686181014842,0,1.02516794851374,8.84564029908154,0.941971788453523,2.81969583635013,0
"ENSMUSG00000040978",0.684484045421326,0,0,0,0,0,1.02359331679058,0,0,0,1.15053712359146
"ENSMUSG00000040985",0,0,0,0,0,0,0,0,0,0,0
"ENSMUSG00000040987",2.12642685981525,0.875939255244241,89.0407787151617,5.38422101211819,12.8960672028908,10.5188977776137,7.5634105824724,3.84699960408086,6.77805232944483,5.43812558058655,3.77084814714208
"ENSMUSG00000040990",174.183311629107,317.389762669655,174.849406634054,111.600972142955,189.356451744063,251.797943921503,177.737604906984,168.966869253541,160.812902454413,187.645114155733,145.850718787175
"ENSMUSG00000040997",625.686948789116,483.798313600405,847.768906416339,835.971873802214,1313.49592434453,674.708504349536,593.764996274391,725.780773138697,749.53350420217,968.008333012483,526.401556630215
"ENSMUSG00000040998",267.652940735504,200.50474221707,225.222476773106,212.628223141711,254.645579952664,319.343272722378,150.666510202348,343.383930180468,285.081562125972,266.704516521859,437.836922325478
"ENSMUSG00000041000",138.559725099839,148.858506071736,149.867087824282,140.367421188354,99.026320958276,127.606184383509,134.229676121814,267.151445169559,128.769994947259,219.571260201378,170.376241280567
"ENSMUSG00000041009",2.02635137374151,2.12868909179046,0,0,0,1.28759385344396,2.07945679790557,1.9747598201711,0.937561224243947,0.967073514130241,0
"ENSMUSG00000041012",283.466125122342,380.383293886176,347.266155074778,521.406551152666,290.462572496972,393.494510685135,457.830455536967,498.575704921515,460.790052429725,441.260548544255,315.672912032169
"ENSMUSG00000041014",0,0,0,0,0,0,0,0,0,0,0
"ENSMUSG00000041020",1.02684622455559,1.61588382147191,0,1.95837345009138,0,0,0,0,0,0,0
"ENSMUSG00000041025",177.007466654884,126.468084307348,195.216185618443,132.272268771578,144.352997812331,136.199379787167,129.822208324252,181.689633500915,163.96972692012,191.423975909856,184.616282740122
"ENSMUSG00000041028",1991.70355413445,1856.52821888494,1903.6807159454,1849.18493742312,1986.5491591685,1757.18489576632,2000.93976964545,1909.71166558954,1811.66457178213,1769.2038087502,1789.00427464295
"ENSMUSG00000041035",458.438618832553,420.829687766595,454.251516526954,417.418256781512,394.186277174221,397.627460185814,435.103844610722,384.998801524492,367.069009617649,377.057107079325,366.154893649866
"ENSMUSG00000041037",224.977734721493,226.607399915561,316.430057253607,459.538961613259,288.485594776727,220.935525292252,283.598334908238,309.550421069322,239.122176307322,354.709591364538,286.310170132527
"ENSMUSG00000041040",95.5886277966577,81.0299750525109,122.535619731853,122.580661291806,150.458553213836,73.4467758049212,110.252938308654,130.122878221658,121.011431371128,144.137754222681,95.2846878503084
"ENSMUSG00000041044",0,0,0,0,0,0,0,0,0,0,0
"ENSMUSG00000041046",1.31942892137009,10.7181262794982,1.75892547716691,4.42774088997967,0,3.91239714754318,2.1022908059827,3.8748006239699,0.925464367585175,3.85624264522471,3.50012840249693
"ENSMUSG00000041052",0,2.16128346973044,0,0,0,0,0,0,0,0,0
"ENSMUSG00000041057",449.468660853041,432.732868432533,353.029386623067,402.292525790056,359.327662326137,442.621177758755,402.222573051448,358.412507065783,492.11121447411,383.037841160908,561.272277023213
"ENSMUSG00000041058",436.378799287574,361.228110400004,365.048399602123,374.655246466168,414.03250809822,290.666841450144,366.804836832643,354.522462939371,440.1629482957,336.067830940593,356.282038895189
"ENSMUSG00000041062",0,3.24975073319824,1.77590018200946,2.17636324388363,1.06262008581786,1.28463593505075,1.02441548776108,1.96685320583042,0.942909916818064,0,0
"ENSMUSG00000041064",0.808357766509492,3.18176124272091,0.520865976407719,7.80485608836408,1.24561851035729,5.15710645836915,0,6.86418236286557,1.66536952255871,0,0
"ENSMUSG00000041068",0,0,0,0,0,0,0,0,0,0,0
"ENSMUSG00000041073",26.8221081337222,22.4607525887108,14.198281166755,31.6394312669426,24.9019648675606,16.9107273171444,14.4276970317791,24.1338231921885,8.89555101141504,15.823671487165,18.2064745848127
"ENSMUSG00000041075",187.342595890933,143.785296342562,192.792602684385,128.241997847604,189.587434797715,144.448762396432,171.173254144116,177.121540788872,150.880323335638,146.489062204769,156.702070679929
"ENSMUSG00000041078",0,0,0,0,0,0,0,0,0,0,0
"ENSMUSG00000041079",65.4933448478349,70.3616188463638,65.5187712418027,48.1128462685486,31.8192591684174,64.814257224107,57.5123295517244,35.5480050181325,52.5257966226211,57.0306116685366,53.0461336791753
"ENSMUSG00000041084",415.151777532506,520.885063284401,347.902331079261,437.517251203445,409.763707533466,443.472355282428,482.481129800107,461.919011902731,385.229618468707,325.975832810245,329.983406243536
"ENSMUSG00000041096",383.000314150956,478.16658377881,388.643626566858,232.55800203751,379.246427024413,491.61995375534,356.954547757223,330.394344561983,271.721098320663,301.096561054982,295.097932583992
"ENSMUSG00000041112",141.36220708823,172.023021409514,157.129499290809,187.551732399072,160.682318717829,156.486404308418,149.856675413892,207.619284133424,157.992462378459,152.656873078244,130.695896171314
"ENSMUSG00000041115",270.809660363842,202.36882443201,326.564344339589,289.117790279624,262.899703764471,270.263089774827,276.091733771459,316.789511421698,288.604526163926,310.635811339628,282.837741602352
"ENSMUSG00000041117",19.411108582182,39.0261696169762,20.4189131053435,24.9972291526466,27.6156116819329,17.9759082385468,37.8982244643296,10.8000206625798,27.3138876465615,14.042988455304,25.0877179474491
"ENSMUSG00000041119",47.0296855984005,18.6896045098902,19.2761554149179,15.8966615454662,64.9082740166273,36.9619946045136,46.5379516106133,72.5579683854358,123.142340193977,101.169127781259,185.809026063075
"ENSMUSG00000041120",20.6509560986443,19.1741506251804,27.3317412793885,29.6782147338554,32.4957282502147,24.299986553317,11.4520148094867,16.4995153458519,25.984607568261,23.1013579766026,34.887207368233
"ENSMUSG00000041124",222.795330151952,200.12128283356,198.861129619305,168.725632821111,195.967959053392,179.430817957225,185.137552915656,148.022488934086,189.743395191884,157.520587116464,214.975214502824
"ENSMUSG00000041126",114.322385983611,154.647591045607,131.898031743719,122.280602600118,136.716838059663,104.719486196857,144.074592842036,131.502381370498,132.985855023981,138.597165094492,112.25489477451
"ENSMUSG00000041130",1819.72021825254,1637.45844353638,1722.04670594069,1987.33742176443,1778.64873799005,2264.08156627403,1647.26195934175,2091.32973713669,1784.98131147576,1900.86283021005,2265.68112419029
"ENSMUSG00000041132",38.0486055276337,85.2733461948469,113.981489905468,112.193212378018,153.943135146186,54.2713000729723,61.1555512782856,128.946392351039,124.011087665744,179.455015543241,94.2410932344189
"ENSMUSG00000041133",1786.4572013428,1577.34390351273,1806.69150266128,1754.26537168691,1715.58159745151,1640.40791171478,1751.47536545491,1654.92807965809,1710.74452096026,1619.95887121828,1736.2627283031
"ENSMUSG00000041134",14.9232062846464,1.85071841629188,16.8191777938328,25.1652935898861,33.7400120318678,7.50406345157036,27.6298440779038,35.8178764037027,21.9609451637332,15.531569965542,28.1821866631801
"ENSMUSG00000041135",38.0812400382076,37.0501021037873,34.6158313836434,15.3736034337436,40.7890926634928,44.9728052267448,23.8295961019013,25.5300499577868,17.7305027153301,38.9423471094437,36.5615319488731
"ENSMUSG00000041138",0,0,0,0,0,0,0,0,0,0,0
"ENSMUSG00000041141",0.684953373131264,0,0,4.39003832043844,0,0,0,0,0,0,0
"ENSMUSG00000041143",219.076742156572,423.635289791936,96.1589485027733,91.5018965320978,223.398631011223,164.46325300653,265.359827328184,333.315509965091,227.873462711743,577.820016408141,398.832448871564
"ENSMUSG00000041144",3.41650614926181,6.55988301239852,4.44244619473389,6.57792998003755,5.2277966467992,0,2.07591268983122,0.98226450104205,0.934199330670877,0.946530864633275,1.13727093806029
"ENSMUSG00000041147",13.0784636352289,26.4747328231987,19.7198781088187,16.3668688045436,29.2704135581049,31.9691798806016,27.637464406646,10.7849898888204,39.2452133903723,24.3216858565058,20.6686261958805
"ENSMUSG00000041153",69.0403660783675,52.3103934400243,66.5660179460242,40.9538508339606,80.1573268820922,52.838377168713,62.4955515038506,73.5333328589812,60.7018430682841,68.5151570465588,49.8823444792131
"ENSMUSG00000041161",357.223135793515,370.59667105638,390.475300781111,495.609085177774,373.806174312889,424.22125017297,417.015879285517,436.783811470225,392.188707405791,401.119263178997,529.736570853207
"ENSMUSG00000041164",916.414349681835,959.507481133063,844.15560034434,761.47962157968,854.835969063326,1006.36927843817,825.939061559674,887.047038083907,826.614127592524,928.041488528157,1017.66371118079
"ENSMUSG00000041165",1.36100066564085,2.14955785265198,0,0,0,3.88954720149427,3.0928183720388,0,0.94189584778268,0,2.29636721234312
"ENSMUSG00000041168",2107.65241495417,2247.44951109037,2224.92910793362,2367.77305916954,2201.88209449327,2426.74183174984,2484.59056493795,2396.10777903831,2102.70757506135,2337.57426336197,2345.4901556457
"ENSMUSG00000041180",2.50320474503143,14.9816640814328,4.1046013826674,3.03497936597334,2.8761408559315,2.37236584038621,3.8225534766218,4.50432391653144,6.84904829414234,3.48985630241571,3.16125151730487
"ENSMUSG00000041187",367.258911411,510.415108979601,326.565014129394,251.189528087627,336.760994181926,395.087454421503,294.669019126327,344.86378152562,323.901747132428,462.935790680669,239.288420680147
"ENSMUSG00000041189",29.3774934463532,23.5947318471381,14.1497991888996,12.0382307587004,28.4683776467303,24.5012772258572,16.3624818561894,12.9120453460309,19.8807006728092,17.8912184420886,14.8898649871882
"ENSMUSG00000041193",0,3.1520414630405,0,0,0,1.27652481175769,0,0,0,0.94771748959347,2.32763684002839
"ENSMUSG00000041199",42.1680846037763,27.0848210733489,34.3733375790475,37.8618031042844,34.202894585283,52.3631586296338,33.5700068738304,45.4183036465988,56.8957885096666,43.8062472125334,37.9924308696489
"ENSMUSG00000041202",7.57293662008041,51.3521904619245,3.91033775714682,1.56498808161258,1.93129117221618,24.2010723657102,5.64789693533855,2.72607366978608,5.75106920581849,8.60357576837158,8.76807071396704
"ENSMUSG00000041203",964.462190276324,982.496610139434,1042.79949883536,1192.05342152336,982.418973162292,1143.91364913123,1247.01823172981,1045.33837452566,983.744903483942,1114.87363984094,1077.07889783435
"ENSMUSG00000041205",0,0,0,1.0895783501383,0,0,0,0,0,0,0
"ENSMUSG00000041215",429.355399928854,274.957089866256,267.138647034818,328.816764519469,299.682751029737,278.916935618034,289.10991201871,334.504638937485,299.905083677644,299.550487054378,330.067179368735
"ENSMUSG00000041216",11.7446643997768,13.9143943807235,12.4177306650558,19.6906821846921,9.54739414192512,7.63391939482226,18.5113087947336,21.7403443763143,12.2079533675636,14.2315328545222,0
"ENSMUSG00000041219",171.80599853431,184.08316649156,185.803773864232,165.765061607015,185.973185112108,176.219777590045,180.691089528025,173.650406167714,208.612987940306,161.041623805683,129.793568165546
"ENSMUSG00000041220",199.587570091592,128.260048761707,94.6275360534615,146.760329967464,178.00323442866,112.99561201063,206.100730562053,174.247058901557,112.157118316096,121.174148008999,126.865242538988
"ENSMUSG00000041225",404.440121840951,359.388744462734,415.475782054417,405.774902697504,468.571990284711,265.723515409787,430.032569930078,439.299853959406,442.509832211799,448.434774220839,321.700096748506
"ENSMUSG00000041229",287.672670722713,184.127693543125,226.632404698488,282.122312997347,272.731937529062,235.029169670326,238.355100849987,295.05218909845,317.685515350344,373.555610839601,278.20585719783
"ENSMUSG00000041231",252.200052241371,272.056910164958,269.157092824649,276.057105152459,219.984247241498,285.08775137987,258.317760212666,254.896683373789,343.594500371291,218.305917719615,382.464031934926
"ENSMUSG00000041235",1448.98801713264,1732.22755364292,1394.61675796813,2111.68448162329,1829.12408304096,1559.06771875741,1377.4720859834,1856.04140540019,1435.57526254408,1726.52648270948,1386.94095240448
"ENSMUSG00000041236",751.498333455197,823.475150169229,812.117109521937,885.102208053066,908.072385953977,776.325008084191,812.639514701724,833.629418704807,946.651581726625,748.950426050537,891.908530575205
"ENSMUSG00000041237",0,0,0,0,0,0,0,0,0,0,0
"ENSMUSG00000041238",239.032337005266,245.111412651206,248.45606283124,341.552526850128,216.156482566186,217.225792556167,390.985014660918,220.797756849373,218.007494631485,179.714275403942,178.934285212913
"ENSMUSG00000041241",305.080296767282,328.235361065583,304.083813498433,347.573611644702,303.648693962858,323.562572772211,266.476144796946,263.988235419337,318.532987053068,295.788991174442,351.275243321395
"ENSMUSG00000041245",0.677348774678185,0,0,0,0,0,1.04352080699322,0,0,0,0
"ENSMUSG00000041247",0,1.08064173486522,0,0,0,0,0,0,0,0,0
"ENSMUSG00000041248",0,0,0,0,0,0,0,0,0,0,0
"ENSMUSG00000041255",0,0,0,0,0,0,0,0,0,0,0
"ENSMUSG00000041258",233.542745972919,269.371146397999,212.271141756745,206.894139275327,228.692051008795,195.845871547752,239.275336934451,232.178664144272,268.539453902704,236.193979680106,208.924589770568
"ENSMUSG00000041261",6.11744643788242,3.20789388182158,0.882918598597431,4.39670345812335,4.23987885720732,6.39358444604679,11.3869394158612,7.86496515824729,5.60469439716555,2.86775725025173,4.60399581719592
"ENSMUSG00000041263",138.498458483173,161.740468017951,160.534775205787,156.541849967106,96.3867241768456,138.932767775921,126.971124401378,125.066305877659,167.649128440837,121.03344951686,134.45425156739
"ENSMUSG00000041264",472.920113627423,483.86918182828,408.111502496966,372.341280567582,479.664985355705,475.542769939566,408.235870367035,386.362840115488,385.927411118215,371.044380420932,438.181952410633
"ENSMUSG00000041268",276.352405682892,183.990470753993,290.734753361898,237.273342084911,246.331749248916,161.083821001987,304.702549612895,210.535290335012,343.461894844853,295.393788162383,253.170475223449
"ENSMUSG00000041272",11.6931827229303,23.707692834457,3.54150760278943,0,4.22438523515815,23.1889524538525,9.22016271756071,4.94295203624213,3.77599398795434,6.58507071027588,3.42867130842971
"ENSMUSG00000041278",311.689021060466,234.716218149305,273.30392453828,309.596222531553,278.009086469216,265.545820007695,261.078313853139,230.608142119669,297.842119281942,303.164429558659,326.755255759555
"ENSMUSG00000041287",0.676322375045659,1.06621382610802,0,0,2.15271674664801,1.26982743960134,1.02985877356643,0,0,0,4.62486367173648
"ENSMUSG00000041293",1220.02823836541,842.253450681187,1102.03080507859,968.500868462049,1199.45588626581,835.457569408556,925.915282025562,1405.24067709555,1159.60064522068,1397.90749735565,833.723221390193
"ENSMUSG00000041297",765.96697700475,719.909038469267,720.932559256824,744.134912105134,714.888367360203,710.138757130705,662.949313741927,819.63005097565,870.316305057624,792.546036925273,818.266202131202
"ENSMUSG00000041298",31.9896779143445,38.012266273331,35.4466869151825,24.4200878134427,32.4710390919888,68.0072220004385,39.0798442592836,35.966912678422,41.3494141560837,21.9333801278463,27.7358596501432
"ENSMUSG00000041301",0,1.09107815485852,0,0,0,0,0,0,0,0,1.12954573665296
"ENSMUSG00000041303",166.853921172002,128.858581341551,171.577208427403,142.34884397438,147.769195055388,134.449812322536,167.370513823695,193.218555527561,191.068247561156,183.582435576467,160.579807464828
"ENSMUSG00000041308",223.223413678193,142.106461505339,225.482965004064,190.546173195128,220.364996928716,97.7323597739981,215.048228289918,131.779801663293,152.64684837168,180.30708641679,151.826621442832
"ENSMUSG00000041309",0,0,0,0,0,0,0,0,0,0,0
"ENSMUSG00000041313",45.1319915674287,81.7495300804365,57.004103139564,156.269364999968,118.96348781769,45.4967257345507,110.41582828278,80.3702551536207,70.5150935232682,76.8163030697504,160.230127911272
"ENSMUSG00000041319",165.697467399355,185.300156307003,144.990493976481,134.401537910176,173.168962364241,202.361686414395,150.048631515083,150.178002623325,120.279083417673,137.902913669058,129.339119848053
"ENSMUSG00000041323",4.14915700885451,6.45179677542226,1.77492498160703,5.45208537287198,5.27605053840566,11.4963989846861,6.14360775189801,4.95529549920925,9.43413351581417,1.88063415872697,3.43584980550285
"ENSMUSG00000041324",0.677844305858125,2.14562328725182,2.6473613001357,2.19392286127256,4.2160756418746,1.29629655552151,1.02457605658108,0.992220786405747,0,0.94371420711016,3.4339778886439
"ENSMUSG00000041328",1017.60844155391,1128.99972071355,1172.97862100924,1134.67218201829,1226.46505446842,1207.72642148198,1404.55629738294,1934.86887495641,1222.32057449622,1161.76784466853,1478.50139972109
"ENSMUSG00000041329",40.229916153573,6.2131071216238,15.4663263262033,8.50579204165342,27.7808154197005,11.1596444111401,6.97807108843214,14.4071339405621,10.0435930196423,24.3125719358439,11.1916919435628
"ENSMUSG00000041333",1.33094809890665,1.06498140193675,0,0,1.06823820608449,1.29140926941829,1.04601460435267,0.978222055391527,0,0,1.16442921768777
"ENSMUSG00000041341",823.104026895871,835.311088130949,992.62297032538,1236.1732484759,898.233427865824,919.341386093685,963.676848213166,1017.23682966606,1034.87405053959,982.293187312927,987.997083545687
"ENSMUSG00000041343",55.8998464923194,25.525970503327,44.1617875743973,34.8394317052036,54.3153757651633,40.5483786039521,66.7343128520025,22.2515368705528,39.3492518016542,46.9205481988259,26.1436096387993
"ENSMUSG00000041346",109.640200055784,145.630827011664,113.436363923786,102.418228658756,159.753129651487,123.745896982181,141.242126769551,123.717866873801,120.131144429861,112.436956642888,105.960501659682
"ENSMUSG00000041347",0.582310611658713,1.28037709122184,0,0,0,0,0,0,0,0,0
"ENSMUSG00000041351",171.329753153953,125.984974642068,97.1636276708813,133.203017472097,85.7188992907411,56.7301228769245,104.042004379522,91.6146673067654,134.940645885227,83.6022608546286,157.561214306238
"ENSMUSG00000041353",108.750318237318,129.389470544072,101.615691450299,114.938268201279,128.564390420454,131.246470977147,125.064952166557,121.636292077501,102.096277099254,91.7956435985784,86.2623792828591
"ENSMUSG00000041354",1634.19908741089,2009.70136510549,2102.25976401245,2019.37098226344,1882.35367310394,2214.53934025718,1702.19453464744,2049.53780707573,1872.66418452009,2269.75562435431,1997.14002860072
"ENSMUSG00000041355",2033.41313758254,2794.31801794463,1988.62064941731,2598.07276738231,1984.70445388122,2697.80681281701,2687.60892287498,2719.66618058135,1936.69193467839,1969.28921937298,2334.41247941125
"ENSMUSG00000041358",0,0,0,0,0,0,0,0,0,0,0
"ENSMUSG00000041359",0,0,0,0,0,0,0,0,0,0,0
"ENSMUSG00000041360",476.090429168848,491.715701543639,408.549748979552,427.05520855852,408.101298261867,518.574872504934,442.224433262172,382.076802197699,531.909405405136,409.368550662199,572.224000922754
"ENSMUSG00000041361",163.915025364329,150.725785299164,122.0199549091,160.02772070038,97.1921555211376,182.579192281902,100.215037291954,175.053688794108,166.624197741748,168.870426115291,224.92556015415
"ENSMUSG00000041362",693.789488260292,565.113495228083,821.885199058432,798.0942876123,740.132673750866,590.286499952222,665.341317274454,711.279110280956,959.132598784028,908.139552669261,956.774098913307
"ENSMUSG00000041372",4.13449116982659,3.24003429067742,5.31583416725702,1.08802450387651,1.05653943836699,2.57320532424971,5.10904136546007,0,0,0,0
"ENSMUSG00000041375",875.067271713822,835.692987741947,1211.8171634458,1083.72837182883,1304.13653065544,784.017087845797,1137.05231990349,853.665832589874,1056.07815631556,912.152463993912,731.61983802221
"ENSMUSG00000041377",0,0,0,0,0,0,0,0.99260660993637,0,0,0
"ENSMUSG00000041378",137.926605238873,190.33927446746,432.392430259785,187.10918572287,343.934391187876,183.972257714661,310.623288848148,296.487427092918,164.771643995032,413.322462425633,125.587113965765
"ENSMUSG00000041380",0,0,0,0,0,0,0,0,0,0,0
"ENSMUSG00000041390",200.901439025908,201.868378721454,178.378478525393,228.044417495065,276.929959883717,227.927959086962,235.546227542931,373.41618456772,261.421068671552,244.930915586302,215.686033224902
"ENSMUSG00000041396",67.8050588268694,62.9356880141349,59.1511412197299,84.0207073996748,61.901475998329,74.6456935127758,63.0241108023916,54.6555369900233,78.8075987445519,67.4043922840932,88.7681407123649
"ENSMUSG00000041399",0,0,0,0,0,0,0,0,0,0,0
"ENSMUSG00000041406",22.0415874695492,16.5030921386733,14.8831289239746,19.0379765120358,19.636586529116,30.376777974642,23.5613537865747,17.4451316775247,11.4292930370717,18.4050301505154,10.1092817253484
"ENSMUSG00000041408",1410.76373235383,1308.30507574632,1419.7881080542,1373.73191765913,1260.86630992058,1393.23713751564,1505.42183439761,1306.75138368796,1585.51743467367,1319.40272152743,1472.84626636731
"ENSMUSG00000041415",829.883870533495,767.566253814694,728.419246271266,800.305028644477,675.983542940951,722.110935112302,834.383056642827,802.117129896317,906.978686363708,811.528764132796,962.006870581277
"ENSMUSG00000041417",4241.54125317877,2447.59337468073,3523.67926281698,2902.50865812604,3685.1443203034,2072.00244644603,3591.9593611897,2695.38002062246,2694.74701439719,2920.93055711367,2921.05355116484
"ENSMUSG00000041420",35.266888488903,39.95987908289,50.6238546821387,37.2438696740004,44.5501505921929,79.7447146385274,32.6635701121617,23.3983315181257,28.6618392623127,38.9392812148779,25.4868379879671
"ENSMUSG00000041423",22.062391623478,8.13646237899769,23.8102031560908,20.7559435188509,15.4990591607919,7.68667401963654,22.195585756022,12.8605024344517,11.4210673379645,15.4002454561453,23.1575807869329
"ENSMUSG00000041426",411.780468827401,372.64395227668,496.860714308221,389.772923150459,411.411419434638,431.36754169386,459.886056804454,608.797702465047,495.751235349665,429.981871279329,436.492713218978
"ENSMUSG00000041429",37.700949617085,50.6660241122583,42.3904711740654,37.1503943701176,40.4081894141129,54.1896945171437,50.4856708431857,46.9221947172578,47.7556499831429,32.2129240264279,29.7430231149832
"ENSMUSG00000041431",84.6617367691064,90.5118954526449,51.8591278353925,125.076956974548,38.9057665461981,138.402859100547,50.1962223148158,82.4230689759464,150.596197285392,68.8244124854164,112.890387457503
"ENSMUSG00000041438",356.69804480662,301.259836822998,319.340644411395,315.456771264735,307.114131064377,350.157667950408,321.010668106853,324.766545087321,407.118482752238,335.110261253451,427.124490231194
"ENSMUSG00000041439",1209.26906423661,1084.1755026559,1433.90125621552,1245.72278340493,1425.31173988218,1138.87737972978,1172.1611477047,1587.57113313949,1337.68970468753,1261.56198107772,1394.50204935542
"ENSMUSG00000041440",154.531944648243,76.5361179002195,135.742702022448,129.018210271751,116.907871450224,47.2590997128166,146.177329761916,98.2224978035808,124.291288892472,100.704977153461,159.377492893105
"ENSMUSG00000041444",191.57220366183,270.901051153888,144.748996213857,195.160651205948,134.981919618432,145.563208328581,181.808967645139,310.598268010233,184.387271828171,158.252761560866,193.29576946105
"ENSMUSG00000041445",239.867494906388,229.402761791769,286.890825487707,332.98071369832,445.958556945433,312.434746295737,269.240616191517,411.647807452825,315.225772694137,338.482524434654,409.489536543357
"ENSMUSG00000041453",6246.43149408452,8146.18287795021,6788.65292976232,7600.35235645477,6482.36690927021,7810.5049531632,7149.56434105194,6636.50687256203,6441.26180659584,5963.56109622145,6575.26933633305
"ENSMUSG00000041459",1531.78667272351,1360.20399974524,1224.6339333702,1198.34632501294,1512.28649856265,1578.18650164019,1401.41191257805,1616.9825046675,1555.08733776243,1318.53699554693,1484.12747556155
"ENSMUSG00000041460",0,3.24170811958512,0,0,0,0,0,0.992673081070857,0,0,0
"ENSMUSG00000041468",0,0,0,0,0,0,0,0,0,0,0
"ENSMUSG00000041471",42.7063897393637,168.232837906183,139.079807891464,56.1831483584367,55.619615724925,44.3842444027902,123.158481163522,49.1032315450965,58.7940696021605,191.934408156224,70.46462618224
"ENSMUSG00000041476",6.99902347870953,0,1.76389225936474,0,11.9939975478105,0,1.01667903546266,0,0,3.56208213285061,1.15692320531975
"ENSMUSG00000041477",34.2521967205147,51.6836788270218,29.2824591154317,16.3061426374794,40.3469823219281,45.8795620481163,32.7177027122148,30.5471511812651,41.4664476960594,30.9265930865587,22.8782876651628
"ENSMUSG00000041479",2.84294323623991,6.53089379308703,2.76214827348772,5.13101990533247,4.41459211866711,5.36377634217473,3.20329572732006,2.77808244273758,5.3112834538614,1.96472542706055,9.67592509525614
"ENSMUSG00000041481",357.99268420948,325.845444431423,87.7628524459073,369.806197053868,165.634454543846,190.102790643153,226.591649300949,412.577364485878,321.666479274771,589.473762741405,344.000196378216
"ENSMUSG00000041482",16.0261593227047,26.740016017934,34.7612253734132,18.9587649947351,22.0938090705951,6.3557246797927,37.7777104370705,12.8029358881985,13.1395799231705,27.9059109454817,22.1199837368261
"ENSMUSG00000041483",145.350043208705,126.737189927859,121.431959539635,91.0423489973459,131.760035618269,70.871410614981,97.7182343286565,116.893425841758,133.798174222179,110.162497947638,143.971351702392
"ENSMUSG00000041488",520.628573959767,515.718371621013,866.510372748634,758.02046095917,721.141695327112,514.09741039177,924.134950163913,600.363875716768,644.230348294866,995.651747612613,851.640438213817
"ENSMUSG00000041491",101.782262373085,135.028712607203,116.957893464754,85.5633504823143,86.7294466646207,140.12734245454,106.620256351299,92.4123194703185,110.934878265445,102.493173065769,118.931384373804
"ENSMUSG00000041498",2.76920753616619,9.47393476409213,5.37846359874446,1.10689830307297,4.25168159685056,9.07900564609599,8.35751385326287,2.87607491371798,4.74532297440895,5.49814699591106,2.30337146608071
"ENSMUSG00000041505",0,0,0,0,0,0,0,0,0.94676288413655,0,0
"ENSMUSG00000041506",317.236942737805,335.356395288113,301.562647727146,374.466408696986,278.167914991146,349.903474544823,319.324201424216,312.394175978967,375.911934389923,344.30466931797,468.342314886367
"ENSMUSG00000041515",134.238468631296,314.885863039093,106.993928000184,74.0606813534576,108.492425560858,218.491945682443,64.5845170734554,84.7799906791937,98.0072626231155,112.164089580168,104.357847352781
"ENSMUSG00000041523",22.5068070087428,37.1505848392378,50.0956002134489,40.9237210861037,25.6041884341254,36.1336730389428,62.6283259709629,30.3470567880201,52.0769001824912,23.2007637327242,53.2538123443893
"ENSMUSG00000041528",824.325129328296,1462.54826178948,885.785021470024,993.455124089454,748.747093111038,1012.80314208386,684.064138534075,589.667246908744,786.80435491019,770.584796810816,862.609151479859
"ENSMUSG00000041530",312.925946097882,325.943582667804,329.92857836357,319.969807409441,286.172423241235,303.441086036818,340.243221900521,359.869412661312,297.571659185001,319.952812307402,307.549296928602
"ENSMUSG00000041534",0,0,0,0,0,0,0,0,0,0,0
"ENSMUSG00000041536",0,0,0,0,0,0,0,0,0,0,0
"ENSMUSG00000041538",29.4040373457582,118.809897648139,0,3.41604974167707,1.02408642324661,71.6031234581942,2.41325713395477,3.8070439161277,2.72397421333396,23.0007829326767,1.11032072034148
"ENSMUSG00000041540",28.8263889765801,54.4202679147105,122.547321323696,46.7181715129798,58.7525927099233,55.9424180129282,81.8304644044032,125.62067061133,50.7167678470977,93.8246616901556,49.6196606071901
"ENSMUSG00000041544",0.693040274932022,0,1.78017674687188,0,1.06432411449071,1.27688066415072,1.02142064146702,0.984965193515452,0.944800870509448,0.932893287267277,2.28494743222293
"ENSMUSG00000041548",89.0967007195433,26.6691999907983,57.1858971337088,46.1894518668597,72.8059510433415,43.8601412499036,40.4406525539281,36.1268629162929,47.5648458298234,46.0708239656537,31.1948494009552
"ENSMUSG00000041550",0,0,0,0,0,0,0,0,0,0,0
"ENSMUSG00000041552",2.74644697948161,1.09152555810527,0.890180862163666,0,1.05062295470323,1.28185869240455,3.09758775062754,4.92119254686953,3.74432888166469,0,1.1467488645177
"ENSMUSG00000041556",16.9999368934207,16.1709123701327,27.404050539883,21.813941649215,19.2109846306099,12.8193394577597,22.6158569849077,15.7147273090975,15.0533750641462,22.7644537943428,21.8054936789106
"ENSMUSG00000041559",93.7256128472663,92.9212192355722,93.0609871717517,37.6958525609438,53.7392925128089,28.5016122987746,70.8526180532323,49.9293572892295,76.5971399635154,68.2477555414198,16.4166770726353
"ENSMUSG00000041560",2456.5637259251,2589.58686086514,2936.80258453877,3390.43018266549,2687.42622759374,2745.59899680266,2748.23669011334,2502.26572949119,2780.16604141627,2607.15752277371,2626.84378573233
"ENSMUSG00000041565",0,0,0,0,0,0,0,0,0,0,0
"ENSMUSG00000041566",0.681301222533072,1.07164345863768,3.53334910633686,2.1933071834754,0,5.16650741710943,7.18152072950063,5.94128223743893,1.88819952439255,1.89247154325188,2.2953980717432
"ENSMUSG00000041567",0,0,0,0,5.25645606452764,1.28150441217208,0,0,0,0,0
"ENSMUSG00000041570",520.37913361778,424.92630800586,612.170301806878,525.121741697749,433.497299588425,313.650594625125,593.470958466593,366.400846141383,517.696364847702,469.795069883086,634.723764858842
"ENSMUSG00000041571",439.253383389999,376.119082571063,359.567189072125,404.558356833134,464.309159873592,334.628702363071,365.688050708231,299.349109613552,355.734338543372,301.795945986144,276.042239934583
"ENSMUSG00000041577",105.495926235279,112.099883495648,121.962992969627,101.619612104176,146.132217600084,138.238241924014,104.747459219842,128.871557327604,119.530388471553,93.4060707030383,145.117043274708
"ENSMUSG00000041578",0,0,0,0,0,0,0,0,0,0,0
"ENSMUSG00000041583",0,0,0,0,0,0,0,0,0,0,0
"ENSMUSG00000041592",35.3555822542559,19.5023657275955,17.8084219353886,18.4534701320871,31.9122162504784,17.8801085806531,23.4852444658543,34.5103104805098,25.5334878540055,19.5785900009791,33.1235158012656
"ENSMUSG00000041594",112.578705993087,150.237631127795,142.532477671404,103.796675581124,133.402294320851,2092.61569225012,154.325948226323,176.24991317411,159.54912593302,203.680030433403,142.12848031034
"ENSMUSG00000041598",449.231479594899,656.240257542326,645.20583344974,717.043666812855,614.155047238853,476.260425103315,484.89510796711,622.710856696216,425.354807884864,591.836470871134,555.209177182964
"ENSMUSG00000041605",97.7357452836655,142.668963546271,144.792953201377,245.110576257836,52.0425255121195,172.782403954191,135.563318776037,132.520718671152,172.136068365708,200.58644426051,227.388729908718
"ENSMUSG00000041607",119.392347393024,168.764718420463,125.842522169398,187.592422281653,207.63896114196,93.1190045120579,119.785990928581,136.162571614868,199.839566520224,125.266677695674,119.411457795614
"ENSMUSG00000041608",17.0387866513594,16.1118399807882,16.7906632908984,7.66433639322594,8.4307359028897,24.57623989026,18.418702242437,27.7933766632833,18.9376283241633,15.0610545019343,25.1675676714662
"ENSMUSG00000041609",190.156141477276,245.880351934629,146.051797306309,126.839766538188,137.472161543302,167.76998803647,157.658825215192,187.427388125958,203.38849731972,209.036967285603,173.212603951571
"ENSMUSG00000041616",0,0,0,0,0,0,0,0,0,0,0
"ENSMUSG00000041617",19.3639474809593,36.1302982768599,5.01299447969132,17.1198803518241,57.510168151866,37.8063758340532,31.3668102226115,25.5165479687062,47.2925688760388,18.8460009667145,69.7036622508107
"ENSMUSG00000041620",0,0,0,0,0,0,0,0,0,0,0
"ENSMUSG00000041623",188.800877333904,166.63253765018,166.438057331135,131.747551747739,158.088814742513,196.119107782597,103.814533335244,159.520602856792,92.4284360573922,173.950062177245,189.854063156923
"ENSMUSG00000041624",0,0,0.885207540652857,0,3.15099638743095,1.28481404608289,2.08591531417096,3.91846758380957,0,0,1.13769712825281
"ENSMUSG00000041625",154.670302544901,176.321574828309,203.129050387945,163.09693162326,206.558119315912,301.856362917922,198.75232848569,298.513228748356,193.207801980743,149.731620881361,172.665188786146
"ENSMUSG00000041629",242.168221020425,273.47468435497,264.599315017832,277.686481106239,299.069849428014,303.270588160462,288.247294369709,249.712966967212,232.091008143512,282.709143280971,275.77515740208
"ENSMUSG00000041632",205.911805072902,191.509487339045,176.414060470846,136.391015990722,166.157985510312,168.250492304339,188.932087818389,169.910279749648,164.386474548702,150.726254112197,241.436116392303
"ENSMUSG00000041633",20.2324310848655,16.0958961583977,14.9862019585099,14.3431815671421,26.4816715939314,19.2031899692378,38.6430405873842,29.3171159550523,21.3492319832194,22.1451081376961,25.2676997241141
"ENSMUSG00000041638",1912.98456729373,1915.05767832204,1523.80279910151,2056.50067323268,1567.57641729458,2318.66998915834,1707.03688613725,2096.39471572909,1850.28858714483,1660.92102424707,2344.37978995131
"ENSMUSG00000041642",297.874435434724,458.920334132251,299.935757621166,319.57050827399,405.089771006229,520.478340441524,291.3824801059,556.143511428065,348.746948499179,498.436886392907,338.07318038386
"ENSMUSG00000041644",0,0,0,0,1.05095675570363,0,0,0,0,0,0
"ENSMUSG00000041645",1128.69443914023,1058.42054748477,863.188900521714,1044.414971453,932.50488314386,1224.78398797252,891.147896961571,961.219156999197,1086.20219412284,1044.02989655859,1433.51504282191
"ENSMUSG00000041649",1.37320415175611,1.07377196455032,0.888394405114051,0,0,0,1.02942480796933,1.99404746778034,2.84690198702414,0,0
"ENSMUSG00000041650",823.788835518618,936.937216714166,874.408799626135,978.139279819554,771.890939818244,866.744441088548,1035.21853081077,942.532158205804,863.144926724838,750.945267859855,912.524904707013
"ENSMUSG00000041653",1197.35079986589,1697.71313244207,1267.18548124087,732.915605956919,1921.73580481522,1723.48406749446,2702.50284290707,668.648808442997,2062.59224359705,803.523423848311,2113.78478190138
"ENSMUSG00000041654",365.497404995075,775.968832365576,818.194485238044,608.14898404063,650.687596584137,696.035989611075,648.412085324187,787.784500281912,529.07821457431,501.040964458881,601.987963349794
"ENSMUSG00000041658",0.922295841090763,3.82990093333571,1.22867955952541,0.771881293961218,0.714931453879986,13.6335187546824,1.47426659145291,2.02763275153837,0.641178057164221,4.92137228307744,0.77922296810828
"ENSMUSG00000041660",320.802752171703,390.47633921466,381.473120077719,319.209475535904,298.62797236205,420.402447449991,375.648214609088,430.460143395336,513.866081706245,438.042978466076,573.038199966079
"ENSMUSG00000041669",0,0,0,0,0,0,0,0,0.94676288413655,0,0
"ENSMUSG00000041670",0,0,0,0,0,0,0,0,0,0,0
"ENSMUSG00000041671",198.802729036472,181.608619743359,234.723423060612,205.774562843263,211.308480020812,195.396173751526,242.768436064277,210.016152176742,228.52696279963,207.953294905945,215.935642234664
"ENSMUSG00000041673",0,1.73192758472837,0,5.36604046907105,0.863141511417625,1.04799960566806,2.42413296742956,0,0.762650351574886,1.4831480766252,0
"ENSMUSG00000041679",6.67037755470235,128.744532411873,11.6739100229742,14.2559582727329,128.483039809848,21.0303169868306,65.5860788868983,16.4998812538515,105.662326218017,11.2700464405532,124.031981368916
"ENSMUSG00000041681",0,0,0,0,0,0,0,0,0,0,0
"ENSMUSG00000041684",73.3361923366001,105.178330765055,114.142389426473,20.1913763899869,81.194994929197,58.2371059921928,183.557044060197,147.028304646362,118.33484717482,72.0954033777514,45.8391001156559
"ENSMUSG00000041685",321.683807073139,322.94961721303,336.464905527344,330.722273193048,369.398692975606,210.267274553218,341.630221854298,390.946838934462,438.019626398251,419.313140334989,296.528065946058
"ENSMUSG00000041688",184.305174208471,175.897508882878,180.612469786728,134.253615786586,143.387220036906,101.385685060293,167.887773116017,195.468162577901,188.6327874726,194.922202153502,175.557411356391
"ENSMUSG00000041695",147.28860373391,120.596488800625,114.281009007134,32.885837942937,131.83978201733,75.3383492735755,282.379008966642,113.186487545791,86.0567825263489,74.1508227528889,92.7427508672394
"ENSMUSG00000041696",64.4357012334948,74.2358158924935,97.0837890928711,71.7554226334228,100.750294530332,77.4174253875859,65.3618736306106,65.0727969667585,74.0861696889985,57.4981893608189,74.6199911797336
"ENSMUSG00000041697",2342.13403447164,3225.01800189656,2897.98637346888,2416.92701287937,2280.67933466719,2581.02237726065,3029.57254334364,2948.06706499513,2474.55496572203,2414.86589471544,2347.34113493131
"ENSMUSG00000041698",0,0,0,0,0,0,0,0,0,0,0
"ENSMUSG00000041700",0,1.06301308526566,0,1.10596609325602,0,0,1.03459141977618,0,0.93893327223506,0,0
"ENSMUSG00000041702",339.727673567226,236.203325757912,314.649921051398,276.933744536949,325.62263087158,189.240378424918,395.169626409824,274.60125199358,290.724781009349,322.345186978309,307.125256582382
"ENSMUSG00000041703",0,0,0,0,0,0,0,0,0,0,0
"ENSMUSG00000041707",9.92014399694047,12.0381228453699,2.24150723643592,2.05819620556216,1.39981580239802,3.95324636328886,19.0009822188762,1.84123204640394,4.67375837782612,2.80403470656244,3.70853461662368
"ENSMUSG00000041708",0,0,0.698949203132878,0,1.69097085241385,0,0,0,1.49635665593615,0,0
"ENSMUSG00000041710",0,0,0,0,0,0,0,0,0,0,0
"ENSMUSG00000041712",233.517482088223,197.544608073963,209.140962117576,272.996692855633,202.471505779389,221.472398788215,214.872861144096,189.939233315098,259.33517786059,221.99344939782,229.097165820846
"ENSMUSG00000041716",5.75162869017911,4.2469545575044,13.482705937902,0,10.9515310109207,7.77919321221173,5.0327863005433,8.77719119779235,9.30201660719965,17.8886472439414,12.6880722837002
"ENSMUSG00000041718",39.8662351658309,32.109769474652,209.183908949979,158.304437361914,92.4508556505972,132.400276044444,71.7678050361451,77.9378665289771,54.3545814492321,61.532436596522,46.5276914025355
"ENSMUSG00000041720",1493.13090308974,1710.87257308591,1610.42645283531,1751.90680388945,1744.98455541665,1668.48699075768,1588.87411969379,1819.73127456964,1676.50456480961,1762.82611935535,1554.42021631938
"ENSMUSG00000041722",0,0,0,0,0,0,0,0,0,0,0
"ENSMUSG00000041729",43.0454657868344,46.4516006951665,38.4998938810338,19.1948846564649,57.9591120239466,55.6394469581215,39.8669388259353,64.3901723857845,40.4765568751909,34.0011646055173,33.4616616215526
"ENSMUSG00000041730",0,0,0,0,0,0,0,0,0,0,0
"ENSMUSG00000041731",167.412594940503,152.689581991462,208.836824821965,112.687583518647,218.348949137148,81.1157130659761,153.768655732819,164.557116463839,138.901745499936,153.537364894859,88.1183816086608
"ENSMUSG00000041733",194.425300542513,210.431228278168,200.54836133247,231.182943788059,202.014335692118,240.352627869031,208.079795964272,198.076311180385,225.403383463305,197.11360510327,243.673935390393
"ENSMUSG00000041734",29.6727498031548,25.9602916560025,25.7160654076983,32.6678799803178,34.9288740975719,29.6155691151408,16.373950432789,28.5977113670337,15.1086610822939,22.4781450073971,31.9359073599036
"ENSMUSG00000041735",0,0,0,0,1.05072582312829,0,0,0,0,0,2.28141021212833
"ENSMUSG00000041736",532.664050837078,384.34633301721,428.580972619959,448.864834485001,429.566991825375,542.885715467432,396.100235072708,541.360006156018,409.386168613593,424.427830356123,488.587229667037
"ENSMUSG00000041737",128.479657333879,77.8918093198931,130.841297625118,58.8134405438956,49.6998302894947,71.6137415257805,53.9735950895292,87.4328502831725,87.7881519252999,61.5136601891084,57.4436992218466
"ENSMUSG00000041740",3788.9505266797,3751.26268670083,3735.05098668034,3892.59524751462,3665.49424831064,4172.75403611693,3463.62216384021,3888.924548706,3470.0704630262,3651.75156573761,3877.73651921789
"ENSMUSG00000041741",6.19459078753313,1.08470122873725,3.5456799339218,6.51910167491977,4.22574959434617,1.28639057381383,3.06732097825628,0.989324891738819,5.67777585421664,2.81006003233704,3.42412892467527
"ENSMUSG00000041747",117.464489775091,93.0719810807614,89.4918516965714,154.735715111895,89.4129435260533,102.401371706969,127.614146342094,104.173962015458,126.139043281607,122.61105737449,138.087119144008
"ENSMUSG00000041750",439.299880974446,340.819516118948,252.482544227008,416.632788399952,15.4906963094462,306.871972110817,251.726782714707,263.338882401171,416.658209087736,635.096085361423,245.945728166889
"ENSMUSG00000041754",0.689939267648385,0,0,0,0,0,0,0,0,0,0
"ENSMUSG00000041757",543.013390358517,444.459461488857,294.171972553262,304.193283423382,279.329102220513,692.397889271137,246.842095203632,408.040423976517,379.744079903189,334.719221160937,968.171761315692
"ENSMUSG00000041762",56.225225451167,43.0785623206414,36.0353647317151,25.1044722460081,56.4843167401507,35.0753708579369,52.7294629886905,75.5794429389923,31.4473645038164,29.9869266845253,76.6887105507128
"ENSMUSG00000041763",833.451462013036,838.213697596836,909.556838660243,1071.93207569764,1078.87614238503,910.101351552348,857.389590129389,938.462638594851,883.856775052794,912.558404471838,863.295608558287
"ENSMUSG00000041765",354.377917449273,481.869238570711,371.055413360848,432.75727824393,308.940077923172,398.674405663736,401.442938275288,471.041324772915,407.6920198676,389.860518442498,410.407981671702
"ENSMUSG00000041769",478.085503524376,436.007838950659,542.809002640089,657.831349119143,598.884683089646,361.429158763581,548.195441100229,635.298118255169,577.80466954394,672.487470894754,458.078136592616
"ENSMUSG00000041771",0.661006408608485,0,0,0,0,0,1.06932025281876,0,0,0,0
"ENSMUSG00000041773",86.8996612214024,50.4670689514764,61.0389419295934,59.051553181039,56.9200369999022,63.2080963116148,51.1148560263815,46.6755734944539,66.2830420003955,51.7233394794718,44.6374424239159
"ENSMUSG00000041774",20.7690557800345,22.7123530500807,17.2205584137766,34.9419837055185,41.2138138701846,38.5123528251045,16.2708999230428,26.3070295135891,20.6641961806739,32.3142257944793,27.9877337555899
"ENSMUSG00000041775",130.183571887866,154.205651690077,139.194199575522,220.67762430075,126.184675433655,219.68542899122,173.207975892217,192.584151645939,163.177876646487,163.894857155656,130.858468369564
"ENSMUSG00000041777",563.986934207618,704.715112115305,663.665488652821,768.154178580719,852.348447021305,675.573100390248,807.498829176482,724.01547666224,695.7247029528,877.665864485672,497.526407012371
"ENSMUSG00000041779",43.9549483384331,30.0318636535963,39.8125433177635,30.614679090861,60.3466754892682,51.2809567318714,43.1222331725008,39.4735689115031,33.8542313157924,38.7744866378747,51.6339962775892
"ENSMUSG00000041781",489.134802284538,365.44889823353,437.413523935112,398.729049860195,347.934670429976,395.326268299302,392.413188261062,324.78672177551,409.404547569314,361.917731929702,601.547826903721
"ENSMUSG00000041782",333.030491684053,401.043250488269,466.773869495824,416.215387593164,324.238692480054,460.002254487249,426.526781332873,501.566873537658,490.70001027956,476.316882217023,852.516085435245
"ENSMUSG00000041791",0,0,0,0,0,0,0,0,0,0,0
"ENSMUSG00000041794",11.0544547825714,4.32725312890067,21.3160348886019,20.6688883649686,13.7917310789742,14.1143677150495,14.3141612425444,11.8347793051397,13.2281307987985,14.9613408587701,20.5523844118672
"ENSMUSG00000041797",72.5954464944119,47.9292782480334,61.2712939204887,60.2229362521104,58.6606713679377,50.0345945639876,44.4797119305449,60.9988338897585,73.0155824728531,38.7573518860765,58.0940863293384
"ENSMUSG00000041798",2.05324917159922,2.15257058244438,0,3.26790626546005,5.28780064672778,3.85854299354824,0,0,0,2.81681440294772,0
"ENSMUSG00000041801",197.330149840154,107.142484590269,131.288605401754,125.492518405209,209.279470617213,128.356264360618,192.559689239054,130.303997993485,121.523974456635,162.875090494334,123.34579977314
"ENSMUSG00000041805",0,0,0,0,0,0,0,0,0,0,0
"ENSMUSG00000041809",6.9073872194724,5.37882822907499,11.5329562485801,7.64160507801515,1.0566075898361,6.37280874873664,2.05530701240485,4.94069924306191,2.8202600723622,1.88665123108936,1.1458174292271
"ENSMUSG00000041815",437.596784946869,401.722384541102,399.965342299831,472.10369380088,430.415358024024,417.259643737901,431.377657265493,615.027222821921,486.045875885299,428.681341616853,462.871253688871
"ENSMUSG00000041817",1.36626776831568,1.08679239334898,4.44106759284116,0,1.05388500533715,1.28483241800915,2.08441691374061,0.984274975792489,4.67905774017285,0,2.28694916918381
"ENSMUSG00000041827",139.849612459055,104.940729763928,121.303564854768,130.776350415391,116.475548025582,77.4507243780796,103.562369201346,23.6069235876876,61.24277672697,101.386378604773,108.333463267849
"ENSMUSG00000041828",140.2651530908,137.998043289131,98.57066454632,138.089166512469,128.331458498481,148.102079410074,102.886795215211,156.06082567467,155.034608781352,107.137398496734,164.616552365104
"ENSMUSG00000041831",224.42311260809,311.193193873656,608.752046307905,501.152404781016,496.01528524214,437.195199150145,599.692037744474,443.603453612441,398.186420046378,494.439374459142,300.32757272716
"ENSMUSG00000041836",74.5305687736684,87.229354522132,55.609921694607,58.5446241711135,58.2554063920877,55.737305111873,39.9688636805992,76.5543221278907,85.4276482492974,51.2713287965864,68.2903830964161
"ENSMUSG00000041837",541.037109499308,423.663333511912,409.599252546225,248.739859150275,398.923251208517,323.337369925175,559.067328780891,267.537238007435,376.292926781249,382.717700142045,384.835674515749
"ENSMUSG00000041840",67.6343230727862,89.3055819726716,83.8837832597083,52.9358637878487,63.6907552283368,71.299782917927,74.6165336160148,71.3050399433341,78.2519789479639,72.7526882000617,74.7722237250332
"ENSMUSG00000041841",2846.97606006059,3387.46640404052,3050.67921506531,3087.9302488888,2718.00827931957,3126.5463696086,2783.56304020436,3030.3291063585,2948.84852783978,2118.87947283848,2711.64676816588
"ENSMUSG00000041842",1098.35673721489,1301.58311194282,1575.47693566731,1169.11439205429,1283.13062838292,1064.52735890715,1542.91820676522,1379.27179688362,1571.62295215401,1737.96581745774,1477.4492757093
"ENSMUSG00000041845",58.5028356957167,39.5982820365003,48.8431310430306,35.5619730138252,43.6309856307153,34.2044791235912,35.5116764031935,51.6098729727174,39.6185364671433,26.0026435652724,44.1045972094746
"ENSMUSG00000041846",670.437956248363,552.588456758128,603.133036541766,647.761356811881,640.174399764848,550.984295826343,658.530395502024,539.209502454459,680.736822675193,738.438157875778,719.649730623434
"ENSMUSG00000041849",212.90714537119,242.138634201103,244.915715637824,290.985219684391,266.621400170385,302.51033322351,217.446590331523,284.209264080367,239.56523686738,236.960117435368,356.829178863448
"ENSMUSG00000041852",634.836367959469,528.79984277866,513.265264428814,527.731801784563,552.03148882604,601.065734596859,538.099828789912,635.718696867212,635.247457220735,756.056965675345,658.237336312598
"ENSMUSG00000041857",4.67230517494673,0,0,0,0,1.28688686732755,1.03912952039241,0.979683153404611,0,0.963088374852099,0
"ENSMUSG00000041859",115.192667055646,147.468734732833,60.2168079080764,50.2393275519537,79.0111741925736,183.221723975009,67.4063729687851,55.6418002064728,68.2689078427708,77.8061107436511,54.8452953640227
"ENSMUSG00000041870",1239.03870958049,1286.43377929899,1416.22849382278,1369.99051328369,1417.30514880782,1487.7203034132,1346.53944486465,1463.21229591309,1164.95530667409,1195.8024178605,1314.98319391952
"ENSMUSG00000041872",0,0,0,0,0,0,0,0,0,0,0
"ENSMUSG00000041879",870.742558483154,430.827867987808,384.642579951602,414.025627426467,412.409588824555,394.134025171486,353.453348738259,443.588127352699,452.118601980498,395.932100619357,430.40628077239
"ENSMUSG00000041881",576.76344370461,690.141052029399,712.499875838948,637.695276311304,547.240658126103,697.453838714524,571.802120715746,653.777021478863,583.104845601998,531.834205325906,555.317805642303
"ENSMUSG00000041885",0,0,0,0,0,0,0,0,0,0,0
"ENSMUSG00000041886",64.9833884722593,21.0771310779769,53.4402308060504,35.1676983915507,82.8121761345019,33.538570862283,36.4153289817351,23.4383391248832,55.6349612564814,50.2995737876147,31.9055178371589
"ENSMUSG00000041889",22.2017773358671,12.840157859143,7.91055908172806,12.0851800786839,9.63296654401665,10.3465026709109,1.03848475039242,9.72034616466366,3.71936671511353,6.72317717363554,6.91631413823259
"ENSMUSG00000041890",360.975500640918,407.851420129688,397.384870112846,408.820216955099,425.309504050315,430.343194285305,313.046505841512,362.321828017379,448.996931688806,459.004678761045,374.067250373022
"ENSMUSG00000041891",1018.69578332842,1236.23654988136,801.483754046292,1083.14765477161,810.957927994158,1118.23388597525,1161.49026345747,1318.78338094045,909.588641406518,855.818814898624,1131.83213748242
"ENSMUSG00000041895",1804.43233397309,1698.78008529976,2335.40497591631,1853.42130511118,2509.11736119309,1632.81774670518,2363.00074293731,1943.36177282277,1958.82242572258,1923.86292738233,1766.92190837225
"ENSMUSG00000041907",0,0,0,0,0,0,0,0,0,0,0
"ENSMUSG00000041911",0,0,0.887440292085259,0,0,2.56749694975327,0,0,0,0,0
"ENSMUSG00000041912",63.1303003340666,75.3501384532719,86.1694995827005,54.8844842307802,81.0176374595448,96.7302996343472,68.1448408085205,73.6082022763471,58.931299695266,78.7673471737343,79.5860071369069
"ENSMUSG00000041915",279.871089337044,229.178290469433,341.502865675876,311.454822504338,215.48750995555,239.586535765624,262.922751602846,218.061063158041,271.271025887666,265.007444111365,299.02037091239
"ENSMUSG00000041920",41.9354417056353,66.9366041988138,44.6681544334767,23.408358086345,43.3589620023164,36.8259752698308,32.0576567343392,34.8848946860513,31.5493863621526,23.9182910073947,24.4387295358235
"ENSMUSG00000041921",352.314432674257,361.263245417844,406.234729122512,387.447197280813,384.615522088707,402.998769055616,397.830857126119,454.282545402246,370.828634727003,381.43981274384,393.607767779321
"ENSMUSG00000041923",0,0,0,0,0,0,0,0,0,0,0
"ENSMUSG00000041926",1067.99472100959,793.792360003009,924.019795165604,799.072738798965,936.279841106834,921.168017938628,885.684677809381,785.358884105654,723.173740724167,1005.29760872164,748.268260570726
"ENSMUSG00000041930",2.71953741755138,2.16159881956932,2.65601098683119,1.08636579563973,1.05960201305083,2.56821021876832,2.05699977804999,3.95553121183182,0,1.89246541641966,1.14130982439682
"ENSMUSG00000041935",172.123481010282,171.742328158323,287.382787964536,211.382753633813,179.321176630515,125.932397854527,253.12903517792,188.043502486559,271.115193904466,251.848791879672,172.744723302742
"ENSMUSG00000041936",2430.98965427689,2322.79840549888,2283.92974365688,2719.41732099635,2101.25778340346,3168.26203896475,2128.03367078385,2594.64219356602,2306.24282828896,2288.36105192226,3083.97536966022
"ENSMUSG00000041939",339.202780996911,476.621458845414,347.514352333447,362.207160825975,373.335171182524,426.178312821721,386.343262160832,282.31330483503,292.592841488463,270.39500571405,446.593384708077
"ENSMUSG00000041945",193.291656523543,54.5200311248372,48.0714086763533,34.0738248524829,45.9746030245635,59.7879487183204,51.932291753911,69.5385954099751,36.97896038441,406.937929112248,42.298388901752
"ENSMUSG00000041949",116.614170411194,116.251860711443,122.908687526026,116.444057815297,151.5357163032,144.113422704781,116.256486504474,154.29126670902,114.316668609087,117.808281173665,148.08979934638
"ENSMUSG00000041954",30.3727884287119,51.8998453877139,28.6170434881905,38.756269916071,33.9335501240164,45.6472639667374,24.089695097916,24.3875843284241,30.9501880204395,27.6281185215663,31.8802131812353
"ENSMUSG00000041957",629.863897325662,560.408929874666,667.154815652938,720.748421222983,698.983853522643,546.959366538973,616.352203185934,619.194099020396,679.128373715806,723.851804695065,654.197913282902
"ENSMUSG00000041958",430.582661137716,414.060960240499,362.510982669043,355.672508321927,346.618859942624,422.622924852929,421.391663414812,375.967554956054,400.98679085655,361.992389307075,443.169804722928
"ENSMUSG00000041959",162.580780022176,189.242219987934,180.867528733691,141.264290930027,231.567591614005,127.266604047854,134.221461225445,171.936422975903,130.202329827915,158.171779484859,142.920623973332
"ENSMUSG00000041961",47.5392165291486,43.8443404150958,47.1237218799365,27.7674024706229,36.2385319307666,29.5277503076071,17.9862226886006,30.3310402869352,44.5503355536997,34.2007317243911,24.1494483402485
"ENSMUSG00000041966",78.7919313813843,74.1938890012917,106.583460893319,70.4617845975895,83.459040511243,70.9544791033986,98.9233259442258,91.1675526986834,93.0792548453005,90.1803677174153,90.075666893633
"ENSMUSG00000041974",114.076683038441,95.4353203081403,137.418725033114,94.2724281442909,92.3589250438948,122.020419352891,112.756767850187,108.464788639899,105.091346765532,100.226998436547,126.377725252646
"ENSMUSG00000041975",79.6119456344182,74.5113941450657,71.1719888982159,111.865339796813,51.3526036111041,87.9797261516569,108.195520025853,89.1677878919485,103.345355058022,88.905307941905,127.967257031624
"ENSMUSG00000041977",724.018659277309,765.763838977512,874.711938559178,982.045750650082,805.886658732249,887.749882873756,767.052081342096,857.606520670412,902.191773714379,1061.19931871097,798.39621543601
"ENSMUSG00000041984",0,0,0,0,8.41470919343609,0,0,0,0,0,1.13949826092705
"ENSMUSG00000041986",0.682458047847907,0,1.77337449799541,4.41309882122842,1.06166936790267,2.56283055115644,0,0.98512351415708,0.936242793187794,0,2.30309124937647
"ENSMUSG00000041991",0,0,0,0,16.7904202102062,0,0,0,2.84151219834175,0,1.14165310637025
"ENSMUSG00000041992",926.515927577542,1181.72819858875,807.732028640699,756.049191955743,992.574839864867,553.149340238739,1166.09557996925,1373.38025526465,992.323664668471,776.330060600183,744.651122810759
"ENSMUSG00000041995",87.2759845444403,104.709506623846,125.176849278843,99.5790151133502,122.646879807793,101.290957780856,130.454288519651,113.357899454061,102.526497285018,121.466353615359,89.1109191850381
"ENSMUSG00000041997",595.550112485447,562.812996181327,630.73546309085,608.805873044829,533.603863724469,533.754192882637,567.139247499461,658.872414102922,603.904888357932,611.165783412134,667.133095815318
"ENSMUSG00000042002",2.74421420163548,0,2.6574134065868,0,1.06243972438532,0,2.04388822317225,0,0,0,2.28212647808428
"ENSMUSG00000042010",16818.3060991373,23107.9758470122,22533.9671230023,29673.3130022922,19092.3570660378,29453.0308056826,21647.871742179,26173.979794843,30084.0665161207,26786.5980163649,29584.2448388076
"ENSMUSG00000042015",250.428388492345,231.301876505867,245.225871484059,245.041177039166,279.245615029923,225.200506352354,311.681307518621,258.977723275751,245.415493353263,268.442924714814,216.009917974688
"ENSMUSG00000042029",22.4922959445043,26.5826381987896,14.6542501632097,17.1258713380092,16.3169160941635,18.9437467814922,18.8795628236179,19.5898428679208,119.585151906479,20.5399415589604,13.8488774592839
"ENSMUSG00000042031",0,0,0,0,0,0,0,0,0,0,0
"ENSMUSG00000042032",1010.42834436103,1335.77706253843,1125.54629030109,1269.07651759035,1243.24025317241,1179.5049073541,1288.82593201494,1424.49424944997,1348.01680740632,1170.81744997096,1208.56980267379
"ENSMUSG00000042035",256.11863626251,164.30824030574,175.828410133358,133.555343462292,266.632964930767,163.055163653591,131.310421917675,258.640733260974,179.324726722753,182.709754536217,258.869966543728
"ENSMUSG00000042041",8.55128494150919,3.20547447388792,1.77075764083822,4.41531371260316,12.2083850313333,8.9170072876322,7.31270109829618,10.6074602905388,5.53047746102364,8.47744877444241,9.41848439647992
"ENSMUSG00000042042",324.177708213041,292.42170092336,365.772612263521,282.880533229626,317.259846356179,249.121661031729,374.584988155334,237.148282522744,311.91109146239,314.342579559368,300.347609627176
"ENSMUSG00000042043",762.540251285231,823.490595508061,786.862655553778,770.924629916838,760.422751287276,645.292992236322,800.684274843778,724.88429854784,718.355319657084,664.51221093428,633.177007499095
"ENSMUSG00000042045",0,0,0,0,0,0,0,0,0,0,0
"ENSMUSG00000042046",311.301949770147,248.246256318762,308.825478865741,277.028727664889,254.183215372337,166.916537804346,284.566552399157,258.425788491161,346.112179395625,267.160698210152,332.845647063768
"ENSMUSG00000042050",208.259090374252,239.032478671933,274.99127443966,231.784224373877,302.972129324937,249.873834058129,308.98964975068,289.438446894987,239.826126980414,248.857602359438,224.710868009675
"ENSMUSG00000042055",638.152761253411,679.417213814516,621.847877823188,590.137006583722,632.893969353686,552.644750580319,638.465374451889,746.496184747589,680.096573307753,631.615930897539,634.651700457669
"ENSMUSG00000042063",490.720102169165,472.602382523073,522.825387523213,528.076715533501,476.806908700507,496.340372820234,414.5924484736,649.074704790482,501.414783141794,525.788660108253,457.229011222824
"ENSMUSG00000042064",0,0,0,2.18313748688758,0,1.27957119555312,4.09922208045775,0,0.946462867029575,0,0
"ENSMUSG00000042066",62.9636704018985,31.7186452769543,26.0441278518051,27.9668829491866,29.2677832925804,36.6740756409507,47.1075049911593,38.9527283184401,58.6315074739659,34.9686875113703,51.411349001633
"ENSMUSG00000042073",275.172210142011,284.990174184634,310.52667645264,444.587407047677,337.553918300754,327.111476543071,314.742563445717,468.997652950957,402.927430245358,361.724759341469,458.460886482317
"ENSMUSG00000042078",0,0,0,0,0,0,0,0,0,0,0
"ENSMUSG00000042079",4588.80712617809,4102.0180137856,4196.36554217897,3976.26220239809,4385.03539170988,4088.83360470893,3595.94585778514,4163.96877772611,4593.41160840707,3977.01030371539,5241.01549145542
"ENSMUSG00000042082",235.016181265513,241.947629684378,215.298262429489,251.848083281984,269.240323912564,333.488748392012,246.488865273398,349.705518106934,271.200849262819,297.526347547351,241.421527184927
"ENSMUSG00000042092",0,2.11712170818544,0,0,18.4877857455322,0,1.04241815431663,0,0.917944938606129,0,0
"ENSMUSG00000042096",0,0,0,0,0,0,0,0,0,0,0
"ENSMUSG00000042097",125.535448268261,140.39007171022,151.099492131244,149.33727619987,162.611751502107,169.66525834048,170.3956848487,155.215750411911,120.704719573389,134.425884945795,147.343599718741
"ENSMUSG00000042099",732.879093177448,1050.97519792071,842.903664928822,1176.68664012181,884.727348527997,852.620789594655,642.626740539779,875.483557459196,635.248289995727,1221.4621190111,813.905096490258
"ENSMUSG00000042102",0,0,0,0,0,0,0,0,0,0,0
"ENSMUSG00000042104",45.1050191540292,15.3232433495044,22.5958126952347,13.3479408392456,40.2567666013199,20.8584592311413,44.9401473992289,21.4975746139021,18.9468780768087,18.3413182667628,26.175869894734
"ENSMUSG00000042105",263.091401473848,271.738916300313,309.408541739739,226.135157238652,319.148561952447,288.5583098168,238.588662556182,394.470008176002,339.887332126374,380.107403134617,343.357818030923
"ENSMUSG00000042106",36.6898290004862,45.5866134366101,42.7314531859588,19.5966505569848,36.0846939791672,46.224989372467,30.1075338270493,46.1246168886456,31.7902175788101,23.2416852990125,19.432990845898
"ENSMUSG00000042109",43.9260771351182,8.19796843357774,9.87199368663771,9.24570539754198,7.64976523083004,4.47319518300884,10.98360223977,6.08468156303297,68.0910651922467,7.40736588545961,4.91394960656702
"ENSMUSG00000042111",132.585590693776,141.778907781091,136.542375206688,137.381014196537,115.520345298968,141.085058054418,152.02408178056,125.342618544004,149.539852604644,123.280389055957,189.140784263558
"ENSMUSG00000042115",2.04843498339926,3.22929071225176,1.76845233677418,1.09432052536943,0,3.87218936527497,0,0,0.941842682305491,0.944951374114681,2.29059072928398
"ENSMUSG00000042116",195.81025669712,203.353883708607,222.280913233189,177.438006250417,185.890862496213,212.009793716785,178.64432427718,200.504107892681,184.543436384438,145.145169113806,189.577129132277
"ENSMUSG00000042118",0,0,0,0,0,0,0,0,0,0,0
"ENSMUSG00000042121",50.3457986478264,125.01168370124,38.409957536419,35.2530760506551,68.7376528181889,40.4447746948983,36.866806120199,43.9247034269909,54.4338909208579,57.3965594705943,53.441586739625
"ENSMUSG00000042124",0,0,0,0,5.43083637534672,0,0,0,0.916071467048425,0,0
"ENSMUSG00000042129",84.6808136278585,82.6141646776945,89.2138648079306,98.5902046089675,81.5648820614866,81.053297270577,75.1195522534156,102.395301485193,90.1574114329989,137.53269750404,106.65125677992
"ENSMUSG00000042133",1552.10392415382,1831.96936960434,1611.05956421103,1765.38751879516,1705.12982647175,1743.6956847166,1961.71593161698,1578.99285421789,1751.08428631281,1798.1241377061,1782.74185300806
"ENSMUSG00000042138",129.739001911961,143.012712707825,114.475676962065,226.409374601809,164.921878402896,190.270289350549,119.442228046291,133.0273093976,155.664341881345,156.325147085338,118.463845064226
"ENSMUSG00000042148",102.558531162147,91.4352162385644,67.2712064756812,118.041138864159,76.3357017503602,126.136021297689,84.0308263428228,93.7709269171095,105.699254288685,79.1236047783575,156.914067439643
"ENSMUSG00000042155",19.8479892559957,24.9433332999901,13.3123225901276,9.86221910527741,26.2248394918012,7.68104201294119,21.7149008772583,16.7286720062068,15.900365089735,14.2317551452113,11.424623997886
"ENSMUSG00000042156",40.0997363918093,59.2733723321552,36.400646395641,17.4409538992366,39.0599534722515,43.426438159702,36.904130994392,21.7695789241362,20.7383284219829,24.4449584423753,25.1689197157385
"ENSMUSG00000042157",0,0,0,0,0,0,0,0,0,0,0
"ENSMUSG00000042165",0,1.07716636404271,0,0,0,3.84717928369691,0,0.985540991807655,5.65767742944427,2.84878823260481,0
"ENSMUSG00000042167",334.552429648161,313.004500664161,367.670690611626,422.810351537736,346.977513241179,329.57788569854,378.042603613392,387.086581412188,373.323005527652,450.615523880767,369.603653218966
"ENSMUSG00000042178",379.326915395877,366.974119636477,353.444820156341,310.224436653882,320.973131070349,421.792943827982,344.504738967809,418.204238919998,295.095657251178,424.610179155748,395.95347430425
"ENSMUSG00000042179",0,0,0,0,0,0,1.64278494813318,0.619011969779637,0,0,0
"ENSMUSG00000042182",6.81941217640877,14.9712515270959,7.95086790406493,10.9804199694344,9.53579921534793,5.10601089043205,7.23942918063403,12.7855609847786,14.0174653153992,8.6009250497555,6.90372240402095
"ENSMUSG00000042184",0,0,0,0,0,0,0,0,0,0,0
"ENSMUSG00000042185",369.191649446925,332.009778604271,325.026706821176,259.296279323151,327.378605321364,312.302905273761,315.260955422074,293.898963235348,319.241697955729,277.880968418723,391.903725182217
"ENSMUSG00000042189",0,0,0,0,0,0,0,0,0,0,0
"ENSMUSG00000042190",149.277774923142,73.4568604847325,107.038268643013,106.902105160528,103.996947316454,88.9938052987894,117.14175597973,73.540973362029,106.156318230768,65.9898335658447,107.33182371226
"ENSMUSG00000042195",0,2.14151602779886,0,3.28722731755375,1.05726372861299,2.54945370164772,0,0.979358618528397,0,3.80824199104143,0
"ENSMUSG00000042197",329.362799386187,250.377610731431,294.228777993806,353.775573192396,285.126984412388,256.856538777734,320.319279089783,345.163502362081,328.337970577673,328.362658021967,448.47221604948
"ENSMUSG00000042198",93.9437672055153,104.772575424792,86.3933317105154,140.917944506664,150.452775530195,88.3229008848452,134.915949551643,80.2338466411821,85.7141867489449,145.421812309045,86.4078554308516
"ENSMUSG00000042200",0,0,0,0,0,0,1.02536031060735,0,0.922147332274001,1.90559758622157,1.14971401927789
"ENSMUSG00000042202",55.8440244267483,41.7614175361604,40.770419093286,44.7855780063659,38.0584375029589,30.6250597922594,53.276126401988,44.580349802862,54.6452899397449,50.9850772052715,51.6916093829545
"ENSMUSG00000042203",382.572093794662,405.157559354973,326.081229746688,393.204377434642,380.787086133933,425.440412998864,428.435575522532,446.537025776856,384.662843315285,422.015035399877,514.929900310779
"ENSMUSG00000042207",757.443524145347,674.147526637948,837.778028586454,876.715119885071,1146.903677573,489.830771016988,776.118012771848,823.092506163,861.108558127453,898.745449858212,568.618147124105
"ENSMUSG00000042208",207.046265186791,261.24587272329,343.046582075841,270.514574441615,392.82739562845,77.6358323199986,176.717034514198,403.297216718837,174.852460546786,295.283637452588,182.917401131399
"ENSMUSG00000042210",70.4264143277115,106.796578727945,112.63103488153,89.5105080347286,101.340204594696,165.333659554982,104.477636918627,135.698838731998,90.7305866442892,88.1218330740149,147.130592217388
"ENSMUSG00000042211",932.389375635992,784.055838315859,832.409749706885,921.052120663248,750.777214386698,738.462453367286,831.126676775858,803.290637340881,903.642685777392,821.578429665687,850.298054398406
"ENSMUSG00000042212",0,0,0,0,0,0,0,0,0,0,0
"ENSMUSG00000042213",29.5771427767209,7.49919235336681,17.6867631113762,4.1298690363188,5.29305568490919,11.2704827766524,9.73722114658868,26.9738921047804,4.71381873385749,5.34607279413906,9.34460226345522
"ENSMUSG00000042215",57.8188786734846,58.4613832338149,72.8684762175756,126.749474156369,80.3014674817623,69.6905172812226,81.0702378757447,78.0033982606188,101.923552040345,60.9575223188576,48.5091055309587
"ENSMUSG00000042216",5.93924731309812,2.50187922976267,10.8217832836821,3.11655323771309,6.25600707777039,2.45335843784429,9.76913623451358,2.82233828928516,3.1850393086939,3.4137835601429,10.6223699714471
"ENSMUSG00000042219",0,0,0,0,0,0,0,0,0,0,0
"ENSMUSG00000042225",59.975639698368,57.3274956449718,60.745787218493,37.201187272555,57.137338832636,65.7042998423033,70.9014843283897,79.5870959414312,49.8398853098867,54.946222819416,70.0617217416195
"ENSMUSG00000042228",1439.67027162076,829.295222791812,1125.48283199214,1032.40010521888,1431.59477737981,1101.75794445752,997.493928522691,755.200673277472,1288.28822186934,1203.32410416397,1142.19236839215
"ENSMUSG00000042229",75.8376655226165,67.3931050295061,42.2887606544088,66.4342468943224,60.4155513362449,55.5262572556071,69.9534728918779,52.1644861629309,53.4559600768622,56.4251374715139,93.7523802025225
"ENSMUSG00000042240",0,0,0,0,0,0,0,0,0,0,0
"ENSMUSG00000042243",0,0,0,0,0,0,0,0,0,0,0
"ENSMUSG00000042244",0,0,0,0,0,0,0,0,0,0,0
"ENSMUSG00000042246",4.82242139120257,2.15025539103673,0.886732137721404,1.09171507385474,9.49275990058081,6.40082798658058,5.12094717514469,3.96722298182277,4.72095095991347,5.64299937369063,4.58025631590396
"ENSMUSG00000042248",0,0,0,0,0,0,0,0,0,0,0
"ENSMUSG00000042249",284.436874848871,118.116549675516,169.976263787323,156.542445791015,137.357428055125,91.8096842966957,115.472718663525,173.169832472938,209.09254415992,157.331861688729,159.646591046911
"ENSMUSG00000042250",4.1098046499839,0,3.52930915385227,0,1.05525421086586,0,1.02075915353317,0,0,0.943138754718832,1.14822635220593
"ENSMUSG00000042251",33.9477178217458,13.2870552883397,13.4667403024469,88.9162288340021,72.447812693579,5.78433802733544,4.02732562197335,69.392020795545,61.462027870369,18.5301832428687,51.3126865577276
"ENSMUSG00000042254",14.507477274191,45.4089367062389,13.8026728284438,28.9074615276339,318.371160244292,36.4618390482487,14.9441603014072,68.0484806582169,24.2772715081375,22.2512839404686,38.6639964739298
"ENSMUSG00000042256",0.685265320338797,0,1.77552113210161,0,0,0,1.03615562418173,0,0.939812376780838,0,1.14491348002975
"ENSMUSG00000042258",0,0,0,0,3.93404383539383,0,2.10018319791682,1.00606574839871,0,0,1.17303184489857
"ENSMUSG00000042262",2.04257719661232,3.21603844855574,0,1.10097596043705,0,0,0,0,0.947521933756578,0,1.15198261120934
"ENSMUSG00000042265",0,0,0.889018494741208,0,0,0,0,0.992263820502006,0,0,0
"ENSMUSG00000042268",3.19404784998441,4.31298022416407,4.73091050861291,5.12158056821056,8.44457925874201,13.9682373150056,3.41606500682513,23.8252433224056,15.6062384688414,8.78945032608821,27.5078945951393
"ENSMUSG00000042269",0,0,0,0,0,0,0,0,0,0,0
"ENSMUSG00000042271",32.0912346257548,44.9203608213065,32.8753077085476,38.0491694888089,37.9773130443922,44.3142891478978,57.6621657016655,57.0239251435465,65.7119731192271,64.6469958964987,34.2209805500538
"ENSMUSG00000042272",772.8430584659,690.534699376715,1084.81758310654,886.16983713434,1063.44423851598,609.839862985686,897.527255832518,857.646646406194,1087.96533368867,1040.16633701241,617.668436730177
"ENSMUSG00000042275",288.145144861315,259.42288471937,253.348527158079,271.93929817908,212.751011145316,276.044720616787,272.828717664514,283.46601615931,209.147413771272,271.390077087328,210.897685498002
"ENSMUSG00000042279",0,0,0,0,0,0,0,0,0,0,0
"ENSMUSG00000042282",1.36905452481749,0,0,0,0,0,1.03257763245372,0,0,0,0
"ENSMUSG00000042284",210.731943294472,200.580528839621,300.849940681148,289.996270995326,254.47119049338,218.668885988014,283.193318567221,270.75618438586,265.968449156371,254.384089621804,208.931327263529
"ENSMUSG00000042286",929.951714163871,504.314357080669,542.688951469746,494.602739202996,576.91705117554,468.655992864018,367.719165522585,546.014553675615,982.02960828744,414.006317398895,478.518780278996
"ENSMUSG00000042289",247.257673810089,221.771926773438,213.835989777739,239.662638079017,198.812514320791,254.421529475764,225.846433711674,180.383037183992,204.187000564814,192.374753748189,176.355013110957
"ENSMUSG00000042292",398.842933209771,392.908443272584,362.909628505664,374.238518650504,329.196231657722,474.152190632612,280.035783444663,364.908642169744,276.062827201107,373.708236932188,349.507090890696
"ENSMUSG00000042293",21.693726142914,33.2557359544504,27.4394085450081,35.2750025350939,24.3916680525958,35.8410016927628,34.4759509471158,22.2561890374039,31.3929969093955,19.6252162571238,25.825708595143
"ENSMUSG00000042298",149.117387726568,141.129130020724,131.771577328965,113.960650530782,162.618927501424,134.574792358979,154.300086469924,137.521211749154,125.96970505727,131.723470318573,122.006749052504
"ENSMUSG00000042302",139.168144727546,137.236240764736,169.328423749491,129.800591639754,124.839074297803,161.105265589382,149.302254558703,142.922460313251,153.663686417165,155.186484803349,120.854189509407
"ENSMUSG00000042303",942.092517771033,1221.66804282401,1131.67616689268,1752.2953618744,1342.08779315275,1396.79591276467,1120.13638452095,1738.50105539235,1207.61217249554,1658.46594633466,1856.71343533149
"ENSMUSG00000042305",1450.4763014527,1414.46845662522,1904.86849191641,1869.60641683506,1762.75887256112,1460.78749529297,1732.33749777518,1513.72668214852,1824.64361557905,1655.93810823773,1418.2830869065
"ENSMUSG00000042306",2.04927993062512,2.11773837685751,0.881623674169554,1.09224729898858,11.0171601448918,0,1.01454170050633,0,0.919999077712873,0,1.17183089971821
"ENSMUSG00000042308",762.229764465123,802.794139932063,843.265068713272,667.478923183646,1477.0203642861,1187.28297577083,604.120772327066,1133.20949034848,416.578545451014,813.269744495637,1370.77309384628
"ENSMUSG00000042312",95.7916099212782,100.48941638228,89.0952642620688,92.0392067210375,67.9252401906198,81.9321211857936,88.5142893972575,65.4355328013404,61.3711649254282,96.5995952529851,74.4296240807033
"ENSMUSG00000042320",11.0647483343566,16.2004357635482,11.5324091969587,15.237923399618,5.30057525226684,25.6737444158925,9.21257320373581,4.92630330025052,15.0874434547935,15.0064056753042,9.13911988274837
"ENSMUSG00000042323",742.65204034431,667.452867418147,627.625750294406,852.451844273894,715.52682822089,343.805743025927,963.990349425429,440.045959380875,710.994887798545,512.551552064868,903.373710018028
"ENSMUSG00000042328",309.425532654746,336.21822980244,400.149943734706,454.499210690334,323.899489602548,439.432309190088,378.502002757461,406.502391003157,412.397352557516,447.426985274122,289.491608812609
"ENSMUSG00000042331",83.9449759758522,22.380778214238,95.4282006707668,31.9655462594878,203.597012744381,121.61663572763,35.3922234786842,35.9252388845568,188.344180733891,97.2694883282324,45.7382858776056
"ENSMUSG00000042333",24.2016065547129,62.995204530562,19.0568852278528,8.59108798406528,12.5660642010996,27.8872351035323,13.1421983879304,17.3023040069113,14.724461750322,17.7513561673067,16.8227289718007
"ENSMUSG00000042340",56.8900681693935,58.9863921334774,66.2753087481194,72.2550349401055,73.2749661075356,89.2447924853408,88.8293792904928,80.7650861035779,60.5141331110284,62.4158711454507,61.8781640520642
"ENSMUSG00000042345",5.57341698038574,22.7914139937747,0.877989939491227,0,5.14625362641655,12.6002617572297,2.03430010435253,0.802552555861761,20.5760277604146,7.62879979212362,2.78105307002075
"ENSMUSG00000042348",28.277424758237,27.3956274535368,32.4199074615207,33.6415624474192,35.9430395348449,11.4154081163955,26.7721165569794,36.4799797904057,31.4908527850816,33.5066307162373,27.6864698795485
"ENSMUSG00000042349",188.975645765487,313.861106507123,147.360541642366,225.457038981261,146.847499088817,266.833383680997,224.609966212246,140.470328371196,177.100348091148,161.151545387954,210.916992514874
"ENSMUSG00000042350",653.175998870741,170.220680178437,164.346208855814,182.095490713763,445.404091953987,247.849626038983,562.141221993455,449.288327972195,418.998768587945,298.976546371918,216.74869983082
"ENSMUSG00000042351",36.3310994269105,72.8630537171316,15.9516868166292,9.83299267897116,13.8612418209979,62.5364378122496,12.3138106810611,10.8225441204121,13.1617640577636,27.4406006094212,16.1073523633791
"ENSMUSG00000042353",0,0,0,0,0,0,0,0,0,0,0
"ENSMUSG00000042354",355.947467094602,342.66040416442,261.373988472494,454.699247958298,511.168506176439,314.36625488216,323.419252437663,298.880911171412,380.902534884226,292.939506406797,553.679847807757
"ENSMUSG00000042357",1.3547819236172,2.13980156805238,0,1.10416781715984,1.0626797124045,0,1.03275766889549,0.991307128073396,0.944125791240664,0,0
"ENSMUSG00000042359",27.6718765306893,7.29680141295139,17.5338230670076,13.163507273409,32.2525057268436,6.20028135183813,2.96432079238885,12.8869708866368,14.4031451731218,13.5945607748606,19.01670897183
"ENSMUSG00000042363",60.3950942287292,24.3048343327654,22.8836633199214,17.6094532026504,36.4836554796682,57.4519629278893,32.203260570236,28.3798804501724,34.3473554294066,37.6536271822953,30.3231965747593
"ENSMUSG00000042364",583.307180760554,601.167460790118,858.497051607241,914.980248820191,538.673576396108,541.724377958311,775.417015667816,621.78806230249,500.206217244961,700.831682718245,624.370306187644
"ENSMUSG00000042367",3.40919445390221,10.7579816375184,8.81381604512861,7.66501740458052,7.43378544241567,11.6490218788466,8.25327289958914,9.78144617001063,11.232409551293,2.85126953705059,8.01307966049928
"ENSMUSG00000042369",429.775982043705,405.14166953449,380.472959992471,470.705321911807,404.756113705975,387.678898874967,433.560243376264,384.258913568854,388.24130764742,445.976693147478,369.123286528328
"ENSMUSG00000042371",0,0,1.7815437640754,0,0,0,1.02831436417704,0.986615989571196,0,0,0
"ENSMUSG00000042372",0,0,0,0,0,0,0,0,0,0,0
"ENSMUSG00000042377",67.560417362904,66.0531339232563,61.2794106372512,117.415085947273,106.160709485417,60.2317303015696,58.2729502254927,43.4281513012131,80.3914479599848,129.149152442828,61.6584745441277
"ENSMUSG00000042379",0,0,0,0,2.12686939896254,0,0,2.91455083431294,0.926532207795273,1.91450229643435,1.15101141046988
"ENSMUSG00000042380",47.6634913735345,40.0890020800131,42.6551838259521,34.8842725908882,25.6917152436485,30.7815697543856,39.6136729710772,31.8913893665442,31.5659489611388,37.3134945274157,36.3253328608823
"ENSMUSG00000042385",2.74118090533255,2.57730669573192,0,4.8044033857628,1.16085071593251,0,3.40536533194799,1.06322159077025,2.01852235081438,0,12.8910807825559
"ENSMUSG00000042386",0,0,0,0,0,0,0,0,0,0,0
"ENSMUSG00000042388",3.45267076655557,4.30369003852111,1.78497241188053,5.44765318510645,2.13286341436565,11.4220121163534,1.02795806057111,5.88267554355622,1.90477492863913,6.5067925957798,2.29249336475377
"ENSMUSG00000042389",82.5764247317509,78.149753493907,145.646758354923,73.5951109689657,104.149269897854,76.3767324250149,68.9796763777531,70.0857644587365,97.9251375497323,63.3941693476464,78.1595956782618
"ENSMUSG00000042390",221.439187493813,195.343433467723,222.96178223083,267.31918940894,334.890910043304,154.173911634294,230.01213117647,223.681414738855,204.177108995278,241.320934364914,252.818774974516
"ENSMUSG00000042396",454.518120416676,392.379375851141,422.544768992063,485.720298461999,430.468142888807,405.512135173672,464.960187173378,485.554499709089,453.044784831189,475.061978106782,433.93438974441
"ENSMUSG00000042401",2.84195025215002,2.67221703440132,3.64534029149553,2.68468017412768,0,0,3.36947212359039,0.808919090628319,31.9683719730584,2.31093869547229,9.37397812569483
"ENSMUSG00000042404",202.054214020099,274.650729938169,134.771229154494,120.775525993234,236.378756192391,246.638452878613,111.827982522807,115.28170514389,125.55588714411,163.244899523662,139.86134412753
"ENSMUSG00000042406",3811.13993187484,4016.62093837429,3720.17911560629,4089.76496125978,3584.01411436561,4630.26915866785,5092.68154255817,3632.18934291205,3423.43459694071,3768.98420413814,5098.46343921141
"ENSMUSG00000042408",276.765115398313,315.282032238686,317.059423973188,316.166586467889,290.471852927575,305.669022423705,303.103982155973,352.814174891198,332.679788771677,370.485608415117,308.97137560901
"ENSMUSG00000042410",4383.58253850163,2628.10586667529,3572.41598859703,1815.5353717844,3932.47595179503,1306.44077889054,3890.25961774029,2175.32839504704,2337.82521155399,1547.06423107975,1602.97582606057
"ENSMUSG00000042414",0,0,0,0,2.10536436797163,0,0,0,0.945211065855913,0,0
"ENSMUSG00000042417",3.41573776412364,3.22357035011546,1.7746644242468,1.08893016702801,7.48806418538408,5.08303828225787,5.12472352824891,0,4.70484173967827,4.71497609975985,2.29782151029225
"ENSMUSG00000042419",243.989467216282,310.255401893384,385.716315608928,379.465763207384,272.729549611024,343.055031552429,353.690814720488,318.967904315574,285.249698185213,325.776864832988,286.806831333095
"ENSMUSG00000042423",1185.69023637693,1241.68131698591,1011.4844761948,1020.66473778441,951.371305126716,1207.16998836678,994.667005399025,1056.6598822735,1032.97322408242,1159.70380350485,1364.08203239542
"ENSMUSG00000042425",0,0,0,0,0,0,0,0,0,0,0
"ENSMUSG00000042426",371.535043198165,346.767831587782,278.612350527678,261.360985322877,248.686154464196,315.806930560277,282.262838910484,269.776016977481,336.866288937466,293.146299610297,360.92930839663
"ENSMUSG00000042428",9.65154932367887,5.401668684334,3.55532720993333,7.61156908534032,13.8643169215016,3.82999303011024,7.17102169195549,11.799968121009,2.82794647170136,9.38479239494277,9.15963721496097
"ENSMUSG00000042429",34.8672040883974,14.2861766740337,26.7923793416482,40.572597453607,19.0962197252559,14.757392478736,28.3140428979888,30.1762913513893,19.6443843639648,37.9713441918003,19.5595439948128
"ENSMUSG00000042433",0,0,0,0,0,0,0,0,0,0,0
"ENSMUSG00000042436",6.09758047728645,17.6262948063786,12.525836896602,7.5164520143921,31.9819480824684,2.62538417072865,9.43456503465292,12.2971366886045,13.290453909983,12.5650610999968,3.49125018313804
"ENSMUSG00000042439",523.722118407349,360.545717805921,405.025892307182,414.181058646718,716.80943263419,771.286041769636,655.113951997849,512.639756980445,337.317241694891,367.198170257245,795.976955808397
"ENSMUSG00000042444",274.0852575617,281.384899140454,305.538615611444,343.960913289941,277.057309885778,260.661286426284,408.440807095038,285.247857947457,284.491191352919,322.747991318647,322.234941889812
"ENSMUSG00000042446",422.577931591768,250.989093954342,328.993828807063,337.209212794402,385.655331107716,239.447588358274,359.822710400271,290.121085081347,399.865439158438,306.44856761354,304.568634349466
"ENSMUSG00000042447",284.649947606591,371.033442322514,374.705285969118,374.076287815047,364.98447156093,369.5791066158,376.708462248151,402.426999013382,293.066637956123,391.609646890241,370.960195545572
"ENSMUSG00000042448",0,0,0,0,0,0,0,0,0,0,0
"ENSMUSG00000042451",226.853224040707,3.23593302450381,4.43534046096485,9.81368920483553,22.3375360056568,5.12937101500457,1.02445783797991,0.98419033526814,1.88543219363882,13.1505458172666,1.14486432335681
"ENSMUSG00000042453",116.809266173916,84.0594454838498,65.684623584627,41.4039207500418,70.5358103134403,25.6582695957029,76.5456099017198,36.7926455011899,62.5523024997953,51.4419399617984,34.2723845793902
"ENSMUSG00000042459",0,0,0,0,0,0,0,0,0,0,0
"ENSMUSG00000042460",161.345097100547,152.619117922089,214.497023945456,175.327353008074,147.306986417001,125.100537710205,238.666338686419,179.022622404463,186.533065895839,161.49600590915,192.322614743141
"ENSMUSG00000042462",142.607275956386,212.681448137315,175.670907108533,189.262663548567,170.211583073865,161.639473184235,199.392254640123,179.027569072447,173.039543970302,168.581305450951,151.702536975474
"ENSMUSG00000042472",344.122129541584,254.924617835284,401.031115871165,381.132792321848,449.344829447715,324.45337842188,574.680967106459,909.014639766608,320.486197012746,768.828638124001,366.819653856399
"ENSMUSG00000042473",249.255764086324,221.400725996743,278.678864884401,249.455153269705,231.207366776729,162.983821877502,259.788110985159,240.508207694666,288.096533265681,235.32460505604,282.566049810851
"ENSMUSG00000042474",46.6674769488224,241.861984239499,2.65787789127737,1.09110963833315,1.05922524485396,196.270105388926,2.04833763492518,17.8135443177651,0,66.00939866734,0
"ENSMUSG00000042476",65.0746592227218,5.7572678787111,1.54560068380242,7.62706465987286,10.9771854212752,2.23922904204527,2.70007112470347,2.61515754504774,1.63450647061644,6.35856423227051,9.07841652251707
"ENSMUSG00000042477",2.75154889375735,2.16700632900142,1.76545071826602,2.18002315206484,3.19240087075706,5.13756172464899,0,4.90583946422341,0,4.7001047822649,0
"ENSMUSG00000042485",9.95315365668196,9.72558148895421,5.34546394435016,15.1726364702323,13.2264112647078,10.267748815521,11.1538619840247,9.71374685361458,3.73109627322186,10.660511448564,10.508263422899
"ENSMUSG00000042487",829.600350273417,792.147528407599,809.039835040844,720.589684689006,609.854424236037,1075.61397307927,799.290667839134,870.690143339507,510.786459577386,790.105443332736,730.345013533741
"ENSMUSG00000042489",31.147697552361,86.6258154732294,25.0522127390741,36.0022574974614,41.2268291577483,182.073809977344,29.2344758677181,100.091851649519,38.1427426343486,35.2254138570164,35.232590268616
"ENSMUSG00000042492",935.165973178156,1001.01650085242,1133.97949799334,1061.48625558016,1212.67468290648,1014.23817285559,1135.1573873069,875.49958095556,1068.10032123719,1243.81051796244,996.703272360887
"ENSMUSG00000042496",109.232564230837,89.8310645898377,91.1444848133128,74.0317574955936,103.278166735381,98.248135375032,74.8813167487746,67.6717618116077,61.4251941320662,82.6140949224519,76.0064583315285
"ENSMUSG00000042498",2.70100221771528,2.19882939726189,4.43755855870838,1.10241929725187,5.20220151213164,1.2905348362272,2.09402598643563,0,0.929294613602189,0,3.40140416876704
"ENSMUSG00000042499",0,0,0,0,0,0,0,0,0,0,0
"ENSMUSG00000042500",100.976996804108,106.598636095299,151.730657686511,128.676716934697,121.359578976682,97.1491006323253,125.01515946936,137.582560502509,121.626146571613,140.111585508018,58.3459974768464
"ENSMUSG00000042501",0,1.08072835827874,0,0,2.11720195226298,0,0,0.977106639375981,2.78749595442397,0.958623560767076,2.28932311161793
"ENSMUSG00000042502",388.718783730113,317.81472027177,441.42137338999,590.892600721735,458.108641866175,319.081986897539,210.729420282562,386.213058001824,611.243229017129,466.543484111368,216.92931259449
"ENSMUSG00000042505",40.9083355752472,34.0058592299837,41.4209895399012,36.5767866379454,18.5902335008212,48.8025907233798,56.3257802196159,41.7806662840749,45.2506375847559,34.0265979604862,32.9048334773162
"ENSMUSG00000042506",631.855558452944,556.797937943102,600.31197065708,673.495232201746,651.656602587232,482.129240181634,612.856753006337,557.248244319594,627.989547048057,650.223248732839,561.937882046963
"ENSMUSG00000042507",300.341476310275,429.557082125467,395.368251653189,536.506979449722,377.184873031617,335.379412974575,482.166457686026,464.252404114571,379.031092313736,556.405022805223,351.172107253855
"ENSMUSG00000042508",273.893584372636,326.87949666835,215.983392701239,210.713071748075,311.586197482421,246.535558392787,383.837075974988,284.409246703142,252.134183737285,237.319885782933,293.757811955771
"ENSMUSG00000042510",25.4277803988496,41.0558624117159,32.7636621776636,43.630423871185,45.4771468466042,42.5988311954435,43.0132251001506,43.4095043053463,29.2715779076731,20.640995115523,47.9231182227185
"ENSMUSG00000042514",0,0,0,0,0,2.56382447803796,0,0,0,0,0
"ENSMUSG00000042515",5.43158428166134,1.08982531743993,5.31824927966963,2.19890410949172,9.43865923956499,5.13370011548676,2.08360670915497,7.83099135763957,2.7918837631145,0.952243513068816,9.12069454134731
"ENSMUSG00000042520",1407.94362770322,1312.63102308082,1342.01835505719,1369.42874373545,2551.75370577593,1283.56584164773,2297.93595042322,1551.26913654667,1445.83513679802,2102.56907223301,1378.61282174924
"ENSMUSG00000042523",34.1866380516791,75.3186946237637,141.984557775866,121.961295219313,32.0662214117116,27.1193548037943,126.006405662791,46.6219644004775,99.4278077840556,78.1847079217354,81.072610469031
"ENSMUSG00000042524",2005.75104441462,1397.16647824814,3125.35907755399,1790.11196023901,3468.0128748776,948.508644217514,1853.92372408512,1396.15545230514,1827.30963727794,3667.20221624683,2076.94895312782
"ENSMUSG00000042525",0,0,0,0,0,0,0,0,0,0,0
"ENSMUSG00000042529",15.5703818207142,2.40800884397046,1.97046744021052,2.75938375039188,11.7990389539689,1.43761149676662,0,0.83070364363828,0,0.793059513589526,0
"ENSMUSG00000042532",3.34917070100405,2.15624650387783,2.65585557527984,1.11237280175071,0,0,1.05471637771388,0,1.86715654126415,0,0
"ENSMUSG00000042535",639.37095853755,625.936476042679,609.313181279975,676.287838401682,600.481704280356,714.92915256206,733.347825288461,683.874340160537,671.642516415186,646.504613426873,655.888045295211
"ENSMUSG00000042540",153.797333628424,122.533964615324,324.534327102478,108.298934820995,171.341422618429,105.940115452781,215.540725444709,52.9129117938358,170.398426394834,159.074795181337,179.067289358426
"ENSMUSG00000042541",146.730897223929,107.778803113076,106.20237084255,95.8853865039459,123.619946456438,85.6827988842613,95.1650878625198,109.674851462479,128.48056489044,94.3050060917561,88.9324148801374
"ENSMUSG00000042548",1092.67802540109,1228.10757702096,1321.56060444306,1238.64936856527,1561.47965028421,1233.03607199143,1283.39931226445,1284.6710051537,1072.47150796352,1289.23705423342,1117.11385161978
"ENSMUSG00000042554",0,1.08064173486522,0,0,0,0,0,0,0,0,0
"ENSMUSG00000042557",912.354680464518,424.098941824304,528.864881109047,489.233267368546,832.994347732245,426.180422924576,430.511870930056,520.449781135708,722.848950225573,673.173050484834,504.923194225309
"ENSMUSG00000042558",424.165069213289,387.647126746864,371.171324224298,377.044083381526,383.42266721796,376.000308420343,370.916796747418,308.746364894022,334.429047673023,414.08267666882,391.313495645796
"ENSMUSG00000042564",22.1512561958798,16.9128290055634,20.2549552815662,10.6885044935521,15.9488978478322,19.1449594826543,27.3350606765539,28.9144776211489,29.7114221218441,13.6374930730104,23.5160724269443
"ENSMUSG00000042567",0,0,0,1.09494259281246,1.0481819873079,1.27801861735148,2.0546688843108,1.97755900013392,0.940701661024656,0.944148331694575,0
"ENSMUSG00000042569",494.043431764454,494.901757590565,496.826709924302,474.88127054518,486.59417104475,453.715076984197,451.631294071428,488.413456765112,456.89195041634,502.768608066352,384.838855270615
"ENSMUSG00000042570",147.045745010015,118.986940986428,104.861626164747,125.391177868924,120.888438324158,99.1844406776482,201.726458673455,75.676357912566,163.672533017151,98.7484329100449,97.8366677929584
"ENSMUSG00000042572",592.633554070826,667.393708218165,681.530550234063,639.884602061593,654.010205566069,678.678944838701,628.836539460964,697.478619278329,685.446051213929,665.468863274681,642.924234292658
"ENSMUSG00000042581",0,0.804840343238494,0,0,0,0,0,0,2.52826060598746,0,1.72024611072304
"ENSMUSG00000042589",0.53582785883879,0.420252737395914,0,0,0.41250299542932,0,0.396670462469476,30.70535414996,0,10.1891949485343,0.442879609291447
"ENSMUSG00000042590",170.868217633355,132.380015282494,161.109125662419,128.59744649385,113.171136828386,109.891049794525,159.462833509233,155.282262767233,155.432074959171,160.821136472001,186.884093359835
"ENSMUSG00000042594",299.263102487304,219.11858896296,265.114610267816,275.441215468482,259.43116007548,282.890912315526,315.481057583651,263.596084555289,208.662644031608,402.130633026621,347.865172377727
"ENSMUSG00000042595",13.645181460639,7.53708794082459,15.0286906930963,19.7322637585668,4.23013786167269,3.85336202940038,16.5290998252159,2.9493269442191,15.9258221662083,9.49289217167724,13.7389736621918
"ENSMUSG00000042596",0,0,0,1.08984747813919,1.0608504894651,0,0,0.984486982350355,0.939916755057092,1.88372930551272,0
"ENSMUSG00000042599",65.5939555757298,39.5396921581989,67.4356656658079,55.0650186239067,49.9119867752746,37.4014683398962,72.1581822678492,39.1459344851309,50.2342780562064,46.7099498242339,31.69685335162
"ENSMUSG00000042604",0,0,0,0,0,0,0,0,0,0,0
"ENSMUSG00000042605",776.676271859368,612.707686685556,552.947344307843,633.643215878169,577.94713008488,557.14256168493,520.601378720429,591.784720219834,600.603197287802,752.165023013776,684.982623638237
"ENSMUSG00000042606",111.805600454238,187.737030557518,124.145088492602,145.985043146773,136.455808989341,195.369889668437,109.435048754793,113.613484030751,134.139906021511,163.162321479314,122.227274816817
"ENSMUSG00000042607",0,2.28814195118931,0,0,0.491759805271402,0,0.477303709938358,0.91525238565863,1.99555584294864,2.08750767822932,0
"ENSMUSG00000042608",719.323110842275,695.688282756263,691.116904206218,725.789361966728,874.811928479817,338.232459859652,545.77328840733,1145.57167973209,791.190282730029,758.12016422026,844.44676266402
"ENSMUSG00000042613",809.987241947008,747.343333357745,667.410867609608,638.156900079994,697.887290167368,689.988037327417,595.286976583205,639.212855115794,697.733246476303,583.191217074187,807.779038550366
"ENSMUSG00000042616",30.2040089512127,30.991594373053,23.0157061565663,18.587075600495,50.6812093536055,26.9131516761102,13.285469939864,36.7659552131205,17.9626849658392,18.8720349764644,20.6807595615027
"ENSMUSG00000042622",37.9869063898763,66.5394900181217,74.1619704404269,124.5039125064,99.736589187043,48.2458963601002,63.4412315735031,116.154257006351,27.6819369519376,79.0869024926117,29.4991254683371
"ENSMUSG00000042625",2490.75203917262,2832.15275992959,2327.34043863838,2536.56200819842,2363.06436822525,2987.95508062451,2447.88946119872,2408.37950256382,2286.80245173132,2530.51988289907,3009.97893755119
"ENSMUSG00000042626",748.915770273722,671.42191946615,744.824745568693,709.547992911906,646.564890813774,703.03674204191,689.532956808554,568.623344717361,739.369468150253,684.757754835943,946.721205552581
"ENSMUSG00000042628",699.721831309329,880.282441670523,1092.77979213477,1107.80182001905,1318.26485710431,784.540192208233,1121.34164707966,925.5569833216,822.652014772677,1285.14520299116,506.884725699736
"ENSMUSG00000042631",0,0,0,0,0,0,0,0,0,0,0
"ENSMUSG00000042632",323.019954787264,465.154207679121,404.878294473343,530.920271639926,477.313176625979,436.739706751082,450.55940882166,639.290623383914,429.334105394374,401.060546547459,383.736632781327
"ENSMUSG00000042638",10.1844578357132,1.08473003626512,5.23263982351098,6.43128971307304,3.18926739409504,1.29120497639167,0,0,0.953275759018121,4.73052001958843,4.61501581357426
"ENSMUSG00000042641",3.59737817599105,8.89540002434935,4.73556514658945,3.26063626786363,1.72992253549445,0,2.31037828671609,3.66341527272981,1.54460083475428,7.8155515934296,2.54666510524897
"ENSMUSG00000042642",638.917254690398,662.175380298553,653.957537094302,606.504911536347,557.649289400766,694.828171904149,637.8945792471,565.691745137207,708.093854694782,575.469835855129,518.078067447881
"ENSMUSG00000042644",2097.99584697807,1746.08624675893,1750.10328275256,2875.32230515679,1978.4743854729,2963.93646275546,1768.45391228305,2833.26575804959,2271.00883677129,2888.68311013866,3531.30500956658
"ENSMUSG00000042647",29.6838425004714,139.824187349232,82.3619807446987,139.328064841485,35.8070235376361,77.3616199806841,36.6126330614154,63.7693024407678,87.2071966883023,119.259764040916,81.1614647890944
"ENSMUSG00000042650",554.234427071839,449.809938153027,589.750072773131,606.422072342685,487.179005546315,439.43190972452,523.137627089671,515.77624905049,500.946196295115,640.878371461739,605.886264056704
"ENSMUSG00000042655",0,0,0,0,0,0,0,0,0,0,0
"ENSMUSG00000042659",296.893768320006,172.547410737317,275.279714233352,194.458368846411,474.602125032835,185.684729517003,261.71138282787,312.582269938075,180.951526041727,277.645783524027,216.327273874808
"ENSMUSG00000042660",514.75579832854,601.114064778683,593.289920564894,564.056994548611,456.773193123049,524.305885832986,568.676538246608,553.662686432568,652.515207558159,532.474685443214,577.782615238462
"ENSMUSG00000042662",2.74944313100007,0,0.598138657544926,2.23378609145228,1.4459090241445,0,0.701115737213282,0,8.02678121878003,6.72158958583876,2.34544642218707
"ENSMUSG00000042670",347.537678078095,362.864078484391,363.951895680684,406.998199416371,352.993529354699,334.427571131343,399.369872347933,403.472221395565,343.13370754301,387.301823689635,278.584625676479
"ENSMUSG00000042671",0,0,0,0,0,0,0,0,0,0,0
"ENSMUSG00000042672",6.19979668504336,1.07660685182125,8.86291940989106,1.09065876778161,7.38371437736305,7.71480433368332,6.13109016496151,1.98367180989855,5.67787303910779,4.6901049904943,4.57276032183351
"ENSMUSG00000042675",408.613534648673,486.93704023477,588.657517723408,611.483468840558,753.755140163487,610.646863304645,534.732579876686,684.784400059269,619.879323254513,861.91630983316,433.927927748021
"ENSMUSG00000042677",196.733985140987,204.298219443404,354.508763197298,260.045708457778,211.795288579226,235.478892607198,265.077440505386,201.726907366335,194.32407762167,345.681188774253,217.28077185008
"ENSMUSG00000042678",5.68023308799626,7.77158189877246,5.45546443469822,4.4492214871379,7.58020266031282,6.58430051145592,4.95869824499628,1.97238074377183,8.71382158516229,4.77912993535757,8.16321763818356
"ENSMUSG00000042680",254.606644625741,182.839691087039,213.608405750936,199.906481160189,318.969231543104,127.028349290371,261.342532023661,159.136697258206,247.859406143723,268.030674893641,229.749785827185
"ENSMUSG00000042682",431.217213653822,495.257954595631,445.576664381094,409.362859072005,437.982503955862,519.279297292835,472.566900979376,456.742669997763,370.630792282924,374.207701359067,430.292645773938
"ENSMUSG00000042684",22.0385092101739,15.9889923598956,19.4781587747927,10.9299111846092,11.6379938274608,19.1351864033618,10.2329268090852,4.95727650302318,11.3083435771254,7.57828133839529,17.2738429125242
"ENSMUSG00000042686",88.1697208239786,19.4173930030965,35.9892762772304,37.3407787605383,41.6544354799656,61.6141944680169,25.4437195014702,30.6458035938992,28.4152084389187,35.4735900139737,52.6341356496798
"ENSMUSG00000042688",730.677192492808,594.683705317848,703.927028811589,669.364541587343,819.187766837764,624.67099100706,723.940857394809,619.987602493098,598.0543282236,679.870050672228,729.988249840503
"ENSMUSG00000042694",46.297542381847,53.6710088353931,13.5745993741644,11.7467139622165,29.2898413760998,20.9299523726228,12.7366715477594,40.7442711662388,34.0909553421005,33.2809527369827,30.5632901309837
"ENSMUSG00000042699",2446.78630738271,1481.07970007461,1535.23123782149,2183.59104479608,2137.80814679134,2011.23781248265,1508.54063342155,1470.75755080893,1683.27950011489,2649.95525874152,1697.18993905969
"ENSMUSG00000042700",116.379818982898,180.886799380918,82.2526660596252,83.227188830001,102.990039975343,159.983930046178,95.5170086365877,95.1346269070739,93.4148572634489,92.7444958202747,83.0427258910265
"ENSMUSG00000042705",71.6463788440282,92.6564243377511,73.8026867284171,65.8966228603956,84.0887093817298,92.4223867468162,98.6840865661347,93.9235497287138,72.5549329354912,60.6754024244672,82.9738507691429
"ENSMUSG00000042707",0,0,0,0,0,0,0,1.96352789870594,0.939196318573371,0.954335323399509,0
"ENSMUSG00000042708",0.642760033216678,4.05350434752152,0.830519060672373,0,0,1.20059343912991,1.51336311825811,0,0,2.65447231924087,2.13699309671994
"ENSMUSG00000042709",271.466183226392,255.784610825742,259.393706715273,270.771354666171,274.211403210584,256.922905005955,252.120814046496,272.186404036985,223.731543281523,221.709587718729,264.580099126236
"ENSMUSG00000042712",2119.78000150816,2044.00196097512,1929.31998947112,2302.97880503989,2212.50351462296,1848.23033377212,2428.17961554918,1802.63299714658,1628.68964718472,1973.98085621653,1563.64044117232
"ENSMUSG00000042717",28.4700461592956,0,0,5.51190590487365,3.11616308104281,0,0,0,0,0.953082848951468,0
"ENSMUSG00000042719",498.63060069298,332.140876514344,314.410437573859,319.532514319314,421.029933320955,552.806906335235,811.199013445913,266.550387092646,588.391251507537,690.073262687635,535.210024860028
"ENSMUSG00000042724",168.779592219986,131.214349445631,213.032281565294,203.263756271049,291.326313137203,171.06264489484,190.130688089993,207.963954869373,200.281821954886,257.115008213049,158.394595548175
"ENSMUSG00000042726",831.515229161297,717.689175046412,1093.18532953991,2003.14590880546,1068.25986751515,666.228649878978,711.326175798983,749.611353310733,705.667770397179,1022.01658360577,729.600399138108
"ENSMUSG00000042729",405.172858381808,424.488963537689,349.612263974005,449.183160466641,341.273058847097,417.859499109522,405.515893495462,398.646010500636,419.899908373251,351.144316804416,481.00439975552
"ENSMUSG00000042734",2.00966852246922,0,0,0,2.12642591922866,1.28504897613128,3.09549508837057,0,0,0,1.14995955533297
"ENSMUSG00000042737",126.895957576138,166.172441660681,146.484094871898,130.314055566431,116.26980977664,143.912180223343,162.759137488029,189.038984870536,127.990782936413,106.98725841031,115.615713632711
"ENSMUSG00000042742",130.217403030092,98.870567279878,138.149166304753,108.353294129797,117.849105475908,77.148632250052,112.172300091745,97.951296168881,117.222553330584,115.439976606545,91.8916540475407
"ENSMUSG00000042743",14.9969528196861,15.5872708167898,21.7795246112696,9.99833936426679,31.4348564727135,20.9201412305465,13.1690297309997,24.2644532426918,27.150548347399,12.1697771538673,23.0531506970032
"ENSMUSG00000042744",786.991371852873,548.911039137515,502.916946813025,615.076804276965,429.78754166088,674.627090509424,443.290899244383,862.35908143633,649.996335103918,510.710230454533,539.615146429256
"ENSMUSG00000042745",64.0495815315779,76.0462902408116,76.5086176224336,78.3167362610964,72.0600407928849,71.5101010620981,90.0109866253555,76.4312621937605,73.0538306804176,80.2719404377613,132.73565066948
"ENSMUSG00000042747",637.168113798424,880.457263606556,661.331255661789,897.652600960088,662.716615631786,857.70575711355,809.091894871639,964.63832341923,722.139075964541,642.142136447113,785.128620928446
"ENSMUSG00000042750",0,1.08801017128388,2.68023048895414,0,0,0,0,0,0.935405471446068,0,0
"ENSMUSG00000042751",0,1.55540835970841,0,0.756999813724656,0,0,0,0,0,0,0
"ENSMUSG00000042757",0,5.40158988804432,0,0,0,1.27828391604729,0,0,0.943769066296715,0.93973200394527,2.28710753836002
"ENSMUSG00000042759",1496.47759263159,2248.30288505288,2293.34408033144,2188.62830743682,2520.40093966213,2652.53913167219,3016.84497891612,1817.5960489154,2737.39603157305,2645.18373112321,3288.76307969126
"ENSMUSG00000042761",0,0,0,0,0,0,0,0,0,0.936366945291053,0
"ENSMUSG00000042763",0.681905804608576,0,0,1.09267878989347,1.05588037123609,0,0,0,0.946462383910613,0,1.14561414979632
"ENSMUSG00000042766",348.444386269415,481.482890233116,314.203430185407,259.479270160714,329.31806082982,415.026097212291,411.228753592056,477.316942039281,315.735919194173,308.621691797051,467.867906656472
"ENSMUSG00000042770",273.3537472921,283.409038876531,281.471289789228,134.6489456878,159.683766022437,127.555270827509,297.956647018925,137.995572850829,238.068474466363,153.813375728062,182.079915720087
"ENSMUSG00000042772",616.988611408247,503.441099899896,572.339413628546,564.387587327038,522.171793037732,529.723636655712,531.234036627057,637.493867380542,575.75200436509,610.325656700902,671.401848139303
"ENSMUSG00000042774",0,0,0,0,0,0,0,0,0,0,0
"ENSMUSG00000042784",8439.30821466663,7898.9141734728,8130.87551018662,10793.4159490328,8434.49488328185,8698.25322606787,9062.54906777081,10575.1469859194,8317.55908156899,9878.43690678224,11483.0876652449
"ENSMUSG00000042787",65.0717873025236,80.2154839331965,99.1658395657276,103.31884632378,86.5643554370903,91.0465491480835,84.3625811099972,51.6883081550312,113.216255898545,66.4968880709891,108.808159384175
"ENSMUSG00000042788",0,0,0.88554561178568,0,0,1.28649513514189,0,0,0,0,0
"ENSMUSG00000042790",474.60364902667,640.756066014653,796.547100161796,1321.95558998101,439.092297282428,1050.25272353377,644.718749257836,576.613429678687,1071.80504831749,578.714213897087,918.577526734541
"ENSMUSG00000042793",6.19928555430921,13.6615254412369,17.6231426334974,13.2890409375069,19.5127294684124,6.94425590302685,13.8128227868381,9.3880999191618,4.25940950002239,6.74889895554138,5.13129131916339
"ENSMUSG00000042796",0,0,0,0,0,0,0,0,0,0,0
"ENSMUSG00000042797",8.8414955089399,7.48949601078625,7.94738878008773,3.28846417486853,1.06393680495205,12.8462259477545,10.2917550308993,5.89863545555116,6.57002278901027,7.60628732958375,4.6018932217361
"ENSMUSG00000042800",0,0,0,0,0,0,0,0,0,0,0
"ENSMUSG00000042801",0,0,0,0,0,0,0,0,0,0,0
"ENSMUSG00000042804",48.3617667351546,34.4190559678576,29.7129559942591,18.5275835603961,50.3617924263499,27.0758144398104,35.9752986046034,34.058150840864,27.6168433901074,31.8854737838765,28.3961479064741
"ENSMUSG00000042807",26.2986345919218,18.3259127457337,26.6415083774308,32.6603130253631,28.5026364251706,28.1689174378899,19.4058565977438,39.6713965780201,23.6560056896571,14.0423547103246,19.4325786237024
"ENSMUSG00000042808",6.65094275649879,5.30728537221969,7.03678224473069,7.72575917880822,4.25823376059831,3.86531123719724,8.33445166486502,3.91476802413699,1.85990995676846,3.86951888624057,6.95846811669124
"ENSMUSG00000042810",239.301833891674,216.593611318613,227.67177858737,170.281022885569,222.818063208658,249.482718124555,199.502209514066,180.880345632167,231.883551391909,220.844852921236,187.577601993111
"ENSMUSG00000042812",1.35400252003193,1.0817492374654,0,0,1.05560054312735,2.57769530801055,0,0,1.88862835093364,0.948239143051505,2.2765611785303
"ENSMUSG00000042814",49.6910166214377,74.4729231447288,45.6889701334842,39.7873090839359,49.0372694863333,55.4327481850656,64.7086045327231,50.8158425851066,68.686379388037,37.6947099315004,60.4155918505962
"ENSMUSG00000042816",0,0,0,0,0,0,0,0,0,0,0
"ENSMUSG00000042817",11.0450914636042,39.8866315881813,0.887365871365598,2.1822452441107,2.1081687105938,55.0036851452686,5.12858039810953,4.95029222838135,5.65685475686973,11.284728596471,4.57286512137338
"ENSMUSG00000042821",6.75545228917658,6.46334935465598,8.81150404534147,3.27792462006257,9.56622529568533,11.5818475830767,6.18847103342,7.86967435425209,5.64145256595792,1.9098793872859,4.58166649166469
"ENSMUSG00000042826",6.26917225821794,5.70198277245377,6.11576734493972,3.75629983292776,7.55230158243686,12.5809627134947,6.42252353504767,4.14930972620275,3.18623203168806,4.38374214824125,3.06115026386718
"ENSMUSG00000042828",79.654426732225,16.2140980409111,14.1950839355066,21.759679855364,56.342614955999,7.68595809921213,24.5964924029437,2.95697898568041,12.2720949088605,17.863922622676,17.1475435643982
"ENSMUSG00000042831",196.485212544264,158.427469782449,176.845196499977,198.927194687635,154.852893109299,163.730954674593,186.903319575083,202.043720729238,177.130591179475,157.526221378953,206.554571363692
"ENSMUSG00000042834",62.1951503959514,74.2888942168127,64.636334049887,69.4754720529083,112.162705717632,76.6306680053168,109.214284236777,81.0931335260313,102.816020147897,52.1046782791149,55.6758802680744
"ENSMUSG00000042842",17.4792335395948,61.9522396920355,25.6566665204665,33.3132788840193,30.2015854553577,52.3987524625818,29.1064430393575,18.422153343292,30.9906670017391,39.4002076953545,24.7670476083861
"ENSMUSG00000042845",76.1496491123499,28.0894382429545,39.9817015637983,59.9113525797988,31.8548796833917,17.9421424086362,19.4600597692306,23.3096819663026,12.9693199149124,9.8683222621122,26.8064354933807
"ENSMUSG00000042846",0,0,0,0,0,0,0,0,0,0,0
"ENSMUSG00000042848",0,0,0,0,0,0,0,0,0,0,0
"ENSMUSG00000042849",0,0,0,0,0,0,0,0,0,0,0
"ENSMUSG00000042851",99.5077162046889,99.8433565650877,92.6424366153864,83.2364164690956,92.0815252265474,176.090552237777,118.62506061948,122.971535997744,119.487806018028,117.885219766579,110.937160724004
"ENSMUSG00000042854",38.5116441826722,68.9851393461237,52.0257318336948,35.4376249551552,59.193196208078,37.1075920245353,63.3911420973459,47.4568820332263,62.6804068872053,61.9931887042083,27.7540811681879
"ENSMUSG00000042861",0,0,0,0,0,0,0,0,0,0,0
"ENSMUSG00000042863",0,0,0,0,0,0,0,0,0,0,0
"ENSMUSG00000042869",0,0,0,0,0,0,0,0,0,0,0
"ENSMUSG00000042870",504.592157725117,607.519228984973,653.103251380429,783.608231158273,632.833440923466,624.217504349824,618.071327062162,731.982788392358,666.975326068852,710.544834812116,670.814056492812
"ENSMUSG00000042873",0,0,0,0,0,0,0,0,0,0,0
"ENSMUSG00000042888",0,0,0,0,0,1.28191223901898,0,0,0,0,0
"ENSMUSG00000042894",0,0,0,0,0,0,0,0,0,0,0
"ENSMUSG00000042895",46.2229987633042,0,8.82445906497929,9.86857251335795,34.8551214943757,0,0,0,0,3.7854650808136,0
"ENSMUSG00000042901",148.937781723302,146.743063342294,158.483667725611,147.336751373546,122.433801265307,148.366561811103,163.774397611801,154.305668891603,145.316856632228,154.064948976632,128.328017313673
"ENSMUSG00000042903",509.418745663522,513.104770406014,671.872257114901,719.138208739908,604.516818479649,552.184492272143,590.927964208095,650.516149876077,635.08003578532,706.042177544518,594.643651902873
"ENSMUSG00000042909",0,0,0,0,0,0,0,0,0,0,0
"ENSMUSG00000042918",4.26433412468115,11.5001785034985,9.53136180534015,8.23805924273423,14.2222152842153,12.5159536617106,10.9464453751996,18.3933012072794,4.19645541674502,13.3986052457329,6.12154164713256
"ENSMUSG00000042942",1.79036444079294,1.11645760128554,22.3803702542123,1.12620556152539,27.2078049799912,0.661438393259932,2.1165819410034,0,4.20579258621754,1.4531559901039,1.23691152483598
"ENSMUSG00000042961",48.1590517930692,36.675725503289,54.0607509124823,29.4821915235391,56.9290557391194,49.0774225365279,23.3321173667145,47.6505912467291,47.393992262159,26.2613732683867,30.841210048561
"ENSMUSG00000042978",69.0123474747936,103.48629659047,49.5257817795865,55.5478644883237,53.1538748986024,66.0142059906045,70.9948752991962,43.5865248630093,41.4422128059175,55.0507714488537,54.3570899004977
"ENSMUSG00000042985",0,0,0,0,0,0,0,0,0,0,0
"ENSMUSG00000042988",0,2.56279504417474,0.571895700898354,0,0.684576358440128,0,0.661269743450144,0,0,1.21119868521392,2.74813041889625
"ENSMUSG00000042992",64.6370199065769,71.186379562918,98.5723006893151,72.798729433861,64.8987123435939,85.0194886212517,111.38308943385,70.4839128569705,73.5374696748646,68.5715098265926,77.640018602609
"ENSMUSG00000042993",0,0,0,0,0,0,0,0,0,0,0
"ENSMUSG00000042997",275.910347740927,252.503164952749,317.958169824333,395.843578986294,312.342848774452,282.75295471284,264.62249325317,360.715263904614,346.738872760342,347.324824685248,297.189536363424
"ENSMUSG00000043003",433.06485159209,330.313933731321,485.448242809982,425.917879952167,414.216609154189,261.301358454886,423.520899705908,351.155727445879,424.640668195149,416.732738548666,451.588261008638
"ENSMUSG00000043004",6.28579641250928,12.6895629161942,2.69891360324114,2.13241702902387,6.61124118764149,9.08371023317154,5.01252191735498,3.88526669583936,5.7504179663877,4.58141633252042,3.46342779373391
"ENSMUSG00000043008",98.7202710148287,212.329980207945,50.4983100303706,51.4401812104477,40.1284470427628,211.136751790725,46.393216806964,54.2684956858358,50.7080565213973,83.1436892325761,45.7782188917961
"ENSMUSG00000043013",0,0,0,0,0,0,0,0,0,0,0
"ENSMUSG00000043015",15.218991090037,26.9306861315318,10.5380963700491,3.27970856741774,7.28519185300002,16.6572071532297,7.23641594648225,7.79760343504178,3.71048574513186,22.7497822865281,9.03412059337711
"ENSMUSG00000043017",7.75368227460022,3.74271875540912,6.73984004989495,1.89133496625129,2.78603288251011,17.7026374787403,1.78135776894773,3.41330755404528,0.817732422233078,10.5975951134053,0.996995598777143
"ENSMUSG00000043019",700.853944427761,529.728048019003,654.010935458161,718.453766429196,573.420367864358,275.664106431043,849.488266701547,550.430857714935,678.96453347509,628.1359781836,722.935823345191
"ENSMUSG00000043020",0,0,0,0,2.10234465681056,0,1.02783151675964,0,0.938487200545224,0.94134872653413,0
"ENSMUSG00000043029",1.38218869013421,1.07720809828887,0,1.08945925537976,0,0,0,2.97322572499332,0,2.81212207041004,4.5713529642456
"ENSMUSG00000043036",0,0,3.2755464346924,0,0,0.69560920244778,0,0,0,0,0
"ENSMUSG00000043050",0,0,0,0,0,0,0,0,0,0,0
"ENSMUSG00000043051",34.1834567863272,17.840472980962,17.0886660401687,18.8917620472376,25.2190252030764,32.9005382457937,24.7235900473075,10.828543695943,21.5758020653759,29.93616367879,28.1639812704387
"ENSMUSG00000043059",718.696063548746,666.661391776644,619.920268126676,560.545635144178,414.245249516105,797.171648381615,583.775654841372,549.703276626122,512.967973930443,572.14459637352,807.134676953093
"ENSMUSG00000043060",0,0,0,0,0,0,0,0,0,0,0
"ENSMUSG00000043061",27.091736635831,22.2212433505261,22.8718538449156,15.4695640236818,18.4400360651096,19.2406578841975,27.148625247631,13.6218119828279,24.9439937828645,15.3487153332658,31.7107518629434
"ENSMUSG00000043065",176.015707621264,210.388042787484,249.970408632645,179.13340399146,211.768510794412,219.626952629864,168.230192854626,202.960923770841,178.333434211096,261.322039265328,151.916794924763
"ENSMUSG00000043066",0,0,0,0,0,0,0,0,0,0,0
"ENSMUSG00000043067",72.3046893978957,86.2330182601597,58.2093795479601,63.7050735027444,70.9426868492217,65.9647930165682,64.8448110246723,72.9601848694349,76.9672392241619,79.0953970346737,46.59268316459
"ENSMUSG00000043068",0.666844257210103,2.13598484318649,0.88228302831322,1.11188383052362,0,6.4804919236408,1.05033596118829,0.98098778053174,0.93148479513083,0,2.33847955182747
"ENSMUSG00000043073",0,0,0,0,0,0,0,0,0,0,0
"ENSMUSG00000043079",112.225273260988,53.4071391192814,123.50040691932,110.94529459715,149.845952619486,91.4443540646615,69.9091897523371,115.817424026968,118.079944885763,107.848067128248,126.582592940756
"ENSMUSG00000043085",44.6515908374313,46.9392318929065,44.6350228131428,63.4344394870514,46.7475153973145,86.0015132877406,31.0433802769287,88.787798075593,50.2742514582264,60.6155696466908,50.0530362636228
"ENSMUSG00000043087",0,0,0,0,0,0,0,0,0,0,0
"ENSMUSG00000043088",51.0593505345573,46.4264115537734,129.968712536782,46.3202922838378,26.2459665479462,114.510001267951,27.0893358123588,48.0101965921532,37.0478337971499,76.4350756638851,63.5470699233491
"ENSMUSG00000043089",0,0,0,0,0,0,0,0,0,0,0
"ENSMUSG00000043090",124.138279976694,106.688684156907,135.443962203034,93.1789735257151,88.1491480308618,94.0742890179601,147.558582603454,86.8872745581873,128.766294747279,123.732221251511,137.808639593225
"ENSMUSG00000043091",1939.22480965336,1898.00313209639,2485.53735287687,1486.4040185193,2258.71690322644,1795.85839579299,1885.85720971642,1594.89764657074,1326.00848395291,1827.35174495993,2069.14539490723
"ENSMUSG00000043099",62.1215705358948,54.5630155120296,61.9058999431871,40.00810121014,55.0459153340366,69.7081340394498,55.1876135301396,51.4879409188374,44.652537141369,40.3576504699633,67.1699787832655
"ENSMUSG00000043102",0,0,0,0,0,1.2834366643708,0,0,2.76471906287957,0,1.17023550101202
"ENSMUSG00000043110",2.06222725848733,1.08196982626024,1.77076498607187,0,1.0554063398747,0,3.07037864665781,0,3.78613160563251,0.939682750409095,4.56034155225122
"ENSMUSG00000043119",0,0,0,0,0,0,0,0,0,0,0
"ENSMUSG00000043122",104.877777988808,50.9897272510027,54.7645641994762,48.1491570319953,84.1902162723078,72.0875911871505,72.7315974369962,27.3823056317138,24.1890559938102,49.7593059786958,12.9369148812735
"ENSMUSG00000043131",169.712140505392,99.3485333392674,160.079894813496,120.269065224235,107.180456761155,89.9620496743335,140.296532693772,123.198102380342,160.840161318559,131.039567428455,164.539698825483
"ENSMUSG00000043140",48.0224814534423,64.1362710373993,74.1617201166626,77.8822331853422,48.4008460791491,93.4311619675623,71.3764374536029,68.1583357109486,76.4316361112735,82.2304523211068,78.5886950279077
"ENSMUSG00000043144",0,0,0,0,0,0,0,0,0,0,0
"ENSMUSG00000043153",46.7141656682395,54.0388482002463,82.0341573519103,50.3963359570602,54.254137742779,61.9464766029372,43.6964775802512,66.4086030142711,56.1578658214105,48.1571659736847,47.1245187211033
"ENSMUSG00000043154",1212.81324105543,1262.7059000765,1307.20317960066,1644.56531817091,1100.88626038337,1238.7564849731,1314.94280533504,1895.50542816306,1936.24116217436,1377.97699939791,1576.54668406201
"ENSMUSG00000043155",5.45789894449694,2.15271568837358,1.77263934080494,6.54223911756682,3.19374712258194,3.84411446121356,6.16371032824909,0.985293737818578,4.71261658000501,3.77779157082556,8.02526129177618
"ENSMUSG00000043157",15.3522734270571,11.7601117412652,7.03814049717511,4.41220786261812,4.30808103574827,14.2506883518147,0,7.77859487564171,6.5039894012452,12.5350401056779,9.27721218173349
"ENSMUSG00000043162",56.0196980818105,77.438687277088,75.1181619006097,73.088320272116,78.4487676955329,80.9669805332324,86.1506213151235,77.4096724713323,50.8095649156727,64.6035726854412,51.5482139564933
"ENSMUSG00000043164",0,0,0,0,0,0,0,1.98521321987274,0,0,0
"ENSMUSG00000043165",5.41836147339947,9.94273980611062,21.9081609736445,6.44309975721389,83.9652427497273,7.8355300828707,30.2819273394772,14.7147112389698,16.2005086253388,10.1779374606968,15.0418286975594
"ENSMUSG00000043183",134.889031609121,73.338028098099,90.3433721186708,126.867931416671,233.793016765423,124.851189718497,63.1672237226124,120.454631875359,104.769651621265,127.592772361652,93.7379696970789
"ENSMUSG00000043190",65.7336668252003,57.5142881171961,63.4302880870288,51.9659797247726,47.2038848178045,44.9966030795282,65.2269870927655,58.3633034427316,60.8866377982556,60.9435904270159,53.552037120397
"ENSMUSG00000043207",426.373613301944,385.949817675429,361.687427926368,361.659090830525,393.929331872563,285.870554113789,413.92785010364,396.447320746498,371.152716795245,359.8692528936,457.488196146281
"ENSMUSG00000043219",1.35803590267836,1.07103924635033,1.76583745344387,1.09592743968485,1.07215626825305,2.56413518496375,2.06629037485814,2.92427010811098,0.933316281034629,1.90840539307973,3.4580877105614
"ENSMUSG00000043226",0,0,0,0,0,0,0,0,0,0,0
"ENSMUSG00000043230",0,0,0,0,0,1.28506532468182,0,0.987354393262973,0,2.8171146226303,0
"ENSMUSG00000043241",480.341627371741,501.719938875473,492.09174653654,562.383093012095,443.049464264544,487.23788863169,493.608787631574,493.582431971954,548.234433983476,506.883922908799,582.135261404483
"ENSMUSG00000043243",45.318629031145,94.3055586324314,29.3677797130492,24.4481916725442,42.4275537096397,32.9712975430386,14.4484979245742,14.4992170718008,21.7703029787254,32.7821525082342,35.4818691538622
"ENSMUSG00000043251",17.2372741680826,45.4861070995496,37.3000282798604,34.7579491779197,33.9650268785276,43.607656580031,46.0948042000194,52.2469154433318,26.4445796617603,49.6710189334266,33.0887226818279
"ENSMUSG00000043252",876.235860284713,765.026401068398,808.43880637463,1279.63223163703,1006.28255502556,698.178228490189,1082.44794187648,1033.40975094157,910.792631386837,993.226829180051,883.656701084559
"ENSMUSG00000043257",98.9220939497662,115.755926760178,88.9615641542287,98.9617683310877,95.2750711302831,70.6268826839164,143.476286366857,125.238935196835,92.8580852703183,81.1642842682356,77.742521565305
"ENSMUSG00000043259",29.9333513728338,10.5273062705159,29.4343240868677,13.8777499553587,35.0831091936592,36.6244045542615,28.0250271211575,21.2778477329316,25.547789962668,21.1380603775138,36.8620992393917
"ENSMUSG00000043262",79.3951742597285,93.3086838515463,103.566972101923,78.1376379467142,118.033635940351,89.4505654054437,116.670692919688,83.2183946974522,96.424733980542,152.169052610485,112.401993494025
"ENSMUSG00000043263",69.7144365216807,111.484983165264,16.8558928464818,16.4917318137476,17.8291884610432,106.530269154799,10.3864286171303,14.639971720748,23.1729724545958,45.7438766359438,9.19790356874091
"ENSMUSG00000043267",0,0,0,0,0,0,0,0,0,0,0
"ENSMUSG00000043274",0,0,0,0,0,0,0,0,0,0,0
"ENSMUSG00000043279",209.289114156079,172.728036771533,253.437797066493,198.973527118301,178.989745158406,137.25167681242,234.242125108696,193.957233261946,211.51584786984,239.480487626341,325.42557544042
"ENSMUSG00000043282",0,0,0.884998351132756,0,0,0,1.02877624398515,0,0,0,0
"ENSMUSG00000043284",358.404972113312,412.112827968751,437.686671635381,452.900342368805,443.356067698253,328.292881414672,422.570240995413,386.336338532524,408.306835415626,504.590558028473,367.979995863435
"ENSMUSG00000043286",0,0,0,0,0,0,0,0,0,0,0
"ENSMUSG00000043289",0,1.18102706909132,0,2.39937192347646,2.27730997685671,2.70205411605218,0.998398491525659,3.16019669297474,0.999344397642423,0,0
"ENSMUSG00000043290",18.4735157126673,21.4706480792786,20.3980553149223,25.1295638679927,22.5288609499724,30.5714152463949,27.7496505239681,20.5530747024873,40.3284454912561,30.2795263131505,25.3388010383412
"ENSMUSG00000043298",10.2075123565154,7.48716433836255,10.6334777736854,0,0,1.28421146455806,5.20683121440305,0,5.62323102792378,0,10.4606623434548
"ENSMUSG00000043300",36.3333246197386,38.9668596642066,40.6531006829493,30.9018834675953,23.1210259447016,39.8454560697135,30.2825862468902,61.5671754491074,16.7023274905783,35.5524122850933,32.071108384008
"ENSMUSG00000043301",0,0,0,0,0,0,0,0,0,0,0
"ENSMUSG00000043308",0,0,0,0,0,0,0,0,0,0,0
"ENSMUSG00000043310",0,0,0,0,0,0,0,0,0,0,0
"ENSMUSG00000043311",113.026135288825,118.350444049113,100.869456113464,103.792415820939,108.940882670227,93.619173324249,118.377287538711,81.1417298930963,116.152121699943,125.025908116308,90.6686575355466
"ENSMUSG00000043312",0,0,0,0,0,0,0,0,0,0,0
"ENSMUSG00000043313",10.3151673253377,19.4903017919235,12.4359813298955,11.9960550937296,26.3834588439011,15.3548204999097,8.22175147614661,13.8087880466384,10.3472975130591,7.533094727061,10.2905560369164
"ENSMUSG00000043314",0,0,0,0,0,0,0,0,0,0,0
"ENSMUSG00000043319",0,0,0,0,0,0,0,0,0,0,0
"ENSMUSG00000043323",1313.05825337919,927.899940091705,972.090970209808,1274.46926430135,1250.73727585197,1188.84928620562,969.804731961845,1290.13832645909,1340.2672902654,1362.47679003691,1519.32568151964
"ENSMUSG00000043331",0,0,0,0,0,0,0,0,0,0,0
"ENSMUSG00000043333",10.8755793145515,12.8290207139794,24.7214941004021,7.68440375012238,12.6903517786645,5.14112034113644,12.3407252939202,20.7653069926813,5.64465555219838,18.0476071572292,14.9433833909444
"ENSMUSG00000043336",187.511943001532,310.203327744121,210.097749360291,192.909817381371,269.099876962319,252.517951968092,134.376862849087,205.100201027957,218.349066356468,248.029279119043,189.498575257673
"ENSMUSG00000043342",72.3138538890097,81.9725928781756,77.1860263223314,72.5363879778877,80.1523031957693,101.394893622782,100.849490043041,85.529402741761,91.9473839887437,88.233457864771,142.808941509065
"ENSMUSG00000043354",0,0,0,0,0,0,0,0,0,0,0
"ENSMUSG00000043357",0,0,0,0,0,0,0,0,0,0,0
"ENSMUSG00000043366",2.77185953480576,3.19882133818227,4.43302317950063,9.8219491919879,2.11959937824306,2.53879375959278,3.07128984523251,8.90691784969163,3.76069211849165,1.89404188315994,6.91533223760239
"ENSMUSG00000043372",15.0540196364517,17.0966460606496,21.5876217253483,12.4323382162902,13.0586576861705,38.8727406752918,12.4632614141053,14.1465775987725,10.7013633873997,125.874006532669,11.3864892884899
"ENSMUSG00000043383",0,0,0,0,0,0,0,0,0,0,0
"ENSMUSG00000043384",240.281296191756,296.685686580848,196.244161351593,185.796279656174,222.188894991283,185.190172491426,238.188041265471,244.467911128507,184.781086996661,179.248419805085,233.096646592066
"ENSMUSG00000043385",0,0,0,0,0,0,1.03921536132658,0,0.933336532832113,0,0
"ENSMUSG00000043388",0.685805200277335,0,0,2.19229276370595,0,0,0,0,0,0,0
"ENSMUSG00000043391",22.9242241781179,6.86175430484401,20.1940490564573,4.12914725032914,14.8059989524558,23.8451188831072,12.9121122690071,30.7538141950503,10.9607131111189,12.3157596687341,9.05451583292651
"ENSMUSG00000043398",14.3144516284893,5.41800235594805,16.7965348509994,21.7464618765695,10.5715254187548,10.3123142727008,8.21117851740915,14.8361705936935,11.352868251011,21.7237220220927,20.5089091923521
"ENSMUSG00000043410",0,0,0,1.0895783501383,0,0,0,0,0,0,0
"ENSMUSG00000043411",818.535041140107,1105.8312967199,881.172056586103,755.183673602941,661.714858635945,1185.71015589341,771.809603605586,636.161450539272,750.61480510984,903.981089561093,831.38373124367
"ENSMUSG00000043415",63.7445524218355,55.3896201188078,49.8171355188009,64.5421779519511,72.918926914638,54.3723622124502,66.1441240969616,69.8273357373659,34.0388513339304,88.1735431029571,50.9085676125649
"ENSMUSG00000043418",0,1.08064173486522,0,0,0,0,0,0,0,0,0
"ENSMUSG00000043419",9.281360874048,13.8562352013243,9.67714793143667,3.22799375417813,2.00183764376463,3.49519087200795,18.4821041023174,8.35032677835217,5.46278036838077,1.21273263442543,6.06085454695016
"ENSMUSG00000043421",8.61645865910166,10.7109782233892,13.2129395730841,6.47973307219891,18.5938989687111,10.1647261129635,18.2777403861991,4.91920098974643,17.8296256606566,7.42477780491405,10.1734406242698
"ENSMUSG00000043424",96.3618196397304,105.702289168618,93.6132634676417,138.412617780983,91.3638871353852,68.8535487984334,149.724436539881,33.9277076425206,183.322809883768,142.210922313816,191.133914331639
"ENSMUSG00000043429",0,0,0,0,0,0,0,0,0,0,0
"ENSMUSG00000043430",7.58418498187965,0,2.65379041203214,0,3.17208910847903,2.58149025591684,2.04970627298978,0,0.941015166702698,0,4.55315126387609
"ENSMUSG00000043432",64.7231729675532,74.7314497189104,108.936636828106,105.543364507707,74.209981980842,97.8804087778955,112.880325897171,84.5628914289631,54.6380468443657,81.8121039679958,68.4097563013988
"ENSMUSG00000043439",171.532915852387,119.671736543359,168.728699921926,201.199238717822,151.371095356673,219.270975320003,185.989929850024,135.882046722202,192.866837160736,208.812100355333,223.36633155138
"ENSMUSG00000043441",0,0,0,0,0,0,0,0,0,0,0
"ENSMUSG00000043445",4226.73574208397,3899.60531676404,4735.09519036092,4337.92073821492,2695.04557137493,4142.8553616653,4533.52092275244,3592.69930956419,4244.19749172414,3889.41349805165,5330.78184073564
"ENSMUSG00000043448",4.07609658042394,15.2471637797646,14.9864706096665,7.5916829098705,4.23425275159531,6.46897403913796,9.2150336775078,10.8736619299647,18.9589945886422,8.49292543660937,5.70040137196874
"ENSMUSG00000043453",0,0,0,0,0,0,0,0,0,0,0
"ENSMUSG00000043456",0,1.18978961559125,0,0.737844765824247,1.16572301679773,1.41002441114177,0,0,0,0,1.25373026207736
"ENSMUSG00000043458",27.6668205019315,19.4274559795214,36.3786404909134,49.0190826021352,42.3047585292271,20.4967267249334,19.4669057468016,31.5940455833175,48.0770749134302,27.219331912945,43.4296135309886
"ENSMUSG00000043460",0,0,0,0,0,0,0,0,0,0,0
"ENSMUSG00000043461",0,0,0,0,0,0,0,0,0,0,0
"ENSMUSG00000043463",0,4.31499472782567,0,0,0,0,0,1.99193372132425,0.945224471500809,0,0
"ENSMUSG00000043467",18.7398546879182,30.8874791211732,31.3210269514313,17.0427460649328,21.6752533076257,14.6778295866885,18.5317804589997,13.8374392616338,14.7090079725673,54.1151451136685,35.6946812705924
"ENSMUSG00000043468",0,0,0,0,0,0,1.03449724087321,0.98299300035822,0,0,0
"ENSMUSG00000043472",0,0,0,0,0,0,0,0,0,0,0
"ENSMUSG00000043485",0,0,0,0,0,0,0,0,0,0,0
"ENSMUSG00000043487",720.094737949202,588.376931830661,1172.02663084112,1083.83279443998,667.428554409308,617.895145456821,1039.6935491551,803.329618237793,903.816593421442,952.943246078525,987.066919652724
"ENSMUSG00000043496",61.7063918064977,67.164221290935,68.3830008477584,47.7259259689686,73.2106279200683,49.9163055836088,64.5657471408449,59.3574840789156,49.2330312111622,51.6812704774234,62.7562778652313
"ENSMUSG00000043501",24.9749473348549,3.17306971819404,8.78578141706643,4.42150809360962,15.2354773388482,2.56570184832764,3.12266749132119,0,15.6796428331199,6.64166314461776,2.34697197349496
"ENSMUSG00000043505",30.8788530360487,67.9535885017894,17.6612668246284,18.5685523563023,14.8766337363326,50.3554428550526,30.9021624067994,38.1312732816868,29.0332892750791,30.2968347637809,42.2995412938987
"ENSMUSG00000043510",165.201432071367,237.203532888243,258.072375647156,315.233771498103,184.812708553437,207.131592009128,216.016686547388,265.475494563272,286.703426333629,256.8989269122,191.317515676192
"ENSMUSG00000043518",92.1644410426443,88.3991870109461,73.585161608827,101.43574603737,115.515342900322,101.470322841205,60.393703345785,115.493640360437,94.4106188672752,69.4887287395225,97.2221459510693
"ENSMUSG00000043529",0,0,0,0,0,0,0,0,0,0,0
"ENSMUSG00000043531",6.99602654631923,4.27030486115478,1.79686947658889,1.10342753571597,5.17036661799304,2.58820916416459,6.22673963778008,0.985247198076961,5.55190124022251,1.90332958415393,6.72543996932804
"ENSMUSG00000043535",376.278734704525,322.594871570317,372.319802152153,274.46569159857,273.564508141522,211.93270042322,396.758654818906,560.374170709105,677.648904701352,516.368213366434,335.221019251279
"ENSMUSG00000043537",0,0,0,0,0,0,0,0,0,0,0
"ENSMUSG00000043541",15.6876677947409,19.6344584552655,14.5205414091248,16.7711353213048,13.2026221722443,8.05502731986403,16.7113929760656,10.5043021481564,21.8476533737201,17.8250696668567,31.8452997809177
"ENSMUSG00000043542",180.980569544795,129.438117503425,171.133281504724,116.145820994303,282.807091037728,45.9426305928199,220.690548182848,113.9008528167,181.787173909003,188.664098442696,104.413980820434
"ENSMUSG00000043549",0,0,0,0,0,0,0,0,0,0,0
"ENSMUSG00000043556",4.12274624332442,2.16050541999109,7.97742038038265,3.27597809845851,0,5.15882402539001,4.10213919112187,8.8776751149801,5.66533675326949,6.58192375959089,4.57348831541295
"ENSMUSG00000043557",17.1013620048027,10.7463857725172,15.6487541583304,4.85454740153559,30.1768121564304,7.17248946606987,4.57285459959676,3.85883926349637,8.97450714438945,9.55741303683605,4.45508192240225
"ENSMUSG00000043569",0,0,0,0,0,0,0,0,0,0,0
"ENSMUSG00000043572",48.1140230867294,13.5759477138394,36.2556516406833,48.8276290396692,31.9334000471714,43.915641070616,36.4116442401159,56.1559691981941,47.6799041389436,46.1078819875932,32.6362121137497
"ENSMUSG00000043583",0,0,0,0,0,0,0,0,0,0,0
"ENSMUSG00000043587",68.8131997513242,56.196503007881,78.4960846520034,95.5531415129304,80.0159484494613,62.6927314551198,87.2827867818347,90.0484306813908,96.7249443372705,249.969934462711,77.5164163982672
"ENSMUSG00000043592",78.8301321561601,75.8742116685718,80.0309217394602,90.8830829757418,36.0200875256691,147.072830653516,62.3796281778686,43.3702147458453,63.6764641451638,78.7850061240989,144.053944091849
"ENSMUSG00000043602",62.0461099341035,37.4739087785751,38.2092021657142,29.3754950784893,46.4900360155047,40.6326998867441,71.4216255365035,47.6538153798291,54.7498261066577,45.1433057901214,52.8352143663967
"ENSMUSG00000043605",0,0,0,0,0,0,0,0,0,0,0
"ENSMUSG00000043613",403.985585493953,247.639555759759,378.440274983854,109.458615142583,371.539863990553,256.454340286897,305.582892345043,204.961111368845,344.779426732087,182.996229577595,121.36826734087
"ENSMUSG00000043614",6.36668598147114,6.43562716256059,12.0137994637342,11.6110903191677,7.26078331655659,4.67496828810877,7.91041841855557,7.49202407234467,8.02810918165012,8.14333013545695,10.9489460992324
"ENSMUSG00000043621",1.37383401273381,0,0.888460928660593,0,0,0,0,0,0.939997044971492,0,2.30808461967138
"ENSMUSG00000043629",55.3953943182034,91.7816166519762,68.3709624753824,94.8824345869414,52.1089378779316,70.8873794332936,109.747285891436,57.5881423917175,68.6157829957399,83.7230545632232,82.5748785456571
"ENSMUSG00000043631",30.927122649431,25.1399428902898,16.9684555004378,25.1312464383338,37.7553241993919,28.1077676205283,27.7049898339201,34.3770929605183,27.1249589040854,33.8635997978826,22.962290727032
"ENSMUSG00000043633",0,1.07135423498489,0.885418433303151,2.18268139345122,1.05466296130491,0,0,0,0.944680588076206,0.940700860542804,1.14593201595752
"ENSMUSG00000043635",3.10983114891594,8.66849934458872,1.5901446877965,0,8.51436521981864,5.71368254963829,1.82571585880498,2.66567563607825,10.2533183300983,3.35050449952882,2.04690126504039
"ENSMUSG00000043639",321.779583738273,283.979990261823,999.263670302023,415.328556777349,1060.40173293236,253.044004523071,904.433912536295,271.718870362568,780.705528259819,583.171872239808,307.829997025035
"ENSMUSG00000043648",2.01119009522858,4.3041813280239,0.879025876717617,1.0965585268582,2.12799668948932,2.58631119548822,0,4.91661771723755,2.81653767420245,0.962533640499144,1.14816178786791
"ENSMUSG00000043659",0,0,0,0,0,1.28191223901898,0,0,0,0,0
"ENSMUSG00000043664",9.3694198000391,14.0080089093435,19.3505394961309,21.816060221513,16.0597519432779,23.2128011606828,10.3115807427672,25.4886690073426,15.9777826882668,29.6457405749998,10.369031403883
"ENSMUSG00000043668",0,0.876691535999869,26.0846585450974,4.44932619062224,8.59870312457936,2.47949268343827,21.2963760846271,4.84635519436885,7.97873166710897,8.74507863329933,3.72747983952395
"ENSMUSG00000043670",0,0,0,0,0,0,0,0,0,0,0
"ENSMUSG00000043671",78.4342442103254,93.0861415186345,109.844114723398,120.594429704954,102.028347321408,93.8558022515482,95.0488169383228,109.317362547915,120.04306761277,113.60952824467,100.467474160794
"ENSMUSG00000043673",16.6901540449834,4.2805535155453,16.8737228304123,5.44332680167899,8.44990320606164,3.81673492740323,19.376037141323,2.98103093927586,19.8444219416701,5.64181462544494,10.3377483066355
"ENSMUSG00000043681",0,2.12293225971432,0,0,35.2302453378318,0,0,0,2.73152042933932,0,1.15247290324572
"ENSMUSG00000043683",613.959129660824,416.37549195314,431.224060819204,461.366388421551,391.605088082643,568.523942629498,451.567962908929,461.361206666737,486.763367413617,457.972681558314,655.48613654319
"ENSMUSG00000043687",12.3322272706076,12.109020260447,13.8486201708333,6.21286219366678,12.2174115565797,9.90455082022552,8.34830086521524,7.76073262530803,13.2161342568403,7.40302130196928,4.71705430207435
"ENSMUSG00000043692",0,0,0,0,0,0,0,0,0,0,0
"ENSMUSG00000043698",0,0,0,0,0,0,0,0,0,0,0
"ENSMUSG00000043702",248.393905586306,186.68500526445,178.251052976048,151.587462610751,176.186817396945,200.488993240294,187.788040847947,173.492585133319,203.341898895764,197.431334568706,264.090223817362
"ENSMUSG00000043705",0,0,0,0,0,0,0,0,0,0,0
"ENSMUSG00000043715",0,0,0,0,0,0,0,0,0,0,0
"ENSMUSG00000043716",12813.1703062073,14975.7467693654,14065.9836994167,15338.2586668734,13744.9415766493,14058.6906959963,13415.6388532522,13781.5957096388,14133.5759513923,12053.201854124,13141.2340583068
"ENSMUSG00000043719",28.3759870160649,30.2081353666328,13.311957934066,8.70829070972019,11.5975827471581,17.9824098811369,18.3712595576258,16.8660840115268,17.9967934299078,9.34889705614822,12.5584992100214
"ENSMUSG00000043727",2.77068012114251,1.07153936964024,5.32320707964047,3.27267756567614,8.46864884991645,1.27109096017469,1.02582278443703,6.92080321786942,7.51982725413002,2.8331580377243,4.59644844065739
"ENSMUSG00000043733",517.830427642542,376.667572803502,452.273278875182,495.216518742719,548.227832130697,373.060499500125,447.963286897282,481.826883133585,457.311297498931,460.00197062011,610.457729084821
"ENSMUSG00000043740",3.43173231243333,2.14128764593631,0,0,0,7.70729045228481,0,0.993411764050732,0.944379406035536,0,1.1567314088999
"ENSMUSG00000043747",14.9873818234703,19.9810262190703,10.2800048019237,5.83262149358047,12.8138082060174,13.8182154494553,21.0302984093551,10.5468974664389,12.6275619160204,5.0201825094712,25.198877640942
"ENSMUSG00000043753",0,3.24442100052203,0,0,0,0,1.02229155586432,0,0.948057845733672,0,0
"ENSMUSG00000043760",1.37987853529677,0,0,0,0,0,0,0,0,0,0
"ENSMUSG00000043782",2357.75312419778,2387.43841396516,2096.187169599,2348.30418654697,1730.91181614131,3115.73201107412,2456.51854375611,2244.65368107656,2173.74144709443,2277.52183965868,2892.38813345136
"ENSMUSG00000043787",0,0,0,0,0,0,0,0,0,0,0
"ENSMUSG00000043789",1.38466367220319,0,0.886577125755857,0,1.05880930880362,0,0,0,1.88382534035893,2.79966351594003,0
"ENSMUSG00000043795",41.0945458841432,0,0,1.08717715270393,7.42063976644313,0,0,0,0,1.87436291577957,0
"ENSMUSG00000043807",1.9724670392053,0,0,3.34327264632235,3.06775470826787,0.928523861981248,1.49421839602703,1.46517765525543,2.79501629099766,0.694771052375437,3.33788803542203
"ENSMUSG00000043811",13.0903777518553,23.7677114385319,13.3170483506296,6.52790502113614,9.59171009953576,5.11753916477066,15.3835616845374,8.83944059160788,12.2389934097235,10.3396145268611,14.8773011640603
"ENSMUSG00000043822",29.0555157599443,12.2667167445776,25.0193417108919,27.4888039884932,44.4514594898547,31.0025215066822,5.98931938634107,28.5018937509257,33.9355511891567,54.3580688846755,29.5747082345598
"ENSMUSG00000043827",1.37987853529677,0,0,0,0,0,0,0,0,0,0
"ENSMUSG00000043831",27.0599759350935,60.921047894471,31.6893420071862,80.6093558146689,55.2063980060201,67.3330868857517,68.9070680428619,73.2570758063314,61.0619889312403,34.8788159077114,41.3597120268247
"ENSMUSG00000043832",26.2996583844078,20.0518779040557,11.3949680260779,10.2669644285993,19.2819307367775,30.9969623733737,4.87776396136864,13.4200397073725,17.8151468711127,12.2322100335774,13.7831967689478
"ENSMUSG00000043843",0,1.08064173486522,0,0,0,0,0,0,0,0,0
"ENSMUSG00000043850",0,0,0,0,0,0,0,0,0,0,0
"ENSMUSG00000043855",0,0,0,0,0,0,0,0,0,0,0
"ENSMUSG00000043857",0,0,0,0,0,0,0,0.99260660993637,0,0,0
"ENSMUSG00000043865",0,0,0,0,0,0,0,0,0,0,0
"ENSMUSG00000043866",736.085915955616,849.197722295912,740.68602721633,783.438455008169,680.470801986026,805.740450066144,839.043072010381,765.019734185265,709.067318847673,739.21100086998,680.694614430487
"ENSMUSG00000043872",69.583245668146,56.8692580702493,239.703140844802,47.9334598630255,201.093693304074,174.107651446365,73.9803856279405,149.135768756023,130.561088027603,196.858941139629,92.8551271968236
"ENSMUSG00000043873",1.71601395631784,1.21917998319232,0,0,0,1.58920989586859,2.57290490400323,0.562701471247788,0,2.38719051405701,1.44515986584555
"ENSMUSG00000043880",0,0,0,0,0,0,0,0,0,0,0
"ENSMUSG00000043881",92.4052108585349,88.7414033214655,86.0011824905504,88.5250913068886,57.0970916129408,66.6027164582005,81.5791635236373,71.8215472966892,93.8532288483399,77.4885161578405,76.4927061717427
"ENSMUSG00000043885",71.3932549767464,33.7634051091037,73.4051605611462,45.8632728079928,85.4853516193759,26.746249277077,56.8602006040029,34.762175111786,61.6597548824668,42.4248996189369,69.2476442158578
"ENSMUSG00000043892",0,0,0,0,0,0,0,0,0,0,0
"ENSMUSG00000043895",237.787074553634,161.9831997928,198.011783049405,185.524240079057,182.515510358312,219.461379204871,169.699519761784,196.924233020031,213.051345948747,240.751853034129,234.099278231029
"ENSMUSG00000043897",0,0,0,0,0,0,0,0,0,0,0
"ENSMUSG00000043903",9.30058035666123,35.6299758865605,65.2469537046577,79.1367775424898,43.6323515952591,19.9704772267122,35.595417189903,34.7897215696528,53.9828096473519,11.4461293538123,13.9937061193691
"ENSMUSG00000043909",641.977134779747,707.471021710542,527.311511336834,536.576073671446,570.506391599308,581.769883084384,428.624095331748,488.821511037397,436.145023844605,382.98800013199,414.484032557534
"ENSMUSG00000043911",0,0,0,0,0,0,0,0,0,0,0
"ENSMUSG00000043913",0.687648723450533,3.24331460210876,0,0,0,0,2.05490018184556,0,0,0,0
"ENSMUSG00000043923",189.058860993152,230.433300631774,207.524494130237,162.802202877784,179.217160614561,240.873492040419,184.271377246751,288.017972532765,226.452213990733,199.303512292157,276.029404036524
"ENSMUSG00000043924",2.97528162766349,0,0,1.91353856013516,0.638782517442514,1.05828757429518,0,0,0,0.739192889292071,0
"ENSMUSG00000043925",0,0,0,0,0,0,0,0,0,0,0
"ENSMUSG00000043929",49.6954170303298,26.4771438002745,53.8069907397527,36.1901745101959,26.4532348489869,25.3520724079921,39.2968807081182,27.8814253663709,27.8029731185387,45.7255857250957,37.5213214778217
"ENSMUSG00000043931",21.9035878584388,74.8157372348456,9.73174991235708,5.47960875641693,7.40244843080624,39.5899929302038,15.4296840007652,2.96179472729087,18.7626007723841,19.9874423719728,11.5122568722844
"ENSMUSG00000043932",0.669826476851055,0,0.894717423729031,0,0,1.3102444957669,0,0.98075912129538,0,0,1.15537282902238
"ENSMUSG00000043939",0,0,0,0,0,0,0,0,0,1.8727338905821,0
"ENSMUSG00000043940",533.723835177844,325.724411548653,444.784598134334,463.876343163045,453.002246932445,361.897728190826,443.329939991514,522.012319774947,435.515421835967,445.090828871671,475.943214139927
"ENSMUSG00000043943",12.8953867606378,15.3858686212634,8.88759378097365,14.2784477907514,20.8723027952733,7.71295145815954,6.23457107049756,17.5966642898929,10.2162074802551,12.3403171769392,3.42942868924098
"ENSMUSG00000043945",0,0,0,0,0,0,0,0,0,0,0
"ENSMUSG00000043948",1.38055197905011,1.06537649899144,1.77151803993269,1.09204653683524,0,0,0,1.98300526161449,3.76904292932426,0.946443342511758,1.15189280916282
"ENSMUSG00000043953",105.687942020148,48.8953057831511,42.05373357594,57.3058214411345,70.9450225472512,44.497811950001,38.2422600319478,59.2930229050947,44.1071528816305,52.1107276890811,32.1533731475215
"ENSMUSG00000043962",3783.03745697788,5831.80264950332,1551.26379411677,5257.89135697331,2435.04373933009,1580.61835963481,2929.81855604765,1975.45047529464,2186.00027785241,1872.54578530704,4088.86197206946
"ENSMUSG00000043964",162.602813284534,179.487716265152,183.695246327193,192.057494772543,129.413893883417,149.710783785171,170.8507577543,179.089645911477,178.861209947737,172.168241567983,164.374419950919
"ENSMUSG00000043969",3.36920048938975,1.07444090276762,0,2.17862034143231,3.18316739986375,1.28746540079325,0,0,0,1.90241622901042,0
"ENSMUSG00000043972",0,0,0,0,0,0,0,0,0,0,0
"ENSMUSG00000043982",0,0,0,0,0,0,0,0,0,0,0
"ENSMUSG00000043986",0,0,0.88881509859529,0,0,0,0,0.992490889818384,0,0,0
"ENSMUSG00000043987",636.403621396982,636.82302061599,614.519075613806,599.989647499933,638.392557038826,775.468168234693,578.743231008199,808.562157739658,647.649817757357,674.415089470579,783.86006732899
"ENSMUSG00000043991",159.476654885397,184.58033239416,143.052634883975,187.337694155219,142.418055736944,182.763403452293,174.908462253365,159.462201601553,168.663635211894,161.439042337609,170.606771382267
"ENSMUSG00000043998",1020.99264693763,951.794791193794,930.702851923422,1081.87676042856,700.303811446955,1068.78460551571,921.691207737013,759.955566372105,894.58127120895,776.484014468351,1335.20783148062
"ENSMUSG00000043999",2.06360584558807,3.22944758716745,0.88642899586901,3.28122748636757,3.16784509170491,1.27634936801935,2.0604592300977,4.93416616177578,13.1410013366902,3.7829464440934,1.14516432106219
"ENSMUSG00000044005",0.687259184904686,0,11.4571070104941,7.45296977436747,10.9185332976535,0.642876009672105,0.51107423975737,2.46889085603633,1.41526303081486,1.87757302398046,11.5777912770809
"ENSMUSG00000044006",4.10150269500869,1.09530247846541,3.53523808204158,2.16697432823678,0,0,5.11822089414911,1.98853005893177,1.90503685924996,0,0
"ENSMUSG00000044014",0,0,0,0,0,0,0,0.992606609936369,0,0,0
"ENSMUSG00000044017",13.04842716277,12.9752164536219,15.0671384738647,13.1229238481827,28.493841549452,7.77985324549911,2.04891515341891,15.8763492839859,22.7616144914496,9.3885357607902,30.288159961805
"ENSMUSG00000044018",134.3443854518,148.418311127277,155.178390692828,132.69076002575,148.036240788185,131.938224567466,138.834788194025,148.012523947125,141.320217954741,135.371804531292,158.314600376345
"ENSMUSG00000044021",0.689939267648385,0,0,0,0,0,0,0,0,0,0
"ENSMUSG00000044022",5.45900993066492,2.17955323357101,3.55188031286964,2.18839272969142,1.05207449298948,3.85189082241479,2.07005704681224,2.94352422089977,1.87197654915079,4.73058295201055,4.55713674172688
"ENSMUSG00000044024",91.1741744690312,124.889719557602,133.702751813466,128.340419882298,97.2704378319981,239.248331854667,149.626065402034,160.751692555199,122.324938085009,164.968398249635,96.296673565166
"ENSMUSG00000044025",0,0,0,0,0,0,0,0,0,0,0
"ENSMUSG00000044026",25.108190231904,13.9816077092064,19.4225298675295,15.3832548096222,18.029716200835,15.3681429014125,19.7305265365413,29.3989776583042,11.1942402583979,21.9568622746638,9.17967370608492
"ENSMUSG00000044029",0,0,0,0,0,0,0,0,0,0,0
"ENSMUSG00000044030",544.871303054022,534.64714698045,529.101974692354,475.110638455081,472.229565086441,543.070249439588,584.255318576688,528.672070962397,456.186617837977,609.933125219932,516.992959265658
"ENSMUSG00000044033",74.5280676600324,41.7368617911131,228.862739960459,207.813123290413,32.6579730600325,28.7908808813114,64.4612048011929,43.8559979622537,32.3008166777378,72.5177116939381,33.6100902158824
"ENSMUSG00000044034",1.46065742892797,0,0,0.942935399267458,0,0,0,0,1.00218693513477,0.862911746892089,2.55240233557587
"ENSMUSG00000044037",344.567027582572,392.83693891364,388.752341631805,355.384368305202,445.748115817667,421.819652795403,224.802636734192,363.638669937906,346.790592431112,542.708496235846,278.865700333173
"ENSMUSG00000044039",0,0,0,0,0,0,0,0,0,0,0
"ENSMUSG00000044040",0,0,0,0,0,0,0,0,0,0,0
"ENSMUSG00000044041",0,0,0,0,0,5.16373688112536,0,0,1.88029244179312,0,0
"ENSMUSG00000044042",84.6218518882227,52.035934648004,98.3309509999193,42.1981213407085,96.6881596728708,49.6163162472897,102.051453964919,64.3833772680747,62.8481422011947,54.5492401036596,49.4172844322292
"ENSMUSG00000044043",50.8690748885289,36.7980720532454,55.0228664670034,58.9703749582565,58.0998722931995,34.5756110801595,40.1554177131501,41.3746707773777,62.0503255940036,61.2354194469226,46.7897879785393
"ENSMUSG00000044052",53.8446993324852,85.0743303274695,35.4547631851021,25.0453218571019,30.9113350313238,55.0166756180809,26.750212701264,41.341489274179,43.315938388267,28.3981964200653,5.73288910563461
"ENSMUSG00000044055",0.689939267648385,0,0,0,0,0,0,0,0,0,0
"ENSMUSG00000044056",1.55799451019736,1.57130807985714,0,0,1.28029535652011,0,0,0,0,0,0
"ENSMUSG00000044061",0,0,0,0,0,0,0,0,0,0,0
"ENSMUSG00000044066",184.012218701864,199.897606788022,179.488834097567,158.059767090724,196.357200012055,218.169435192013,229.838936189295,262.072445733855,207.884611552402,241.88575908459,196.63858517527
"ENSMUSG00000044067",0,0,0,0,0,0,0,0,0,0,0
"ENSMUSG00000044068",247.57999275674,244.194001263479,246.529610240653,265.292382768075,261.590428789752,306.346340493615,255.691666739119,314.143440510284,307.067071076199,296.060847624131,239.126156522546
"ENSMUSG00000044071",0,0,0,0,0,0,0,0,0,0,0
"ENSMUSG00000044072",13.6279188910178,13.3161651842215,12.4123854800693,15.2610302547897,104.007018295301,9.46349151300534,9.29021424327627,8.95721955928376,7.75169158011527,8.5072242750421,10.3370459775884
"ENSMUSG00000044080",529.615125442627,590.208774400912,613.656171530042,530.311980326633,452.338149091679,531.663404212461,548.374985913513,538.369552854279,466.944351597952,450.829605135884,503.373304548812
"ENSMUSG00000044083",1.02088503146015,3.17208648870542,5.23192470096775,8.01932478727443,5.43623835794794,33.5058371207188,3.75585034346343,4.39148130207426,2.09368754104809,3.44612389258029,19.1666573573245
"ENSMUSG00000044084",0,0,0,0,0,0,0,0,0,0,0
"ENSMUSG00000044086",64.7355815363582,1.07971062265125,2.65382952759218,12.0545573499655,45.1577580638432,2.56887270854554,1.03269383278302,0.984837090237862,0,6.62976801940325,1.13974796559411
"ENSMUSG00000044092",18.6011786064895,7.5661640906225,11.4964256422545,10.9034527827255,9.56418169942217,12.8949206756609,12.3456422317447,8.8004297527121,12.1856639208692,10.3818750100856,10.2777444416877
"ENSMUSG00000044098",145.708555805678,128.604235156186,164.151882584854,140.843797411942,136.368832774595,66.1597922697385,225.164932298815,94.1506370890091,116.834963180981,184.502552245864,137.072391147766
"ENSMUSG00000044103",0,1.05905319291761,0.877408762319021,4.40067677703151,6.36703315723324,11.5184617327252,1.0383691874368,2.92909912116085,1.85569781923285,4.81860421603514,1.15153981907623
"ENSMUSG00000044106",0,0,0,0,0,0,0,0,0,0,0
"ENSMUSG00000044117",0,0,0,0,0,0,0,0,0,0,0
"ENSMUSG00000044120",0,0,0,0,0,0,0,0,0,0,0
"ENSMUSG00000044121",0,0,0,0,0,0,0,0,0,0,0
"ENSMUSG00000044122",95.4745470638432,98.1817852667325,137.741229333112,76.9723657396839,106.675186380939,75.5053577992653,76.9157925262475,75.5338705746434,57.7866434492488,77.1153596530142,39.2328893227295
"ENSMUSG00000044134",100.533771557237,113.235098724059,140.055775624517,131.877775580247,176.824693435736,101.241363331926,158.204125981935,97.6296936503514,120.182762403419,134.088957533969,93.1669641258839
"ENSMUSG00000044139",46.9531778632613,110.089073999993,81.6964401125656,82.5555218031596,65.0009258031835,156.776357212542,104.268849477123,124.390376331465,95.0387829112803,104.811365227575,62.8852125394294
"ENSMUSG00000044145",0.67181300898481,0,0,2.21903481519001,1.0701890460055,0,0,0,0.937675066090744,0,0
"ENSMUSG00000044147",967.654379507965,755.976437928459,1019.94691905529,1025.07220761395,876.360429712832,806.806883938406,1122.64842383667,752.990100027533,748.268560865994,1070.02854896307,863.019641906675
"ENSMUSG00000044148",140.57521793973,134.659772229842,127.509000266406,134.246727624563,156.530108035359,124.80287376294,131.989524667955,128.130325089903,155.459393777745,129.969835622568,169.313997732807
"ENSMUSG00000044149",77.692762107114,94.0155121042642,72.0562873109304,84.9944361081315,54.5920873115197,102.812671434048,95.911175410262,94.5528757637307,64.3966058614579,90.1960096723177,108.172369076506
"ENSMUSG00000044150",79.8141119813834,46.6036744112206,38.4854949399578,44.5179246503351,50.9050179042521,10.9953724634868,76.7189851861441,460.935083744891,14.9028959278479,49.153218581194,85.7977763137962
"ENSMUSG00000044155",24.4441242471583,37.6375492888959,32.7215652687775,27.5736366711294,31.9534963453285,22.9616110349044,18.3504475589089,37.8803591467649,22.2343677089331,30.6421140484871,10.5722924310628
"ENSMUSG00000044156",14.5490515167787,23.0518395275635,15.4540790918984,19.1632915129812,24.4066368305023,23.5727013426832,26.1718920367184,28.5702190889105,13.5754515891124,22.1641590293362,16.5941963304931
"ENSMUSG00000044162",4.95252195547388,3.70623037351571,1.36431381366198,2.54010136835501,8.54729168192419,4.43920379709195,2.38833466585308,2.83558756881508,1.08235728348392,2.79771821645407,0
"ENSMUSG00000044164",0.675044107668543,0,0.887395832683415,0,0,0,0,0,0.950410902558335,0,1.16286654637477
"ENSMUSG00000044165",2216.58570493496,1657.64878631605,1893.95395891358,1295.13683483528,1746.57186493024,825.884520386231,2030.84825636342,886.527075984436,2206.51338570856,863.558280809538,1782.13271532386
"ENSMUSG00000044167",500.198739231171,647.928113598149,784.810429830521,812.614124989702,409.854537612331,578.786017219714,488.355175283502,758.005672412616,730.717286070969,817.183987825706,698.982540801881
"ENSMUSG00000044170",0,0,0,0,0,0,0,0,0,0,0
"ENSMUSG00000044172",0.309304900776393,0.486030384402524,0,0,0,0,0,0,0,4.6439598074041,0
"ENSMUSG00000044176",0,1.21261874780943,0,0,0,0,2.14974401183933,0,1.37963079779366,0,0.664751908901182
"ENSMUSG00000044177",10.3925420854935,4.3371751810715,4.43279303981693,5.43670169153963,3.18479895965524,2.57426239473409,2.0516619966893,2.94025524208641,1.88033356689761,6.56594618104061,2.27956602835063
"ENSMUSG00000044186",0,0,0,0,0,0,0,0,0,0,0
"ENSMUSG00000044197",205.852306051295,202.704876965219,255.94968262135,360.315583769579,311.081174564301,229.503351792117,202.788191708364,317.827804153767,363.641601442631,306.06261354794,330.504354910757
"ENSMUSG00000044199",41.0222069003899,103.351139103792,28.4149810972007,38.1064025159131,35.260014363378,122.397018330097,40.0481773905378,37.3935990208931,36.7416512604876,37.7506402572439,35.5929698136836
"ENSMUSG00000044201",4.12681221006393,2.1474630749071,1.77233941287736,0,2.11741210271658,10.2047511083713,2.06114662322217,2.95996528693325,3.75295943667862,2.84359748795021,2.29669137137612
"ENSMUSG00000044205",0,0,0,0,0,0,0,0,0,0,0
"ENSMUSG00000044206",0.687090766479574,0,0,0,0,0,0,0.996721701022603,0,0,0
"ENSMUSG00000044213",0,0,0,0,0,0,0,0,0,0,0
"ENSMUSG00000044216",0,0,0,0,0,0,0,0,0,0,0
"ENSMUSG00000044217",7.15379825723296,8.33092723941628,40.7609806262758,10.412636185878,20.1451497964075,12.0873641780686,35.6506474580762,7.71600792978057,11.2410188881113,18.1001724816749,50.2086843708159
"ENSMUSG00000044220",0,0,0,0,0,0,0,0,0,0,0
"ENSMUSG00000044221",783.819391173944,737.726364988999,891.456515011451,957.422006383035,784.334772556817,737.222841571848,845.505119915442,862.514976078887,959.31135901156,875.555053813741,808.594239422919
"ENSMUSG00000044222",0,0,0,0,0,0,0,0,0,0,0
"ENSMUSG00000044224",866.936909888359,925.796506920552,906.95580458272,951.40846433728,912.434371329177,1037.52132860281,1017.81478994482,933.624233994301,859.79372320128,883.380826864243,963.997625233209
"ENSMUSG00000044227",0,0,0,0,0,0,0,0,0,0,0
"ENSMUSG00000044229",11.3566086280061,14.9303022089526,12.125122792909,7.09590884661908,17.6015545811122,1.63055114598356,13.38270584413,8.19561126284767,13.0084616124257,8.94485908928065,11.6479597414459
"ENSMUSG00000044231",37.6394787072758,37.9711227529038,30.038680586664,27.1763287658766,31.8462880605283,33.611912410233,36.8921604510179,25.5624875946315,41.5125082930799,26.3591084870199,29.6918015202176
"ENSMUSG00000044243",0,0,0,0,0,0,0,0,0,0,0
"ENSMUSG00000044244",19.0961157763505,25.8266276187777,23.815678760813,25.1797476826294,30.7144047397211,10.3593430713054,9.26087907505049,18.6664537359468,23.4887373684892,18.9439022294342,28.5897552933186
"ENSMUSG00000044248",0,0,0,0,0,0,0,0,0,0,0
"ENSMUSG00000044249",0,0,0,0,0,0,0,0,0,0,0
"ENSMUSG00000044250",243.368695216478,309.547128266681,167.900002063781,243.367730445369,358.833228763457,484.085501459653,254.918818058621,297.62107436499,226.301602768081,289.612105645658,149.499900287509
"ENSMUSG00000044252",1848.89982866706,2561.6990456372,1862.68570282483,3156.98810673486,1705.32252976542,2325.88842242766,2299.79395500831,2793.08268318249,2799.03013931964,2403.0930858928,3342.64793332485
"ENSMUSG00000044254",2.06930770175885,0,1.78034280511739,4.34544344215366,2.13396805564993,1.27390792696434,2.04600532583795,1.97043757561031,2.83325715449487,0.936199350301355,1.14532360972699
"ENSMUSG00000044258",185.724660629495,211.114893688626,315.698467969937,198.201263246364,319.454693435606,203.648622602512,275.515170700981,212.704978692149,281.267060840658,311.954765870883,337.257994237623
"ENSMUSG00000044265",0,0,0,0,0,0,0,0,0,0,0
"ENSMUSG00000044279",186.033612536978,171.178848722449,226.298649818208,252.748799089498,271.51415976056,208.299766225557,251.674875959808,181.846147909642,203.252509453389,305.011351521183,170.162597656517
"ENSMUSG00000044286",0,0,0,0,0,0,0,0,0,0,0
"ENSMUSG00000044287",0,0,0,0,0,0,2.0489558229588,0,0,0,0
"ENSMUSG00000044288",2.74344607280656,2.14369952549775,3.54088086408366,1.09346479723801,2.10996938627294,1.28497959579754,2.0448224141689,0,0.945981947330945,1.88349890019569,1.14659525377428
"ENSMUSG00000044292",0,0,0,0,0,0,0,0,0,0,0
"ENSMUSG00000044293",0,0,0,0,0,0,0,0,0,0,0
"ENSMUSG00000044294",0,0,0,0,0,0,0,0,0,0,0
"ENSMUSG00000044296",10.945224139724,22.773158905495,25.6639279356358,16.0733590680211,12.1965817570742,11.068647710935,20.7090058800983,24.853409180534,12.7315406588921,17.2281433980304,18.1280466597616
"ENSMUSG00000044303",4.63877647526346,1.05728542732443,8.03026536277437,0,0,0,8.40237406237567,0.990751026698161,0.920026544275438,0.984359071779967,1.15633292854613
"ENSMUSG00000044308",1699.04015522435,1164.19770956856,1425.21336521567,1438.44743592128,1390.27892681712,1407.60062261803,1560.16710128068,1538.46188469756,1573.55713996299,1286.21410753719,1569.96904062175
"ENSMUSG00000044309",16.0363990203654,247.394233260275,2.36632862287553,4.39158726715806,0.707259887398023,159.620813545007,0.68721869997526,2.64187115937387,0,30.4061301215332,42.338835142803
"ENSMUSG00000044312",0,0,0,0,0,0,0,0,0,0,0
"ENSMUSG00000044313",1.37798785426905,5.39662357205563,0.884608735895036,2.17757989330874,0,1.28655345585199,0,0,0,1.88085597399963,0
"ENSMUSG00000044317",28.8824385187841,53.9359189761579,38.1081434021333,49.0520939895216,37.316222475849,32.0478581485452,60.6118894732397,37.2325237591611,28.17325053302,45.2674731693007,57.264958135852
"ENSMUSG00000044320",200.692001717232,215.600945943803,210.465846846759,244.733079045935,165.951668259656,226.771338713945,232.73392898914,281.876524267721,225.234710009314,202.522342845659,209.247825577931
"ENSMUSG00000044322",0,0,0,0,1.05095675570363,0,0,0,0,0,0
"ENSMUSG00000044328",74.6699485722674,131.240069247419,120.896539507895,79.5137742173121,96.4021135395949,134.776461290418,107.696054412011,104.210508044275,83.8194216972081,105.526645357847,88.5529729565835
"ENSMUSG00000044337",397.900258918406,271.440757242357,367.700855826085,441.83051733004,484.14654112642,234.337504537741,423.325446614993,372.523126403637,450.316233361842,513.941640060442,393.73798446655
"ENSMUSG00000044338",48.0724199484153,23.7033577299329,67.2019352088007,25.91580810621,49.2176179680279,16.5967640078935,45.3435341893383,35.5986110123792,72.1945167516932,43.2234451911682,14.5796090116376
"ENSMUSG00000044339",279.916695639097,173.136911744174,74.3622462037173,313.422869286292,76.8776606042738,45.9740151837001,70.7347796779321,177.483454912741,72.5516519304277,485.989597392117,56.1372182650763
"ENSMUSG00000044340",558.203387099916,512.617332237231,660.882262333745,669.981048398088,586.92172550925,547.184745083675,542.498070716252,594.145507596632,657.406223037622,767.624353942129,512.087322664077
"ENSMUSG00000044345",166.746834380525,164.9528569785,193.149981110207,206.260194356882,158.656067794769,178.152084695641,325.557944047681,116.543530969541,370.281026848606,147.031525548527,253.097843876394
"ENSMUSG00000044348",7.75906992319575,13.5196546567986,13.8868667539801,7.11830155622186,12.2690446336378,14.9879433463543,2.55869974033001,12.4618121903776,14.8740188075864,4.61019993562954,8.40196018112068
"ENSMUSG00000044349",12.0179176270575,3.25597462516801,8.86944286931035,3.25359786196079,12.3361629127135,7.68375105946115,10.1208037513986,4.82914077517299,12.9998208364747,6.19221637500304,7.05002254035992
"ENSMUSG00000044350",81.3080429855254,89.2657684364009,68.1146138896779,84.4780777469769,79.4254769557817,74.0297225966975,88.0764771653467,91.3347752074577,50.4229495818694,54.2432147564744,42.4452871442742
"ENSMUSG00000044352",7.47078986945835,5.4824478861496,3.52216563342614,4.32044402075498,4.24169794282852,12.9913705228865,3.05843838910569,4.94053513685419,7.60805407389657,2.81635720146584,7.97690188131562
"ENSMUSG00000044359",0,0,0,0,0,2.56382447803796,0,0,0,0,0
"ENSMUSG00000044361",0.797495901269426,0.97020280332654,1.58850082902778,3.88770351266605,0,1.47817729368019,0,0.878489581808932,0.842717484679687,1.08011048860935,1.3155811543428
"ENSMUSG00000044362",0.681704033871449,2.15029143814387,3.53040130983191,2.18745606286937,6.34569736429651,1.29242404388303,2.05192596441204,0,1.88314972877831,3.77270889038947,2.28666858478467
"ENSMUSG00000044364",0,0,1.77619312694895,0,0,0,1.03846136395744,0.979918639982384,0,0,0
"ENSMUSG00000044365",37.1168060103941,49.0797695905245,41.4132270422978,41.5749427044628,54.8188597552925,30.9461189669023,46.6331829651487,41.1142640945671,52.4896790921196,60.4629490564463,35.1173749309631
"ENSMUSG00000044367",43.2547774481354,7.99405863884203,33.3309863462534,5.59215552130072,42.0198529682008,7.99238269919784,22.7471611490949,6.71722631141598,4.2944640026041,20.8683397590223,7.85738893028544
"ENSMUSG00000044375",0,0,0,0,0,0,0,0,0,0,0
"ENSMUSG00000044378",15.4547890928626,3.10192621100792,34.6076383235517,28.1464114372027,65.6612256209792,40.7872486068436,7.51310840531984,1.71629740632787,9.53733178431297,18.8862858263627,4.54378647481259
"ENSMUSG00000044390",14.4436044222238,16.2178902625895,16.8023002412626,19.6332994449429,6.34948184974907,15.5182322742372,21.5590453936114,23.5863784922,11.2928007707961,13.1720749090163,14.8249476941156
"ENSMUSG00000044393",307.429994691637,271.948566378672,259.948501459842,348.933897223103,322.918717739795,213.854783073268,351.26237535592,324.822468441573,287.948133421492,271.57558907851,332.652815707729
"ENSMUSG00000044400",0,0,0,0,0,0,0,0,0,0,0
"ENSMUSG00000044405",197.056332091889,178.01272931756,236.113862264664,166.926484611216,242.089443436413,143.53541105557,323.408774692617,164.037178641816,202.8419661623,156.022850389644,192.909250055438
"ENSMUSG00000044408",125.022257873025,196.695700582629,286.095714955237,175.931091121169,396.68954736713,155.726665215815,326.828850078052,189.413950062285,277.831257075401,282.225972026111,151.242094919276
"ENSMUSG00000044429",0,0,0,0,0,0,0,0,0,0,0
"ENSMUSG00000044430",0,0,0,0,0,0,0,0,0,0,0
"ENSMUSG00000044433",1824.00449531239,2006.7282123365,2132.20209014972,2088.45268902415,1926.75528641737,1890.47906940671,2203.16768599898,2206.58964359782,2075.00249106173,2710.12072871071,2212.8631029112
"ENSMUSG00000044441",0,0,0,0,0,0,0,0,0,0,0
"ENSMUSG00000044442",86.478262008294,73.403402830677,69.1408442457032,45.4055084365972,75.3561678760226,80.5987193129968,50.0902568496659,55.1238758504229,63.7699202150339,47.1344688375368,75.6549028218856
"ENSMUSG00000044444",0,0,0,0,0,0,0,0,0,0,0
"ENSMUSG00000044447",263.394558555694,238.661483751464,234.251280348423,290.298776456652,276.120952161619,213.923100573279,249.417309982546,336.415421956112,273.368923442251,315.651005021,274.132485210247
"ENSMUSG00000044452",188.615243455006,44.3752463363404,169.189355256046,102.389561399327,163.802472857614,118.298051130592,126.499494343351,102.508190740388,178.022909230155,162.449730524064,206.24100281683
"ENSMUSG00000044453",2.7367502863625,10.7835711301899,0,0,0,11.5251138836242,0,0.986745657383572,0,2.85857543529731,0
"ENSMUSG00000044454",0,0,0,0,0,0,0,0,0,0,0
"ENSMUSG00000044456",151.269344902155,114.740255682188,79.0324190721484,103.96474903994,83.5129372940811,144.196962383545,86.6196980516432,90.3118711859155,78.6447271954752,98.8907296619368,81.1715580642542
"ENSMUSG00000044461",24.4682218367592,3.23902679447513,3.52958318884034,6.53944890644543,4.25964185563838,2.57648201226979,8.22469204540675,4.91004145098785,4.70516801049167,0.948176338918655,3.43973873715877
"ENSMUSG00000044465",7864.11662893501,13253.6991936479,7423.21708969299,10798.7317233536,5082.23679296787,18197.6262066626,7540.46870604125,15521.7804195699,10172.1154279209,7965.69683673271,14805.3139371762
"ENSMUSG00000044468",1218.86946044773,1476.2110122056,996.253187488872,1372.8495005835,734.747327611486,1234.74327188813,1356.16574830514,1447.45136628289,1597.05415865379,1099.7088941376,1739.62809040781
"ENSMUSG00000044469",26.0157295984599,18.0975302616774,10.5923871169501,12.0837008640106,10.8262693345075,22.9578662451274,5.19464159581565,5.83800894522518,13.9576758855647,14.4219390793613,16.2807790460118
"ENSMUSG00000044475",172.369648505998,205.030959507452,217.242501905132,230.197526755626,176.63867070036,211.240184456976,191.20256169267,187.39932121481,209.233497080412,188.99988627866,179.490787145294
"ENSMUSG00000044477",293.404362263515,263.857228596251,266.319762985666,308.82965322104,246.436173042808,266.692752937063,248.897932752867,259.218661034989,280.599275105588,291.639525341869,234.937840709014
"ENSMUSG00000044485",18.8766060869885,40.4111981289574,26.4122335993622,23.1199953788051,15.8996363706327,36.1197975497288,11.3205068060092,24.7068161804654,18.802292623609,11.4503960476753,18.4556949841341
"ENSMUSG00000044487",0,0,0,0,0,0,0,0,0,0,0
"ENSMUSG00000044496",1031.05878013658,933.927496440295,1014.73543407336,1031.85403247793,1001.80831533889,1029.03247191275,1089.39150286152,1062.55344306623,950.984709993832,1164.7369086312,1015.36892422034
"ENSMUSG00000044499",0,0,0,0,0,0,0,0,0,0,0
"ENSMUSG00000044501",81.2553927075425,81.2462205779353,89.7443106896198,61.3800667706988,52.3314406332836,50.8897843119203,86.6620431644307,57.4177293662032,91.7271616045123,70.927316388746,91.1503291886312
"ENSMUSG00000044502",308.588744435286,300.436585208813,297.564879737747,334.404248521388,372.169930223958,259.633122952721,324.802218933814,257.874101120198,294.805765460286,310.763376599883,326.317174315439
"ENSMUSG00000044505",3.45835930827865,4.33431664632787,8.86633530557821,4.35111230964055,5.29919127791561,1.28790371984811,1.02436993112422,2.94897538778099,0.942353593231021,3.7462197141217,0
"ENSMUSG00000044518",0,0,0,0,0,0,0,0,0,0,0
"ENSMUSG00000044519",7.5254826813247,5.38748082013671,22.1104642848017,1.09466478971019,0,3.87610251428663,8.22799239255737,17.7119025439779,14.1202397884397,6.61878719695251,10.3100188234685
"ENSMUSG00000044526",0.689939267648385,0,0,0,0,0,0,0,0,0,0
"ENSMUSG00000044528",0,0,0.886196161202514,0,1.05848641555285,1.28057208152436,0,0,0.943682651976043,0,0
"ENSMUSG00000044533",15600.5046252451,21990.7485494036,17547.0134022391,23831.6409672397,19806.1728401242,24358.9088083211,21807.0897741192,23548.1360163511,18147.1352479127,20235.7621872492,19279.7416688807
"ENSMUSG00000044534",3.42844085787638,3.22335075793391,3.53636333376947,5.46903534167913,4.23203819492366,5.15728713667396,2.05281158712826,0.986766131920969,1.88408181522848,2.83686537403433,0
"ENSMUSG00000044537",0,0,0,0,0,0,0,0,0,0,0
"ENSMUSG00000044542",0,0,0,0,0,0,2.0489558229588,0,0,0,0
"ENSMUSG00000044548",18.3810051020971,34.7449132230409,22.2749698060412,16.5421938693698,30.3971002600276,33.8859264305756,6.85977301858409,26.7477186481355,28.537127291991,15.2306311339675,33.2483818769487
"ENSMUSG00000044550",8.80886303696018,8.30890934550715,10.8312930345711,14.2990193145792,13.9396861068438,7.84720040812333,18.0521675508189,9.59810609144836,104.119029939407,8.51779422774941,8.01303100670905
"ENSMUSG00000044551",4.12191086455269,6.47036895207151,3.54214981513609,5.46714668179659,5.28818225220576,7.77442798688386,8.21853907297758,6.84420684259745,0.940761540723835,6.61898810921611,5.6923391011007
"ENSMUSG00000044556",1.34107303700499,1.06187832182344,0.881596399026234,1.10776893385399,2.13723423239251,0,1.03742692268799,0.988502326948835,0.939322504918911,0,2.32775562172107
"ENSMUSG00000044560",0,0,0,0,0,0,0,0,0,0,0
"ENSMUSG00000044562",181.097759809016,188.639513524449,227.219876235561,211.218064441315,302.230385466047,216.922065253705,277.285665511996,248.003837322156,241.06988268467,314.711843471998,320.905844899481
"ENSMUSG00000044566",52.7445826561332,48.7555350754338,59.8321969582543,71.7132496924822,61.4584340231943,28.8610795575399,67.098010819116,50.1466584588089,75.6498922671333,35.1783043677008,56.8649524777171
"ENSMUSG00000044573",218.69742538615,203.450640399333,205.756425793897,259.174106255681,244.741748681834,236.055178383168,250.047434239344,212.961136612395,252.574025415548,255.221981246047,227.027453332418
"ENSMUSG00000044576",0,0,0,0,0,0,0,0.990595992927376,0,0.938267493365447,0
"ENSMUSG00000044581",0,0,0.894657799527402,0,0,0,0,0.986009274780637,0,0,0
"ENSMUSG00000044583",34.1699537336519,33.365396139299,23.4688464524715,24.7862880975247,24.1488626810891,28.1069407708308,323.351613694955,11.0186497678915,28.6179476981245,24.9419236853863,23.117304695821
"ENSMUSG00000044594",0,0,0,0,1.03882200424678,0,0,0,0,0.939801155499052,2.29912056649022
"ENSMUSG00000044595",27.3974884467705,34.4126748665447,25.7561473592152,40.3403488133774,21.4151569697607,56.0212463595469,51.3282196278591,30.4334400386396,30.0971936458734,51.9008290655527,36.7921698296378
"ENSMUSG00000044597",0,0,0,0,0,0,0,0,0,0,0
"ENSMUSG00000044600",305.707398818275,241.887533532967,317.27034432233,310.686000096929,297.640337505089,258.358259989924,314.896937232695,326.191294549653,293.834381994115,305.663328219946,326.539316048801
"ENSMUSG00000044617",84.0223329775251,76.8115756851502,112.500787406508,127.501329347219,122.611368480939,83.9409999005201,105.435492637073,106.563206483385,105.791971835167,118.944419601945,99.1730400812677
"ENSMUSG00000044624",0,0,0,0,0,0,0,0,0,0,0
"ENSMUSG00000044626",527.641174961192,515.069561927335,742.536941725415,574.114371713759,718.551342553876,641.055151695932,731.711457937417,683.250780662669,689.963770667145,830.440964404324,618.82014623131
"ENSMUSG00000044627",467.879492537586,535.039635384689,440.248021362922,574.47354903164,383.285276939019,482.344716158818,577.554630730593,445.135315088787,373.664146136917,324.435008421712,418.976534892279
"ENSMUSG00000044628",27.3124539772022,29.0137665021914,26.5078364745131,19.6901210118811,22.4340487549241,26.9742923465049,28.8756375733047,23.4326016305019,27.1201961130141,23.7553267880991,17.2267557276446
"ENSMUSG00000044629",2.67782919921478,8.59223446336181,4.4494508739001,7.85374668552665,5.45022362319949,6.55507786237996,4.86035210157153,8.91678541129775,11.8239940173296,6.86162884639675,7.94653922636843
"ENSMUSG00000044636",36.6238658005399,54.0989679194069,40.829011257603,33.7212378404636,54.2486923290992,53.8516371284719,41.0023561971109,55.9619207293296,46.1310302998131,50.6758087734984,37.697669611842
"ENSMUSG00000044641",142.646454260711,112.861739445317,141.037284488865,102.578520265931,131.105591629115,95.8270247783027,117.957789329887,92.5007454602045,113.912729951979,130.168621358856,109.068668967473
"ENSMUSG00000044646",58.587361997985,67.3139765032383,34.5674709898506,53.2066327944365,35.0202313931348,43.7089838517062,30.7221159743578,36.4184701356054,28.318830864353,16.8874926822396,87.7861520825071
"ENSMUSG00000044647",0,0,0,0,0,0,0,0,0,0,0
"ENSMUSG00000044649",0,0,0,0,0,0,0,0,0,0,0
"ENSMUSG00000044664",0,0,0,0,0,0,0,0,0,0,0
"ENSMUSG00000044667",5.81869281034276,16.9627170415496,6.08888693613535,8.56291204665875,11.1260688546239,13.8443184315789,12.096077217719,31.9022203318229,14.7741781536483,3.94591462243361,1.12061337478243
"ENSMUSG00000044674",85.170281791874,72.6690211643426,93.9536859969329,78.1458180674838,103.858010009247,59.2051104367503,116.882616993631,63.1133641786429,89.7585547730732,117.42636215213,69.5341529246276
"ENSMUSG00000044676",199.964836216648,236.256892085837,247.728596564195,280.383647493211,208.671024808049,251.717231545822,220.398551966707,271.663903910748,284.950554352883,200.462193456793,212.634102827395
"ENSMUSG00000044678",1.99700419805127,3.16468822392367,0.87847771811062,2.19905950536169,2.15369721848908,5.09889538909139,1.04049506106055,0,0,1.92627258185423,0
"ENSMUSG00000044681",0,0,0,0,0,0,0,0,0,0,0
"ENSMUSG00000044700",95.9710107434672,74.9459328805661,65.1406130051686,71.9936653864865,75.2229977586079,97.7716831257798,83.8717639955788,100.582133375674,73.4626910800495,124.848642852295,79.5951315697871
"ENSMUSG00000044701",2.03819566418448,2.14384820608165,1.76500373623849,1.09584245242822,1.07005274242417,7.70843414241593,1.03330898490001,3.90045523450659,0.933541622398527,1.90818321093799,5.7542433132987
"ENSMUSG00000044702",38.0698812231646,61.6032562532504,21.2404697967821,40.412283420416,53.9395354125003,61.8841751975688,19.6183064955805,32.6433083935084,30.008194969981,31.7707686076403,32.6191198606373
"ENSMUSG00000044703",13.9204501417866,19.7880362574968,10.6086639987546,6.66948442550149,4.14030264189053,18.1556675984413,5.29362706643377,2.91404945264933,11.0513728092453,10.6726189966016,18.1136827211391
"ENSMUSG00000044705",0,0,0,0,0,0,0,0,0,0,0
"ENSMUSG00000044707",2.05073262431827,6.45635000688266,6.19320322268671,5.4666315275462,8.4903184201393,1.28791616390853,2.05170465499167,7.88132715809585,2.82692633774203,1.88531287161555,1.14537271694989
"ENSMUSG00000044708",11.5824533503173,9.68179312755523,12.3557969180447,7.66467773231236,7.3971243845788,3.88620692898401,3.08069136225624,10.8490719853314,11.3105285495358,5.67017581172528,11.432814786016
"ENSMUSG00000044709",143.031016202983,170.086198133253,184.384490134962,185.530625975061,189.820869169102,165.495087483192,168.478844333106,198.786351203851,143.434556468694,171.510944556178,155.009380174289
"ENSMUSG00000044712",184.877147388682,183.026491568798,271.012433581761,223.284750994884,178.991513401733,172.379136839721,271.269887356639,157.112333700256,284.913760601533,223.432519301226,210.815235436476
"ENSMUSG00000044715",76.3550602513441,81.5171573837195,84.3435107061894,81.3136955286827,84.6939400559908,55.2755004495893,71.6663398560279,66.343984788888,79.3695635138425,79.3051161776124,82.934205053455
"ENSMUSG00000044716",3.35330466297482,6.95206099838761,0.722911670374041,1.4067697713783,1.73313843083141,0,0.835853175321429,3.20719311063883,1.21773380671334,4.89552667186144,0
"ENSMUSG00000044719",2.06344043886188,1.08153047750535,2.65348838718331,6.54554045851876,8.46333879417416,2.58770368303758,0,5.90167361507315,0.941815650850012,1.88093954806224,1.14032012106276
"ENSMUSG00000044724",1.38022721269744,0,0.886431951539064,0,1.06352168165331,2.55894534179738,0,0,0.939534350686553,0,0
"ENSMUSG00000044726",0,0,0,0,0,0,0,0,0,0,1.14045445258444
"ENSMUSG00000044730",36.5230362838155,26.7492859530731,29.0902520439658,29.6226011069881,28.9326101460985,47.5810473640061,23.793201895426,28.2678579828699,32.6431903264815,40.1515430780825,46.1283730295813
"ENSMUSG00000044734",28.3778847176121,126.174230199721,14.1235763061027,17.6356549237571,33.839085592627,102.500212377342,7.31236351376857,9.77439129386177,6.50336908631689,44.0910991444406,12.5948940027112
"ENSMUSG00000044737",2.04132203427011,0,7.94818347619404,6.56419198446886,3.21054030376232,3.84138674834641,5.15332049858001,4.87712202024115,7.47319614849658,2.85238789164957,5.75180906175262
"ENSMUSG00000044743",0,0,0,0,0,0,0,0,0,0,0
"ENSMUSG00000044748",4.13892536547756,1.08045632834521,0,2.17878282071289,3.27357276241902,2.5633846007326,0,0,2.83980134193673,1.80554070620412,1.1402587839512
"ENSMUSG00000044749",20.4388932892682,21.9277961497419,20.442575913757,21.9475094080239,11.4588781883311,18.0033004971496,2.07677788899946,10.7977153888702,9.33086016907511,4.73861028228738,6.82042880437383
"ENSMUSG00000044763",224.501884769792,219.590143189889,193.590555840601,183.653752826623,175.584961177942,234.232494208354,223.03029221798,206.245722920001,218.056880565759,212.458022376667,223.516077700174
"ENSMUSG00000044768",158.468343674549,125.62934776017,165.753678462771,180.804696766496,191.498931318199,145.866818035285,182.244624359363,155.431250923579,146.402999074082,204.340902195225,192.262949259833
"ENSMUSG00000044770",48.8696447417786,64.4634212671412,36.2977507545223,38.6903394137482,75.6656784838262,42.4170621426869,32.8950788691255,51.700442860251,50.9697805797689,77.857384343925,46.9257582288637
"ENSMUSG00000044772",0,0,0,0,0,0,0,0,0,0,0
"ENSMUSG00000044783",452.009274638955,363.172829340239,540.446297182652,346.599033634077,290.935741180617,603.535020356685,535.57418928697,347.450540937205,400.293614376816,453.605688301851,372.930237476506
"ENSMUSG00000044786",4830.39607500338,4574.38533975179,7403.44833492348,6727.12792351084,5630.30905400711,3143.04801252603,4587.92436218752,7454.38445631932,5231.68509479313,5372.99309545045,4629.90739919479
"ENSMUSG00000044787",0,0,0,0,1.04996543161511,1.2831225555148,0,0,0,0,0
"ENSMUSG00000044788",70.839045766197,68.8118205760148,160.652438459221,186.153147792882,155.588070651677,85.3784884904492,108.910268884081,104.44658944502,96.9945927618994,190.097058816492,136.170376312404
"ENSMUSG00000044791",848.787753099724,924.862943566182,987.489915108467,1111.64713814707,1224.87091307816,1115.39075179626,1084.70062158636,1039.20044371435,1139.63618438513,1191.81137414621,1091.91817695068
"ENSMUSG00000044792",286.909871765186,355.39295717721,456.293994022433,611.39859760971,308.045852783049,285.834311765168,415.388783173748,376.177371744501,503.143800801626,448.880630062122,458.927555128677
"ENSMUSG00000044795",79.1134607724962,59.4960829248294,73.8422975268325,80.5121388374106,74.3443146912429,74.88130543235,85.7135589670391,89.6591405504998,88.0965741932601,65.1801570430002,90.1164456978307
"ENSMUSG00000044798",0,0,0,0,0,0,0,0,0,0,0
"ENSMUSG00000044801",0,0,0,0,0,0,0,0,0,0,0
"ENSMUSG00000044807",12.3233995949801,15.1087250703852,23.0316349715925,9.85565600690633,7.37651522289913,5.12896439813714,15.4745733173893,8.87769405335468,4.69481446407842,6.62081568360217,9.14045590538841
"ENSMUSG00000044811",86.0484977779086,109.007575582262,98.140170626246,67.7690766137659,68.2034744432233,89.8056563679812,96.7403021353454,70.0108717292918,91.8012275100977,65.120004653668,96.6226620048885
"ENSMUSG00000044813",279.118482655416,143.477045031864,169.572062917519,188.949538331331,189.491140288827,177.779284412444,183.570129827658,226.435519352608,172.227867312389,189.854367546796,227.268402219959
"ENSMUSG00000044814",0,0,0,0,0,0,0,0,0,0,0
"ENSMUSG00000044816",0,0,0,0,0,0,0,0,0,0,0
"ENSMUSG00000044819",0,0,0,0,0,0,0,0,0,0,0
"ENSMUSG00000044820",0,0,0,0,0,0,0,0,0,0,0
"ENSMUSG00000044824",0,0,0,0,0,0,0,0,0,0,0
"ENSMUSG00000044827",62.78922073527,223.364350155105,33.739757281643,43.8350951326746,52.4049601162476,119.380960551299,19.6389862827874,43.2527784232815,51.4180400936403,83.2413880210525,37.7264182856992
"ENSMUSG00000044835",0,0,0,0,0,0,1.02084580801237,0,0,0,1.14451211588551
"ENSMUSG00000044847",67.9649715045017,81.1982379509032,73.1650973969354,93.6360170727532,78.6469900383446,86.6812451923481,90.0483034054647,97.5398438680633,91.6677520121362,113.076411043795,57.3526004551446
"ENSMUSG00000044854",8.00528927518588,7.60784169332501,10.504034126269,5.43322937172038,8.56612817114798,3.90554234883197,9.23716004509346,6.858699355511,7.54416707229878,9.52210727648668,5.75969035458531
"ENSMUSG00000044857",556.597984796541,693.874166737718,655.629312793874,713.616042608894,649.231438421653,796.325437752536,660.094421760552,730.150595794432,723.991654769047,755.054766870866,584.208981063447
"ENSMUSG00000044860",0.678709925026941,1.08407176336384,0,0,1.05958345644107,0,3.14492372521889,0.982147042608418,0.933567839218026,0,2.29624230260301
"ENSMUSG00000044863",0,0,0,0,0,0,0,0,0,0,0
"ENSMUSG00000044864",338.035107532172,254.012432371725,325.988403277688,315.323367430911,397.499328670174,309.310332204536,410.118669761559,291.544877230013,333.233419759035,336.367798571973,298.531080346246
"ENSMUSG00000044876",63.6210619577474,69.1005721598415,112.25850615196,118.444236239208,121.333802761962,80.5426547553109,94.0686874515436,90.781694255451,103.998516400716,127.067639439618,57.2547887407309
"ENSMUSG00000044881",37.4097987480903,22.6991647311393,37.5423225289632,36.9579452227321,25.6324274128615,26.5035394356824,25.2441085858044,26.2310217128489,31.7597126586637,33.6009990698661,28.4070551563139
"ENSMUSG00000044894",277.332224221007,312.132166519415,272.360337215241,260.452481571043,227.247222235477,272.000039704064,273.091016185545,292.220762621368,246.884111759949,239.421600999453,236.076055975674
"ENSMUSG00000044897",0,0,0,0,0,0,0,0,0,0,0
"ENSMUSG00000044899",0,0,0,0,0,0,0,0,0,0,0
"ENSMUSG00000044903",0.682928057804511,0,0,2.20152878578945,0,0,0,0,0,0,0
"ENSMUSG00000044906",21.7384529552923,24.2002567276762,12.5937302079484,20.0511784081046,13.0673224442356,24.1661017464414,20.0506553126944,10.8114711002487,22.1577280426033,35.5904184458455,20.3361854947108
"ENSMUSG00000044912",0,0,0,0,0,0,0,0,0,0,0
"ENSMUSG00000044916",3.45475831319966,1.08198983198927,0,0,1.13065686206335,1.26910224292121,4.10308812265825,1.93927406134024,0,1.79280578698708,0
"ENSMUSG00000044921",85.5829510215386,77.5597556099573,94.7660451536258,59.2015756962057,65.3029407303927,60.0702198003436,92.0492978842676,41.3610058823875,53.3564803691436,39.0003718826065,57.188465253867
"ENSMUSG00000044923",0,0,0,0,0,0,0,0,0,0,0
"ENSMUSG00000044927",19.9575660008292,19.1190249479378,5.28205938122573,25.4201141933468,23.4530172494479,26.9828781465429,18.7804918378282,8.81490738337263,22.3338689935579,23.1661259637265,12.7251182332259
"ENSMUSG00000044933",0,0,0,0,5.23023812590755,0,0,1.32448803577378,0,0.423018963055148,0
"ENSMUSG00000044934",32.0484544568744,30.1851706975763,30.0270840973985,17.4418843317813,27.6115808382331,25.7712212980922,25.6135862809862,54.22862696595,31.1342682017785,40.6106828337595,16.0605253720519
"ENSMUSG00000044937",79.5281666356237,113.51500921281,33.0435772640348,51.575400341241,56.990495054742,44.5786307816777,56.2421546180919,50.6256244611372,74.8967379630065,37.5002949477428,70.0900939420702
"ENSMUSG00000044938",39.4614389610113,0,0,2.18414112443432,3.16920098975279,1.28884286180993,0,0.983701377891272,0,5.67646273286369,1.14024901947481
"ENSMUSG00000044948",2.46763553572527,6.03615498485919,2.43938657588399,1.54266443310908,8.76950816382719,1.18554475125626,0.966532423882088,3.58498291237478,1.70307881530231,8.81192599335335,0
"ENSMUSG00000044949",50.6380519417009,40.3866951911137,31.6842632731259,42.9058790132759,62.6850462349951,24.4636129225777,46.4083848821766,51.1930217338885,51.528912889773,68.0057071307602,53.1188270652606
"ENSMUSG00000044950",143.613558251694,169.29642306054,175.860508273734,166.840070371517,166.145251498945,110.758845258632,168.558096562739,161.423169610174,177.313656425173,183.041890095226,135.937684030036
"ENSMUSG00000044951",97.9314917641532,0,6.36125163548307,23.5470546757881,10.3888428996212,0,0,0,3.2338600726853,6.78614824252437,0
"ENSMUSG00000044952",53.3999972397409,46.0480451831237,67.7605882519105,73.6128014474728,59.3897418997253,60.9248358528897,72.193650628751,78.5786674268782,78.7898558635507,67.661554971182,75.7550975347216
"ENSMUSG00000044957",3.3868924877483,3.26164167116385,2.65548176196313,8.80629072170518,4.19705482024731,1.28405303346147,3.13283796548203,3.91480758436311,0.930287298995634,4.77612568003889,2.27772318915509
"ENSMUSG00000044966",1.32141682854434,4.25130804275509,0.878811116466694,1.1075364025466,1.07427982365035,1.28864203681778,1.05312981461119,0,0,0,0
"ENSMUSG00000044968",157.901133951284,140.011049242973,85.8257047666686,136.609647349289,480.74706698759,146.528123918576,117.19668426602,133.829676452129,161.641607338651,265.476437580382,101.824277798329
"ENSMUSG00000044976",43.6355523601027,53.8122625970382,32.9077350054025,32.8092009134419,24.2752005303473,48.4355281290359,61.1709099783321,68.1524321266626,45.2309049011809,27.3935470416264,41.1751276963521
"ENSMUSG00000044982",27.5753502812687,43.5884149312901,27.6043025228286,21.5598276055752,15.5967075275098,26.6338783429195,38.6376653340931,39.9095434487827,37.1146557254949,39.5307423491442,34.9781198839403
"ENSMUSG00000044985",0,0,0,0,0,0,0,0,0,0,0
"ENSMUSG00000044986",260.443833614963,404.217646528517,268.463674781073,492.803228720155,277.51914897046,428.367905623988,385.360054232985,504.441527989426,290.282193262299,386.624415739157,311.150241606157
"ENSMUSG00000044988",0,0,0,0,0,0,0,0,0,0,0
"ENSMUSG00000044991",39.1154827567486,30.7226879866617,37.8561483004925,40.7152526791527,41.4898880017514,41.0421527144393,38.1823909799011,33.5047864169927,41.1868606050527,27.8442826616786,28.9629986902117
"ENSMUSG00000044994",0,0,0,0,0,0,0,0,0,0,0
"ENSMUSG00000045004",0,0,0,0,0,0,0,0,0,0,0
"ENSMUSG00000045005",79.7765687351076,99.596651252495,118.905245201506,106.449402910443,87.0955620422551,50.0238453899007,135.432635034642,118.189219576046,83.9582242805428,141.934735267609,77.6239310364576
"ENSMUSG00000045007",13.729676883875,14.0295280169226,17.6854864105048,5.45838874228012,16.9413694140529,10.3335320648229,8.2113573581235,6.88573269065995,10.3549832848556,9.41823206994992,9.13667048540899
"ENSMUSG00000045009",0,0,0,0,0,0,0,0,1.89281608745574,0.936718020952067,0
"ENSMUSG00000045010",0.64866044745275,0,0,0,0,0,0,0,2.01402411225459,0,0
"ENSMUSG00000045013",0,0,0,0,0,0,0,0,0,0,0
"ENSMUSG00000045019",0,0,0,0,2.12035724701614,0,0,0,0.938527552876275,0,0
"ENSMUSG00000045022",0,0,0,0,0,0,0,0,0,0,0
"ENSMUSG00000045027",0.682210802460985,0,0.882108519676556,0,1.06479010685429,0,1.02404645412856,0,0,2.82619519185738,0
"ENSMUSG00000045030",0,0,0,0,0,0,0,0,0,0,0
"ENSMUSG00000045031",6.79294677413279,1.64884049656421,1.89368084763806,5.05796987446876,4.28119926240013,1.91623742320089,4.36594833370185,2.02873320741557,1.93503577688193,3.57146247218678,0
"ENSMUSG00000045034",0,0,0,0,0,0,0,0,0.94676288413655,0,0
"ENSMUSG00000045036",0,0,0,0,0,0,0,0,0,0,0
"ENSMUSG00000045038",73.9434387105945,73.860170459834,50.2314897153951,51.7325446845073,66.9796102794469,46.9037662064431,103.82047042767,103.862243791729,60.0456584297971,122.949831455203,48.3658063066575
"ENSMUSG00000045039",917.478497370674,927.397072142127,923.992220608072,827.855423017369,979.037002636307,1038.98261684951,816.781240892666,973.036487256323,966.649920550229,985.217698429235,915.071433115416
"ENSMUSG00000045045",148.275749301232,44.2770841055161,103.200126547755,82.5236474012203,89.5729305328477,52.2409248885946,48.151365464342,92.7660444613391,121.91845576414,171.832402257259,85.9077849895102
"ENSMUSG00000045052",0,0,0,0,0,0,0,0,0,0,0
"ENSMUSG00000045053",0,0,0,0,0,1.27833992236813,0,0,0,1.87796723919531,0
"ENSMUSG00000045062",25.5325703616273,17.2837490467944,27.5341427741938,17.4395760945272,24.3099314397885,12.7882609888442,51.2729232526159,19.7612225896442,27.3472991115934,19.7204207959688,34.2769412864204
"ENSMUSG00000045064",20.8363269259859,13.6776504214896,27.5398990651303,19.2321048017625,21.6983577042445,21.4228578734401,18.3699609600342,17.2181204428006,12.0114142112206,19.3343802950065,14.5511546188549
"ENSMUSG00000045065",0,0,0,0,0,0,0,0,0,0,0
"ENSMUSG00000045071",116.858280716736,75.2450622177153,92.2134906010631,78.6276612526283,119.123008486677,70.6842082895565,84.8691668987464,65.6442660828271,111.68157317399,118.38058902105,103.809184203066
"ENSMUSG00000045078",494.624835393375,330.724869162942,326.28722983075,374.416058995997,443.264528155089,383.225173037221,335.495401180075,655.333444847244,416.537877239389,393.645153551893,373.410800163582
"ENSMUSG00000045083",0,0,0,0,0,0,0,0,0,0,0
"ENSMUSG00000045087",1.35660411164068,1.08592159819894,0.884133597604828,0,0,0,0,0,0,1.90541666975307,0
"ENSMUSG00000045091",0,0,0,0,0,0,0,0,0,0,0
"ENSMUSG00000045092",137.384228961747,188.066755014502,138.703558692004,148.829675293701,191.150331963161,193.614149671963,106.708882199838,209.412884445238,146.134212872676,177.636585292302,180.772284161556
"ENSMUSG00000045094",288.373435261648,307.369025812408,383.511417471905,332.672892308256,276.928520414485,201.00922420042,263.447674761761,282.904355327816,196.550491426945,518.298728782825,212.620689084328
"ENSMUSG00000045095",329.463979659619,226.09828751906,339.248997760796,215.917227175455,345.884082565746,190.401958979842,360.410024535118,355.825981479166,239.066416533645,332.243972898655,310.104248353956
"ENSMUSG00000045098",1029.76159575469,719.932419310917,878.200683675965,658.510387683651,629.313090158931,302.929380858484,724.191958544648,1096.2187619405,996.523935033188,734.842282273675,1094.57723287933
"ENSMUSG00000045100",114.883920660093,107.949943563469,93.4186713142215,77.1827039396368,99.6964732735358,77.5795066838995,122.859466376805,86.4187144299567,108.091995163658,77.4266586509117,89.2855626876446
"ENSMUSG00000045102",3.34777352260861,7.64709371258578,6.04630657904278,6.86831063382942,3.05498870900551,6.41086815331733,8.40360270441465,4.83920746454573,1.93895842229634,10.3214830319589,11.450432278006
"ENSMUSG00000045103",189.251118638338,189.835894573197,200.213654081369,253.215259980858,182.260888428084,160.374123412361,211.37586099653,281.569970776214,221.557852113781,172.156747328034,224.038906884473
"ENSMUSG00000045106",0,0,0,0,0,0,0,0,0,0,0
"ENSMUSG00000045107",143.573040158729,177.043920102661,181.085830344673,166.116891873308,144.674502404886,166.594015876294,194.18189345038,202.963721974919,135.139695804447,175.832217510899,147.991265294841
"ENSMUSG00000045109",0,0,0,0,0,0,0,0,0,0,0
"ENSMUSG00000045111",0,0,0,0,0,0,0,0,0,0,0
"ENSMUSG00000045114",3.96572887732134,28.6240711854123,16.270654453307,0.786936797752376,4.24307095722839,2.76399436300696,34.6350989132978,3.88570889702092,16.7172056468736,3.06198877699662,20.9394712281531
"ENSMUSG00000045126",0,0,0,0,0,0,0,0,0,0,0
"ENSMUSG00000045128",9648.6392914153,13540.3350672337,11484.997520574,12577.6346462393,10692.56604466,12567.4913077175,11760.9126860314,10787.6212923158,10895.1160801955,10208.6835109,11601.8474480337
"ENSMUSG00000045132",0,0,0,0,0,0,0,0,0,0,0
"ENSMUSG00000045136",32.3681385083804,29.155378254555,12.4023812410472,23.9791109172384,27.6079050824192,42.4364340165593,9.23329240178417,31.4397495623914,5.6459694483956,15.0534156391176,19.4292542437969
"ENSMUSG00000045140",56.0481030054298,38.4713681052248,43.5334250020251,44.0550524999918,45.8218099475386,56.6478086764362,66.7403909143733,61.4933358537642,80.6642614881991,56.2920260576442,43.3376782693657
"ENSMUSG00000045148",0,0,0,0,0,0,0,0,0,0,0
"ENSMUSG00000045150",0,0,0,0,0,0,0,0,0,0,0
"ENSMUSG00000045160",95.375207397181,137.574161961054,64.5251198483846,80.1061009532964,87.101367340241,120.412166167067,89.3421042717928,79.496772150329,95.3224080067316,44.1294590979314,90.8809474289666
"ENSMUSG00000045165",24.2498803970351,42.6777484517415,6.19276103780547,2.19119368352761,8.61397719552057,33.1010088000991,5.16713762057654,8.8042507841608,13.0975023859311,8.60713775169837,3.4733405463382
"ENSMUSG00000045174",0,0,0,0,0,0,0,0,0,0,0
"ENSMUSG00000045176",132.922845250203,179.061539129124,184.627264270064,145.139398367615,179.335384284195,157.222614205221,177.063912577364,160.869896615703,178.276478088842,210.87191432483,160.931127083156
"ENSMUSG00000045179",0,0,0,0,0,0,0,0,0,0,0
"ENSMUSG00000045180",248.296149282253,125.961043408263,177.332302341315,240.798655678491,144.289164823445,108.050469355558,155.954589221901,177.033121614006,181.245245391184,161.044197921023,223.906597363555
"ENSMUSG00000045193",147.717464857568,181.793122285498,183.709435698696,177.85257177476,216.70598570356,221.774195738193,201.822621614029,160.258238322227,173.829772932264,195.093703779479,196.706845208001
"ENSMUSG00000045201",4.71057421124179,7.47621587643846,7.92211631754128,2.20802504235958,12.7771666378212,12.785595072346,10.4442724415596,11.7111899442608,5.56112442614588,3.85929601075477,11.5381452509181
"ENSMUSG00000045202",0,0,0,0,0,0,0,0,0,0,0
"ENSMUSG00000045204",0,0,0,0,0,0,0,0,0,0,0
"ENSMUSG00000045205",123.729226825835,103.35143966562,134.275900250398,119.947672966702,74.6708155336851,44.158864459826,131.691394396298,104.43919570857,144.600959994962,103.311363759824,122.442730559453
"ENSMUSG00000045210",437.196453550678,416.86604882528,430.234691690516,449.721360185423,365.711236122803,284.094675850433,514.804627376189,361.171389517233,420.362445056571,410.315257421173,500.960419519356
"ENSMUSG00000045211",290.507839638013,331.23047270235,257.340356774871,283.452610829068,247.530285902402,347.678658737325,278.884723535064,335.072033553888,269.074543636392,268.16146022637,281.406782433913
"ENSMUSG00000045215",3.44944988008107,0,0.887708024012545,1.09155669558798,3.15859954346275,2.56016704955216,4.1100767957534,0.989393436704741,0.942277319972919,0.940144718137773,0
"ENSMUSG00000045216",702.191235607911,608.096473419111,564.344606195355,748.712995655472,787.671264325798,762.190750725006,569.196143245499,874.763247767537,723.45822611135,903.949681444393,838.697879413907
"ENSMUSG00000045225",0,0,0,0,0,0,0,0,0,0,0
"ENSMUSG00000045232",0,0,0,0,0,1.28191223901898,0,0,0,0,0
"ENSMUSG00000045236",0,0,0,0,0,0,0,0,0,0,0
"ENSMUSG00000045237",78.4870773470877,82.3074820242808,95.1364192243754,74.796509966451,91.7354810255815,94.2104660456717,84.2485280393766,90.7733253896348,85.1530620672128,89.625181433378,80.8534626755475
"ENSMUSG00000045246",2.06576423507446,1.08276223561831,0,0,0,0,0,0,0,0,0
"ENSMUSG00000045248",134.873777715289,142.771162376656,131.403785459767,107.560842742249,134.997591803604,123.026747187786,159.008583050985,98.4544340450786,146.180595171033,165.374299437538,162.217248807028
"ENSMUSG00000045251",52.3909226615983,121.555620318165,54.1134749368789,79.722639210566,117.399296502562,61.2426751356127,86.4877703854296,112.056405117501,98.5809885260719,88.254747048988,66.7780723038911
"ENSMUSG00000045252",348.470369717598,329.130820746206,403.893549564728,406.979042390567,321.491101273236,368.923191819189,357.124695958618,340.159824404531,362.889570574205,477.457617588694,324.58663182542
"ENSMUSG00000045257",31.5565847872814,40.337101152874,41.2845102921526,36.4440906872923,38.8427540389121,56.8078364686998,43.1230156086906,44.5760678854817,44.3658925348315,33.8647414116298,54.6771124067514
"ENSMUSG00000045259",0.683455461238033,1.07604632704899,0.88478120208947,0,3.19079506282206,0,1.0265151282501,0,2.81985515150369,0.943517600271513,1.14480216188299
"ENSMUSG00000045267",0,0,0,0,0,0,0,0,0,0,0
"ENSMUSG00000045268",69.6885069521,81.7084770428426,84.8361618197248,129.056076757983,98.0335979704638,106.77170291863,77.1952676906977,105.776617955299,102.21088062018,91.9148679969836,108.98272685849
"ENSMUSG00000045273",2.69288650295639,4.38461760591452,2.6687917857468,3.29630513150356,2.10507474380142,7.68812356907232,1.03067202745888,4.85051125498764,2.76073687070885,3.81378459675378,1.17172597933053
"ENSMUSG00000045275",87.3178028391893,73.9413872120956,63.9750379931084,58.9247874752216,59.0899700137451,101.993355020034,99.7924137964729,96.9162764857004,82.0352282720009,79.2332586758913,92.7300760268329
"ENSMUSG00000045281",2.05829999306548,1.07624530302984,0,0,2.14260098573278,2.54820703286923,0,1.96366089427887,0,1.8868517147539,0
"ENSMUSG00000045282",25.933758866602,29.9486386911809,39.0025606722948,24.0596471823085,58.2658123480845,29.7391812475644,72.1555372617233,34.3480721149836,57.2464584123131,33.5873795283466,36.3661862197473
"ENSMUSG00000045284",22.5536858966943,17.278727532181,34.4800414184131,27.2855164138097,16.9029223318969,10.335723999867,19.4772277255837,16.8027472852061,34.9661909141062,23.5394348271916,18.2569830312474
"ENSMUSG00000045287",107.29581911458,96.0621417520078,133.908552797112,87.1946115484031,45.751827383816,79.5410933497145,73.8190042803806,59.962026673305,110.188835137787,172.951837809914,85.8279371980958
"ENSMUSG00000045288",0,0,0,0,0,0,0,0,0,0,1.14045445258444
"ENSMUSG00000045291",2.03119909522092,2.17007841309398,3.54054158963192,0,3.15550888304984,3.86592271950253,2.08503707444077,3.9199174947388,0.932363057014826,0.957086181813742,2.28437953467144
"ENSMUSG00000045294",1273.69481493815,2019.10010443999,960.122085307343,1153.09725266574,698.990401029053,1565.31872712398,1387.76084902433,1233.31608297097,1175.96945237789,780.989352466425,2116.63551440016
"ENSMUSG00000045302",1191.62215237809,1342.94336918083,1140.00868324713,1606.61947178806,1178.12096136605,1476.32178196374,1300.68088753238,1245.28890728041,1235.10829927473,1426.02434158336,1355.96703357999
"ENSMUSG00000045306",0,0,0,0,0,0,0,0,0,0,0
"ENSMUSG00000045312",34.7410301677237,20.0752504508717,32.1624883050373,31.38110106812,45.4122785753757,21.5909139063718,28.5915994454964,48.9994272313649,38.6181145133305,65.7128920243205,37.5041932648864
"ENSMUSG00000045314",617.861355578978,574.409501794822,990.785405178632,611.694692123434,894.085816402789,745.851328726131,705.915598227347,812.535337559813,561.611334971554,867.107999690825,545.425022002056
"ENSMUSG00000045316",97.308020668264,124.785402116053,110.337998561891,137.28215591134,110.31751524507,138.195001804974,179.716570007903,144.834624959844,136.467264372037,150.143109095229,125.990122258782
"ENSMUSG00000045318",32.0652538287298,42.3926066676675,37.087738861527,11.9347788780986,28.7252413310876,66.9967527302071,74.624901422008,67.0449110584635,24.6096509513327,41.3476600165171,52.6858778594696
"ENSMUSG00000045319",313.271704058211,346.943925433197,367.695691108149,498.55371642127,348.76943509593,315.16737502183,333.283208313335,333.391352703812,355.068440308348,436.993236819737,358.698873520674
"ENSMUSG00000045322",43.3373856815819,62.6497813025271,25.7123315687868,37.0455002333447,26.4091488290654,55.4043565895781,29.6469961271428,32.6671078554234,35.9749786263465,27.1517258559766,25.1028630112604
"ENSMUSG00000045326",41.4907811151117,46.010578972168,57.3544455774176,100.978654551091,56.0594448915027,141.266354720095,48.1539366323244,104.816622973977,70.6741443915853,40.1575370655006,103.628825085777
"ENSMUSG00000045328",25.9550074660863,83.5944435443886,13.3616603943027,18.6259839443539,15.6357612989459,70.6133199030502,16.5624037343975,15.6874039084722,23.3115852455465,22.6672565883868,7.98089274649224
"ENSMUSG00000045330",0,0,0,0,0,0,0,0,0,0,0
"ENSMUSG00000045331",0,0,0,0,0,0,0,0,0,0,0
"ENSMUSG00000045333",48.4796296509207,33.6752785883562,55.9638536178587,25.8736854766912,41.4433075915735,46.4725844792433,37.0138300031031,24.8492134005182,45.8961444235794,47.1391891681676,36.8691726604352
"ENSMUSG00000045336",0,0,0,0,0,0,0,0,0,0,0
"ENSMUSG00000045337",0,0,0,0,0,0,0,0,0,0,0
"ENSMUSG00000045340",0,0,0,0,0,0,0,0,0,0,0
"ENSMUSG00000045341",0,0,0,0,0,0,0,0,0,0,0
"ENSMUSG00000045348",10.3138854830219,12.9717099523537,15.107708176194,13.0077249700487,15.0637393193626,14.0174849530713,17.3750231803165,9.86338268077329,14.1734517973989,9.36269862389019,13.7054882369424
"ENSMUSG00000045349",4.11976885673761,3.23496942457171,2.6643976282761,1.08841726594325,2.13475400056221,1.27676885663443,2.05235027258294,3.93160936090091,0.941671946483228,3.76629890075485,2.29281947265542
"ENSMUSG00000045350",57.7214025325669,0,2.30260539452454,3.52451967102967,0,1.66317242766794,1.99083793577845,0,0.612598066771536,2.42669029391302,2.21594637807331
"ENSMUSG00000045362",0.196907224358035,0.308222319407115,0,0,4.07070607343377,5.60610094347586,0,0.571247815843849,3.51433143489367,0,4.64611178801327
"ENSMUSG00000045364",2.68218447796964,2.11500995289382,0.879443867548489,2.20389971282574,5.3350570195104,2.56787904715462,0,0,0.934507960900389,3.84883974081245,10.4547883504685
"ENSMUSG00000045374",1220.03878952985,1438.14107412801,2041.0622804835,2617.14119695391,1470.10384202199,1520.33144722838,1474.12281222234,1775.9805182679,1725.55832382155,2006.81839474524,1551.32984021439
"ENSMUSG00000045377",30.3711452680624,25.5747844535573,30.8260342880697,40.7265507081747,43.5320074934984,33.3268882188848,44.971429680367,20.3060538823548,18.4914878984653,34.6827563751161,40.8357825658819
"ENSMUSG00000045378",0.706566695466789,0,0,0,0,0,0,0,1.84896597903275,0,0
"ENSMUSG00000045381",1.36483629255848,0,0,0,0,0,1.03576896924839,0,0,0,0
"ENSMUSG00000045382",73.7399490895307,231.353554602793,44.9746662107052,43.0562304009222,44.4624850719204,133.068734954269,46.9656545864178,52.5264506030023,61.9604320333264,73.7937044575954,21.3798098737131
"ENSMUSG00000045392",1.3377226727834,1.08724466680018,0,2.21365569376522,1.0505122900866,1.28767878631821,0,0,0.923593985085473,0.964824389429544,0
"ENSMUSG00000045394",5228.21868854049,4547.31264309202,6972.15980028069,5156.13601618366,7935.59238458412,3780.71392928067,5770.58428423432,5166.42171011703,5922.94152533184,6795.43944497002,4870.69910858874
"ENSMUSG00000045395",0,0,0,0,0,0,0,0,0,0,0
"ENSMUSG00000045404",8.86424626570551,5.37520368476387,4.41719221328207,7.65839538888433,3.17225585900927,3.87449054231985,8.20927148544259,7.90218900969827,3.7732542695492,9.44529822044412,6.86637808442794
"ENSMUSG00000045409",284.748216159742,335.828259270324,258.316916136686,287.674307737249,405.694924333095,453.283538381422,270.196771574072,358.725620580133,276.760605410948,305.846859503676,377.107649137313
"ENSMUSG00000045410",161.145965408633,143.659304457335,128.926222897024,121.893196031436,133.926462974523,219.569906145638,148.203142273377,215.845208257211,168.633720394473,228.427511421875,173.053983754842
"ENSMUSG00000045411",254.99303474374,317.260339406192,252.430978523466,223.622325054048,251.036213633196,315.877141537126,266.790261492104,192.532628523837,281.850684145796,296.831863718928,235.822256500108
"ENSMUSG00000045414",32.5465202262672,33.8096916954548,43.2527181558334,16.3758979187438,38.9181912251756,29.7435905907408,47.4681714881359,32.5069350302156,37.6568359775028,42.6679088707735,25.0122484513503
"ENSMUSG00000045417",0,0,0,0,0,0,0,0,0,0,0
"ENSMUSG00000045421",0,0,0,0,0,0,0,0,0,0,0
"ENSMUSG00000045427",998.74057900177,1041.85178839,930.683381963518,942.329707629234,998.161955626759,911.551449030392,952.027316101527,985.504968372371,1002.3554698579,921.649147851371,943.359394213971
"ENSMUSG00000045435",91.5630898063525,107.846921988736,108.889779763492,96.9526130245824,86.7527082918791,101.792093886477,98.494562020158,106.009149791184,110.389527882045,114.923573286531,102.646091665042
"ENSMUSG00000045438",121.900892308318,119.852828684987,112.453876957097,118.120815029777,105.125011300423,145.3856764774,138.992511588284,124.344814573719,119.438427662323,117.589115004591,150.241936542943
"ENSMUSG00000045440",0,0,0,0,0,0,0,0,0,0,0
"ENSMUSG00000045441",6.18908942061792,4.30044861817959,5.31796551507168,5.46042901468392,0,0,0,3.97639745004276,5.68763265257442,2.81654509155102,2.28870422499014
"ENSMUSG00000045466",103.782688171435,175.125876072779,158.363339753171,145.808346269048,140.112105182506,164.146071531523,151.440066398971,199.507276572414,229.195159509545,152.104554591374,180.123361076964
"ENSMUSG00000045467",4.82013115299531,4.34616891186131,8.92867686897843,9.79472823257894,13.6727439489015,7.67546386380257,7.11339486297615,9.87622652531835,10.4973268954639,10.289580037899,13.6933656158199
"ENSMUSG00000045471",0,0,0,0,0,0,0,0,0,0,0
"ENSMUSG00000045474",0,0,0,0,0,0,0,0,0,0,0
"ENSMUSG00000045475",0,0,0,0,0,0,0,0,0,0,0
"ENSMUSG00000045479",0,0,1.76697336996736,1.1039047238499,0,0,0,0.978686829408298,0,0,1.14841542887589
"ENSMUSG00000045482",874.65591934334,4606.40790140969,847.093367956465,1306.99401542682,857.803116740563,1470.27830926985,816.148458103296,1003.68836559006,3051.8520041007,948.554418003147,737.021113211025
"ENSMUSG00000045493",0,0,0,0,0,0,0,0,0,0,0
"ENSMUSG00000045498",12.3927050545545,4.33229123450493,3.55147022093075,6.54800474605635,12.6777431769738,16.6480110407392,17.4859716042923,2.95394513726989,9.40049577352934,9.41154966030446,13.6996806216081
"ENSMUSG00000045502",8.2269105736247,13.8821006851858,13.268974790295,14.2251811742675,29.6052019506605,6.40851847619894,22.5159181920631,10.908628695674,14.1535742497688,4.72775716113026,5.7496307982828
"ENSMUSG00000045503",247.428093543612,247.335672527606,260.70942469863,363.015055585559,235.979659825664,277.397508844379,270.954544792095,323.21518312593,231.225434055182,258.694700634596,253.221373540707
"ENSMUSG00000045506",3.9597344266344,6.37099874193433,2.63359126977432,3.31657658789501,3.21649695760595,11.5801982085669,2.10179009252674,4.87665126741336,4.6270692017228,1.93163750333216,5.81734731570065
"ENSMUSG00000045508",0,0,0,0,0,0,0,0,0,0,0
"ENSMUSG00000045509",0,0,0,0,0,1.28191223901898,0,0,0,0,0
"ENSMUSG00000045514",0,0,0,0,0,0,0,1.94572531808735,0,0.955370226806188,0
"ENSMUSG00000045515",0,0,0,0,0,0,0,0,0,0.936366945291053,0
"ENSMUSG00000045518",0,0,0,0,0,0,0,0,0,0,0
"ENSMUSG00000045519",21.5144310198494,23.0585595207448,23.9127310026973,24.3015042077203,28.0689637452907,29.702364328754,26.2993531963981,24.409587480933,15.7724375235346,25.8748008190379,18.0691154047369
"ENSMUSG00000045521",0,0,0,0,0,0,0,0,0,0,0
"ENSMUSG00000045528",0,0,0,0,0,0,0,0,0,0,0
"ENSMUSG00000045532",0,0,0,0,0,0,0,0,0,0,0
"ENSMUSG00000045534",24.8838478809513,24.9098064890869,31.0367577255457,31.5505521120445,23.3327222942825,36.0332149750846,17.4221889173113,28.503166498199,26.3790233889693,37.4981935131416,28.5087075292148
"ENSMUSG00000045538",217.860255180622,162.627960988868,172.777907812677,177.593930419236,173.352552076482,207.75575756657,192.278462907087,166.528116780383,187.308376638367,206.084579286447,199.044050689299
"ENSMUSG00000045539",0,0,0,0,0,0,0,0,0,0,0
"ENSMUSG00000045540",0,0,0,0,0,0,0,0,0,0,0
"ENSMUSG00000045545",1128.89045021842,1199.66273003899,1496.0578264422,1186.31742683258,2158.53117387534,868.395791404467,1017.96560935389,1218.43469822085,1401.56615170954,1053.01571188149,1280.23933751905
"ENSMUSG00000045551",0.684159214976453,1.06904086524763,0,1.09438482158552,4.23615841745626,0,0,0,0,0,2.29725973985311
"ENSMUSG00000045555",6.81360666512779,5.39063489897698,9.71376933287431,16.3685096422216,9.54025892833493,9.037994046235,7.17706130775749,6.90492518221822,13.2134270118034,6.61041840532629,16.0305536445126
"ENSMUSG00000045559",0,0,0,0,0,0,0,0,0,0,0
"ENSMUSG00000045566",0,0,0,0,0,0,0,0,0,0,0
"ENSMUSG00000045569",7.50508231039035,3.21999548901157,4.42285788531266,13.1811901289275,13.7267305638273,5.10779001318012,15.5326898821926,9.82877844894007,14.0011145748263,4.77791871356907,4.59266732562876
"ENSMUSG00000045573",9.38568282133275,15.9807103647813,12.3130541989018,29.7642795273633,13.7465293769754,19.4537137120726,18.5204959375369,17.8173274857922,17.9076264357898,15.2511511651485,23.016525502687
"ENSMUSG00000045575",0,0,0,0,0,0,0,0,0,0,0
"ENSMUSG00000045576",270.005220775628,275.256241333459,263.314056155033,379.543346607081,248.420340504589,343.835616645741,374.863604465569,345.610042479724,211.892305836469,219.644714219303,361.048893098565
"ENSMUSG00000045581",0,0,0,0,0,0,0,0,0,0,0
"ENSMUSG00000045584",0,0,0,0,0,0,0,0,0,0,0
"ENSMUSG00000045587",0,0,0,0,0,0,0,0,0,0,0
"ENSMUSG00000045589",0,0,0,0,0,0,0,0,0,0,0
"ENSMUSG00000045591",0,0,0,0,0,0,0,0,0,0,0
"ENSMUSG00000045594",1482.42154725416,1727.71694402156,1885.19155838151,2361.00900981541,1669.37521779424,1920.23234311143,1805.4659972278,2141.03496152825,1958.23495116017,1903.96467992665,1904.83373813024
"ENSMUSG00000045598",149.755248643509,219.412122969855,184.93586382695,218.528229627397,227.070406768339,142.995005486885,219.117218326522,216.3944180308,175.404679403152,265.300435540179,184.255319923781
"ENSMUSG00000045608",0.681920787521849,0,0,0,1.0633146072513,0,0,0,0,0,0
"ENSMUSG00000045613",0.688080155350809,0,0,0,1.05379631823651,0,0,0,0,0,0
"ENSMUSG00000045620",4.46755175614281,2.01149826489233,0.829723692759773,4.88902927904676,3.53136358903861,4.31195611768765,1.93307738336064,1.09702461341976,1.77342859274527,5.36139850233969,1.08074247446498
"ENSMUSG00000045624",453.069132395008,532.685105201071,407.79914201388,474.248297014208,400.545398916746,478.306360354303,498.080293322366,407.884265590234,447.4943931372,415.193375443629,515.938471021065
"ENSMUSG00000045625",3.46537750507714,4.34133407149355,3.54731967405526,2.17721731800024,0,2.58111341495365,1.02660867399166,2.94528493957134,0.941489320902658,4.69362160647353,2.27954260557062
"ENSMUSG00000045629",50.6879815556336,44.4494282976295,51.7006450771324,58.3106380508897,49.4976766391034,67.9494321965235,68.7375941857445,54.0356907230089,37.2029415922369,55.5960662713318,63.5845291720478
"ENSMUSG00000045631",0,0,0,0,0,0,0,0,0,0,0
"ENSMUSG00000045636",1808.46877994841,1971.9784831673,2356.89903484751,2427.03531070757,3251.86300521003,2077.01735652642,2502.10645555271,2462.86997603449,1684.00555315053,2871.83608387247,1481.56279060313
"ENSMUSG00000045639",215.979134562394,36.5523081943789,270.496837190926,280.522161158521,93.5685422249679,47.1624786775086,75.0031155772557,45.6729083061708,429.401961625453,83.4923198072254,39.2160785619762
"ENSMUSG00000045648",0,0,0,0,0,0,0,0,0,0,0
"ENSMUSG00000045655",0,0,0,0,0,0,0,0,0,0,0
"ENSMUSG00000045657",4.1280659883614,9.74351750100185,6.20984409192,5.45802291567091,9.49090708709327,5.13805095217549,2.05513015257407,5.91999660765871,7.53601967373215,3.76030225812349,6.83969335087456
"ENSMUSG00000045658",16.9920760626016,14.3916731605827,11.3515742289305,12.9565987019055,9.75058304957914,7.33490626829998,73.5601494280094,3.49104868133,8.09079742972388,4.00431510508785,7.35480462936908
"ENSMUSG00000045659",165.961281987273,96.8147428007877,135.682215423768,127.662254391787,134.63473605522,102.609328030324,132.844803404665,161.6099813873,73.4698765545389,190.256202355975,127.021680988864
"ENSMUSG00000045662",2.60843622757298,0,1.55973121839933,0,1.56547367127506,0,0.910946156460975,0.869815714567446,1.37070734041568,1.67962799003069,0
"ENSMUSG00000045664",42.5628532025125,72.7127748550492,60.8525298724379,47.182385231765,42.928111276883,66.7469264533893,67.2808838106185,70.1437849951108,45.6779997393322,63.1611523643755,58.8674665053705
"ENSMUSG00000045665",372.000180345722,333.960322382748,354.203681110085,394.243592284235,386.912522435869,413.35773212597,347.486824986363,332.657390617738,385.178862488276,383.887591431863,398.160547712277
"ENSMUSG00000045667",57.9376956121531,10.2133937255069,5.10625862883254,8.34116867627023,27.6250403903994,14.7864997892323,9.81981434256691,11.376936902374,15.3883529596739,8.90613457168707,7.23300740334814
"ENSMUSG00000045671",73.3666076181075,89.1137142198573,117.922657748074,86.071887393994,141.417718124218,73.2300383964261,123.794682578263,136.742558595201,51.6852542663012,114.584091109726,44.5049109043102
"ENSMUSG00000045672",183.453004261744,159.266729107374,164.848683146541,109.276723745564,126.823859382955,72.0195675167194,90.3791805065351,72.3378583314077,135.661711353433,99.3553828488924,108.24959407025
"ENSMUSG00000045678",0,0,0,0,0,0,0,0,0,0,0
"ENSMUSG00000045679",23.828808469911,15.4030882255643,15.9412151194191,6.00529326937514,11.5449071010036,22.1437613200577,29.648683637437,2.66173194303082,9.27769290852798,9.59436524838497,2.09523358195242
"ENSMUSG00000045680",0,0,0,0,0,0,0,0,0,0,0
"ENSMUSG00000045684",0,0,0,0,0,0,0,0,0,0,0
"ENSMUSG00000045689",24.8297312523334,17.2612847474304,31.9627925567068,22.8868492779307,12.7144385041012,6.39237546823257,39.9752229694438,20.7342225765615,27.3444119221346,15.0255106812894,42.3338076369972
"ENSMUSG00000045690",6.20012912624328,9.63880797501818,12.4034594611529,5.46609767662764,6.34918888512299,10.1883171218536,3.08484116065898,6.91232301893595,6.57079839827438,6.63629285870922,6.89485948442654
"ENSMUSG00000045691",65.5346893650917,66.4072281212767,69.4522366607956,81.2947039760226,74.5422360652982,97.1956864752429,89.0238780896426,74.1999183167311,105.459333754585,67.9056609365895,99.9917547590792
"ENSMUSG00000045693",0,0,0,0,0,0,0,0,0,0,0
"ENSMUSG00000045699",0,1.71899780203822,0,0,0,6.27171049897748,0,11.1075045270168,0,0.258045735074894,0
"ENSMUSG00000045708",0,0,0,0,0,0,0,0,0,0,0
"ENSMUSG00000045725",0.658703391935593,2.12725245734149,1.76765940654921,18.8130222645772,13.0875182829497,11.4738351747018,16.6484484081566,15.4721300189709,0,15.0564119269129,2.34155319619859
"ENSMUSG00000045730",193.644220343314,216.041805668274,196.335081795744,238.594422789807,128.752060336802,255.783848248977,238.300366599131,384.358093949292,241.101271593795,231.281247261923,167.593698824703
"ENSMUSG00000045731",0.664330254382248,0,0,0,1.07345347346045,0,0,0,0,0.952082378342967,0
"ENSMUSG00000045733",0,0,0,0,0,0,0,0,0,0,0
"ENSMUSG00000045744",292.589897274809,250.854734565177,343.101736681146,276.123887383401,305.110125070133,220.928617058962,256.335902389115,242.672493576012,262.072572890712,300.829610115485,271.386144131693
"ENSMUSG00000045751",177.545222095422,120.250880404251,163.433616709475,120.328597145582,150.804772606545,158.711490115393,180.8569051683,186.713744327422,196.470738478832,198.431286999495,99.9192316382003
"ENSMUSG00000045752",312.187705346921,300.522776752708,305.140528854679,208.267053624042,261.042794319468,316.118461839448,281.949610420909,288.971814222673,260.395579969166,283.405714519144,261.89278392352
"ENSMUSG00000045757",84.9167507917466,89.5427501028964,112.272630162128,116.868628237812,84.5707700591427,85.3682966999957,76.9335776023097,97.6074592851257,104.689360344394,90.3905326454626,98.1687699898149
"ENSMUSG00000045761",2.73368666704959,0,2.69724777205221,2.1999468308273,5.2407618295152,0,3.02617956944064,0,1.91106329629487,1.84374916823458,1.15530727865258
"ENSMUSG00000045763",345.617771628641,131.955062651645,246.21143036768,237.440954341882,678.812089447267,121.590215660279,211.131860848968,113.410291093248,185.343046580547,220.945884606784,147.31742903744
"ENSMUSG00000045767",96.360347918812,86.8474986933408,92.4502614544308,72.6109009650073,74.7010060620468,93.3266871444987,110.811367665982,89.3439954563284,115.586215324901,112.718996494835,125.403515126841
"ENSMUSG00000045775",3.47847205065257,11.7635888285111,0.56220509264827,0,4.74001125533316,2.44679943971789,0,0.625657365167401,0,0.596435625381312,0
"ENSMUSG00000045776",8.49089248477631,2.49971334872876,3.14732762473989,0,6.45560207758283,3.00490640871174,1.52440256988897,0,0,0,0
"ENSMUSG00000045777",2.3066005803842,1.71128260029367,2.81469138405747,3.26590218722309,3.58442320908481,1.53062396887295,10.4335189747455,8.05377286320829,1.10890172408048,9.50566593412711,4.11596198937016
"ENSMUSG00000045780",0,0,0,0,0,0,0,0,0,0,0
"ENSMUSG00000045790",128.333857254507,101.957580907359,96.5174761654132,85.2158043019586,122.532361996547,89.9836834333515,119.621866672091,107.097890693178,91.7278911914334,118.541189777082,144.378043646028
"ENSMUSG00000045792",0,0,0,0,0,0,0,0,0,0,0
"ENSMUSG00000045794",0,0,0,0,0,0,0,0,0,0,0
"ENSMUSG00000045795",574.419932161042,648.26274664459,682.809931047709,631.061566059627,634.302343449197,724.372221418265,601.509801773418,555.342519288925,606.310459607312,815.641409889513,586.879187341959
"ENSMUSG00000045797",0,0,0,0,0,0,0,0,0,0,0
"ENSMUSG00000045802",1.37987853529677,0,0,0,0,0,0,0,0,0,0
"ENSMUSG00000045812",0,0,0,0,0,0,0,0,0,0,0
"ENSMUSG00000045817",4602.37468391567,3483.55311828784,4443.57656969339,8271.56402572207,4250.85483187009,2050.96084115501,2954.90698690415,4766.53274505455,5097.28867384656,5457.38918701046,5186.46634431866
"ENSMUSG00000045822",62.1912245855307,62.3536903254476,68.2902705407245,46.8722607246465,61.2096189988845,65.3676429401419,90.9141998102923,41.6695113698756,70.9199323729471,61.9265733886697,38.9230863688649
"ENSMUSG00000045824",0,0,0,0,0,0,0,0,0,0,0
"ENSMUSG00000045826",54.9854020532876,212.632373146293,8.41781520672454,6.98865459553681,6.84542704373979,140.920159314453,27.8598301974742,11.7098808857433,18.4242106494918,51.4600332676566,16.0740088563164
"ENSMUSG00000045827",81.7408860526989,89.4190220458867,74.1271358530119,59.5276495997321,84.744172317966,71.716585148536,68.9358517505743,50.8081885774478,56.6557415733773,70.9114779629099,45.8510587175946
"ENSMUSG00000045835",0,0,0,0,0,0,0,0,0,0,0
"ENSMUSG00000045838",12.4513669176812,10.8210000564982,5.32745940396103,8.7017134102533,14.9030186175303,17.9360740879809,7.17323461241663,9.81290891343177,10.3536360748098,6.56490788207828,5.7132504144613
"ENSMUSG00000045854",32.0216412613945,33.1241237491561,34.9703749970396,18.6888371363132,22.1099599939806,31.688324087412,24.3116709612121,32.3885921876958,41.1902918313378,20.4758311436027,24.6676044196861
"ENSMUSG00000045867",79.1256783404126,99.0877488031033,79.2737446923789,90.2389092121029,137.461724387452,88.6674252427293,137.772770081344,99.5231474686919,82.0512043262644,70.9596728536089,87.9973540982622
"ENSMUSG00000045868",510.120838325685,933.875481178491,343.274430987118,218.125970245528,235.281964648596,402.929708987867,346.163864500607,255.515549547551,296.495514113936,417.815173161697,331.506695769775
"ENSMUSG00000045871",0.676239342277371,1.09742127973007,0,1.09522841977145,0,0,0,0,0,0,1.13985732508928
"ENSMUSG00000045875",12.4866255624406,3.44999701698025,13.5559266840551,11.6732215967864,14.1713009528301,11.0026955138294,9.80345209770604,3.78181268244487,13.5498818706343,14.0742474344606,14.679265153316
"ENSMUSG00000045876",7.59953542199401,3.23335887322944,3.55245097922136,4.35620710551421,3.17381589845796,1.27803647534988,6.14031529594953,2.96946841589517,3.77784334282706,5.62895429985056,3.43254770828434
"ENSMUSG00000045883",0,0,0,0,0,0,0,0,0,0,0
"ENSMUSG00000045886",0,0,0,0,0,0,0,0,0,0,0
"ENSMUSG00000045896",89.6265126626094,101.269446098452,86.7898778867731,79.9658382070642,76.6992313862251,60.4075329567444,82.1381692334088,88.3900379783388,97.4252036779773,66.4114529559561,112.537430527431
"ENSMUSG00000045903",4.25074867668357,5.84000818326072,4.78595867037169,1.68174124837086,8.15051662663257,9.2425592755502,4.73592612366457,2.28686302265355,11.1697289376282,7.92999709880865,4.39800745682772
"ENSMUSG00000045912",0,0,0,0,0,0,0,0,0,0,1.14045445258444
"ENSMUSG00000045915",0.684327336212085,0,0,0,0,0,0,0,0.954526958594861,0,0
"ENSMUSG00000045917",78.1349142760658,50.9565528205339,30.2795797304302,85.609611396419,54.0524905881184,70.3968613019828,57.0898115300722,62.5443440279274,63.4023496078058,69.8879456222975,57.0876472088364
"ENSMUSG00000045929",0,0,0,0,0,0,0,0,0,0.936366945291052,0
"ENSMUSG00000045930",20.0198784624498,44.1403499855497,44.3559214254286,31.5944461978066,53.106281007148,42.2279853700622,41.9872388633128,42.3651481589356,54.6422903861108,44.2134226425104,54.9842509388314
"ENSMUSG00000045932",100.826173305081,58.6128615653502,62.9459895878221,53.8475122017032,84.7644984470938,46.1663494916131,62.3954479995881,39.298141226051,75.5985645898314,97.2409316611048,70.5437461344378
"ENSMUSG00000045934",42.5367710735986,41.9197821670205,33.6391376111455,40.4211511056787,80.1333920599473,25.7756884765663,35.765389576198,39.7063685983764,44.501418415304,35.6876684690223,45.7592248035288
"ENSMUSG00000045942",7.33366220920511,2.12969683604104,5.26522511758742,7.72657577894848,4.24816792717845,2.59905264343458,9.30693082403813,2.94990031731174,6.5601257892833,10.5490923074986,6.91778657446527
"ENSMUSG00000045948",175.007847163105,243.338302431494,222.47586643068,273.00272015036,204.079085891417,260.525092512274,284.434883187817,207.176086242865,195.788342759374,210.973033337918,210.470683534516
"ENSMUSG00000045954",395.47794626244,348.991211378852,393.849286517546,361.476434525521,573.610776228112,375.238912841274,418.049736618094,532.779739757836,484.257318232519,471.855893032896,478.183923950855
"ENSMUSG00000045962",1913.16010896545,1883.94760568107,2141.30706075402,2022.193627045,2197.67264629638,2078.49564583763,1699.45581063671,2257.86529988492,2019.82074177475,2094.47475764442,1619.51846413938
"ENSMUSG00000045967",0,1.07972345376101,2.66743386883768,0,2.1177904149131,0,0,3.95766566998134,2.82911093198421,0,0
"ENSMUSG00000045968",0,2.14380455433898,0,0,0,0,0,0.987744966638235,0.939106142862501,0,1.1648322012767
"ENSMUSG00000045969",235.112991978571,244.361298234261,277.853336247871,254.751732931213,266.806263585914,331.723067128157,290.398314744672,252.446366998751,306.165195075435,364.172659521909,283.835716762322
"ENSMUSG00000045973",376.008548329968,309.211878852692,412.941546079527,381.958892578711,412.120907142349,373.146221989326,405.03340117561,342.279814771924,338.144090080468,340.387803224075,342.804359939374
"ENSMUSG00000045975",336.292414895864,272.525504711494,317.575327378365,275.738716904869,266.216331199027,258.1786268337,306.058449032342,313.450292563084,313.921143808828,329.432300201173,360.597230313376
"ENSMUSG00000045980",104.438609143255,118.71510189718,99.1933982317759,157.100568487659,94.364506501435,130.064751605816,63.5539465575004,117.166429006303,113.119896563271,110.930697132872,131.430327379172
"ENSMUSG00000045983",12988.8656327915,10423.015671028,11515.0187037616,12302.4598966899,12500.114616615,11539.1939719483,12791.4133544937,12609.5591364393,11067.1166384666,12677.2477941128,13120.7103933174
"ENSMUSG00000045989",0,0,0,0,0,0,0,0,0,0,0
"ENSMUSG00000045991",0,0,0,0,0,0,0,0,0,0,0
"ENSMUSG00000045994",0,0,0,0,0,0,0,0,0,0,0
"ENSMUSG00000045996",59.9777890453727,63.2666179717725,33.2263040981,34.436529283944,40.4214453915152,38.7451069071127,56.4115769331743,53.6975476482052,32.1646208391601,40.04346809273,54.0342518172218
"ENSMUSG00000046000",0,0,0,0,0,0,0,0,0,0,0
"ENSMUSG00000046006",1.34582556695164,5.33295346135391,1.77702452880794,4.45344838244716,0,2.58448458240247,1.05167066114084,1.97313094423934,0.936019911086541,0,0
"ENSMUSG00000046008",0,0,0,0,0,0,0,0,0,0,0
"ENSMUSG00000046010",221.214797001429,249.79607097518,196.763030212574,212.999042712224,223.314431931201,250.038154419394,241.247766388079,207.883194160548,212.438034069646,229.853975011133,196.573470375205
"ENSMUSG00000046016",0,0,0,0,0,0,0,0,0,0,0
"ENSMUSG00000046020",83.7884469984963,125.795610631311,95.7375360439652,91.1742649782544,93.4667779603706,90.1488619851558,96.1335571210156,87.1638000891323,104.021516277678,88.7655328271387,105.424607437922
"ENSMUSG00000046027",685.034163443114,640.892202185762,894.009131396862,981.121164208675,763.712371786878,684.018150059998,847.245015199394,627.372139135362,671.071288713006,658.405736179996,818.308853452353
"ENSMUSG00000046031",9.49216683348786,20.4714812925383,6.18242601786794,3.28392410747457,4.23513238986476,20.5571262200764,4.13587836735501,6.88995886577199,10.3208058908257,8.57220779795845,9.15540089761335
"ENSMUSG00000046032",63.0182980858338,60.8295996799161,62.9282991280405,61.4705032269934,74.2267141997716,47.8537238696416,64.0212895310984,55.3395168202272,62.5208092765012,79.2685070596449,56.6727787032526
"ENSMUSG00000046034",365.555374345615,399.232104314151,353.043969374938,335.194854184802,303.192715324018,337.925690299105,337.676017544404,287.372235406006,341.20077243181,342.424543025327,353.035025544093
"ENSMUSG00000046041",0,0,0,0,0,0,0,0,0,0,0
"ENSMUSG00000046049",0,0,0,0,0,0,0,0,0,0,0
"ENSMUSG00000046056",220.294116912867,41.9872092983897,159.003056023877,94.4542300202598,190.768317122459,66.7109183844867,114.084494918889,76.9963710239147,89.1105198791251,110.543489044826,134.995939828292
"ENSMUSG00000046058",12.8153064117953,21.9475571852826,12.5546857960265,12.9074750570311,14.5700524688967,24.2697902009486,21.1729313387628,19.0908082507808,16.3442351794967,15.4748075763365,18.0135583623338
"ENSMUSG00000046062",963.915845393397,766.031748175255,951.648669497471,1053.24508760874,843.854774844079,741.768593434577,1000.37056348542,1110.14064854394,921.078747200742,984.72535017246,1202.28665727223
"ENSMUSG00000046070",1364.56528823752,2020.20236367997,1142.10365288126,1974.55281308488,743.907679080779,1429.77759182963,1644.27241184403,2126.2672702291,1673.97859445916,989.77364272017,1552.66588322114
"ENSMUSG00000046079",1581.56198518087,1847.4752270003,2005.98183889872,1445.58839058787,1791.82760235032,1256.15766441686,1664.19550550898,1723.46319688007,1633.97636425784,1609.87101804397,2221.51692867377
"ENSMUSG00000046080",3.21525589380408,9.05724178116291,4.24730549883599,17.3404956527087,10.5863960013686,6.38584861886535,6.47699688351189,1.50340192453203,11.4318539930448,6.60842088977843,2.21766282537526
"ENSMUSG00000046082",0,0,0,0,0,0,0,0,0,0,0
"ENSMUSG00000046085",0,0,0,0,0,0,0,0,0,0,0
"ENSMUSG00000046093",2.92798861323492,0,3.91601337875649,0,0,0,0,0.681275380515836,3.10356106237056,0,1.30110600884822
"ENSMUSG00000046095",5.46601078511447,5.3742941024315,7.95969052570581,1.09524915356494,1.0567615997032,0,3.07567825176643,2.97167340824438,3.78141216228098,2.8305323744714,2.29116195487884
"ENSMUSG00000046096",44.5032372329823,46.0606663502931,23.1425562677834,47.7406358807597,36.0365288346454,23.223239737528,37.2107859462845,24.5232719067164,26.4368480503437,21.3582513111421,30.1429699327816
"ENSMUSG00000046101",0,0,0,2.13046048501108,0,2.49499164061479,0,0,2.70243493793855,0.918194316361667,1.28478608168191
"ENSMUSG00000046108",2.66997789903831,4.25445353508221,0.883226864265025,1.0991698318926,1.08620606356024,1.27227912042849,3.11509691424985,4.85758129280161,2.78844112890205,0.960734264863163,2.33089627422373
"ENSMUSG00000046110",0.697324200775071,1.10108997795227,3.61519870200846,1.12055541660948,1.81119216811965,0,1.04965117335714,0,0.966218176299662,0.964869982696339,0
"ENSMUSG00000046111",227.095626259771,172.416608100592,179.839245182191,101.284894147903,190.660496544474,211.323311992017,186.491597389551,176.50486197773,188.404090833463,185.763183141572,156.496590565299
"ENSMUSG00000046130",0,0,0,0,0,0,0,0,0,0,0
"ENSMUSG00000046133",0,2.16128346973044,0,0,0,0,0,0,0.946762884136551,0,0
"ENSMUSG00000046138",546.600730601992,690.90753358121,551.711246010263,500.346780751504,538.100996028414,389.169697076225,579.814975487054,522.8282362699,580.964662040582,606.595181405151,437.30983563857
"ENSMUSG00000046139",302.754014658188,243.596371084542,209.336836590751,264.024404994553,310.349946342419,215.925937894791,285.245557616816,299.126361426411,208.193458993304,349.979621766611,244.571699636315
"ENSMUSG00000046150",0,0,0,0,0,0,0,0,0,0,0
"ENSMUSG00000046152",10.6530101776574,4.53396113705563,12.8762509660527,3.48380435548718,23.9965544912859,5.64598083854597,28.4519832328268,9.32691374268012,22.423160139594,10.379909206399,13.3809933216386
"ENSMUSG00000046157",161.27274692008,120.693918302307,222.402289468092,129.219333291747,248.461721986313,123.421679882306,249.911234463307,61.2179987704792,152.517543380687,167.998220842094,107.743908089295
"ENSMUSG00000046159",167.756289731581,199.15885574192,205.018346358783,208.097913769973,189.92282828844,241.249764463221,184.499799899159,257.656587190474,173.212922762449,170.00052774361,164.097265571175
"ENSMUSG00000046160",0,0,0,0,0,0,0,0,0,0,0
"ENSMUSG00000046167",1.36894337706378,0,0,0,0,0,0,0,0,0.943846670809622,0
"ENSMUSG00000046168",0.765753989673784,0,1.00870137164737,1.27024196082485,0,0,0,0,0,0,3.10620217930559
"ENSMUSG00000046169",9.51324671580807,32.3560289019431,24.6538092357223,11.8956286983763,18.7094319349646,10.1489144918017,11.185635771802,25.3483330933626,25.9806761944459,22.8977998065451,13.6207369728741
"ENSMUSG00000046173",0,0,0,0,0,0,0,0,0,0,0
"ENSMUSG00000046178",0,0,0,0,0,0,0,0,0,0.936366945291053,0
"ENSMUSG00000046179",20.6874902686403,14.0317930383092,5.32155014180085,3.27069093092145,6.33914017919586,21.8259640881389,5.1209019498171,10.8746041120775,6.60841837073576,7.50512861083558,3.42681955081895
"ENSMUSG00000046180",0,0,0,0,0,0,0,0,0,0,0
"ENSMUSG00000046182",0,0,0,0,0,0,0,0,0,0,0
"ENSMUSG00000046185",133.529039537307,145.112957351243,175.534056580768,139.859385911654,154.008992264967,126.666440153273,141.552858799421,123.802660971637,148.911685686796,147.044536463744,138.60726625543
"ENSMUSG00000046186",26.4392569823335,15.4221291982763,16.8854277770128,13.1971762112918,26.9636966266814,5.16023053881657,27.1170257452845,27.4346391090101,14.8987276461818,10.4553644449215,19.2481472547476
"ENSMUSG00000046191",31.5435771194252,34.8093142499302,27.5593731388318,39.3488474294325,37.9618415907637,24.3290328751219,30.9214415966607,33.3923364805988,26.2481300218115,30.1653761167609,26.2706362494672
"ENSMUSG00000046192",2.74276947694876,0,0,0,2.11493190500847,0,0,0,0,0,0
"ENSMUSG00000046196",0,0,0,0,0,1.28724748549082,0,0,0.923287912893587,0.956194827293502,0
"ENSMUSG00000046201",711.717785896163,651.566038164923,689.056497596495,708.563546625517,732.181850689645,629.872532141428,825.094597947124,706.757999066008,714.630517027675,733.724924664033,725.524706755461
"ENSMUSG00000046203",0,0,0,0,0,0,0,0,0,0,0
"ENSMUSG00000046204",0,0,0,0,0,0,0,0,0,0,0
"ENSMUSG00000046207",24.2022498028566,30.2073924577028,24.0378427014626,25.0397980866609,19.0730489182442,37.1598268581414,32.6807633604523,17.7849152085769,30.2186959026049,29.0328535858816,34.2408914296987
"ENSMUSG00000046210",0,0,0,0,0,0,0,0,0,0,0
"ENSMUSG00000046213",5.39767131151753,9.62949481683518,4.40825268032143,4.39662625939327,4.21491711776258,10.3765744469808,6.14845191265748,7.95193634521341,2.84113088634019,4.72780804711535,13.7593350644636
"ENSMUSG00000046215",3.99196916911901,1.0776196973438,0.886226178213848,1.11179949144288,4.39169335672894,0,1.04537137768265,0.978709070524943,2.76940470886775,0.933748375277339,0
"ENSMUSG00000046223",66.4246661766532,68.8260621231917,90.3317159626871,51.0989374182852,61.9424232362718,51.5263479459055,54.6164449177636,54.2114246549043,51.5541847444709,75.7163177003876,44.6286145550523
"ENSMUSG00000046229",419.983526906298,512.82853560123,525.973433433187,598.712039986237,436.12871564842,531.737120578647,591.408259935644,500.582091022795,462.68620579801,529.963725311586,467.411412354511
"ENSMUSG00000046230",481.015248788148,493.374338423964,509.657799803119,511.194145073427,721.631233771552,401.097121825111,405.0042394728,543.580658129044,492.940814078619,433.787696577783,458.393048410907
"ENSMUSG00000046240",0,0,0,1.09400529088049,0,0,0,1.97943459478975,1.89136899276256,0,0
"ENSMUSG00000046242",6.77090610895028,14.9682511879532,6.17070828582707,5.49214221716596,4.22753040163732,2.58596692500904,10.2738968399373,6.92277568116217,11.3098408228658,6.64644980399902,11.4814664500088
"ENSMUSG00000046245",19.2510922720623,24.3881398155606,12.3515292109043,14.1482932806596,10.7040362839899,14.1432705481016,13.248433201716,15.7956361109059,7.6093726609679,9.44238692585893,13.7846570083692
"ENSMUSG00000046248",0,0,0,0,0,0,0,0,0,0,0
"ENSMUSG00000046258",0,0,0,0,0,0,0,0,0,0,0
"ENSMUSG00000046259",0,0,0,0,0,0,0,0,0,0,0
"ENSMUSG00000046262",0,0,0,0,0,0,0,0,0,0,0
"ENSMUSG00000046269",31.5269528395079,17.1452284424095,33.6253191358332,19.6945234628579,31.7043868326192,33.327546329474,27.7011887040235,21.779375943532,16.018322952325,29.299291469362,16.0685152676012
"ENSMUSG00000046272",0.675447504977047,1.08531790598674,0,0,0,0,0,0.979992384232172,0,0.964594021809983,0
"ENSMUSG00000046275",28.6857276517659,17.0723868307315,10.5659779708973,9.897643562767,23.8198515055482,21.8258835856355,21.8883650324801,23.2232239582594,14.8120495438764,13.4711868795839,20.9105519909953
"ENSMUSG00000046280",12.3626977592404,7.58532277399562,18.6105921515096,17.3866662879917,24.455739604019,19.2719208601159,9.20766406635869,8.86458121615097,19.8400391109786,20.6453243844275,37.7249171404382
"ENSMUSG00000046282",0,0,0,0,0,0,0,0,0,0,0
"ENSMUSG00000046287",0,0,0,0,0,0,0,0,0,0,1.14045445258444
"ENSMUSG00000046295",12.7676991983302,17.7445866463943,1.72989450446833,4.24061136180198,3.19090638053088,17.514102258612,2.10147419765417,4.03450681033534,3.67774562847655,6.74337892364581,4.68617539142065
"ENSMUSG00000046300",0,0,0,0,0,0,0,0,0,0,0
"ENSMUSG00000046311",464.37038178604,155.219809861006,467.251550685927,391.565267649456,171.135615141313,317.595658732313,244.907668271184,392.164300005397,391.008888207947,285.337090688001,167.006807166402
"ENSMUSG00000046312",386.169150800161,43.1111114598135,864.712781428994,167.823035768328,515.97036398773,1130.21825186329,95.4645811503873,66.307007124684,479.773366663685,481.678675448446,87.8953994253944
"ENSMUSG00000046314",248.782233265045,261.159259224631,268.428285239318,496.559291203084,239.358056201929,184.275987420548,364.339352717605,301.173765739757,203.787556272192,354.717757922994,167.078859562158
"ENSMUSG00000046317",1.64286855232929,1.9229834445438,2.21164746530534,1.86373537815793,10.0986977951865,0,7.66208434107916,1.6345110420728,3.09494507002969,0.80708932519095,5.89799940617052
"ENSMUSG00000046318",3.86599178102129,23.023760555806,5.0089115353364,34.6849156784618,0.749902735701638,2.72123700528883,2.89891173560629,1.39703631453674,4.00336283099248,4.6682278835906,3.24122788338988
"ENSMUSG00000046321",0,0,0,0,0,0,0,0,0,0,0
"ENSMUSG00000046323",0,0,0,0,2.10191351140727,0,0,0,0,0,0
"ENSMUSG00000046324",173.699168800544,164.238357700029,159.72745693437,130.965621997114,150.699447814397,98.4318460486251,166.587891635033,121.519715528355,158.080032857175,130.068745594094,177.038685920881
"ENSMUSG00000046329",351.125782151815,324.340936605418,376.233066535386,542.505013871653,419.958000662378,452.921321447451,357.835407226597,459.050183481004,436.178005248206,434.248610421355,438.748360117082
"ENSMUSG00000046330",2661.19315509947,3564.60865545624,2685.64358835092,2881.31679579809,2486.41276630261,2888.30232100298,2754.76278293378,2879.49481760509,2705.42858920353,2244.6902012431,2436.64201956598
"ENSMUSG00000046337",2.00634699801013,2.04878050248169,0,0,3.01256012901459,0,2.91525484024904,6.53258983030911,1.78714163031783,0.890222519170995,4.32868828647686
"ENSMUSG00000046338",1.38373618608539,1.08457520667649,3.54874656275693,4.35392556267189,0,2.58025314979493,0,15.7644489149621,2.83269411914737,0,0
"ENSMUSG00000046345",4.72153371023159,0,0,1.08891061663593,1.056787159058,0,0,0,0,1.90618667957423,0
"ENSMUSG00000046351",88.4395665317717,73.4576485057547,88.5912002975415,80.0716160117742,93.1384469765852,133.581916468938,91.4741834222316,66.6872287427526,86.8240670866104,77.0448695262587,113.125175676832
"ENSMUSG00000046352",251.775124446825,199.843607379619,207.661584392692,149.840044549624,197.872091906214,195.320475680825,386.925426501875,260.485283319289,172.873448085807,184.245200523885,256.700023110978
"ENSMUSG00000046354",6.38076207160938,1.06603667782001,1.75340078350258,1.07485251321606,3.23985280064435,0,1.01063191807014,0,3.7358688902168,0.923711786592293,2.34383545098974
"ENSMUSG00000046364",5494.15977397526,6875.47513039256,5940.10380217898,7055.77420674602,5905.92505878474,6614.02804437117,6894.9397846897,6340.70265237181,6363.33854389476,5757.56604538723,6093.13005110219
"ENSMUSG00000046367",0,0,0,0,0,0,0,0,0,0,0
"ENSMUSG00000046378",0,5.10834125251814,0,0,0,0,0,0,0.432241342133455,0,1.05687760688369
"ENSMUSG00000046380",21.3769809169999,9.7401768629253,22.1329311006778,17.4328253713169,14.8225593841541,24.5302369794931,19.4895075679689,11.7939922843541,14.1231237710832,21.6004531116744,27.3596675491352
"ENSMUSG00000046387",95.8893140804137,86.3977737491087,63.981282546056,55.6101583903753,100.706015704421,54.8478514043427,61.5790483492514,90.7321822384243,56.502414353778,126.825250830597,67.5015418555462
"ENSMUSG00000046396",0,0,0,0,0,0,0,0,0,0,0
"ENSMUSG00000046402",74.4584596907121,51.1169810843373,46.4171939494048,42.1853938987841,53.9971754590328,36.2636419432852,61.0585919527228,63.0648638055174,46.8157266822092,50.9962376305122,86.7213154971832
"ENSMUSG00000046404",31.9008874534997,33.4098726141256,27.3880828318552,35.1346216125595,13.7377920751743,15.4072212651103,44.5782194124107,21.6039913730056,37.4067953931008,27.657176156737,27.4552485952787
"ENSMUSG00000046408",0.809872325061701,1.28574436994776,0.810549231601954,2.00941157962907,0,0,0.941661576812506,0,0,2.60194096848986,0
"ENSMUSG00000046410",535.980092744074,558.708239285426,513.763736111502,645.086024364708,481.256411449428,701.415963262063,677.174836602301,740.951886219345,538.54151053487,655.690005557934,923.840276128511
"ENSMUSG00000046417",10.2790990260284,7.57253568366191,5.29850731214626,10.8966828313626,10.6261779612277,6.44969791595935,7.19795437604857,8.81982035901029,13.1503531961734,5.67116638762064,16.0036521627013
"ENSMUSG00000046431",0,0,0,0,0,0,0,0,0,0,0
"ENSMUSG00000046432",307.082170079829,309.274783550519,322.214302697014,311.302131626114,354.505007013128,284.253966322187,301.09526219202,269.694664494987,254.4727566971,273.340287308939,224.232521091447
"ENSMUSG00000046434",2648.56073742493,3027.26692102077,2197.46551637742,2453.82564604855,2559.12821922763,2739.41052229501,2145.93639191577,2314.09679881882,2262.03408341797,2271.53123927595,2494.02444644141
"ENSMUSG00000046435",0,0,0,0,0,0,0,0,0,0,0
"ENSMUSG00000046438",0,0,0,0,0,0,0,0,0,0,0
"ENSMUSG00000046441",66.2979911136147,60.5564424424643,66.4502538262128,44.8829150564895,66.2549728261836,38.6148628806371,69.9617462123416,52.3569320827687,76.2368704146297,61.3093312427478,83.3748054940529
"ENSMUSG00000046442",2.06298197710044,0,0.886127264619889,0,3.16743718221788,0,0,0,3.78333834756971,0.938796738546409,0
"ENSMUSG00000046447",11.2796962643551,7.52600431341726,15.9154155104379,23.8487616285749,15.4517852790205,11.4785092916958,16.3082465476075,15.800900281248,16.0130784776726,12.3903165494097,10.4878631972718
"ENSMUSG00000046449",90.8623745784091,62.4125453841711,62.9752364508774,45.1004146455902,42.8063242452127,25.7290316390152,48.0332679889301,52.8618061652231,58.6341786675882,41.8814530136472,45.3989809275888
"ENSMUSG00000046450",0,0,0,0,0,0,0,0,0,0,0
"ENSMUSG00000046456",3.60733707371918,0.950522768275104,6.75792244796938,2.94145622909387,0,3.4556546894947,3.68128934164286,1.75105007851331,1.66918423708354,0.853324527959845,0
"ENSMUSG00000046460",0,0,0,0,0,0,0,0,0,0,0
"ENSMUSG00000046470",107.092809850489,113.88390510739,150.7947598429,108.730497565508,173.379293296435,127.809920086892,179.855435883056,141.413068165999,102.155119659966,143.288360110151,178.891512698904
"ENSMUSG00000046474",0,0,0,0,0,0,0,0,0,0,0
"ENSMUSG00000046480",28.8596135991519,1.06184986512135,0.885942031729674,6.59367096278743,3.20099921156372,1.27540330146522,1.03076598698579,0,0,0,0
"ENSMUSG00000046486",0,0,0,0,0,0,0,0,0,0,0
"ENSMUSG00000046490",0,0,0,0,2.10191351140727,0,0,0,0,0,0
"ENSMUSG00000046491",16.6515788833445,9.0023337176788,11.5477546846707,10.1815059407687,5.97218561584691,2.38387405193616,15.3285302233287,5.48120049472943,8.7452819715376,7.94071821432793,6.42468037083426
"ENSMUSG00000046493",0,0,0,0,0,0,0,0,0,0,0
"ENSMUSG00000046500",0,0,0,0,0,0,0,0,0,0,0
"ENSMUSG00000046518",0,0,0,0,0,0,0,0,0,0,0
"ENSMUSG00000046519",239.599290713364,235.35239932942,235.344184048756,276.141412612438,229.563896888583,236.202520531877,209.284355929173,217.39428051182,255.460385148128,210.591748762847,265.298195903719
"ENSMUSG00000046523",51.0772786529293,47.6596713103433,46.6591691512334,48.8787840757887,49.4047905548328,27.0890039294684,36.9962588504907,50.4830454522144,58.0443467927458,47.6235568095063,63.9590119554125
"ENSMUSG00000046532",77.4184440711858,49.7474476131003,73.6925722477884,51.1199078051131,87.8506253812296,34.568897649837,79.9122475944473,44.4427862642718,57.5633802559417,59.068503208203,49.0979467567257
"ENSMUSG00000046541",82.036018513629,96.2522449872912,94.2395719924563,89.0769071916619,105.370359589404,102.248327921581,93.1781666496034,127.111288760647,96.3150362440531,97.4773236684134,97.1808919449394
"ENSMUSG00000046546",165.790795482509,258.359221650751,155.63878510415,226.355829780782,234.358072372988,382.691493652543,236.85233560104,330.781253146439,277.216908109074,229.71984499143,302.220102959736
"ENSMUSG00000046550",6.3121014654865,6.38905835561501,2.34753115436239,1.46606352344607,3.54283802224126,10.1388320664665,6.22839376693634,16.4390608397849,10.9777132394648,19.9004996356395,3.0750466538899
"ENSMUSG00000046556",124.995408417478,128.490432350707,147.64297409845,141.219759423838,127.968818152796,110.897742343577,143.459548423149,148.900904591861,108.614763656766,173.761518593314,105.381272941683
"ENSMUSG00000046561",0.685119867169365,1.07466948796631,1.76932650276424,1.09322811923393,4.22292192943919,2.55567845276932,0,0,0,2.83411019657742,1.1445216129346
"ENSMUSG00000046562",191.646370002023,161.700152430652,176.215972528287,170.054350861762,152.232373192583,161.345592602738,182.515083032257,171.839162973351,156.702082698212,192.567421865625,192.093201483386
"ENSMUSG00000046567",38.3449312683124,19.032053531404,39.9641647765361,22.9890986526609,38.2110897105942,19.2168211650336,28.462788053494,26.5367264572591,55.3134604575119,30.0351987617006,24.3248225934765
"ENSMUSG00000046572",41.0101652157298,29.0189527455099,23.9861899045424,15.2327618423424,39.0116387779699,20.4277354996117,32.6258515924263,14.9110723571285,35.0246182324619,27.1596842450353,32.0576599583045
"ENSMUSG00000046573",19.6827875277904,24.8459013129377,24.8750524212032,25.0513702060805,17.8178737695676,32.0363836828672,35.8439470557289,29.2163333531506,33.440365702699,20.3754372143297,24.401411538568
"ENSMUSG00000046574",558.117989709013,560.049606708163,495.217008694124,509.288514994201,561.943101651684,610.479360819778,499.189579796137,634.219894853254,616.920868891326,630.737475217351,542.43656767252
"ENSMUSG00000046585",0,0,0,0,0,0,0,0,0,0,0
"ENSMUSG00000046589",22.8500498823456,11.2949690442461,103.015123877822,35.9159501586678,29.75872539463,28.9814921871825,36.2197948652367,38.1442447135255,37.978732853222,39.2401270442058,181.911936513535
"ENSMUSG00000046590",0,0,0,0,0,0,0,0,0,0,0
"ENSMUSG00000046591",6.1837865283773,8.86729552391246,1.45038249762533,1.78538144530163,4.9771352895233,13.6683682770199,2.52239382950821,5.10015975966257,3.08367738383419,2.30734422654583,0.931590738848465
"ENSMUSG00000046593",0,1.06915663334858,0,0,0,2.56876183744355,2.06008985929948,0,0,0,1.1442718815554
"ENSMUSG00000046598",1132.69582128457,1499.84305564116,1461.60459591972,1595.86854115217,1198.3344107903,1536.67662745131,1721.36390588745,1429.6300493529,1486.88008970874,1272.93114422276,1695.25687587353
"ENSMUSG00000046603",71.3202478090257,68.9722862540808,55.8600809526741,65.0755513893315,57.7975751462617,117.495839260502,79.2814925378691,76.1391785653788,93.9114817964643,60.4934210822428,68.9932273706296
"ENSMUSG00000046605",21.9197985738019,28.9836269942466,24.7421191179425,29.5307650024215,28.5597393336252,25.7616581352612,14.366753814918,21.7046928213404,30.1283720061259,19.8615756418352,25.2023696298384
"ENSMUSG00000046607",0,0,0,0,0,0,0,0,0,0,0
"ENSMUSG00000046610",1.39208380364739,1.09070244112401,2.69312411519962,4.42919385625628,1.06823675703216,0,3.10994427855942,5.0301434531186,4.20381577204042,3.80904785386942,4.63575921482521
"ENSMUSG00000046613",0,1.08274306061758,0.887509816245271,0,1.0597989623741,0,0,0.983744847593359,0,0,0
"ENSMUSG00000046615",0,0,0,0,0,0,0,0,0,0,0
"ENSMUSG00000046618",12.4412726116467,4.32749367086962,7.09349739987527,6.53124917668645,11.6508758834264,7.72051604027542,6.1455796941952,9.84285349602765,8.48505249293461,1.87554122474164,10.2649323249745
"ENSMUSG00000046623",2.01823085376003,0,3.5087328246033,2.19188367568187,1.05730968495849,2.58550017250264,2.05630162324901,0,0,0.949994130235088,0
"ENSMUSG00000046634",1.3769895471296,0,0,0,0,1.28406947360743,1.02465719397301,0,0,0,2.28145514338094
"ENSMUSG00000046637",0,1.08064173486522,0,0,0,0,0,0,0,0,0
"ENSMUSG00000046643",0,0,0,0,0,0,0,0,0,0,0
"ENSMUSG00000046650",0,0,0,0,0,0,0,0,0,0,0
"ENSMUSG00000046652",0,0,0,0,2.10570479104918,0,1.02263335935325,0,0,0,0
"ENSMUSG00000046658",122.390821420755,126.67603174802,156.188290083413,161.36976381569,137.586384094556,147.587838414675,133.505621889159,181.143750860673,139.727145384288,226.124495568016,128.991477588656
"ENSMUSG00000046667",41.7338045516568,48.3561775888562,39.2639879555228,41.6046303068339,30.2418437204591,41.0338051314711,48.4600467162814,16.6785748395545,43.8701266818538,43.3967646343022,22.85620614921
"ENSMUSG00000046668",57.4604676821018,56.8904400675123,53.2839539208278,43.6636703263773,62.2437881691063,47.0214639513172,61.5938180783306,37.2711481986828,47.9255913601785,43.4656142852248,36.8696022647373
"ENSMUSG00000046671",438.471995176755,449.271772906286,480.458550645177,485.743171032076,435.350631373807,473.28904169752,490.691439278427,457.723708664823,435.245567886689,398.784392391633,467.729754453571
"ENSMUSG00000046675",87.1852266440642,84.9397229034687,104.45726835404,109.438102524103,87.9104142536208,109.359620160412,108.233363137384,77.0448068809121,87.9071458450028,89.8138194245146,69.8024752695125
"ENSMUSG00000046676",0,2.09250122449518,0,0,9.76952315832745,0,0,0,0,0,0
"ENSMUSG00000046678",0,0,0,0,0,0,0,0,0,0,0
"ENSMUSG00000046679",195.830857016832,239.141682553584,120.011797618614,220.977953656124,140.779732326847,205.541038794377,175.452465212729,154.356235732595,137.011907764803,197.562318930058,237.674448085774
"ENSMUSG00000046688",15.2701327809783,9.54842952965607,12.3148009290259,12.1606812281236,9.59696938989742,18.0581785146326,7.30681879033982,13.6985546399159,13.9424849587165,6.76364658751196,10.4142310448323
"ENSMUSG00000046691",109.213326133523,103.942780607827,107.7518253378,79.980963363052,121.410208183813,108.640464660339,89.0482194371314,95.7969857396605,91.2671807765799,97.5616326404348,92.3767271561537
"ENSMUSG00000046694",106.32559186805,171.691552906673,146.410421858894,324.240380650559,86.3337924960935,63.928305299039,106.635834947546,207.644129206355,214.987322903241,177.963202534241,116.82369430676
"ENSMUSG00000046697",0,0,0,0,0,0,0,0,0,0,0
"ENSMUSG00000046699",7.44375003716413,2.20919771606899,8.0050085217751,4.39754359523129,5.19366788276601,7.73073690172594,16.6581007889844,14.6469094725794,9.27440065017899,5.70405419133485,17.106683564837
"ENSMUSG00000046707",256.38095438989,316.846013629975,314.231796730218,304.84458600138,318.743123827694,270.0953194519,298.345309181307,234.051208303312,278.656321444758,331.992911137992,259.626909282736
"ENSMUSG00000046709",0,0,0,0,0,0,1.0244779114794,0,0,0,0
"ENSMUSG00000046711",85.0949915528574,97.8819782480595,102.389845543974,109.393691456204,154.813671684027,91.637849767093,100.732537540336,97.6401739530345,124.291851245125,129.521119197486,102.866517764231
"ENSMUSG00000046714",0,0,0,2.16353760190389,1.06665210702203,0,1.01856024188482,1.97015715785484,0,6.54962701886029,1.14792554703676
"ENSMUSG00000046716",0,0,0,0,0,0,0,0,0,0,0
"ENSMUSG00000046717",0,0,0,0,0,0,0,0,0,0,0
"ENSMUSG00000046718",1601.3056854992,1683.98478800978,1242.57200091229,1587.31137888514,1194.071319878,1502.99372034878,1340.14095622072,1000.60622418952,1220.24340688245,1516.52774331588,1044.80306483337
"ENSMUSG00000046719",0.679039243669202,0,4.40282638781311,2.19023045567021,1.06328529413471,0,0,0,4.67290669541971,2.85565419230204,1.14607406938883
"ENSMUSG00000046722",338.861146357911,349.432709255614,360.90991431303,381.088898771798,339.056215267756,317.517157843308,453.772442943121,322.44733911856,342.98099881534,364.694862351659,362.806529290923
"ENSMUSG00000046723",0,0,0,0,0,0,0,0,0,0,0
"ENSMUSG00000046727",166.854130536602,156.971625089287,177.349498553357,178.582607653651,186.026288866023,147.708286827576,162.176399538431,146.616493863363,140.75868118791,164.161421790432,125.185823323454
"ENSMUSG00000046731",50.7894742904048,46.8322070294786,66.7590130840869,30.3833164366183,48.9117105758286,46.8977895516433,52.0827641878167,57.237730865422,30.6683214345543,52.3577039033905,61.6977743500168
"ENSMUSG00000046733",2.04412778750698,1.07237080042994,1.76386219951685,1.0938149537182,1.05686847606099,1.29009768689089,0,0,0,1.88902313293897,2.28848414078032
"ENSMUSG00000046743",95.7582631139207,61.5542746484271,71.1115488062237,73.997065719022,74.8450599840211,62.648417017659,66.4368274406722,109.074857133401,77.5311725428355,78.5827253234291,92.4894370217953
"ENSMUSG00000046748",0,0,0,0,1.04233235813595,1.29251895261651,0,0,0,0,0
"ENSMUSG00000046750",0,0,0,0,0,0,0,0,0,0,0
"ENSMUSG00000046753",77.1388939555134,78.1283190656171,64.7250824340772,40.3245933435178,58.8909042873242,103.528722342516,57.0590464221394,66.9132850103858,64.3615549619113,64.1545135471508,49.8536765101929
"ENSMUSG00000046755",0,0,0,0,0,0,0,0,0,0,0
"ENSMUSG00000046756",656.15713926927,766.781776304853,704.169372679812,781.757824753598,698.677020314544,818.225205304004,724.932893505076,716.275280060159,659.050435518868,618.424629628936,681.160659316175
"ENSMUSG00000046761",307.679831818983,255.824094094588,367.681302938006,368.454509249084,428.029419559587,320.677086708582,406.31302211262,414.761201211881,285.492806506088,526.097405927087,292.687055345003
"ENSMUSG00000046768",281.007913746049,202.931090595344,332.797072798651,178.462530299819,333.813255561628,209.740038922113,245.995137646676,209.288762145809,240.689819268327,255.654566608373,193.046575469583
"ENSMUSG00000046774",0,0,0,0,1.05095675570363,0,0,0,0,0,0
"ENSMUSG00000046782",7.18845270762416,3.89098409055599,10.1962765625192,9.64237528922109,31.9840985916211,12.4719887095308,10.0296340457166,16.3835171931945,6.57068663516527,3.32648510359763,12.2344354722366
"ENSMUSG00000046785",141.285536156434,92.8305567004476,103.804089033603,75.6376644183196,74.2747380905224,64.4347628479277,146.039367094337,81.5978511658963,138.567937312228,94.7739854800247,122.892417519374
"ENSMUSG00000046790",0,0,0,0,0,0,0,0,0,0,0
"ENSMUSG00000046791",258.138994779265,295.508733066781,239.684442923572,247.476467260109,276.588466979736,306.947564023854,359.32420492477,324.076795512063,325.470444519801,383.418505739372,308.801485939946
"ENSMUSG00000046792",115.190521241327,123.007848743789,231.613346651819,231.046409623492,299.87268754463,186.777560728456,171.384267961075,179.422701057465,171.96394525606,213.54052777673,194.669541524213
"ENSMUSG00000046793",0,0,0,0,0,0,0,0,0,0,0
"ENSMUSG00000046794",34.9753752720396,18.0939226639423,7.95731987694328,10.9494564821239,16.9576386550934,16.6022924959369,13.331749693765,8.90294821193697,9.40292756404419,27.5627310619228,10.3790366549837
"ENSMUSG00000046798",213.995505005244,157.315874540533,200.716077402595,200.250662783457,259.806800421288,191.940621307699,185.44617447567,175.615336336545,197.091083980064,222.974617970037,242.27752263148
"ENSMUSG00000046804",0,0,0,0,0,0,0,0,0,0,0
"ENSMUSG00000046805",814.943377087205,728.214378221405,722.90832942475,656.95195690605,850.771943148685,600.448439844824,444.437968248719,680.420294453675,705.63224104428,612.456030785572,628.54021680879
"ENSMUSG00000046806",25.1839441767693,50.801793509046,22.9545934946861,22.7802655076113,24.1696490382159,47.088835343228,70.2461004735606,33.0009498600129,26.1929546122161,33.6621424812582,14.6895899837502
"ENSMUSG00000046807",119.042255215164,195.608152484736,164.636221983011,202.401416267075,210.293454027333,198.768427489659,357.988837202932,336.65512897619,407.805047663274,252.479420191878,373.160264272399
"ENSMUSG00000046808",63.2050648499686,47.3114426212164,36.7869012968358,23.8443267033143,88.3672885849947,80.2017005895209,25.859245800945,19.7178799296682,22.667370154831,100.442607226953,34.4553320581929
"ENSMUSG00000046811",0,0,0,0,0,0,0,0,0,0,0
"ENSMUSG00000046814",33.1186624549545,33.4539697811909,39.0496995149214,18.4974395575779,25.2616067832463,42.2451118312922,31.5875240623528,32.196682447759,25.2920577133588,32.1443568061478,31.4489229750815
"ENSMUSG00000046818",41.0679270006387,5.42724793087685,4.5195068130871,1.61093308129478,17.1997076651817,4.22336419268049,3.78332926127082,0.720103713418315,1.36703471750425,10.5058922616991,1.70152320313846
"ENSMUSG00000046822",154.893810753266,137.052475910764,135.893335916241,122.092738615837,148.442199944462,138.969635251706,150.443354228868,133.256704033154,132.953660305911,172.365228414494,141.72206031864
"ENSMUSG00000046826",41.7205957074044,41.8544408420774,34.5056113052819,61.7098009352981,40.9996535211507,49.9117092156861,32.0415845863244,43.9291125261963,45.1355186430445,29.9088030714795,50.5342463883363
"ENSMUSG00000046828",0,0,0,0,0,0,0,0,0,0,0
"ENSMUSG00000046834",0,36.6663619422078,0,1.08850623684825,202.309245970686,6.38891610545182,13.3195416924961,0,25.4327174525694,0,66.3741237610748
"ENSMUSG00000046836",261.724962590773,314.972944213304,357.117278687136,217.636776129451,217.75807707891,342.384582052559,238.295353554452,213.283401386558,213.671741966884,321.062579219779,243.612091361267
"ENSMUSG00000046841",98.413256661357,130.897574467154,94.9152778999851,79.4221782886241,116.896892521604,120.568882010596,84.8237583756387,62.104734310028,69.9583698046192,84.3231153108523,72.0862013412613
"ENSMUSG00000046844",4.79932665808487,3.21392316866644,4.42430969348456,3.2794794105751,2.11404528078977,1.2835755652872,6.1405452658014,0,1.887745021827,6.60126528027473,1.14726372245446
"ENSMUSG00000046845",0,0,0,0,0,0,0,0,0,0,0
"ENSMUSG00000046846",0,0,0,0,0,0,0,0,0,0,0
"ENSMUSG00000046854",1.43950198265014,1.02752472102333,0.926900708082412,4.15570790190768,0,1.2309042779551,0,0,0,0.988551168682177,0
"ENSMUSG00000046856",8.27545963758054,1.06887056381726,10.6312991384395,10.9300639246801,15.8977456856477,13.99120599501,13.3567940072451,15.7999449014118,9.38457195735791,13.2745349386457,13.8137149694891
"ENSMUSG00000046861",850.420352524813,935.167787051746,981.887232533993,1017.74270217893,873.831336628678,1138.88024522516,959.82573212617,1029.44862802664,1001.18791474769,985.113426962718,1060.58569497082
"ENSMUSG00000046862",159.667642733359,58.3362116719915,44.4015520303368,84.725721919436,25.7401179245362,77.7065314136966,69.3202621225665,21.9328859800038,77.7297682474631,104.691422912987,92.6482877629856
"ENSMUSG00000046865",690.980425915605,818.45059743554,604.702841730136,748.530664624722,627.249155046634,804.558032380727,816.529289620037,679.505046752575,620.428027797154,684.112236046253,943.93716937814
"ENSMUSG00000046873",165.236898235235,137.166351823601,190.711485786155,166.957973668544,171.220616701964,164.249110697872,167.004638906357,167.550354879281,180.32043606449,174.677165328157,225.995833166571
"ENSMUSG00000046876",44.826038467496,47.5451131608006,83.4365898972958,76.1241270691257,38.2925916050364,31.9922930440915,58.3155599968629,40.4479497649662,62.3934172101473,73.0104151991407,43.4545727580746
"ENSMUSG00000046879",764.482580751754,563.261501472219,482.962059487902,555.752920249294,445.774292974238,526.357156715317,458.463835556716,294.504266591053,642.571146747573,976.650408899635,636.117231450179
"ENSMUSG00000046881",0,0,0,0,0,0,0,0,0,0,0
"ENSMUSG00000046886",0,0,0,0,0,0,0,0,0,0,0
"ENSMUSG00000046897",219.593640352322,237.441447813731,246.056129467171,294.527008575739,277.798255693497,180.476059679822,278.473925685489,251.94643392644,253.120685502859,314.073670339311,249.414457391999
"ENSMUSG00000046899",0,0,0,0,0,0,0,0,0,0,0
"ENSMUSG00000046908",78.0534228938626,56.122746483734,32.6217278882353,55.7417972090709,55.9481895023162,108.686278879155,49.2904299523015,54.3936087331184,39.6816219862852,58.7228024744281,51.3569753046037
"ENSMUSG00000046909",66.0838894266525,91.3527304532507,68.4137608450941,80.3507524255037,80.8039171570431,66.4465955720451,101.525453979992,83.1044522130211,73.8295094457452,80.1140872604096,129.715401987445
"ENSMUSG00000046913",0,0,0,0,0,0,0,0,0,0,0
"ENSMUSG00000046916",17.3555523194778,22.4144895459115,21.0675696557415,9.91488272252576,35.346629580522,20.7286412745943,22.8804148416771,22.3802618547554,21.385909422123,16.3542748376641,24.2633440155432
"ENSMUSG00000046922",0,0,0,0,0,0,0,0,0,0,0
"ENSMUSG00000046924",0,0,0,0,0,0,0,0,0,0,0
"ENSMUSG00000046932",0,0,0,0,0,0,0,0,0,0,0
"ENSMUSG00000046934",0.689939267648385,0,0,0,0,0,0,0,0,0,0
"ENSMUSG00000046942",0,0,0,0,0,0,0,0,0,0,0
"ENSMUSG00000046947",203.702980579728,271.655525527354,278.227315227448,410.037088453797,255.550418589891,342.581544730156,258.193901948542,289.33822758702,271.477109726532,292.637265073592,188.607779763494
"ENSMUSG00000046949",81.5067089084625,67.326107717423,63.2844684750772,69.7396485535992,69.1512880791798,76.8863951054254,74.4925154990883,81.7672205330506,77.6199448983437,68.8685525693853,85.3601819340235
"ENSMUSG00000046957",0,0,0,0,0,0,0,0,0,0,0
"ENSMUSG00000046959",0,0,0,0,0,0,0,0,0,1.33637203087853,1.59818348085008
"ENSMUSG00000046961",0,0,0,0,0,1.28191223901898,0,0,0,0,0
"ENSMUSG00000046962",261.174718649497,332.582223828151,379.816791582042,311.913576725647,239.177408204459,159.623565839527,230.887235246159,100.063970510276,221.509156037002,261.488075866244,89.7723216946453
"ENSMUSG00000046971",267.103161127472,417.573338378901,209.868825227646,455.848656805684,200.389990629566,443.952900628766,262.848225760129,514.56128767204,376.369702412934,211.97535674271,369.672238366129
"ENSMUSG00000046974",0,2.12468549571377,0,1.10573490102314,0,0,1.04145225690891,0,0.93353151497652,0,0
"ENSMUSG00000046975",0,0,0,0,0,0,0,0,0,0,0
"ENSMUSG00000046982",366.712382643066,454.952459870971,614.771134053228,551.805528466975,484.140065709023,494.150905799766,537.384130868081,585.19494881414,452.655004541258,598.093103041741,360.198193620881
"ENSMUSG00000046985",306.994397774377,291.548885041471,409.017795673233,325.561082280011,351.281610110957,250.532631987348,386.17303181622,326.348660553136,358.400841599341,416.527871068829,368.474357368695
"ENSMUSG00000046991",4.19244795783681,0.871167082275871,3.5912645782957,3.45652554249154,6.83019703885461,1.03394608838254,0.82970079222168,2.4048741953137,9.09787941625093,1.42608649194257,0.926560695712912
"ENSMUSG00000046994",100.413748008127,104.393831269183,99.2425409027491,104.640518678876,99.2923548677124,100.196526461029,126.765925881901,123.939657600326,107.865904337431,92.0854009207844,122.394149347236
"ENSMUSG00000046997",0.67969244590089,0,0,0,0,0,0,0,0,0,1.15764757214498
"ENSMUSG00000046999",0,0,0,0,0,0,0,0,0.939403991756852,1.88740409347408,0
"ENSMUSG00000047002",0,0,0,0,0,0,0,0,0,0,0
"ENSMUSG00000047003",7.45392707360768,8.46754661618532,5.2886004063526,4.39713034380148,8.54543700220085,6.36930883448729,5.17342375034849,3.9254281577529,5.58776325424657,4.81283540743058,6.97064393731859
"ENSMUSG00000047013",0,2.16838399738845,0,0,0,1.28244915623337,0,0.988942039651754,0,0,0
"ENSMUSG00000047014",0,0,0,0,0,0,0,0,0,0.936366945291052,0
"ENSMUSG00000047021",0.68893003044874,1.08079144673189,0,2.18320902393877,0,0,1.02217003293013,0.993625328337595,0,0.936240091987319,2.28280845240875
"ENSMUSG00000047022",37.6224433317372,50.2639954075712,44.6398606002913,78.618005260566,50.1910606755729,80.0135657720174,51.5457173750938,88.8558697299597,51.9302816625738,65.3959545753614,73.9036612996522
"ENSMUSG00000047025",0,0,0,0,0,0,0,0,0,0,0
"ENSMUSG00000047026",0,0,0,0,0,0,0,0,0,0,0
"ENSMUSG00000047030",291.758733734613,246.333941095841,273.428381533874,275.45466253841,252.185416315897,238.323096773765,230.414446695162,290.116451909002,246.959273081298,323.553212110499,311.114683194013
"ENSMUSG00000047031",0,0,0,0,0,0,0,0,0,0,0
"ENSMUSG00000047033",8.23156837565345,10.8496360479866,8.87165404559911,15.3061211753223,21.0862564566166,6.41648757220062,5.15982743403867,2.94956275724212,8.44497054286888,6.60570543428647,2.27927421960498
"ENSMUSG00000047034",0,0,0,0,0,0,0,0,0,0,0
"ENSMUSG00000047036",667.778655275429,427.799381143168,353.890226669698,421.073959712862,234.826000438127,191.742518278359,673.374392981147,198.626603817937,490.503273476145,350.265226991697,512.376356132103
"ENSMUSG00000047037",14.9536135314402,23.607104671483,20.2853150869486,23.0218781092847,19.0594604610971,18.1086629439869,15.421999654386,18.7198877695803,17.8770289962083,25.5929806265774,16.0440784915053
"ENSMUSG00000047039",0,0,0,0,0,0,0,0,0,0,0
"ENSMUSG00000047040",2.72867728093387,0,0.892650668155853,2.22411923295216,2.2167916951546,6.33737809757629,6.17411329169936,0.966329194445874,1.87220128894839,5.38659946154255,5.81992722684196
"ENSMUSG00000047044",21.7742093684557,20.2201500339111,28.9035565214437,25.4614406831906,20.3314454282059,17.9904301442959,22.1250423014268,18.5484056421825,23.1690393428753,27.9484341287401,12.7899106026948
"ENSMUSG00000047045",49.8873250743109,43.908087413206,57.3868147453092,50.1115673289049,39.6651068148137,35.4637004281794,67.3365556910147,57.2336596736798,19.6756265901758,34.6568266231064,35.4137813236656
"ENSMUSG00000047048",0,0,0,0,0,0,0,0,0,0,0
"ENSMUSG00000047050",0,0,0,0,0,0,0,0,0,0,0
"ENSMUSG00000047053",0.689939267648385,0,0,0,0,0,0,0,0,0,0
"ENSMUSG00000047067",37.6481660508459,26.543663407334,25.4559729602282,30.9521906128775,26.8019555651283,36.0243454646064,31.5242805254516,40.9605302404849,34.2375199606853,40.5610797401034,41.8814851617075
"ENSMUSG00000047079",0,0,0,0,0,0,0,0,0,0,0
"ENSMUSG00000047084",247.096874941868,243.646786507403,246.389108872854,297.024423949571,259.511254607496,358.15287667452,330.941871553446,297.987640404952,282.88624298457,318.458112749214,295.470464138567
"ENSMUSG00000047085",0,0.872403673490764,3.30343517129342,0.872208202048251,0,0,1.64394782420101,0.793810402617869,0,0.753749987934474,0.919177095668889
"ENSMUSG00000047090",47.419916124226,27.5826633415831,85.0537972463377,76.1751890879096,99.7519806578314,106.771047623795,82.7006158041514,178.601545457705,64.8789263473367,108.066275755389,119.368695787144
"ENSMUSG00000047094",6.93038637967036,6.9645013056724,0,0,0,3.32852133133932,0.196294582093126,2.33253064848088,0.179557102225667,9.50851551383532,12.675383785805
"ENSMUSG00000047098",857.185674736784,743.474010748308,693.95950208506,701.993726835912,830.357532140743,718.903096085204,760.944113288935,704.236059005928,775.056556696293,1024.90467155753,818.706794584046
"ENSMUSG00000047102",0,0,0,0,0,0,0,0,0,0,0
"ENSMUSG00000047104",0,0,0,0,0,0,0,0,0,0,0
"ENSMUSG00000047108",1.37987853529677,0,0,0,0,0,0,0,0,0,0
"ENSMUSG00000047109",0,0,0,0,0,0,0,0,0,0,0
"ENSMUSG00000047115",78.9669146336976,246.552938452915,151.710521292525,253.369694836943,161.180567752354,229.343543637254,201.386178108646,238.70278801792,151.276367454766,254.055493425341,139.457449060393
"ENSMUSG00000047117",0,0,0.886562777922644,0,0,1.28516570988648,0,0.992493390920226,0,0,0
"ENSMUSG00000047123",558.566045348275,433.192972748034,568.170981623487,586.760886308798,308.043391497233,492.516207814999,435.234101735365,511.998450595078,505.663595678966,603.239435846273,543.627515059409
"ENSMUSG00000047126",3948.81887761501,4405.04998690955,4108.4268950333,4278.32023340162,4523.1465341227,4662.04728051387,4142.39050287229,4051.71003228465,4261.4461143009,4328.85038802635,5005.35395088196
"ENSMUSG00000047129",0,0,0,0,0,0,0,0,0,0,0
"ENSMUSG00000047139",783.239414596329,859.30847422101,1046.18736349863,1009.35734127363,1009.80481060291,889.967610477029,925.101814891002,1127.68556003929,941.479372528629,983.898797740433,1211.50235114113
"ENSMUSG00000047141",220.296654466399,257.722035192975,258.829476976183,293.91730618481,213.0976197336,194.510912007388,215.415355719366,338.670767568395,292.885157226707,270.425229446269,252.389987377129
"ENSMUSG00000047143",5.43586173978575,2.20046460299711,10.4725002300606,7.58145984476924,3.18252379764974,9.13968389098897,2.0265337287212,4.93029562144505,10.4698449185764,1.86528311162366,6.91181092410418
"ENSMUSG00000047146",12.4457170084426,4.02544046290976,15.504952280633,56.5196020062901,5.23716049365212,21.6352015575174,8.91681834970552,9.85565694392844,12.1321788183631,9.19518248521229,19.3245024039269
"ENSMUSG00000047149",0,0,0,0,0,0,0,0,0,0,0
"ENSMUSG00000047150",0,0,1.44321151385885,1.80462479488243,0.876118520682657,1.05700600068907,0,1.60914828548843,3.01035533788705,1.57208415616171,0
"ENSMUSG00000047153",476.854628613573,644.982411922784,667.524002882448,705.009302578065,733.888198191541,661.877615868463,606.545722501069,748.708234734672,522.51008864272,647.439287668392,610.617666332847
"ENSMUSG00000047155",0,0,0,0,0,0,0,0,0,0,0
"ENSMUSG00000047161",0.689939267648385,0,0,0,0,0,0,0,0,0,0
"ENSMUSG00000047171",0,0,0,0,2.10191351140727,0,0,0,0,0,0
"ENSMUSG00000047180",63.3815293234352,75.2597620220861,59.2095239851846,57.9150511951926,50.8547803677297,71.4973446724303,39.6202765609455,54.4947565215611,44.3042612401744,47.3701277179282,24.0289417121591
"ENSMUSG00000047181",6.50060274372031,5.9983214621836,7.02688074648553,2.58915529375526,13.498936207355,7.09710757596347,6.50419621484139,17.7800891248488,12.6913068837784,9.7299136936247,6.35101760086049
"ENSMUSG00000047182",74.9456880204822,23.3393542782055,61.6953446389022,28.8605141875142,40.8423779953003,22.7305648497462,57.4941433465458,17.4369524998775,41.7097858581865,37.0055001783206,25.815202824093
"ENSMUSG00000047187",1588.76441235925,1559.3755441669,1632.2156943337,1805.63556196693,1619.97802185735,1466.13158878166,1659.38604803263,1930.62416433486,1730.11395151153,1784.53065461851,1429.58960945007
"ENSMUSG00000047193",172.317876654412,172.461890299822,183.981287012043,158.329648204906,131.759998764831,135.560423767164,197.565851771819,181.573333877223,203.277989727458,159.134509349072,160.522505236732
"ENSMUSG00000047197",0,0,0,0,0,0,0,0,0.946762884136551,0,0
"ENSMUSG00000047203",0,0,0,0,0,0,0,0,0,0,0
"ENSMUSG00000047205",50.5166943397079,35.1562965612314,59.6032219664773,38.6205061068118,57.6844471492251,36.3742108987824,54.0884393768257,46.815875045125,70.7508204674809,70.3863281737333,62.3929659085598
"ENSMUSG00000047207",0,0,0,0,0,0,0,0,0,0,0
"ENSMUSG00000047213",781.48568353019,631.907768595473,766.331225769495,734.823370168109,709.687409622519,576.404490169621,860.928797447966,791.016193596813,783.649291986529,759.386687549678,774.071984980178
"ENSMUSG00000047215",6264.28327910992,7955.11715887172,6884.42529828803,7782.45907799471,6553.88536041365,7656.41136549331,6981.70617855218,6707.90789026428,6658.71900720305,6222.11361677537,6670.60938448946
"ENSMUSG00000047216",150.271335272247,65.2298312348686,234.770150189122,133.461394414853,226.006228161032,2.56672986487565,177.212259063765,103.711454743859,235.188917077897,140.317572253682,308.095238925405
"ENSMUSG00000047220",0,0,0,1.08961112093966,0,2.56374736925936,0,0,0,0,0
"ENSMUSG00000047221",26.2983045753593,30.501216320203,16.7935318414843,27.4584773952706,35.7304900242098,25.8070188730289,36.4156277216581,31.33993800605,32.6780252167199,39.1296071488351,30.7518614380292
"ENSMUSG00000047222",0,6.37684678005719,2.63774290010678,0,7.5016186375486,2.56708294707482,2.10221572503794,0.970483021099456,0.920247854798873,8.70006320647431,0
"ENSMUSG00000047225",0,0,0,0,0,0,0,0,0,0,0
"ENSMUSG00000047227",15.1214303069484,13.9953184794811,25.0009973087345,20.6278493804955,26.6384833346523,14.2626626015147,36.3688377987451,28.6522778694799,19.745431613242,27.4044133108633,12.3825381051465
"ENSMUSG00000047228",0,0,0,0,0,0,0,0,0,0,0
"ENSMUSG00000047230",0,0,0,0,0,0,0,0.984153858076498,0,0,1.15024964712244
"ENSMUSG00000047237",0,0,0,0,0,0,0,0,0,0,0
"ENSMUSG00000047238",42.9185999124211,34.0446157034009,31.6415530644963,18.7311917664026,40.412588124489,41.3747474927554,43.3972765835003,34.4045781439773,29.0280143940008,40.2682465101605,32.3201474293467
"ENSMUSG00000047242",11.7746637844724,12.30121623034,3.63601246291317,4.7733426693141,10.3867436126442,16.5948779166531,4.25096227817833,12.7582322052754,11.3491800784672,14.5935610088197,5.01211188986402
"ENSMUSG00000047246",13.116015436893,9.61181355335348,5.30493061816753,8.82790781324358,8.86071958287307,10.2123667485168,13.6040378992986,11.5699360935121,1.84350504675324,3.78212109444416,4.70814239233682
"ENSMUSG00000047248",420.695722155732,746.742689934472,833.103120469346,631.019691701229,613.157798618622,397.894315329677,602.54054897684,428.90985723807,514.121987165346,818.708267387626,335.847721005747
"ENSMUSG00000047250",115.685495911648,534.29351532824,116.780054419922,514.862714675407,159.182521754985,491.737573516261,192.220735825085,655.947427279669,228.186744167371,250.036841730908,219.577421468939
"ENSMUSG00000047253",0,0,0,0,0,0,0,0,0,0,0
"ENSMUSG00000047257",0,0,0,0,0,0,0,0,0,0,0
"ENSMUSG00000047259",0,0,0,0,0,0,0,0,0,0,0
"ENSMUSG00000047260",293.619685009181,317.937154690322,313.583544487649,335.896289075451,289.792438472886,329.438939692113,377.050371979407,302.88065838219,313.987363564553,294.617881466904,319.124995341034
"ENSMUSG00000047261",0,1.07202519112646,0,0,2.14909918710584,0,0,1.95723190203769,0,0,0
"ENSMUSG00000047264",288.299198130286,256.385796492272,401.724508234146,353.478808782973,362.451205378176,243.80640609454,343.308416881805,389.415969904881,461.322604264009,435.581950020472,305.212836464559
"ENSMUSG00000047281",170.836313390354,159.598359829504,133.596862920249,88.6919737085293,243.729908410473,125.156009262913,134.044980888679,142.505667369238,128.082225381869,137.013601001651,153.398047514498
"ENSMUSG00000047284",980.184720666648,809.531334221607,911.115411444646,999.820419263584,959.103724377353,1344.71161363366,768.553798897497,1108.05188253184,1011.24904482442,1303.14086495152,971.443712592982
"ENSMUSG00000047286",0,0,0,0,0,0,0,0,0,0,0
"ENSMUSG00000047293",2.07842925771526,5.35373093247399,0.888509585200919,0,2.11964038924319,8.94201229466004,4.09693444355862,1.98894662643152,0.945569160240622,0,0
"ENSMUSG00000047295",0,0,0,0,0,0,0,0,0,0,0
"ENSMUSG00000047298",0,1.08064173486522,0,0,0,0,0,0,0,0,0
"ENSMUSG00000047307",6.89124512831656,5.40144968272227,4.43746502828485,2.18212395753716,10.589640158406,6.39270192134616,3.08375894273845,2.95570281005004,3.76235815476803,6.58623219409998,1.14317873835204
"ENSMUSG00000047330",2.66217596598106,8.56331722118508,1.76698215788254,0,0,5.21081019297091,0,1.95861990963894,2.80094913424572,3.88528333524675,1.17060669932765
"ENSMUSG00000047342",3.76632192273776,1.97153883172267,23.3721093524153,2.00728042290577,6.78833535917761,3.50939175904904,3.78683188864302,2.70481254475623,4.28840927947923,4.34379644505201,2.10073711467398
"ENSMUSG00000047343",9.9431167525381,1.07693637299405,1.75632296268505,4.4317885899693,4.20956033219539,1.28542288229745,0,0,0,0.969311895633465,0
"ENSMUSG00000047344",0,1.07973522303058,0,0,1.05974958523095,0,0,0.985219916997303,0,0.936345466994905,0
"ENSMUSG00000047352",0,0,0,0,0,0,0,0,0,0,0
"ENSMUSG00000047356",0,0,0,0,0,0,0,0,0,0,0
"ENSMUSG00000047361",3.99970250877678,3.25614680224434,23.3597710480129,1.65171683510368,66.6369805524561,4.97637379259053,5.66971251529217,2.50474623415753,98.7642824197673,32.8039630790904,1.72886230256759
"ENSMUSG00000047363",2.06571216654622,1.07849820221488,0.899992016442464,0,0,1.27936947146656,0,0.976485734291134,0.931386554210973,0.921159455302331,1.18992828958394
"ENSMUSG00000047368",222.153649704962,250.737692363836,255.415552374898,274.696720923337,259.435566991237,233.282046931393,306.312711356374,283.362912164538,296.367395554718,301.773282691648,269.68162956638
"ENSMUSG00000047369",4.28970940909205,0.0363376296590756,5.68631875704429,0,0.034638591791486,4.12024345158258,6.7240108004188,0,5.95614022197033,3.07614120448956,11.3911414015044
"ENSMUSG00000047371",322.989048899759,294.147445611551,295.749708081065,345.578233198231,337.367815115075,360.652813524308,334.504650425386,388.728447206796,354.174894383595,379.86619980906,348.467881511382
"ENSMUSG00000047379",213.684940010929,240.356757222553,256.074535616699,227.053204368638,273.96002098387,257.447257752847,292.565856631278,277.927335738873,300.921009592055,271.370005785118,252.960461399668
"ENSMUSG00000047388",852.08003928825,809.081352162199,928.236923859601,923.697921341173,761.073613348206,815.227328530641,895.682372305033,923.461601803716,1013.41110225529,1019.75950315018,1139.14986786547
"ENSMUSG00000047390",0,0,0,0,0,0,0,0,0,0,0
"ENSMUSG00000047394",3.36718068455897,1.80349443587597,2.70128382334819,0,2.586203279643,3.09949403225055,1.76723339809796,2.3690238500692,2.26423972006952,1.54215155950807,1.85630817309404
"ENSMUSG00000047407",139.912352824859,117.211364999419,427.704971272486,133.648449462771,380.009028364086,150.784240522169,158.557833189836,198.551974343292,117.35252679759,282.809404955152,113.108420816864
"ENSMUSG00000047409",35.099961208146,28.8385180001673,39.5938344238284,29.6665000271436,59.3670549327113,38.7790879418084,33.2025738440061,29.4909512985107,45.9512997125607,46.680603812395,51.7031771027743
"ENSMUSG00000047412",232.60062960048,271.701159959359,322.280517322171,315.733994769916,343.522222082627,264.595869938118,298.183001203647,276.043601380098,233.479623251462,302.618304655235,231.038736037785
"ENSMUSG00000047414",5.58085675919887,3.21852039791947,3.55649011068537,3.26209828525118,3.16608908770261,5.08574758491326,1.01920190270905,1.98807087991737,3.78245206773269,0.937491878552574,1.14677168710841
"ENSMUSG00000047415",6.88137181799788,12.9556255891812,0.885776733216555,3.2726793400078,1.0638788658267,5.14302905161796,2.05507678764483,3.9220596785392,1.87928884004863,3.77273619879166,0
"ENSMUSG00000047417",499.143577734402,1531.4892749365,378.948254103693,452.344092112937,853.954174109669,1257.03645636458,404.551106748326,426.271891698199,219.384551044501,1379.8920468326,1886.78056541441
"ENSMUSG00000047419",994.97809280718,11.9119441357177,34.6412972421233,148.372073495023,146.263465139667,17.9157530181671,17.4662167913688,11.861127093181,25.4189345074287,67.6404544740772,14.8344253752294
"ENSMUSG00000047420",1.32118795372314,5.28376801549568,0.875543415899835,1.10305803673489,0,5.15829183142682,1.039356390694,0,0,3.85969040788908,1.16120656600875
"ENSMUSG00000047423",278.656963360015,251.092402640748,309.187324569865,282.123729185201,296.718998447427,320.593274876762,278.351690393565,261.108005710078,238.220755702238,314.20629882478,281.564935212
"ENSMUSG00000047428",8.82433691287723,12.2259969280933,9.27691899641023,7.40455296215281,20.4749798933488,6.75082623400146,56.6329761913631,3.41866353524132,31.9341112980772,5.74183368086583,10.9919875181951
"ENSMUSG00000047434",94.4286460111869,101.968389884171,89.1829871058601,100.036323463497,98.8374257087901,135.656414463746,118.749139224113,113.077117933919,95.3247292340798,72.3825713141604,125.873234971283
"ENSMUSG00000047441",0,0,0,0,0,0,0,0,0.946762884136551,0,0
"ENSMUSG00000047443",0,0,0,1.08186822656069,1.05844658326513,0,0,0,0,0,0
"ENSMUSG00000047444",0,0,0,0,0,0,0,0,0,0,0
"ENSMUSG00000047446",704.989660986289,578.478845293945,547.026038335834,602.948470417697,673.277900420074,756.887321663362,550.516719271939,741.018010878078,557.436786604137,618.929432688634,560.786067894303
"ENSMUSG00000047454",1180.94648651822,1224.15978552858,1439.85203451898,1418.8666762274,1232.32743027958,1134.79531293346,1280.65925721907,1524.20905025959,1572.17444519838,1523.21544078803,1641.47704021117
"ENSMUSG00000047459",606.474251773802,755.169133402064,704.496008001375,812.428546705687,735.77893134914,722.383235331231,755.277503598426,770.315992075543,592.103273075591,717.145586697293,596.38432974412
"ENSMUSG00000047462",0.678197968536713,2.20832488246177,0,0,0,0,0,0,0.926003156366612,0.953186704422654,0
"ENSMUSG00000047466",103.17184956157,58.8574808894104,70.9437174365819,62.1759844665259,68.7897660171875,63.6595289352075,65.5324783426494,63.3326810334597,61.1854002929325,72.7267360420062,82.7523942270327
"ENSMUSG00000047473",33.3889378516848,60.7612677370022,38.7241893926952,57.4251535190566,51.4704777074568,39.3776752812944,53.0115596107478,66.4908123762851,28.9404578372627,64.4886951995878,28.3730081129093
"ENSMUSG00000047485",2.06917850159797,0,2.65491113843114,0,6.3588007939332,0,0,0,0,0.93276698601789,0
"ENSMUSG00000047492",0,0,0,0,0,0,0,0,0,0,0
"ENSMUSG00000047495",0,0,0,0,0,0,0,0,0,0,0
"ENSMUSG00000047496",0.67269362367652,1.06762666459761,0,0,3.2257312650274,3.84971095384665,1.03633553582774,1.94729686810145,1.86304945999447,1.91739929855787,3.46954050752369
"ENSMUSG00000047497",76.1596140936777,48.4433951357524,52.3756824829983,29.4055399669934,44.2626552276613,24.3358110053477,44.9013840377082,34.783011590944,38.8271952087918,28.0810590306359,29.733442016305
"ENSMUSG00000047501",382.094755508468,111.906207655108,1642.49413011508,125.108689483653,1658.36734362085,35.6137779502325,607.846576076296,140.386170358652,48.5214803622579,815.132002785311,92.8180926191378
"ENSMUSG00000047502",0,0,0,2.17654745486543,2.11107738057651,3.86395760520311,1.02205410791295,0.988531898749956,1.89088279987753,0,0
"ENSMUSG00000047507",6.49097012083319,7.38304797667976,3.95521029701609,28.596085648062,4.73026950364646,2.58471791311503,3.27965971428993,4.22581752443739,47.6711741723702,68.3209327952612,91.7567787688118
"ENSMUSG00000047508",0,0,0,0,0,0,0,0,0,0,0
"ENSMUSG00000047511",0.687855811050047,0,0.882811480019773,0,3.16744109988278,0,1.02089794109058,0,0,0.944430858839606,0
"ENSMUSG00000047514",696.964657984411,658.838174572836,692.091610532822,572.184024986434,816.484012651894,558.835111230014,772.899812332549,763.055415777807,641.30463587119,770.990733759022,556.42697713015
"ENSMUSG00000047515",0.679721195297022,3.19539135416672,1.76462842614653,2.19870727109881,0,1.2751267115036,2.07225604633314,0,0.931856795464272,0.960620766401521,1.15418592620761
"ENSMUSG00000047517",0,0,0,0,0,2.56382447803796,0,0,0,0,0
"ENSMUSG00000047518",0,0,1.76420958788987,0,1.06102655583867,0,0,0,0,0.935387173096976,1.13928350356013
"ENSMUSG00000047528",9.94113256554824,7.54197466468859,6.98685435902312,1.09314851863629,8.27421715454657,3.82161310515277,2.07921765364897,2.89050543407837,1.04144827487972,4.75282071695751,2.24555382364732
"ENSMUSG00000047531",0,0,0,0,0,0,0,0,0,0,0
"ENSMUSG00000047534",10.9823075865261,21.1722877953079,8.09929251367813,6.54872589825704,7.28488320571105,26.8611590345229,7.16234414377775,4.87916465560699,17.6673703050545,8.41516383081573,2.30372720882013
"ENSMUSG00000047535",0,0,0,0,0,0,0,0,0,0,0
"ENSMUSG00000047539",336.147746534801,271.619978817969,252.789149000955,263.285918958269,342.720255009651,228.6257110824,320.734654025783,285.788517557448,275.737690482267,290.370195395969,343.72527232951
"ENSMUSG00000047544",0,0,0,0,0,0,0,0,0,0,0
"ENSMUSG00000047545",0,0,0,0,0,0,0,0,0,0,0
"ENSMUSG00000047547",737.73623120553,682.580650743096,731.572048227288,653.917625590771,668.736440216275,654.76398393692,712.874763835287,610.824361869863,639.198976811901,667.660291623655,636.414992950328
"ENSMUSG00000047554",413.290381188694,611.299893865928,473.639781325121,424.773342557181,366.346355353288,490.513464100236,558.426045662558,409.627501793381,541.856415034041,379.714592474914,362.292143589894
"ENSMUSG00000047557",152.834202765574,155.869800912,191.707471502335,159.763067144805,168.70424496411,170.239565131102,157.032060018647,189.873601701501,134.7245228964,163.364946095631,154.014191490847
"ENSMUSG00000047562",0,0,0,0,0,0,0,0,0,0,0
"ENSMUSG00000047564",0,0,0,0,0,0,0,0,0,0,0
"ENSMUSG00000047565",0,0,0,0,0,0,0,0,0,0,0
"ENSMUSG00000047583",30.7123456301618,28.6765787129674,19.7592461248475,24.2108060149719,24.7351121698374,30.31994248715,22.4958738785502,23.927868657899,30.5687718944732,25.9518825417945,34.9642096779092
"ENSMUSG00000047586",1.22982597846535,1.11585592413284,0.921579136892903,1.97291091419601,2.23160182895067,1.32870354948435,0,0,0,0,3.59838378957813
"ENSMUSG00000047591",22.9672330804133,4.372814566636,1.75251270662456,4.33611052941271,7.43269477215444,3.90474394588917,10.2041318182023,5.91301564891306,4.74335517658227,0.942755189166248,8.02837596501025
"ENSMUSG00000047592",3.14390623199043,0.619280606346431,4.3196616959794,58.069999457817,3.64112297722714,15.9415957353446,1.10916167987728,32.5251734622062,1.63073651255239,12.9279375193767,1.96922624892917
"ENSMUSG00000047594",0,0,0,0,0,0,0,0,0,0,0
"ENSMUSG00000047603",76.4687476533776,75.667649086401,86.5427958949575,92.1348157466221,60.9561524832017,86.1267708049028,58.9872676381596,73.3268212670974,79.9704710733285,75.2732536042594,76.6983967302256
"ENSMUSG00000047604",83.4985613521148,113.384119589001,140.787105032789,132.423129177963,115.487158840096,101.043430843224,140.781087124554,102.565741754786,84.0699500569335,163.678353012645,113.365906639498
"ENSMUSG00000047606",0,0,0,0,0,0,0,0,0,0,0
"ENSMUSG00000047613",198.74015616275,247.486133763418,231.586583530995,261.160744816079,209.722610885677,221.34440094849,237.978553397433,257.255025815766,219.557193497218,268.082169599384,231.022304845748
"ENSMUSG00000047617",74.6204658169841,93.821099694261,76.4887007842839,87.6045547603557,66.47812182667,64.0490991789667,102.376519454645,79.5412836612575,74.2724485108994,73.637183886871,62.2456201979431
"ENSMUSG00000047619",0,0,0,0,0,0,0,0,0,0,0
"ENSMUSG00000047626",0,0,0,0,0,0,0,0,0,0,0
"ENSMUSG00000047631",10.0528364482179,5.2875567524023,13.0347068008755,15.1221957929735,21.9102280741507,17.845511599036,14.9748877771041,10.2428942606038,14.8260318222544,4.66794161133857,17.8881273424505
"ENSMUSG00000047632",4.01130053506785,7.64135100608951,2.60784367701757,3.26107896738637,11.8223149426274,10.4511872438721,12.2266711214389,5.87033070985404,4.72230940940161,4.70696644732946,5.82618494585106
"ENSMUSG00000047635",17.7686274084413,27.3424813680791,27.4569670156798,15.3415201189445,19.0256386646518,21.735516598487,18.6242134813177,21.3375489580166,16.5842780237138,20.1130207049848,30.096535715512
"ENSMUSG00000047636",0,0,0,0,0,0,0,0,0,0,0
"ENSMUSG00000047638",0.681285869062709,0,0,2.16659594583643,1.05175350674032,0,2.06824512402781,0,0.938354121185905,0.949935953830641,3.43098553529541
"ENSMUSG00000047641",0.689367340646314,1.0819995043808,0,0,2.1216715983024,1.28608780477794,0,1.96457956343541,0.941437200455572,2.8172260688345,2.28128824631386
"ENSMUSG00000047642",3.47939901081136,1.83632982769847,0.586064858336169,4.33565023628405,3.59575044427253,5.07637604446181,0,0.420006442263711,0.620238059617478,1.20410651438111,0.756053369844723
"ENSMUSG00000047648",136.270160919011,128.092353376147,159.656486035869,150.293485120034,182.88692450507,98.3674748531534,171.557995079139,116.143244701418,168.678367723438,152.480080252049,135.261540658132
"ENSMUSG00000047649",261.681745864894,302.587129393023,262.612826257896,426.405452061867,269.012767963976,256.90265771028,276.966517153505,324.416455347311,354.571016988457,296.870570965622,403.776585693685
"ENSMUSG00000047654",1.35223222161805,0,0.885494721134752,0,0,2.56429782237604,1.03429348924837,0.984152664118543,0.940301671646305,8.59622847308624,1.15156991806342
"ENSMUSG00000047655",0,0,0,0,0,0,0,0,0,0,0
"ENSMUSG00000047656",39.299318903353,64.3470791443058,35.2178507955887,49.3869591724764,44.6292855514607,78.9957877712644,58.842090053035,75.4161126016294,60.8574292560163,50.5012486590088,57.3686813023279
"ENSMUSG00000047658",1.37012760678009,0,0,0,0,0,0,0.989369747345369,0,1.89223228603926,0
"ENSMUSG00000047667",0,0,0,0,0,0,0,0,0,0,0
"ENSMUSG00000047669",29.2220262460282,40.1082591551922,24.6803693022324,20.6729612346564,33.8219867102739,27.1173243298455,32.8385176263998,33.6158750974092,27.4217251336866,22.7396093858341,31.944572389068
"ENSMUSG00000047671",0,0,2.19720870357288,0,0,1.58740812511184,0,1.5787948519688,0,0,0.936803644774304
"ENSMUSG00000047674",0,0,0,0,0,0,0,0,0,0,0
"ENSMUSG00000047675",9825.6816871505,13727.2581638648,10837.4950452803,13765.0325587666,11536.6136053082,12726.6862996518,12647.0906499463,11957.1024037635,11565.0267785277,10807.5167160991,11622.297938954
"ENSMUSG00000047678",0,0,0,0,0,0,0,0.992606609936369,0,0,0
"ENSMUSG00000047686",0.690791230531086,1.07604544295065,0.887708610154606,0,2.1215181399384,0,0,1.9755934257395,0.943911183600091,0.93894331417131,0
"ENSMUSG00000047694",352.240339202751,317.152240658505,380.046345787643,405.91655817028,373.755558928766,223.632695305088,447.252219790357,357.613624489888,269.809049336531,241.689779915401,291.658407029451
"ENSMUSG00000047696",0,0,0.456493599516621,0,0,0,1.61593889799782,1.98796279273254,1.44729466401586,0,1.83905565127904
"ENSMUSG00000047702",0,0,0,0,0,0,0,0,0,0,0
"ENSMUSG00000047710",199.808380708768,202.995717306864,170.253490568438,210.451553740492,216.657755189285,224.894246479246,228.400972625233,217.37952065422,209.571064924474,205.437254892781,238.698007518446
"ENSMUSG00000047712",9.54782901836177,7.51938494822956,4.42098145652401,4.38077408619734,14.8039321264255,7.71823923302718,6.16478180700575,10.8725632405306,9.42071191430288,2.8350936785711,3.43850127314621
"ENSMUSG00000047714",1143.63845760396,1026.01786959295,1136.02038082345,1488.04006504411,1312.27973354919,1171.40976398579,1652.91614750144,1196.44546323532,1473.10714735506,1388.17454260965,1742.31761599271
"ENSMUSG00000047716",0,0,0,0,0,0,0,0,0,0,0
"ENSMUSG00000047719",57.3450116451311,61.2522637164455,38.8470681946027,66.7598804159982,54.0554407567408,64.5538179938662,51.4140672115024,68.8372386181575,53.571877968645,53.9870856435048,67.5711813305098
"ENSMUSG00000047720",0,0,0,0,0,1.28191223901898,0,0,0,0,0
"ENSMUSG00000047721",81.8449273168545,50.6976554675219,87.4447004981495,58.4854539998511,51.3243180679576,77.4313952760242,82.687489408315,102.049636322401,30.4894989730757,68.8459983076392,91.2130710935889
"ENSMUSG00000047728",0,0,0,0,0,0,0,0,0.946762884136551,0,0
"ENSMUSG00000047730",413.042624738422,32.5635852104577,23.1028025903889,133.564599906636,85.8030525756363,60.40073640656,354.61724830761,678.919966383478,28.3477103661105,236.848681985813,917.788850996016
"ENSMUSG00000047731",493.595455420367,433.896423122804,482.71617190615,512.89191220577,588.074760474597,479.791716264082,506.437592211087,451.761456588963,476.782659126797,488.674137306395,563.335996037946
"ENSMUSG00000047733",0,0,0,0,0,0,0,0,0,0,0
"ENSMUSG00000047735",382.745142402019,781.860919000685,193.395632735856,266.145654658116,195.804526119189,308.577592644659,348.318208008239,141.300938453921,216.183307907858,273.996699973115,288.45555601446
"ENSMUSG00000047746",53.7864567948959,2.14989060692996,1.77405210820256,12.0053430151569,18.9923204127517,0,0,0,0,1.87665432078121,0
"ENSMUSG00000047747",10.9328499696628,5.37136732348416,0,1.09137227652481,1.05611642318671,1.2864722201748,2.04743273228355,4.95182421173509,2.83485148536124,5.65802923780869,3.43280575638278
"ENSMUSG00000047749",2.04735147761686,0,0.881500890943058,2.18686712945066,0,0,1.02507130195943,1.97603042189436,0.944118898842037,0.947457545753352,3.4578481223819
"ENSMUSG00000047751",0,0,0,0,0,0,0,0,0,0.936366945291052,0
"ENSMUSG00000047757",48.8025778725145,55.3867559161241,32.9762126459267,38.4632077163824,31.1013309794021,46.3778737869147,34.3010162787039,57.615166494697,38.0401766712315,36.0448960226869,34.1928890204305
"ENSMUSG00000047759",4.06253155861765,0,0,3.25315449551874,1.06194323570058,1.29254919558203,0,1.97577124519438,0,3.78191458796122,0
"ENSMUSG00000047766",58.5618421452877,37.9677992739974,74.3057350307074,29.0915984662851,32.9151639064159,31.8561653058348,51.8209639964224,36.7443534267197,45.7228364385293,39.218248592779,23.0416672248723
"ENSMUSG00000047767",105.410460575698,98.6182440175232,97.8241094391446,79.7314597692891,139.322676992335,119.269685909612,77.1473807890424,91.632003990574,119.253213910481,146.156444552941,79.4933968884946
"ENSMUSG00000047773",0,0,0,0,0,0,1.0244779114794,0,0,0,0
"ENSMUSG00000047777",73.1856029123376,82.5357027431726,121.636782202695,75.7276164934487,121.85073650031,80.2349868327104,128.620643145827,86.6651606027253,61.1274671661916,155.709959860721,49.3246319377047
"ENSMUSG00000047786",37.5977114395788,57.7709574456385,44.3123745896506,61.061801638868,81.5582461999222,55.5559103423483,48.4001826170756,84.8750961463002,46.8635501247943,45.7398841575811,28.30277458139
"ENSMUSG00000047787",0.692316725852286,3.24690401286239,1.77636604302631,3.25956539395965,2.12738307310203,1.27974407574136,1.02314998499002,0.981921149371588,0,3.74210844226127,2.28340904234306
"ENSMUSG00000047789",929.837657437662,50.0232602760152,421.19988736646,504.95044991751,42.3972959426044,43.7625690982728,37.5966335593994,39.6108469872385,49.6089379696427,448.376160478893,34.7616672402365
"ENSMUSG00000047793",143.757628610093,113.013582009747,131.598609705414,99.7678554378225,82.7158870352474,89.0266820693695,102.060052896196,123.857246027518,136.458070307051,141.629288600704,165.079523233926
"ENSMUSG00000047794",0,0,0,0,0,0,0,0,0,0,0
"ENSMUSG00000047797",717.457828788359,994.44468070349,866.760785715871,1290.03673996273,895.025157196181,1281.71920940066,1045.33771030076,1557.78627647329,867.939964275992,1165.3630237013,1327.91983447898
"ENSMUSG00000047798",3.66461966672914,14.2179196062507,6.62970935353322,1.26018793304499,0,4.82210839409343,8.96126102682233,2.86748441197434,5.3965878891229,3.67519601582424,3.22757613040105
"ENSMUSG00000047799",0,0,0,0,0,0,0,0,0,0,0
"ENSMUSG00000047804",237.980020855381,228.266499537008,247.803402833736,271.648989576846,181.306810243167,211.943185995296,242.922153321344,236.813982097255,211.196335535083,203.780593770402,243.088892540835
"ENSMUSG00000047810",328.330242459321,396.689809094662,199.411227420098,192.896259791344,216.221267850449,446.420505973225,167.843863391377,180.217316759138,123.226488548453,262.161032667094,187.4411767093
"ENSMUSG00000047819",0,0,0,0,3.15226063460254,0,1.04722505095089,0.983840889121667,1.86926155243436,0,0
"ENSMUSG00000047821",106.282602263807,66.2712160906092,57.6882115810765,51.5428006681699,130.634773391972,64.4795963401025,86.7902390639878,93.998487144921,54.9414090687288,65.293739871127,71.6572973752237
"ENSMUSG00000047822",38.9704945939615,105.37921757869,21.2240787427509,8.78773589099248,50.9262626361644,62.261413051097,44.4991801395167,25.3011253850759,13.043527725938,48.8611198184146,3.4890868872375
"ENSMUSG00000047824",211.573233338526,209.129534384341,213.287723181275,228.618808403471,192.367078645068,245.124520163613,211.661069172951,213.819917242229,192.444056372064,251.82100992808,242.178457780467
"ENSMUSG00000047832",123.874360062991,115.385474766333,140.633667200143,124.352131682242,145.59411710011,107.587233406684,153.970053096929,141.202985297104,112.305350449747,136.759875413315,132.307236390004
"ENSMUSG00000047841",0.690761497612468,0,0,0,0,2.59307751155577,0,0,0.94513216985896,2.77889117194335,0
"ENSMUSG00000047842",1.35166074672759,1.07299095489877,0,2.19980337812019,0,1.29458347884949,0,0,0.929682402474184,1.92342096650551,0
"ENSMUSG00000047843",272.173627353121,257.952169531478,398.992653407433,518.96444542373,325.237192151109,270.676166596125,344.107346149195,343.419113923,405.619392855543,404.114646484268,270.157433342024
"ENSMUSG00000047844",0.667312124055431,0,0,0,0,0,0,0,0,0,1.17912485243126
"ENSMUSG00000047854",181.661745414136,263.876509992959,219.876762930517,299.722846083433,158.97451756863,324.878315760712,276.65949782977,246.689672165147,224.692749154763,154.830179279019,280.283021397991
"ENSMUSG00000047861",2.73843956510417,1.07611226962855,0.884835708108424,1.09209846351237,6.37315125162816,0,22.5747506646447,4.91662286352897,0,0.943056984060957,22.9016727167963
"ENSMUSG00000047866",1411.48957595437,1666.98743092991,1418.08792873233,1476.83219669181,1534.81215187369,1364.92555362979,1222.80216777596,1585.7052687226,1625.38420701212,1381.68662546347,1530.11325368384
"ENSMUSG00000047867",171.699628606243,386.731965355389,156.586340378588,120.481769168457,194.052044947594,365.081837205181,167.868485511243,224.891424952812,189.941342060325,191.016177883152,197.036833005014
"ENSMUSG00000047868",0,0,0,0,0,0,0,0,0,0,0
"ENSMUSG00000047875",13.034084201533,4.31325552953272,7.96578213151339,7.63540825976256,7.45722610822405,15.4114364824776,7.20103004035262,5.87628872575392,2.81504908772008,9.45472017908626,9.15998429466222
"ENSMUSG00000047878",24.5603049732057,21.3438644446949,32.14283568099,16.0528459677192,38.0677278067142,49.0106049841513,11.083065968235,12.9560957907554,40.3811555397846,13.8498980639845,35.6989429784149
"ENSMUSG00000047879",660.175970359006,527.414985149476,600.635013465364,654.561919371518,529.075217714247,508.572035440709,654.212201563591,574.185602632414,614.201250525784,585.327504473236,579.76433796087
"ENSMUSG00000047880",11.0034523284637,47.575750538414,0.884554454136015,0,0,34.9483574412567,0,0.981903335213075,0,15.109727565576,0
"ENSMUSG00000047881",422.783591843703,313.027768144858,304.920562541834,396.286662360102,474.614292751401,465.079050782844,285.302728146566,462.656143869771,339.279938253863,455.462396810775,417.406369619897
"ENSMUSG00000047884",0,0,0,0,1.05537277514916,0,2.0403823321788,0,0,0,0
"ENSMUSG00000047888",391.414881220014,467.657879740046,505.498006909909,477.903615309224,375.403886376138,671.833080680201,427.956115631218,391.119148641885,414.927961209864,432.672921762457,437.890006120134
"ENSMUSG00000047889",0,1.09996124102863,0,0,2.0649959096556,0,0,0,0,0,0
"ENSMUSG00000047894",0,0,0,0,0,0,0,0,0,0,0
"ENSMUSG00000047897",0,0,0,0,0,0,0,0,0,0,0
"ENSMUSG00000047898",0.679241000150966,2.15046634648515,0,0,0,0,0,0,0.951236729860686,1.90280697444268,0
"ENSMUSG00000047904",0,0,0,0,0,0,0,0,0,0,0
"ENSMUSG00000047907",195.743902750879,142.545212573915,206.503022119751,156.109747131789,219.506002459069,132.194731395577,169.377874991799,196.860321760175,209.456859211144,160.895435686569,228.954573819859
"ENSMUSG00000047909",254.858568531951,280.489723872381,295.602373023891,346.335012863684,360.232062233525,316.522636633922,248.582426672044,275.905481284337,319.235748195976,284.425705734899,364.981063721363
"ENSMUSG00000047910",13.6914204861629,9.76845470975663,3.54805818539931,3.28293173539435,10.5465619643162,6.41333582628596,11.376930607852,2.94679570895795,10.3105607273666,9.45075801863668,4.55558814574407
"ENSMUSG00000047911",6.22718280775511,5.90128136349425,4.08261786162213,11.1633413120167,0.987330296238998,3.77315627479458,9.58598769977743,4.57929704281713,6.96100533231324,0,6.45298458330346
"ENSMUSG00000047921",593.607561132088,738.551029707026,575.994819461765,727.98377231417,568.808654295216,705.48614130444,626.02592234449,695.724887767769,595.90351054265,598.376404978761,629.87822025252
"ENSMUSG00000047940",0.681483388961813,1.10040179070815,0,0,0,1.28922032064899,0,0.98128317219287,0,0,0
"ENSMUSG00000047945",1113.02059500403,721.428752134218,873.157296286434,783.912549012851,926.000930575389,925.728436020989,979.010526214834,656.252479812694,843.889392246599,882.529754939764,1083.49732463543
"ENSMUSG00000047953",3.42137779553553,6.51547791448706,3.53415026591209,3.25582063656844,4.23230078290357,1.29023426080026,3.06557927544998,0.989279030300963,3.79068122884466,6.58176828069667,3.42400143664642
"ENSMUSG00000047959",4.79416875283621,7.54083108658435,0.887104371898598,1.0927211421403,0,0,3.07302106877124,1.98229837342163,6.62878353557576,2.82350856765193,4.58785170333222
"ENSMUSG00000047960",0,0,0,0,0,0,0,0,0,0,0
"ENSMUSG00000047963",23.8148680166029,18.1962212666414,7.0662493649922,14.2426895143081,19.0553591301435,12.8775087333031,7.17958738050256,16.8183156426709,14.1498756401722,7.57502775728683,13.7801543392453
"ENSMUSG00000047969",0,0,0,0,0,0,0,0,0,0,0
"ENSMUSG00000047976",0,0,0,5.45205759539926,0,0,0,0,0.942870651312376,1.87902782272645,0
"ENSMUSG00000047977",1.38076980590759,0,2.66665770289125,0,0,0,1.02361572394639,0,0,0,0
"ENSMUSG00000047980",0,0,0,0,0,0,0,0,0,0,0
"ENSMUSG00000047986",3.45020964209241,6.48108426961184,4.44120823806036,1.08891339466521,4.24481387828358,5.11979240700045,7.1656887128357,2.95911233937423,2.83136136238025,4.6860595358127,4.57362611057844
"ENSMUSG00000047988",0,0,0,0,0,0,0,0,0,0,0
"ENSMUSG00000047989",91.1670663524873,60.5343970653346,108.788058012591,63.6866389039953,70.3185288714134,74.2953678882959,84.9591981767549,73.855676817972,85.4858798963527,82.8549309009671,78.7154212557829
"ENSMUSG00000047990",27.1031141891128,12.0642127925911,41.5174457935529,6.57070439319642,107.667760456233,0,20.2992221041435,5.9159583254183,1.89786228176854,2.79872213248258,1.17345203444152
"ENSMUSG00000047992",0,1.32422102539804,0,0,2.6361696529788,0.830787830155472,1.27843871565597,1.2235871571596,0,1.22228341360835,0
"ENSMUSG00000047995",0,0,0,0,0,0,0,0,0,0,0
"ENSMUSG00000047996",13.862159146543,12.1048681830515,25.1789866686777,23.7276788217338,13.5660416746641,14.089327908168,21.2959002005278,13.0984783884505,16.3314941583841,19.1667111126546,18.0622578087987
"ENSMUSG00000048000",1895.91355983056,2109.10052875554,1936.88082793839,2266.09400436132,1497.04126550401,2144.71002185634,1708.02549434049,2527.33540030334,2046.31558671922,2228.37224436181,2451.02978579237
"ENSMUSG00000048001",0,1.0703290808136,0.87656638358487,0,1.07573272003655,0,0,1.95076930271369,0.930696435533922,2.90818884793365,0
"ENSMUSG00000048003",13.9468174477212,13.0800906076438,17.7698700684394,19.6652074435286,4.35639140763991,39.0544643643382,26.9605129043679,8.20061523169447,5.46216086707874,18.7579195257607,8.52749814377338
"ENSMUSG00000048004",0,0,0,0,0,0,0,0,0,0,0
"ENSMUSG00000048007",26.819339696223,32.312875078288,34.5460189859312,30.9234788872985,29.7712874408229,44.7197069621174,36.760186884577,39.8983601029861,27.8455951637373,32.5147745192606,37.6290965226835
"ENSMUSG00000048012",7.05154336285708,4.9738741867779,5.74927004358457,4.03136158042901,25.2821905675672,11.8245685855279,7.55906699476292,6.42376380005179,6.99904830479676,5.20716701152663,8.47014721933345
"ENSMUSG00000048013",0,1.08064173486522,0,0,0,0,0,0,0,0,0
"ENSMUSG00000048015",0,0,0,0,0,0,0,0,0,0,0
"ENSMUSG00000048022",2.72565993011091,1.08849584026266,0,0,0,0,2.0596183016424,0,0,0,0
"ENSMUSG00000048027",448.87379127731,384.530494119863,581.396036028598,517.016570290369,507.224447828633,394.361528151215,587.541749103777,520.711502899638,431.45894468681,542.817406109491,477.114211052108
"ENSMUSG00000048029",1.81764528873582,1.48755351929793,0.779334673048552,0,0.927842998733214,1.12655748067664,1.79619950811803,2.75340045583555,0,0,0
"ENSMUSG00000048031",0,5.77265611280153,0,1.17986473014702,0,11.366801419114,0,1.06544821387685,0,1.02045641212535,0
"ENSMUSG00000048038",96.8054708843269,101.344322492565,86.9260800830152,35.2724249999595,64.3882886998716,34.238788068096,75.3821348286909,56.5529701585342,70.2445187415468,48.8040061490112,50.3431130445922
"ENSMUSG00000048039",147.532107432604,160.71274771594,146.951369262664,165.314933739676,165.096176798465,159.547759380657,158.504780250616,129.31974437043,152.054253795809,151.719127411748,167.738517393582
"ENSMUSG00000048040",104.1716609664,69.8419377889265,50.0685779371083,58.4232139380024,93.2072207282654,81.0109155526911,67.5086960699111,67.4931866382577,106.946630677256,104.262417782893,70.9526660420054
"ENSMUSG00000048047",207.374198719134,113.892890025518,205.191169754663,159.887989058667,167.716451619749,103.372919383093,183.254453333653,164.925343611411,196.431071722322,187.171689620014,170.051434075758
"ENSMUSG00000048058",64.2594635191946,51.4801436160824,70.6683588850314,59.5634058541298,61.172152036071,59.7402332017241,62.90677990485,63.1762735569772,102.915382602615,83.4539117723781,100.383478483374
"ENSMUSG00000048062",0,0,0,0,0,0,0,0,0,0,0
"ENSMUSG00000048065",2.04828513125043,0,1.77659878892606,0,0,0,1.04258824276484,0,0.940533197513026,0,0
"ENSMUSG00000048067",0,0,0,0,0,0,0,0,0,0,0
"ENSMUSG00000048070",0,0,0,0,0,0,0,0.992606609936369,0,0,0
"ENSMUSG00000048076",2468.01413790684,2592.71567894998,2734.64480394015,2746.9419493442,2479.87406914186,2712.46592230839,2599.02343937692,2777.82935924925,2355.33616260217,2389.90297996701,2964.64023300643
"ENSMUSG00000048077",0,0,0,0,0,0,0,0,0,0,0
"ENSMUSG00000048078",268.673272369157,124.199214342402,129.221493904061,100.343705894332,137.609246440251,159.88636404993,124.112815205423,152.602222441399,147.717736555656,121.570029121873,155.173584214704
"ENSMUSG00000048080",0,0,0,0,0,0,0,0,0,0,0
"ENSMUSG00000048087",364.2614669642,356.220226424775,346.79023755551,0,0,2.59368628419235,332.106015071305,0,351.771682238085,0,315.531838102226
"ENSMUSG00000048096",406.854939489082,366.166710270538,464.766676504504,364.70842658927,348.593168959378,301.711182832697,365.278652478675,304.784047280058,334.67391795342,285.600840494898,364.626522452508
"ENSMUSG00000048100",296.538576257345,324.153982759135,322.214302697014,299.028570880998,280.559177329408,290.685051533096,347.256208312051,333.493402332511,307.026912971501,292.322251705393,220.728887949393
"ENSMUSG00000048101",0,0,0,0,0,0,0,0,0,0,0
"ENSMUSG00000048108",0,0,0,0,0,0,1.02490020287594,0,0,0,1.13998454917128
"ENSMUSG00000048109",266.636631177236,296.853722521757,341.112222308673,405.180421610107,190.802157544592,187.974606874488,299.634470950105,219.540443202483,263.604844684084,241.234764656942,372.034060865176
"ENSMUSG00000048118",799.482218240071,1187.44426494875,1006.05393479186,1097.53717901825,1083.11631980614,1000.88807260492,1053.23361181705,1173.96241662824,981.379133694733,1297.68846153658,811.676590626656
"ENSMUSG00000048120",229.675064660773,173.319027085571,203.913481329633,106.29285551227,220.218713729301,136.718800917919,200.764934110247,144.893596089034,265.16935789463,131.358795148364,160.345855843277
"ENSMUSG00000048126",657.453509437695,570.91300856784,455.416020233786,340.529791184374,824.844538113036,358.102630313369,346.812676281323,530.645950525002,505.19456766294,430.370068679599,291.297315652972
"ENSMUSG00000048138",114.139348241339,18.358926771604,75.2620698906893,10.8776350408244,33.8737535895907,12.8415786115785,82.7791574310255,12.863612067013,82.2678617150456,21.6062425009801,79.009991305673
"ENSMUSG00000048142",43.5491069172513,52.8580164416917,22.91792805582,24.0125663156647,78.9784410099119,50.0259332002291,45.0572613930708,39.2537672774869,32.0357958817041,53.9876964951227,33.4463398281109
"ENSMUSG00000048148",0.69524354876449,1.05715358746665,0,5.448707293007,1.06041875471489,1.2919211649557,1.02564479231671,0.987900822953876,2.8404783052525,3.7466681012052,3.4235978322543
"ENSMUSG00000048153",0,1.08064173486522,0,0,0,0,0,0,0,0,0
"ENSMUSG00000048154",2246.91774590914,2468.42811364856,2113.59424160568,2516.44159496355,2528.41473605223,2928.01897026913,2445.81147784383,2502.60258343983,2179.41303770126,2861.45768084872,2493.09367743979
"ENSMUSG00000048155",0,0,0,0,0,0,0,0,0,0,0
"ENSMUSG00000048163",298.765031326374,552.841206685994,86.0551582205449,79.4183836200086,78.7542535251934,211.518010421717,79.2177933362764,72.0491465935128,75.9910469800001,134.247019202121,69.9339475793186
"ENSMUSG00000048170",623.620175467981,640.525222469564,648.205095808238,631.360827427106,689.402504109173,589.655337084343,604.023927765071,624.876468594409,663.114952271931,638.186840770101,680.83297165038
"ENSMUSG00000048173",0,0,0,0,0,0,0,0,0,0,0
"ENSMUSG00000048174",31.2394329074061,47.9843222494414,36.1756354053824,49.4250180788315,56.1526932004902,65.439440030834,55.5944719958537,61.2134760307426,61.9617623466892,62.9195416221721,57.6092798651876
"ENSMUSG00000048175",227.514687759887,193.791002174102,188.629680237916,233.708392322799,239.647272566632,229.940377953157,220.297716392906,220.38586909034,206.578019507845,233.853362519476,242.276143148309
"ENSMUSG00000048185",0,0,0,0,0,0,0,0,0,0.936366945291052,0
"ENSMUSG00000048186",226.853755394832,231.855936801712,383.899856401252,402.85408738846,342.472636462817,197.149233526291,321.20938366593,318.515107432885,463.156476545219,456.030983556927,253.019637614886
"ENSMUSG00000048191",0.692181962282688,3.24205850035966,0,1.08864406532599,0,0,0,0.992445455351248,0,1.8681770375097,1.14064837534201
"ENSMUSG00000048197",0,0,0,0,0,0,0,0,0,0,0
"ENSMUSG00000048200",4849.04225900518,4846.3515136957,5657.90135951239,6373.80428631781,4744.79052332301,5163.96110230774,5386.32704426957,5273.29849809166,5085.64154749589,5817.18154253568,5763.01406744023
"ENSMUSG00000048206",0,0,0,0,0,0,0,0,0,0,0
"ENSMUSG00000048216",2.75368974758961,4.27903064092704,7.08687173856547,5.46479655009406,5.28569321759486,5.1079842669336,8.19524877254156,0.990911760929267,6.59653881880164,2.83524394581603,1.14914569353095
"ENSMUSG00000048217",0,0,0,0,0,0,0,0,0,0,0
"ENSMUSG00000048218",80.009940585143,105.089284506565,79.7776140485497,112.418826525577,61.2700182150446,115.109294889547,92.0505467843929,143.816291151153,117.070488172091,103.540783019378,151.446383334141
"ENSMUSG00000048222",729.892102238691,693.234168579193,622.604996037572,654.317494323944,572.656887329733,617.097331504135,578.136710819834,569.118619111267,678.447476537847,616.40948247002,830.57233495765
"ENSMUSG00000048226",0,0,0,0,0,0,0,0,0,0,0
"ENSMUSG00000048230",1.45127739343777,3.08820877165448,1.88906685883402,0,2.97299324839838,0,0,0,5.32427226197052,0,0.807906880394132
"ENSMUSG00000048231",0,0,0,0,0,0,0,0,0,0,0
"ENSMUSG00000048232",103.045457132315,59.4111358275062,97.6017129829943,65.3152052169522,70.8214439062356,65.5222637150371,71.551025283523,78.0953602728817,108.693254003333,84.2500084146248,75.3375581701561
"ENSMUSG00000048234",1738.20937976955,1152.81511085928,1102.62920126769,1272.58846529968,1274.58844957545,1089.9452320632,1321.97721959692,1178.68966056588,1221.29352857978,1197.28680660097,1216.93309095265
"ENSMUSG00000048236",0,0,0,0,0,0,0,0,0,0,0
"ENSMUSG00000048240",22.0725470357904,8.64297650536351,15.1043249470972,18.5182096216345,15.2754814581162,19.2238851108934,8.50892335205042,24.8798554592715,17.0374791888976,17.1512989686787,30.7845860785622
"ENSMUSG00000048249",126.979947765303,157.846280592687,316.454139561013,337.650976831177,210.450730856238,65.5272956543557,348.415606567579,144.272376088364,207.726081340247,238.62406439065,121.24612336495
"ENSMUSG00000048251",9.09937524783545,48.9000065969397,3.87435334038904,2.5649572169362,6.23718038134839,30.1805755140757,7.28499060948408,6.45542891849211,2.48650437271811,14.4996536285442,5.50745674310964
"ENSMUSG00000048264",299.1395566932,220.957176253871,321.010756985183,201.051230396804,249.399749145365,118.651554609912,237.629319354591,229.465448250049,261.897258599766,225.500606400953,160.727165640461
"ENSMUSG00000048271",388.890241228373,499.78625005025,1101.42034001618,707.973217312848,727.585253818324,719.856359623555,946.906872200797,1002.24508328218,476.389152327439,952.882878922979,620.077940713323
"ENSMUSG00000048277",707.952321557882,666.75510140006,663.462425499323,804.452171372228,576.980467680853,763.835918795504,611.660918917144,722.351247043438,740.117592439792,749.807119973378,888.99123252724
"ENSMUSG00000048279",19.1140796786857,49.7465095207086,17.842959899767,16.4258643198666,23.9243772088701,12.8518523956354,13.444828271252,12.7293350292731,10.2435510702519,15.0813826618421,18.2628609023993
"ENSMUSG00000048280",64.6124259882019,66.9277893855342,35.0224085792548,31.5686977459128,25.4700125846034,47.5895490240603,36.5912845833846,63.2210263640853,25.1572804868314,51.5030054317829,57.8176268585343
"ENSMUSG00000048281",0,0,0,0,0,0,0,0,0,0,0
"ENSMUSG00000048284",0,0,0,0,0,1.28191223901898,0,0,0,0,0
"ENSMUSG00000048285",118.66273971046,99.2078043387768,126.798946885924,96.0287122495703,200.75841310158,100.210578585824,108.56480902351,99.0132472980989,150.305375840376,113.64592108053,150.899606310763
"ENSMUSG00000048292",0,0,0,0,0,0,0,0,0,0,0
"ENSMUSG00000048294",0,0,0,0,0,0,0,0,0,0,0
"ENSMUSG00000048299",0,0,0,0,0,0,0,0,0,0,0
"ENSMUSG00000048304",0,0,0,0,0,0,0,0,0,0,0
"ENSMUSG00000048307",181.820953663145,146.525440382608,173.053077612798,151.242006336863,161.329723997891,152.699463097568,167.220346743552,144.991150367453,177.350906914928,186.907267257339,152.479771891069
"ENSMUSG00000048310",195.129796103464,171.075606019059,181.895036258105,223.290421581494,209.188902020103,201.956454071983,186.760264482181,211.219277336738,203.694037841911,214.226574199989,192.068301533893
"ENSMUSG00000048312",0,0,0,0,0,0,0,0,0,0,0
"ENSMUSG00000048327",70.6861844030461,135.594230918649,119.510902028172,135.176153968485,187.023855553485,116.829293703461,142.553193553341,142.362282998878,159.695385841451,122.723454569982,75.1515598130979
"ENSMUSG00000048329",0.685668775198311,3.23657749110317,4.42360488001513,2.18376451075269,2.11284141587123,1.29236100306424,1.02428977114431,0.98769946093214,3.77810242594279,3.75830577450749,3.42488297013301
"ENSMUSG00000048330",6.82779670010055,7.53659533061849,7.10320347947175,6.55407848996008,2.12545156674693,2.56365438263141,9.25744471935822,2.94575318127163,1.8683387263946,11.3661185327235,4.60836241317212
"ENSMUSG00000048332",92.9493453440348,74.7399638378175,76.7298558623228,60.4043531714682,85.1357218737693,49.9524690903374,62.1949298994288,56.3567339743624,56.7459192593137,54.6499817207064,82.1990829429428
"ENSMUSG00000048337",0.692542236683164,1.0765800663856,0,0,0,0,0,0,0,0,0
"ENSMUSG00000048347",10.2583188862832,0,4.43964445621111,4.38030280073813,4.21955734114716,2.56692822068285,3.10465793742044,1.96625704960604,4.69057679136089,4.72549143915611,10.2547919694842
"ENSMUSG00000048349",5.56167377644569,5.31337141096054,4.41000089819843,2.23497958608666,0,0,3.03579341788731,3.91395865169129,1.87311121176272,0,3.52178903373701
"ENSMUSG00000048351",103.213385830235,80.8334150099413,103.66950269423,94.8219468753308,94.4868699198743,89.3218460868218,80.5580005280113,62.991517987703,110.602953781641,113.114217318495,102.681405873143
"ENSMUSG00000048356",0,0,0,0,0,0,0,0,0,0,0
"ENSMUSG00000048368",2.07133868147835,0,0.915421061085569,3.29454824070843,7.34072744939658,3.82609618412331,0,2.92214465560434,4.66924913591757,0.93794884888825,0
"ENSMUSG00000048371",91.1146108107091,95.8948148316591,61.0667122331687,72.1032941385379,57.1111601140645,76.1106388374109,102.442672461906,87.9013987158456,90.6544329282309,38.5607568733576,132.575448940124
"ENSMUSG00000048373",4.04321949437395,2.12524825500512,0,1.10124121534628,11.6526787859353,9.02963301637707,3.08637658539016,6.92900425039299,1.88247472710275,2.86575834085396,0
"ENSMUSG00000048376",17.9219965391895,31.3794476607641,16.8037025788919,23.9788477043802,31.7729826757454,12.9251887509963,30.8150187345345,17.6574285320534,37.5943591353414,31.0590437045493,17.0988662075276
"ENSMUSG00000048377",0,0,0,0,0,0,0,0,0,0,0
"ENSMUSG00000048378",0,0,0,0,0,0,0,0,0,0,0
"ENSMUSG00000048379",94.0296562225453,78.8832231111606,94.5111891970376,88.1138713695592,65.4567743454432,42.3008342864942,92.9350548223099,70.4290397082379,96.7233832229691,71.774589399148,88.0057046076332
"ENSMUSG00000048385",0,0,0,0,0,0,0,0,0,0,0
"ENSMUSG00000048387",43.0209282463106,29.5355695611685,34.5503269234215,30.1484155904595,53.2350665487126,14.8201809273434,31.1229983735798,26.7263296116422,34.1190872642097,33.1921214635777,43.7705042910114
"ENSMUSG00000048388",6.15271997046545,1.08726438552273,0,0,0,0,0,0.985360502222879,0,1.89597353058874,2.27649421476478
"ENSMUSG00000048391",0,0,0,0,0,0,0,0,0,0,0
"ENSMUSG00000048398",0,0,0,0,0,0,0,0,0,0,0
"ENSMUSG00000048399",8.24222337598975,6.38326181146605,18.5760341054454,3.28320078379703,14.8393017294514,2.55066464456569,10.2484716641902,5.93932206221185,5.64333977353677,7.59905745577196,1.15379153719481
"ENSMUSG00000048400",0,0,0,0,0,0,0,0,0,0,0
"ENSMUSG00000048402",5.06601464035607,9.06101778066103,2.78692252967179,58.7128557460302,6.10169987933142,3.34337616285518,3.73808752295257,2.05786977371838,761.813068844409,3.41315606696231,4.76506724436908
"ENSMUSG00000048410",227.519376986582,201.631604264882,244.961053725851,243.31966534048,247.509811012004,152.417426252148,259.510145834321,182.882210519107,194.602500809906,760.79743652439,224.881618878544
"ENSMUSG00000048411",0,0,0,0,0,0,0,0,0,0,0
"ENSMUSG00000048416",71.8182827353095,5.51455256925714,2.684690762602,5.3737503360368,44.7360592298432,1.25087872501813,3.07523250337004,3.05788597084162,0.967105162134327,10.3343750641596,2.37993878364368
"ENSMUSG00000048424",0,0,0.889729402911772,0,0,0,0,0.980960362515375,0,0,1.1526739952283
"ENSMUSG00000048425",0,0,0,0,0,0,0,0,0,0,0
"ENSMUSG00000048429",250.537159814148,208.055560861962,223.223423385048,239.252874289718,221.381170047106,199.225937939874,225.72198521159,222.679555224125,226.221164600912,260.925484165048,338.44845313606
"ENSMUSG00000048439",55.9957990574527,59.0169454947773,63.7783389397838,60.0418992285559,58.5721952694338,67.9304809861936,58.5512993883237,38.2289203536445,66.281232653568,52.8234822193876,80.5857592794181
"ENSMUSG00000048440",61.9311591194362,63.4237986402898,61.1199674006443,53.4933120456745,52.8382596029469,65.5186164076835,59.3427449184769,66.3272574959702,50.9983213090012,62.9990136271453,56.097140890233
"ENSMUSG00000048442",12.38897890154,2.63637636926721,2.88629032081784,0,0,2.08493590761022,0.823389958157967,0,0,1.44678532362645,0.952498360998638
"ENSMUSG00000048445",159.454242095502,208.456703582375,206.370566879641,323.930419427123,206.80251916773,317.751426338658,210.641495836569,268.217175853118,271.6259280477,223.84464369728,264.612236595552
"ENSMUSG00000048450",17.5976891975948,5.39577651963203,14.1224028258357,14.1737716091709,10.6259221745796,8.99457719434789,10.2909600808403,10.8469399871936,10.3726572375289,9.51385300419426,10.300824915767
"ENSMUSG00000048455",0,0,0,0,0,0,0,0,0,0,0
"ENSMUSG00000048456",0,0,0,0,0,0,0,0,0,0,0
"ENSMUSG00000048458",95.9668439202765,27.9141179591934,60.0825485855362,32.8604228967462,59.5633099019276,52.8017461250168,50.3828671536474,29.486253547989,31.9585607454978,53.9732803239706,53.9387965324878
"ENSMUSG00000048469",0,0,0,0,0,0,0,0,0,0,0
"ENSMUSG00000048473",0,0,0,0,0,0,0,0,0,0,0
"ENSMUSG00000048478",5.43502127074478,2.71900213610196,2.5004781187729,0.866585487333377,2.58930619498741,6.41321642086315,14.6073386282106,1.98658483384095,1.17256455057937,1.62951126237011,1.5629157134223
"ENSMUSG00000048480",0,0,0,0,0,0,0,0,0,0,1.14045445258444
"ENSMUSG00000048481",17.5909484102984,10.8313344464727,23.8221762368154,19.5681280460639,15.8195421902078,18.0821177481407,16.482997892252,17.8341923788768,16.0802962995261,10.4573696626981,15.9308792055608
"ENSMUSG00000048482",14.3811462368958,5.68519373804315,8.9070274506019,10.729726137373,11.3287344878026,2.91423844610012,17.3322699222993,2.21636097945453,10.8536831014846,8.43100342442838,13.5260395262869
"ENSMUSG00000048483",0,0,0,0,0,0,0,0,0,0,0
"ENSMUSG00000048485",38.4885125006333,32.7530080993825,59.3272004041,31.8229867955876,56.350621887018,33.0571011090944,45.469496684364,36.8098023106411,32.4810322836999,37.9350346347282,19.0997731908268
"ENSMUSG00000048486",118.470993366309,100.826096395566,132.587872946774,110.5581034704,143.252283058217,88.4837108325176,125.73326707084,92.9498138239471,151.702065226839,105.483767100624,153.001820445408
"ENSMUSG00000048489",395.616115773398,255.246265598124,245.013691769987,353.720522108198,553.439329308609,321.951752910854,322.833660248258,598.953537723361,565.436835974282,471.066409453199,696.85624862036
"ENSMUSG00000048490",845.584531100984,861.523845736945,1773.04386564382,1456.90738743216,817.755873686145,376.367012098818,1192.84233819008,901.948305260596,802.491483460548,1121.27033283386,840.871931373422
"ENSMUSG00000048495",49.5691874393219,53.686304314931,53.3032723934006,50.050925199497,49.4461929196687,45.3295142945988,76.9115069227761,84.4373983723428,65.045560929414,54.7167129780774,60.9138943892765
"ENSMUSG00000048497",13.8431676579068,27.6385043903069,15.8639462207436,16.6425903016137,24.1616119685061,21.8589500548046,14.5876457535697,14.5638783191102,20.3001545121834,16.9234186483754,18.8397618884394
"ENSMUSG00000048498",0,1.05781779290657,0,0,0,0,0,0,0,0,1.1650613994583
"ENSMUSG00000048500",0,0,0,0,0,0,0,0,0,0,0
"ENSMUSG00000048501",0,0,0,0,0,0,0,0,0,0,0
"ENSMUSG00000048502",7.19612611516645,13.6665678873965,11.2913310678569,12.534802230249,11.0883877059773,4.1085367634436,5.19812350845014,30.4874265406058,3.01846692168368,19.6444017421284,12.0051366288812
"ENSMUSG00000048503",0,1.98557362214137,0.819370111983167,1.03015507688097,5.20798891543257,4.84911535988772,0,1.21006515590864,0.878361370302862,0,1.0747493004429
"ENSMUSG00000048516",0,0,0,0,0,0,0,0,0,0,0
"ENSMUSG00000048520",0,0,0,0,1.21094781695135,2.33448876791955,0,0.889601143075302,0,2.19752542957365,2.06722548554782
"ENSMUSG00000048521",8.93775093555197,12.62006089693,2.67654987935993,0,6.42414860752149,21.9193733274828,13.6265377519949,2.9715102695062,9.13950362186054,14.47213425367,15.7595843069263
"ENSMUSG00000048528",0,0,0,0,0,0,0,0,0,0,0
"ENSMUSG00000048534",13.2841892700335,27.5578469371237,11.1963360847812,7.23223621757127,5.38645411351336,10.0580561769029,2.89882708691362,2.79290465780031,11.3782965872994,19.2448403833822,7.15006551277603
"ENSMUSG00000048537",941.506668906552,1055.54229880146,869.471190335992,1290.79948054274,1278.37763743421,1414.36564305886,890.48070846222,1572.54228544786,1413.37450897277,1358.35171165911,1315.4600923647
"ENSMUSG00000048540",0,0,0,0,0,0,0,0,0,0,0
"ENSMUSG00000048546",1140.94915019948,605.861144150013,1050.15113494613,1521.3912920216,718.243033774449,561.822676891559,409.298913257963,1545.33421678706,991.592463806587,1528.64813370856,1080.35464002802
"ENSMUSG00000048550",36.5643644540759,74.0557765294291,78.8671204661606,27.173179126055,30.717834906338,48.0459608880755,59.3409374388301,62.8387135253023,45.9833420608464,51.7281064098151,78.0069235986775
"ENSMUSG00000048562",0,0,0,0,0,0,0,0,0,0,0
"ENSMUSG00000048572",9.29399244813107,10.6109598963614,26.3954725623835,28.759582262107,34.1417348245719,21.8460074643301,11.4892104698178,51.8691967129657,32.5373519713847,35.7785368876276,45.1536968054549
"ENSMUSG00000048573",0,0,0,0,0,0,0,0,0,0,0
"ENSMUSG00000048578",709.946715717734,790.423298570799,603.094529762375,742.645385413929,660.881002180762,855.081441479871,728.565389855935,934.881327235043,598.721150174637,598.149879761525,786.380026730623
"ENSMUSG00000048581",14.0591889663325,29.2362928553465,28.2392156458182,9.96056591856394,31.5853936706047,43.7334757231037,24.1334319046177,18.5040867714943,24.0408066581071,35.6654261538165,27.4815212807622
"ENSMUSG00000048582",0,0,0,0,0,0,0,0,0,0,0
"ENSMUSG00000048583",5.28168215124146,0.909925863623612,0.855716290382393,2.13001361791115,8.33690919238386,1.23421297267934,2.01504691739881,3.32965389272033,1.80162799869425,0,2.25840274906732
"ENSMUSG00000048602",0,0,0,0,0,0,0,0,0,0,0
"ENSMUSG00000048612",2613.01437613642,2349.64088109414,2810.07031718092,2301.001464386,3087.21236418973,2355.45640530074,2315.80197703276,2198.68210158754,2845.07513374341,2729.82817168249,2974.07337262184
"ENSMUSG00000048616",2.00113449008896,0,0,5.44744811292167,2.12781624109885,0,0,0,0,0.956793034380753,0
"ENSMUSG00000048617",0,0,0,0,0,0,0,0,0,0,0
"ENSMUSG00000048620",0,0,0,0,0,0,0,0,0,0,0
"ENSMUSG00000048621",8.14207496419418,11.4520831881493,7.12382935456949,11.3119007354017,5.83749782976075,8.14814676864139,9.9598091438154,7.7532517848309,8.83420978657602,8.24653959642789,4.65995052866988
"ENSMUSG00000048626",0,0,0,0,0,0,0,0,0,0,0
"ENSMUSG00000048636",0,0,0,0,0,0,0,0,0,0,0
"ENSMUSG00000048644",11.4515026535337,2.13775910591013,14.3994853600681,10.7771889816063,17.4436137222774,3.89444654443939,7.09328928999498,1.9636052824137,15.9197842790156,5.31007065308348,8.08429557224045
"ENSMUSG00000048647",22.7085589593782,89.9513704828545,64.472661906971,28.4106202607568,69.6988687383307,19.1661095019476,26.6978528270127,37.9025201091126,109.063522210663,32.1056878371766,13.3474571543676
"ENSMUSG00000048652",5.59060956361113,2.9403435707214,6.44830936613124,4.01369275036565,6.74096379282949,8.4545948684976,6.30287209019059,3.54732823453536,3.3834942027265,3.29713080494664,3.20006094823458
"ENSMUSG00000048655",0.780399501777895,0.601369838007173,1.96564747471544,5.48589987524739,1.64390367886411,2.18208981448956,4.76453290984153,0,1.05036775748626,3.61283444110914,1.76796809074757
"ENSMUSG00000048661",192.845097614099,152.163625750384,197.887290368126,143.453835278462,179.287921240731,169.931289854004,224.982215177246,204.632097639904,206.027614587678,216.462774627169,222.855410883412
"ENSMUSG00000048668",137.319804499355,231.907428604307,141.830762958654,132.343705296481,157.344008906297,172.169763760206,209.0400371192,136.084118149403,144.945321455119,149.007892062692,182.039995964086
"ENSMUSG00000048677",203.755450759674,193.012528342857,218.537112120601,151.743317988282,227.738377212319,233.807580363912,148.047194841351,373.974149131894,232.253802195981,173.159767562697,252.141102139325
"ENSMUSG00000048686",0,0,0,0,0,0,0,0,0,0,0
"ENSMUSG00000048693",0,0,0,0,0,0,0,0,0,0,0
"ENSMUSG00000048696",171.847251699319,133.410209123172,193.829078426498,145.02901996415,162.026892025224,114.653049232675,192.068628072742,139.015647636471,162.344886551956,245.030821106227,115.624962177891
"ENSMUSG00000048697",0,0,0,0,0,0,0,0,0,0,0
"ENSMUSG00000048699",0,0,0,0,0,0,0,0,0,0,0
"ENSMUSG00000048701",589.508213879745,544.786603402766,602.245460508756,839.689394965604,529.270758780235,470.320284483963,644.606925105889,909.153488614501,512.557589356656,593.724436488828,766.745605986031
"ENSMUSG00000048703",0,0,0,0,0,0,0,0,0,0,0
"ENSMUSG00000048706",569.068767144335,514.408961269781,726.520170937062,631.380806591301,503.507033159831,394.076258238544,621.813532905073,482.666250166312,469.837494100581,719.837359951075,407.997181918975
"ENSMUSG00000048707",615.26525105084,426.375494266961,669.297638985973,428.390228543256,466.251848227047,458.629697007484,764.123867789309,392.697015405507,515.250762792269,696.603293557218,585.526946351408
"ENSMUSG00000048720",116.072181075639,135.02897354209,132.529938312642,166.051825565559,171.84074801991,110.691415408979,106.75381337726,168.009286968769,127.345467185808,171.784691155569,101.110591925835
"ENSMUSG00000048721",0,0,0,0,0,0,2.0489558229588,0,0,0,0
"ENSMUSG00000048728",17.3594265524191,12.9858697855472,13.9775706629801,55.1287420315674,39.0890624166201,20.1083412980248,10.2018218948191,13.5972824875281,40.7156686562417,24.204929610559,12.8259713050566
"ENSMUSG00000048731",84.8675771166309,93.5754229510885,105.815561242975,184.808425146071,125.131474889787,103.321771786662,218.546512202276,163.254725935195,191.360407642892,118.519492654537,171.42157985383
"ENSMUSG00000048732",40.9223489278174,29.2630280979301,60.2135937131031,37.2356630167957,36.8653404181421,15.3907966315776,39.375231724445,18.6881279680653,62.7446237628418,29.411604518483,33.0694416224605
"ENSMUSG00000048745",0,0,0,0,0,0,0,0,0,0,0
"ENSMUSG00000048747",0,0,0,0,0,0,0,0,0,0,0
"ENSMUSG00000048752",0.689939267648385,0,0,0,0,0,0,0,0,0,0
"ENSMUSG00000048755",197.719756776214,169.439534403242,203.71513036137,200.992871664588,201.145947477473,213.565670693739,216.132904001964,205.493587739075,235.408868981851,198.933022760987,239.372090680592
"ENSMUSG00000048756",562.952190545973,533.714525234929,891.692598270538,991.947744551539,641.592169481425,325.93567320419,837.764632791524,672.678467102407,470.619561258667,926.822548089876,650.032741508081
"ENSMUSG00000048758",2689.85651802202,3066.29691021601,2990.34682071822,3340.89528399084,2988.39672559544,3226.89482662243,2819.7847112251,3002.28517682743,2985.73899659401,2635.2328829744,3022.73413788273
"ENSMUSG00000048763",28.5007151210078,20.6339547028033,12.3482086925546,15.2115049863129,24.2679197808013,63.294953783365,17.4614927452006,49.5145277134209,14.2061281098303,33.1711906128219,17.0681149389888
"ENSMUSG00000048764",0,0,0,0,0,0,0,0,0,0,0
"ENSMUSG00000048766",0,0,0,0,0,1.27034549681769,0,0,0,0,1.15083851162854
"ENSMUSG00000048772",136.166924905344,196.162509799768,167.936920529174,216.02634095778,163.210126930146,203.673504800765,147.698082311521,156.013854802969,240.872162544727,164.326257975051,143.742235509567
"ENSMUSG00000048775",0,0,0,0,0,0,0,0,0,0,0
"ENSMUSG00000048776",1160.69060790144,1216.08344464388,1136.69530282298,757.173930310381,547.425131470299,1374.99164433892,947.986551231974,1320.38484499353,649.035340052171,611.314610952851,630.767834952606
"ENSMUSG00000048779",49.352809275943,39.7582937536834,30.1864222296334,44.751112996854,33.237303304138,66.1739189426533,13.3442181694037,37.2417630942066,30.9971359759265,40.5995420201216,27.621598753914
"ENSMUSG00000048782",1.48503654228557,0.776599477136154,13.893103003681,0,0.761025209555159,0,0,0,1.35276970048316,0.673661360734222,0
"ENSMUSG00000048787",66.3936820610248,102.280638568514,88.6738570404992,64.9258869732669,69.5500127574209,55.9682999865553,104.972927187972,71.1642434452761,86.0156659461886,26.4798408046913,83.602573731656
"ENSMUSG00000048794",23.1378670109887,3.58775948211309,1.47843054624551,6.41843156959846,3.52919138693166,6.80399054828211,40.0392529538858,6.62371589275187,2.36804730089222,4.72755587454336,3.35997677018024
"ENSMUSG00000048796",43.4776171460577,38.4499579204801,32.3645363817371,57.9503641611462,64.2674708776789,59.3800455284577,50.7351728809509,36.8214841314274,86.3525045029391,57.6570117937184,82.1199070903647
"ENSMUSG00000048799",310.501633716142,266.448796350435,310.465236453917,299.13283660554,458.062256381562,261.537859386268,335.53678335727,327.606729606021,287.084022602944,393.374155092756,251.36111882391
"ENSMUSG00000048806",0,0,0,0,0,0,0,0,0.924903921261338,0.958496822594177,0
"ENSMUSG00000048807",341.252878695363,404.087626926971,534.486104104226,677.832250977904,337.114045240108,389.776575375766,536.376977084567,468.057544837423,640.079891124581,593.558511987031,571.490349286968
"ENSMUSG00000048810",0,0,0,0,0,0,0,0,0,0,0
"ENSMUSG00000048814",0,0,0,0,1.05349880374812,0,1.02200588962021,0,0,0,0
"ENSMUSG00000048826",86.028874391226,9.48857232403559,65.0134880378231,33.8517684773908,66.4310171229777,26.1173319948592,98.0983489151813,24.9698493350223,19.3316039633684,44.7222383934896,42.3514548504991
"ENSMUSG00000048827",14.2261747082011,21.3287686960409,33.6299309981406,21.5523382561407,12.1399563268792,29.0422415553853,24.2779019419364,25.7144390154715,47.0573387053056,27.728853853738,55.5358956149823
"ENSMUSG00000048830",0,0,0,0,0,0,0,0,0,0,0
"ENSMUSG00000048832",238.823527446482,181.879446971174,136.024770108137,126.169007462788,253.586815640155,135.17854272474,118.205463445488,140.374900244946,91.0141171091396,219.849973202777,192.196776659386
"ENSMUSG00000048833",237.506299141273,195.238230859816,186.045588897496,194.481816478804,186.130962731896,193.990720237351,219.201398947843,206.795984326135,223.689274396621,184.917380037571,302.2649919616
"ENSMUSG00000048834",0,0,0,0,0,5.12764895607591,0,0,0,0,0
"ENSMUSG00000048852",6.79039373551151,9.86023636226237,2.66475563354116,4.39436183356612,3.13199438334846,6.42567679876435,0,0,8.37020199060265,3.80347197400388,3.42505469362324
"ENSMUSG00000048856",31.4561523867949,35.6892613897017,46.9216549018544,55.5540944028967,30.7484198100868,39.7553484088363,27.1162177040103,35.4828578713607,51.4609760849705,33.2849952485087,60.9223050350249
"ENSMUSG00000048865",346.090733250019,790.638143919786,191.595522490357,202.553713026969,241.867498392312,567.177856949828,165.578156762227,142.461121471325,183.456203801283,259.24743699249,131.253249837586
"ENSMUSG00000048874",1503.61966067202,2232.67075636849,2523.97648693609,1819.39381818847,1611.8465028691,1277.25925060089,2807.4868057598,1615.07592791765,1752.43320659853,2333.52416137327,1431.47927654885
"ENSMUSG00000048875",0,0,0,0,0,0,0,0,0,0,0
"ENSMUSG00000048878",777.845642603306,987.440929679274,949.375543181187,836.166156957835,688.250819966299,845.415703782612,1107.02726540393,777.952781551817,679.602759547046,790.646244191157,804.630605397827
"ENSMUSG00000048895",1.16583472898289,3.67283460418515,3.62577980811008,0,0.914014144727569,2.18592008925688,1.75865773101631,3.36195401202567,0.804167131077823,2.42953713709304,0.983564445234912
"ENSMUSG00000048897",1157.14171922834,1022.7104271367,1029.6946565708,1091.22092962838,928.429828974586,1012.3396977728,1011.33560441114,1020.44810850791,999.17448700181,1033.35689642095,1579.60902665217
"ENSMUSG00000048899",0,0,0,0,0,0,0,0,0,0.936366945291053,0
"ENSMUSG00000048904",0,0,0,0,0,0,0,0,0,0,0
"ENSMUSG00000048905",0.608484215925883,3.80866683061361,14.0567647233206,39.2223682937248,14.9504619749812,0,1.80024580833508,0,0.828814151051535,17.2837074375919,1.00343140635165
"ENSMUSG00000048911",2.61734577061079,3.19599973867372,4.40962013377286,0,7.5505286995077,2.57839442458627,7.36029320964587,4.8607475798714,5.56350362979002,2.90299748059888,2.3410054091834
"ENSMUSG00000048915",3.7513665073385,0,2.43882687354981,4.07040650661119,8.07691491509902,2.36530810372908,1.9163174204995,3.28785697109772,0.860097651031931,1.07032510998855,2.58336292771946
"ENSMUSG00000048919",0,0,0,0,0,0,0,0,0,0,0
"ENSMUSG00000048920",255.61685828705,225.847354184021,248.730907902174,229.607906816312,218.360378884901,222.508070446533,244.383108321715,237.146502817117,212.506646747801,276.019071893196,232.516381651841
"ENSMUSG00000048921",72.1805596760923,74.3743683008017,74.4997735273885,62.9669120691769,34.0586067660804,67.5687814336815,73.6720270584388,48.0787328678329,55.6855534210173,70.3271103295133,68.5702616511811
"ENSMUSG00000048922",24.2867281459283,23.2530247036918,15.6371428011775,18.1702337928432,22.6954053488345,40.1201702960013,13.0649209044681,25.1852651981524,30.2937254259327,11.9681035481523,11.1828947661341
"ENSMUSG00000048924",108.498439846941,122.27862381432,112.521766236808,112.235222605717,133.148878986007,119.501351681055,100.664718240685,94.0709541225297,127.593973833905,93.124474759163,86.7002301449512
"ENSMUSG00000048930",193.802198389158,257.471429116561,275.44336423599,276.562257788406,231.39678699157,273.434881122992,180.224135448897,234.923189099481,217.688604687614,261.024158682992,218.941547717322
"ENSMUSG00000048933",0,0,0,0,0,0,0,0,0,0,0
"ENSMUSG00000048938",0,0,0,0,1.05095675570364,0,0,0,0,0,0
"ENSMUSG00000048939",14.6373144217648,21.7536048348351,34.1524947045691,7.82811661393024,65.9639777144601,2.99115340558175,29.3713150661319,3.64956891141856,21.9029300484436,18.8285095167273,12.2740819621316
"ENSMUSG00000048960",170.595943016167,116.443572059222,183.787612973477,162.141986858816,146.559942189483,107.663758202773,135.761103218113,149.652754820965,188.210927114044,133.45071984428,135.236189937911
"ENSMUSG00000048965",2.72475618752941,7.50666609562581,0.884883418763805,1.08946573792081,1.06826385961861,0,1.0267764895013,0,1.87493448781563,1.89064968902063,1.14803880674567
"ENSMUSG00000048967",10.69403815182,11.8871307995296,6.13358211665537,10.9301004339205,10.539611680348,2.59718149959258,6.20623960418411,1.9766038794255,6.59670047014454,3.84949023205756,6.83548043624924
"ENSMUSG00000048970",505.922348570936,569.183069454801,528.915550052866,521.104245384895,442.328207558379,537.848229647389,551.318866418805,557.21335632197,514.63041671338,437.273202879546,488.904542975565
"ENSMUSG00000048978",0,0,0,0,0,0,0,0,0,0,0
"ENSMUSG00000048981",0,0,1.76697360940068,1.08696812003565,2.1194209480422,0,0,0,0,0,0
"ENSMUSG00000048982",0,0,0,0,0,0,1.0244779114794,0,0,0,0
"ENSMUSG00000048988",17.9427885233672,6.49024865841881,17.7999637566743,4.34225602719436,12.787354342556,6.37720475327617,9.20985976532263,0.985494012657834,17.003434221678,5.61691213732533,6.86349287548546
"ENSMUSG00000048992",0,0,0,0,0,0,0,0,0,0,0
"ENSMUSG00000048994",0,0,0,0,0,0,0,0,0,0,0
"ENSMUSG00000048996",0,0,0,0,0,0,0,0,0,0,0
"ENSMUSG00000048997",75.8697201749729,64.4911980891568,38.3634289511136,91.508394585274,124.828536304947,68.927087120668,49.1440490776953,37.0503087968829,37.4786869017833,130.575660030883,99.2510990993447
"ENSMUSG00000049001",5.43301841218347,2.15795340536499,0.883566431263359,1.09947302052024,2.1179623540671,1.27937719795963,3.12489613806394,0.978903125115621,0.931161182129394,0.953766204050741,1.14499943195346
"ENSMUSG00000049008",0,0,0,0,0,0,0,0,0,0,0
"ENSMUSG00000049010",0,0,0,0,0,0,0,0,0,0,0
"ENSMUSG00000049011",0,0,0,0,0,0,0,0,0,0,0
"ENSMUSG00000049013",0,0,0,0,0,0,0,0,0,0,0
"ENSMUSG00000049015",0,0,0,0,0,0,0,0,0,0,0
"ENSMUSG00000049018",0,0,0,0,0,0,0,0,0,0,0
"ENSMUSG00000049028",0,0,0,0,0,0,0,0,0,0,0
"ENSMUSG00000049036",2.06192791637207,3.23499821969378,1.78242373390058,1.09599942380497,0,2.55502753328866,0,0.984081377212768,0.942963482967352,0,1.15578938611676
"ENSMUSG00000049037",10.7614738009609,20.4072441531568,17.6424171713716,9.94127396135078,12.6629594998884,3.84752526371419,7.31013582427492,13.6838134773129,10.20173602193,8.68605874572616,4.59586723707141
"ENSMUSG00000049038",10.3917725258183,9.67669010816531,39.3290980297268,4.47553014256899,4.91492003759516,62.8732032879033,50.8601706923264,12.3007900698216,6.09144775340708,45.4155398995573,57.8263804519738
"ENSMUSG00000049041",0,0,0,0,0,0,0,0,0,0,0
"ENSMUSG00000049044",10.0512576394136,33.6008233898766,18.4523721131563,14.7498294460547,33.5480061211875,30.5182378080201,17.8088199038291,24.1781475527816,12.7212850798388,16.6432797148627,14.9060119696174
"ENSMUSG00000049047",301.797568745077,275.521533804109,267.493228469889,251.667948990477,330.436847654138,279.949271734182,293.674252095529,274.583718209454,265.344274625853,287.533073766719,194.888281321177
"ENSMUSG00000049052",0,0,0,0,0,0,0,0,0,0,0
"ENSMUSG00000049057",0,0,0,0,0,0,0,0,0,0,0
"ENSMUSG00000049073",0,0,0,0,0,0,3.11546044325864,0,0,0,2.25014006821866
"ENSMUSG00000049076",709.783164633298,548.222259923773,670.398687964164,873.047437319231,759.687647827092,299.62914271945,742.649735755852,511.152941129833,705.896447912613,755.176899560495,772.876988209131
"ENSMUSG00000049086",21.0149446266161,25.6316822732716,29.8520273692256,15.3659719911303,39.810240137373,37.4004763349478,32.4411595565091,23.4090927792827,12.0890671733618,37.8126534493686,17.3787282215714
"ENSMUSG00000049090",168.31406044701,197.807229480279,198.285851600287,248.447874599248,253.640508431114,237.50828477523,298.752424254974,237.847389836578,233.252631147215,252.834218425113,253.75095546635
"ENSMUSG00000049091",1212.43539114366,1222.33256681417,1549.97463890215,1657.42458372112,1109.61128942589,1199.2733914593,1376.83206587733,1041.28653157378,1379.54311587261,1151.23807867498,1595.95874105912
"ENSMUSG00000049092",21.8688187327746,17.2545665738568,19.8596716972583,20.5017970429465,41.4090778320099,26.4846168950527,15.909602282247,24.9999513058848,22.3522412155693,30.9709688644798,31.0907985938852
"ENSMUSG00000049093",0.673626610426282,0,0,0,0,1.29012854627552,0,0,0,0.955799023388391,2.2740728344643
"ENSMUSG00000049097",4.09841454368827,0,0,1.08563098470367,2.12505580136308,0,1.02723443053246,0,0,0,0
"ENSMUSG00000049098",0,0,0,0,0,0,0,0,0,0,0
"ENSMUSG00000049100",0.709250337072519,2.22911134972177,0,4.74713369009423,3.27069470307942,0,5.25785203950598,5.7365321861602,0.972072394151821,0,1.17224438846256
"ENSMUSG00000049103",14.0038981443794,15.3131716030536,15.9007198501929,21.0651526663056,20.8199616603805,16.8077254770352,7.39271999654828,12.6548455952623,15.7106560643741,11.5986882516877,16.9887309049132
"ENSMUSG00000049106",483.775040462745,437.297536828557,435.634216336153,430.199685091268,496.10341614463,411.22673259296,452.731968337675,466.709492917472,480.407745311759,535.444013095539,491.100515405201
"ENSMUSG00000049107",9.02036873380479,15.3535591487303,13.3865892642548,9.05730292243143,3.27554165564315,6.0970024074358,6.36290514013647,11.1820128795295,3.56565933927853,2.95052642386513,5.9365757010952
"ENSMUSG00000049109",3.04157208671818,15.6560492380423,0,0,0,9.0860117349392,16.5726197545843,0,0.596431316180214,2.67598849706161,2.39785285816554
"ENSMUSG00000049112",163.286319167482,165.245469260835,225.57183357352,260.998357008447,195.674732513117,109.531127965628,187.344607868482,154.77766453848,234.197101316386,177.72193174745,116.117423394281
"ENSMUSG00000049115",172.010742909497,7.22787277878571,60.9939561506253,101.298941730482,69.9217251412004,6.56954237763491,8.27005369610278,64.9766045881679,9.2645451254731,64.1867984566945,11.3176873590998
"ENSMUSG00000049119",45.2950221944435,65.5446247116061,16.2586815502199,25.9750951303879,31.6448779057659,43.1693648481467,26.0664673852744,10.5872812802391,48.1632285873859,11.1761688173395,9.90744311363617
"ENSMUSG00000049122",0,0,0,1.0895783501383,0,0,0,0,0,0,0
"ENSMUSG00000049123",1.03288612442393,0,0,1.2429579963165,1.19956404171378,0,0,5.16083731561084,2.14509940814426,3.99912991598565,2.60482864884707
"ENSMUSG00000049128",0,0,0,0,2.104353455127,0,0,0,0,0,1.13913212497239
"ENSMUSG00000049130",4.78506790494957,10.7755989433311,24.7185000665754,22.9675806170368,45.5225145831727,33.6540053166104,14.3953107399911,18.6716911705867,15.0424108251545,20.7970616527273,7.99807541633017
"ENSMUSG00000049133",0,0,0,0,22.1730138164801,0,5.12491997035508,0,2.82570882250075,0,0
"ENSMUSG00000049134",629.426237900906,14.4450121627386,32.3131774884154,121.072111513126,206.853386791461,22.6153017394533,14.0273755442524,6.79082173434623,3.90268771302758,47.8997843725609,18.820623102194
"ENSMUSG00000049148",0,0,0,0,0,0,0,0,0,0,0
"ENSMUSG00000049149",0,0,0,0,0,0,0,0,0,0,0
"ENSMUSG00000049152",0,0,0.888711478704946,0,0,0,0,0,0,0,0
"ENSMUSG00000049154",0.661515167686693,0,0,0,3.24615508362798,0,0,0,0,0.948536326541092,0
"ENSMUSG00000049160",0,0,0,0,0,0,0,0,0,0,0
"ENSMUSG00000049164",211.650820358133,204.309813389544,208.223035724079,157.879688298655,116.558588157245,99.6755423952356,179.209307220283,109.420966853616,177.77893400624,160.015620952562,181.415060769948
"ENSMUSG00000049168",0,0,0,0,0,0,0,0,0,0,0
"ENSMUSG00000049173",17.550617785132,0,0.880705255725529,1.08938703159434,2.13944274824476,0,1.02595925811471,0,0,1.89522595643535,0
"ENSMUSG00000049176",1.63046137744467,2.55544604969847,5.18679529267092,0.911333012920712,8.74165875392698,5.35250874503967,4.70298423724358,5.7351770669047,11.4417466033444,3.13551411643041,6.76987532230907
"ENSMUSG00000049184",24.1749963026587,17.1865639364339,19.2721099250983,14.5688487653865,16.0366180036299,14.5015188319695,20.8601590364206,18.5434907654246,21.472617180829,16.2402087444177,12.8403840386071
"ENSMUSG00000049191",233.378001470522,209.867373974709,346.533354257856,222.401142058604,374.750664707298,261.954160545691,337.423494633763,322.8228662235,410.94315641373,402.901754386824,336.253679064714
"ENSMUSG00000049214",0,0,0,0,2.10191351140727,0,0,0,0,0,0
"ENSMUSG00000049217",0,0,0,0,0,0,0,0,0,0,0
"ENSMUSG00000049225",32.2462116195851,18.23814513306,29.7959661843933,20.0688394079477,36.0373961945727,18.8959645382762,29.8167221214896,28.8637230203365,23.8541367877935,33.509108912338,28.8601649368986
"ENSMUSG00000049229",0,0,0,0,0,0,0,0,0,0,0
"ENSMUSG00000049230",0,0,0,0,0,10.356136350517,0,0,12.1880744231943,0,0
"ENSMUSG00000049232",355.122199949805,332.996227078901,551.330789578486,548.239347504012,532.609332034689,353.369095313294,564.012522304938,362.733343772537,442.627008606531,539.408722018167,353.766666070826
"ENSMUSG00000049235",0,1.08064173486522,0,0,0,0,0,0,0,0,0
"ENSMUSG00000049241",19.1269007202595,20.4555539972064,13.2415448879015,10.9405667666891,23.2890465346605,27.1731366694168,11.3052875990562,17.7071640152059,17.8725441186449,17.9586113641512,17.1511384949547
"ENSMUSG00000049252",1.14354068077997,0.838834945272276,0,0.611950857333436,0,0,0,0,37.5833495861898,0.52855096674897,0.633916099028871
"ENSMUSG00000049265",25.904052542231,11.9062583710907,13.271508758927,14.1414692153298,45.6040424168737,26.955723174251,18.4762877676784,35.5643359390118,11.3421929164467,50.1034664029312,41.0985847162888
"ENSMUSG00000049280",0,0,0,0,0,0,0,0,0,0,0
"ENSMUSG00000049281",43.4012265721175,54.4961265496087,13.4851715843286,33.8778937683629,9.69767193522656,10.5425124827704,10.4537900472193,25.1497362441569,11.7946221283024,14.1658768138861,22.3122371964542
"ENSMUSG00000049285",40.3357698061602,49.5104530042287,54.6446779224299,83.9937934833402,58.5467636637721,72.1057990592657,55.7577949521432,48.2323560480957,51.7451074297826,60.2257201620102,29.8303173930499
"ENSMUSG00000049287",61.7412919992638,71.2581553587415,67.7299470619253,70.3227413489239,84.7655038846152,55.9979248802724,105.18367110802,74.5283712431231,82.409249392331,94.9430614170934,70.817000259526
"ENSMUSG00000049288",173.275849621387,166.520555053637,176.564010017894,180.382536448307,186.126522881868,143.984875286193,139.222550538749,176.485052672907,139.522685765607,182.959479026503,117.128620743876
"ENSMUSG00000049291",0.687790427242632,0,1.77030375439128,1.09403210045278,2.1188235917333,0,0,0,0.942079161704427,0,0
"ENSMUSG00000049295",658.902476980715,581.479030435713,571.011734418579,778.929110698453,962.568782376601,832.709904339445,737.2424184099,663.005897294283,651.331647098469,774.029725297105,447.539171267715
"ENSMUSG00000049299",168.542272788631,205.690781943268,174.282646763591,204.324909967721,194.166871896574,177.849554050576,210.440692413763,227.956069316892,170.699834381246,162.547717798199,163.981819355166
"ENSMUSG00000049300",112.430686251641,117.993796593813,97.0804678651524,91.3828084318257,84.5570798687499,121.216640609886,99.8570279495106,96.9558617171433,114.363862355816,101.651319056018,117.38738348427
"ENSMUSG00000049303",171.245796219595,155.659215961983,167.987509877311,138.542034361066,165.167159637587,117.658916196243,70.8737302388919,114.882816232419,174.909674016334,161.053893870548,190.466390204413
"ENSMUSG00000049305",309.61541815196,271.862091886843,250.482539404882,260.226300972129,268.425281101233,291.552946898253,280.517713351289,261.373429808861,279.733062871165,316.176897712649,308.906736926088
"ENSMUSG00000049307",73.2194641449817,71.3410970487036,26.5929004102335,47.8803362397722,18.0848559830267,113.842245832695,57.4210401465288,83.8289410657561,42.4902956054545,34.8938214888925,92.6479301898324
"ENSMUSG00000049313",1952.34686147478,1421.81257919236,1235.02566175165,1026.8497977386,1384.44432801048,863.07349403526,1187.81278239664,685.065860060446,1146.02883993287,1121.3829419628,943.640455306752
"ENSMUSG00000049314",0,0,0,0,0,0,0,0,0,0,0
"ENSMUSG00000049315",0,0,0,0,0,0,0,0,0,0,0
"ENSMUSG00000049321",47.4258722804237,45.1560372161234,43.3953803762262,43.219294771034,54.8141577813946,45.3363162127939,53.8739552285168,57.4996121767253,41.6321288106317,53.9566913018694,46.1896197275108
"ENSMUSG00000049323",306.372753697808,241.853806630395,346.772487210627,437.294029635717,307.675274714222,155.218579282802,271.494153411735,263.489686883589,282.2853995775,312.192662558947,322.700171350669
"ENSMUSG00000049327",999.728477352072,1218.12976710653,1212.49364551369,1083.51737469238,1020.02714793391,1245.80741531504,1063.78187657279,1274.4933194576,960.226217139275,913.70558436956,1151.93469776387
"ENSMUSG00000049334",0,0,0,0,0,0,0,0,0,0,0
"ENSMUSG00000049336",4.13963359556104,2.15993698120779,10.64435959375,3.26783117440347,4.21662204388028,5.15351713339964,9.17945699876082,9.92298835718502,8.53395754315886,5.60562715484473,9.12526099169648
"ENSMUSG00000049339",1185.77420550795,1169.51581801042,1457.27472538149,1406.73495815041,1483.28051002933,1300.72926202611,1340.57085495177,1508.82464492333,1391.71449948376,1689.5307347434,1204.32737379171
"ENSMUSG00000049349",0,0,0,0,0,0,0,0,0,0.936366945291052,0
"ENSMUSG00000049350",0,0.634733300607994,0,0,0,0,0,0,0,1.59417695473126,0
"ENSMUSG00000049353",0,0,0,0,0.728513388946827,10.6844678405541,0,0,0,1.94482275155427,0
"ENSMUSG00000049354",279.781688638318,222.225836184644,278.024543669896,287.997017643504,266.707322711016,237.699538869816,270.185372312138,275.906313741922,254.995880973299,231.001159868078,261.172576066853
"ENSMUSG00000049357",2.46686633700118,3.86514836903749,9.58989352715866,5.96278039689081,1.42177852128668,6.8880923841683,6.53100397790641,1.78402709856969,10.1853059796354,10.5390714754891,6.25968365240397
"ENSMUSG00000049362",0,0,0,0,0,0,0,0,0,0,0
"ENSMUSG00000049372",0,0,0,0,0,0,0,0,0,0,0
"ENSMUSG00000049382",6244.02483354745,3998.57045406389,8146.62307025649,4331.08022254473,9464.75653467323,3932.63368448259,5301.97698412937,4641.26492094195,5227.41549928899,7977.7753967287,7339.43024924365
"ENSMUSG00000049387",0,0,0,0,0,0,0,0,0,0,0
"ENSMUSG00000049396",155.601654453718,170.937223419932,126.874232553138,188.482794433478,117.992183604188,194.949120325094,149.853439179363,222.825997738076,185.807819275676,161.998062115059,171.595259574705
"ENSMUSG00000049401",1512.15273572274,1321.5255165584,1398.1427253408,1613.07144195273,1207.37202291542,1335.69320368279,1319.71398103624,1049.93267044697,1236.35366340662,1348.16097381495,1424.27815587076
"ENSMUSG00000049404",2.7417689846323,1.06979678736107,0,1.09299260592098,5.30967743518005,1.27873123584868,4.10771733276137,0.987174430695801,0.940559832751263,0.950765886679181,0
"ENSMUSG00000049409",0,0,0,0,0,0,0,0.992606609936369,0,0,0
"ENSMUSG00000049410",7.5941232006874,3.24545658066665,5.31839319553535,5.4435148717416,4.25149929991582,5.14135918043968,16.4190000199752,7.84534595994302,2.82071196598212,3.75982934790716,9.13518501980624
"ENSMUSG00000049411",19.1071600454774,26.7121589187849,29.0539780262016,13.474169910077,29.4580487032122,27.1633665301439,24.45213105998,28.6006896544561,15.1229658218416,17.1242159407657,22.3027013801476
"ENSMUSG00000049420",21.8406504817387,13.9455124691876,23.8682562331305,6.56939753952358,17.9251777307959,11.6093647589601,3.07173790214122,9.92123925334144,10.4011576394003,7.5438218748548,10.3087218057623
"ENSMUSG00000049421",281.185837953247,229.449978284552,218.378712955382,191.509329139885,215.579492012223,206.595836003129,214.914550482685,200.9143821709,185.199426125719,234.226949220806,257.097249159888
"ENSMUSG00000049422",286.100648526895,239.118518193168,182.330713793947,230.011978647283,213.542649916205,252.977843984328,300.092052884309,241.196957063425,241.144324949313,231.83469041329,247.360749213229
"ENSMUSG00000049436",0,0,0,0,2.10191351140727,0,0,0,0,0,0
"ENSMUSG00000049439",250.321510209618,242.387350541015,214.969179002749,202.014777313063,255.615486246528,217.299152789251,235.572660781906,222.899774443966,222.174790544006,235.373649359679,235.846818015962
"ENSMUSG00000049456",0,0,0,0,0,0,0,0,0,0,0
"ENSMUSG00000049470",916.842210063576,533.923803537018,1298.0936713151,865.124791424848,614.570936890965,233.848447912164,1328.76387771021,389.459923578226,967.172905151964,650.257430500269,657.691641164532
"ENSMUSG00000049482",323.462184265355,355.660524549561,365.631348680066,270.716260448083,356.577226196953,377.091817042009,412.517231127527,314.946099359742,297.330191244476,293.864241175085,363.222787111502
"ENSMUSG00000049488",24.049418370391,31.0476637051786,35.9670030273486,20.1294052751338,36.1407811472336,32.6681767484551,23.3877294592971,33.7937013703232,32.134496316978,30.0245041523589,23.0108690881586
"ENSMUSG00000049489",92.2493437144074,104.409535934853,117.042316465049,114.473773235217,96.5594240534642,103.380606890986,125.741765915863,113.327264234863,119.24119756929,121.30636881989,104.847846385905
"ENSMUSG00000049491",0,2.1526720990167,0,0,1.05516091584099,0,0,0,0,0,0
"ENSMUSG00000049493",8.15137233792952,28.2985952321434,9.79097986117529,3.44131372725788,7.46924881440604,10.0593541972482,12.9529107573556,37.7353656672017,10.3737751830414,12.6217388090011,5.40742906190132
"ENSMUSG00000049498",0,0,0,0,0,0,0,0,0,0,0
"ENSMUSG00000049502",456.449549512932,339.739060502076,328.325850684479,383.923283933841,350.912868323458,285.913892759807,330.872397330022,261.769541969619,405.306676499171,447.464239648049,328.557938115371
"ENSMUSG00000049504",301.588299884942,239.64900743323,285.433987960264,295.707858414636,319.500974521526,226.158366104402,255.323939465112,300.523336764594,255.355507375973,299.216596937486,287.150813608177
"ENSMUSG00000049506",0,0,0,0,0,0,0,0,0,0,0
"ENSMUSG00000049511",0,0,0,1.0895783501383,0,0,0,0,0,0,0
"ENSMUSG00000049515",2.77006474098805,6.24093164732435,1.79174704824203,8.75533038907431,2.14099558541384,2.58828960323412,7.83798144682029,0.999291990578563,0.957260339329138,2.842600075131,4.60365489600576
"ENSMUSG00000049516",378.198865199567,332.039680707923,458.487005002905,342.638031093722,366.955005720716,280.044470355377,368.665676554236,383.846907626277,337.179758644017,405.374476113262,432.303681186196
"ENSMUSG00000049517",4737.2412521762,6238.41048735647,5057.78708954907,5506.29336381824,4985.65873667663,5845.6778913572,5542.62805940319,5484.48423471424,5133.77834763833,4944.77297353317,5465.4758923699
"ENSMUSG00000049521",677.568514519631,433.842645082426,733.739218128512,658.681656374955,746.392886626873,493.926609784844,680.641995857431,586.184939848269,530.638310368392,728.101855123102,539.43578211533
"ENSMUSG00000049526",1.35860899520299,0,0,1.09199118729716,1.05463150405275,0,1.02321647472392,0,0,0.946784109305124,0
"ENSMUSG00000049528",0,0,0,0,0,0,0,0,0,0,0
"ENSMUSG00000049530",0,0,0,0,0,0,0,0,0,0,0
"ENSMUSG00000049532",18.0047678817453,24.9367932681211,22.1934326107101,8.69588079421933,22.2573255170186,15.4323932606064,13.3001374500435,22.6457184626716,19.8221871291678,15.8870008428415,14.8151586460347
"ENSMUSG00000049536",26.4126395059629,32.9196973129893,22.7939065664701,18.7896826912312,32.2528371567435,28.4656976248326,15.6765318263309,35.0046308900689,29.6183986248464,16.4341040656592,19.7811151293224
"ENSMUSG00000049537",0,0,0,0,0,0,0,0,0,0,0
"ENSMUSG00000049538",1.27701477621613,0,2.45184173499473,4.00109765562678,2.91700806249447,0,0,1.8213825940866,0.869313665615349,0.860897621163818,2.03697420611168
"ENSMUSG00000049539",2.71084049726835,2.15778272671358,1.77558425607744,0,0,0,0,0,0,0,1.1641216180008
"ENSMUSG00000049548",0,0,0,0,0,0,0,0,0,0,0
"ENSMUSG00000049550",1711.83129866745,1533.30403433527,1742.35408485178,2018.0927053509,1703.53654235375,1740.1970971062,1617.51010429517,1822.21569332494,1818.46643213733,1832.46827996768,1737.29175781278
"ENSMUSG00000049551",20.5943001207352,16.2670594795873,15.0444071512366,19.5777151378084,20.078693202148,27.0937940358856,15.3791691274998,42.4425002161132,23.6216608788983,27.2718828459056,9.10619014118554
"ENSMUSG00000049553",363.947302106403,364.830508960761,308.329612168529,305.874621596602,261.562760291101,420.928388512693,303.60178743049,285.133980287677,295.132049188904,249.745901575427,570.094532326976
"ENSMUSG00000049555",1.31685730847491,11.7564544715047,2.64220948268668,2.21300513823553,0,9.07396389361577,2.09936659150341,3.88979122583076,0.928499588778823,1.93162622238803,3.50789979791684
"ENSMUSG00000049556",0.686350070614342,4.34449930127804,0.892467257803886,0,0,1.28385971979753,0,1.97430857441,3.78677705428351,0,0
"ENSMUSG00000049560",0,0,0,0,0,0,0,0,0,0,0
"ENSMUSG00000049561",0,0,0,0,0,0,0,0,0,0,0
"ENSMUSG00000049562",145.167383527472,140.421032446845,105.230801462169,134.652553931397,141.865536913927,145.266034704843,179.626288059982,221.27943832436,139.489565208995,184.049135257399,120.627163813172
"ENSMUSG00000049565",1.21180471297776,1.91853419198201,3.14216716669222,0,1.71424245775011,2.07507304986622,0.91880428197129,1.74310304674088,2.48698163565238,2.52268035583184,1.0123158620361
"ENSMUSG00000049571",0.640731457580605,1.00371533372721,4.94287766531926,1.01224463331683,4.88651192278213,4.78256262486555,7.95083431477886,0,1.75844396578575,4.34403980181452,4.23523442465163
"ENSMUSG00000049573",0,0,0,0,0,0,0,0,0,0,0
"ENSMUSG00000049577",520.404987932444,367.025127715651,620.455942173861,586.788382114436,509.513800080743,459.660657772656,484.425856573136,494.479397142011,521.536258995675,614.696895005892,713.18487166762
"ENSMUSG00000049580",36.4124703489122,59.2268657026746,30.170598551872,74.1579417634308,23.5300970389542,71.4822709741946,41.0636953962123,39.1964313104082,79.8431630290693,44.3197701699295,59.7041979041186
"ENSMUSG00000049583",0,0,0,0,0,0,0,0,0,0,0
"ENSMUSG00000049588",22.031406093866,39.7759319636711,21.865307521116,18.4710255086628,16.8327115885998,42.9957634144302,25.5150236827853,28.1839933879285,28.6167998187936,17.1000544936909,38.9325789104704
"ENSMUSG00000049593",0,0,0,0,6.30574053422181,0,0,0,0,0,0
"ENSMUSG00000049598",5.3368363739277,4.42729741586163,11.2877086477398,7.11118662069527,12.232335850541,9.88857953797177,13.0693017041021,2.41299127148653,3.85772043391078,14.6088014605192,6.54158725436029
"ENSMUSG00000049600",134.064711531098,135.425953926938,117.834224781117,159.707815553951,125.176965111736,142.410239554899,125.107254235716,121.492378926005,131.435335038492,136.64641974127,144.933891882291
"ENSMUSG00000049604",0,0,0,0,0,0,0,0,0,0,0
"ENSMUSG00000049605",0,0,0,0,0,0,0,0,0,0,0
"ENSMUSG00000049606",181.1107088809,277.228169533263,206.72349803252,224.646897429937,214.161433366031,276.244834410723,271.330530221906,250.136394137307,259.925785286347,339.431205706452,252.932316913112
"ENSMUSG00000049608",7.45260609449415,7.47578406473557,8.8207394476411,3.29542654834416,5.28223238234525,5.16454144306768,4.10331765212173,2.9741684483578,4.71971467233369,3.7919956126245,1.14904789192719
"ENSMUSG00000049612",0,0,0,0,0,0,0,0,0,0,0
"ENSMUSG00000049618",0,0,0,0,0,0,0,0,0,0,0
"ENSMUSG00000049620",0,0,0,0,0,0,1.0291256955435,1.96015842437695,0,0,1.14981536400609
"ENSMUSG00000049624",386.769058189338,443.22412319195,492.486979707542,532.567706633077,592.870150362972,413.175628349218,593.934451868204,735.425809324755,591.982611161027,723.880851071685,449.050065871813
"ENSMUSG00000049625",32.3487987998226,33.1238988102968,30.8008778076279,46.2893716226597,19.6532211866911,29.6089329028401,11.5308006281282,34.6161059337974,23.9267772823439,21.1160893257148,16.3515468626436
"ENSMUSG00000049630",0.689939267648385,0,0,0,0,0,0,0,0,0,0
"ENSMUSG00000049641",12.9051589772507,0,0,4.34809180464347,1.06674727034067,0,3.06635002934599,0,0,4.70719691528915,0
"ENSMUSG00000049643",156.735178983995,113.435225783246,115.713232885991,112.441349922585,145.155505208931,116.417700464842,106.630040228241,104.777954749964,124.943663153327,128.111197078853,122.319247767322
"ENSMUSG00000049648",0,0,0,0,0,0,0,0,0,0,0
"ENSMUSG00000049649",0.541700114409814,0.850261860497975,0,0,0.843755767725046,0,0.811680733108739,10.1042383267985,0,0,0
"ENSMUSG00000049653",0.813924785415767,0,0,0,0,0,0.728527903130075,0,0,0,1.35944281502067
"ENSMUSG00000049657",99.5013393083955,73.3194461954833,82.3329137943713,75.3223382620001,72.8436382614485,80.0412706280877,70.5860904313887,92.050798288582,94.5895205012673,76.9265338003979,84.5104638863545
"ENSMUSG00000049658",411.162739110857,254.252075828346,326.111019759952,292.505834469622,221.323796257902,169.366365360699,352.923548503559,249.467063923229,313.314440197644,328.069458107136,280.066005775878
"ENSMUSG00000049659",2444.12125977961,2326.78546426147,2742.66754793816,2779.29112860251,2624.88107819926,2262.11024930439,2620.0075424501,2538.39312073533,2706.70044194759,2741.03375599711,2531.18348967021
"ENSMUSG00000049670",6.56630139027005,14.8019048729153,13.1702095228648,12.1749031197024,14.0616311568037,9.02151393733742,8.3609409284392,9.74216675438028,11.0981599245012,10.5928949372247,15.243073328897
"ENSMUSG00000049672",214.849161339081,239.011708291747,196.250748778916,194.977262328231,181.427290913507,164.97990857731,236.540164021521,186.608255299522,211.803990651968,213.167331900554,197.155640332898
"ENSMUSG00000049674",0,0,0,0,0,0,0,0,0,0,0
"ENSMUSG00000049676",58.9194116990462,33.8750684028014,41.4004801932535,52.7307612880911,63.4366265558163,71.0344143183976,39.6041580237147,88.2300105612856,44.307724020351,54.8512923900974,108.201204268691
"ENSMUSG00000049680",408.500564580595,411.816043917465,553.927715805182,408.995880699444,406.00061732028,401.760377671927,389.72999378684,395.86300375351,411.869013930968,396.572531724087,488.047897400295
"ENSMUSG00000049685",0,1.07475298741169,0,0,10.5708197125394,0,1.02568597525384,0,0.945319597583168,0,0
"ENSMUSG00000049686",1853.2972539028,1855.13340692167,1777.31742532719,2532.04459683088,1737.59142727032,2298.16683199077,1926.17617084789,2039.63722056499,2182.36314806495,2042.356181639,2299.38474776348
"ENSMUSG00000049687",1.36485774091824,5.37018957900597,1.7673617893852,4.3769452905787,5.34795270824603,1.28334502035779,2.06332810211172,3.90238672675118,0.934556955270414,0.950783139857544,9.19495373411712
"ENSMUSG00000049690",8.72231733833464,3.56810248871972,7.52109949245809,5.05107016172108,37.7564646832015,4.23715523584599,6.76564044680603,6.5848256501707,41.9645602320657,19.5232750307151,5.30310508214173
"ENSMUSG00000049691",0,0,0,0,0,0,0,0,0,0,0
"ENSMUSG00000049692",0,0,0,0,0,0,0,0,0,0,0
"ENSMUSG00000049694",0,0,0,1.0895783501383,0,0,0,0,0,0,0
"ENSMUSG00000049699",1.34061362174856,6.4529929268869,2.68620454973577,2.25114476670655,0,2.58312442326253,8.36073876699667,2.92794139786504,2.79271386536828,0,0
"ENSMUSG00000049708",0,0,0,0,0,0,0,0,0,0,0
"ENSMUSG00000049709",6.84342712111881,14.0042943032647,9.7452560992104,2.18844610871567,9.46880759900668,3.8581872570727,3.07677663784293,1.98333477168932,10.3855441458442,11.2993480956341,9.15014009670293
"ENSMUSG00000049717",167.865594564066,176.373435360525,125.981348839517,136.087900006556,106.80197348403,124.384223124779,114.309887408726,126.683518178509,182.050485395226,128.228072940396,170.659320802121
"ENSMUSG00000049719",0,0,0,0,0,0,0,0,0,0,0
"ENSMUSG00000049721",2.74391918693909,0,0.888025563143277,2.17670701104903,5.33858290097705,2.55261415595087,0,4.91473306966481,1.88317892649004,0.941897045610628,1.14683983946421
"ENSMUSG00000049723",89.248370612479,159.411368970015,175.056354656232,129.373930359926,369.934983033861,104.458562426103,103.133963948381,158.993534599274,131.606753312248,210.363411400451,179.103393179062
"ENSMUSG00000049728",108.174749739493,63.9625922363811,66.240595088416,70.8015228599622,64.1599215639734,58.1532137109384,161.232752354618,63.1764105600262,143.220153064377,95.814808476586,75.6008731833744
"ENSMUSG00000049734",175.825714375146,160.660579956511,145.920654972353,185.569654079976,108.687696215803,216.095040016882,160.583045218011,156.373280793762,154.54534175506,173.097439595501,183.197152157822
"ENSMUSG00000049737",0,0,0,0,0,0,0,0,0,0,0
"ENSMUSG00000049739",484.315078936579,484.627037200253,490.899817506847,530.181934263029,476.440483052591,602.118382331157,434.830883328519,537.744217057081,500.122772047112,525.68125159023,539.958198015248
"ENSMUSG00000049741",0,0,0,0,0,0,0,0,0,0.936366945291052,0
"ENSMUSG00000049744",32.1311177537603,95.4688400092368,13.2761264031398,11.0659059965644,22.8580430901602,40.072413422755,9.48236891495816,13.6476223382703,16.6607373998298,25.0175569686467,10.1824360169726
"ENSMUSG00000049751",1103.77691723063,1353.62349707414,935.355949031198,1103.50199069155,970.814642982786,1050.17158889877,1185.95102891179,1171.64326165519,932.195121815192,737.937514670844,966.343887055212
"ENSMUSG00000049755",292.978425181763,183.212787858409,347.654009736813,306.802531630192,232.474665012788,216.928722539889,362.644300494498,323.727115814568,216.107782143438,373.242976672739,336.278818400774
"ENSMUSG00000049758",0,0,0,0,0,0,0,0,0,0,0
"ENSMUSG00000049760",533.544777790141,658.386595844532,653.693784570592,575.170780141144,511.659533724278,670.473687691008,571.082057254767,573.079030645271,559.537883977721,488.095683916218,686.446534150771
"ENSMUSG00000049761",0,0,0,0,0,0,0,0,0,0,0
"ENSMUSG00000049764",64.1698495616826,86.9595663240936,75.3693516929999,57.8466357025039,48.55202020877,93.3003709287421,57.3476674145388,70.3744239268937,59.4326979881363,67.8329197707432,53.8706504087635
"ENSMUSG00000049775",811.692167111632,1144.20768025109,821.73325019792,631.459948906155,789.423268933599,725.695813301862,582.634654770436,531.14944343647,595.941340902082,801.559839430212,562.420991503474
"ENSMUSG00000049791",272.13120381059,215.006618144249,261.921075661405,261.65317678447,241.030516008887,209.233470063494,297.724256272651,314.37426370596,261.388703072391,275.675610542573,277.599042396071
"ENSMUSG00000049792",730.707749399993,391.89198962193,459.652930321129,524.322697348362,368.225852906546,550.768900276935,376.509586278647,325.879732833851,442.16040687449,397.309029016694,296.37630557824
"ENSMUSG00000049796",0,0,0,0,0,0,0,0,0,0,0
"ENSMUSG00000049797",0,0,0,0,0,0,0,0,0,0,0
"ENSMUSG00000049799",0,0,0,0,0,0,0,0,0,0,0
"ENSMUSG00000049800",111.968664738182,110.562050720798,105.227376863233,124.73496060049,106.452251687514,77.0939039547738,117.140969931611,147.423835104087,124.044364714181,138.12913074811,141.24688944057
"ENSMUSG00000049804",136.055227067539,119.148375997377,132.297954306567,112.213370347016,179.985606923838,118.247579543077,166.693636859068,175.151664905816,138.808338718009,139.470897480431,137.040358908724
"ENSMUSG00000049806",0,0,0,0,0,0,0,0,0,0,0
"ENSMUSG00000049807",169.641363138404,131.542049564157,137.318653320205,131.049599139127,176.023475165842,207.163639483247,173.700395610748,210.15444830933,130.770456450473,195.325656902839,174.722294843395
"ENSMUSG00000049809",0,0,0,0,0,0,0,0,0,0,0
"ENSMUSG00000049811",35.0476325414131,87.5992303754371,81.9441518345878,43.65579717252,42.7358047782236,30.2010078100284,78.1334757496104,90.1099199837803,66.4413064735975,82.423868173855,39.5404729167175
"ENSMUSG00000049815",0,0,0,0,0,0,0,0,0,0,0
"ENSMUSG00000049823",44.4865415810189,63.0752519854533,52.5222641830911,47.8563887506043,47.7123736659104,47.2141772240187,214.85195594991,49.3907014805092,66.76774663998,59.0911286332776,43.0737383344171
"ENSMUSG00000049843",0,0,0,0,0,0,0,0,0,0,0
"ENSMUSG00000049848",0,0,0.880520438186414,0,1.06073327989985,0,0,0,0,0,0
"ENSMUSG00000049858",239.387456260809,227.47666879011,188.388929633389,254.877093958632,186.652539385853,279.819959114185,222.913482919977,273.046245693879,202.553146364756,184.45624004614,243.932207695256
"ENSMUSG00000049864",0,0,0,0,0,0,0,0,0,0,0
"ENSMUSG00000049866",56.9887314919766,78.8428983255337,56.5015946724778,38.4548107638343,56.223876626305,47.2083934237053,68.4689453852721,42.7815361379908,53.0427535881296,70.0747581978864,34.8320206416865
"ENSMUSG00000049871",29.626874455903,60.1115621778593,6.76325929833582,23.5752056808026,11.7946046239502,25.0550393413902,6.70189535299206,5.28323941471483,7.45056673115935,24.8308810052067,2.76151118089705
"ENSMUSG00000049872",8.97958477157083,11.725928231582,11.5175218082536,7.6469259238697,7.41404996314751,12.7218634172918,5.11900933660471,6.93194870320482,6.58635465444276,6.63208824456208,10.3702632976805
"ENSMUSG00000049878",378.260157674086,384.825618139722,516.900973667478,494.583977321002,489.647972954704,419.337799366344,520.70419471546,413.464252409915,445.331195954182,513.321860918463,475.300457974011
"ENSMUSG00000049882",67.8903027251698,94.4496800259564,93.70730629409,60.4045165285359,66.0534600128597,72.906116191276,64.4166875728048,66.1072991950035,67.3032211985327,77.8925242381715,60.4069486114899
"ENSMUSG00000049892",2323.04793937324,3174.43626797,2893.15503232216,3179.29840419623,2164.81848948204,2098.55416417953,2201.21970856653,3147.40007397899,3547.72945395065,3515.46097078634,3119.99043022195
"ENSMUSG00000049894",0,0,0,0,0,0,0,0,0,0,0
"ENSMUSG00000049897",3.43863141839912,8.61554899030069,7.08611185873578,3.27528071942368,4.22085158637614,3.85883853289663,12.2869549235692,5.94129173352778,9.44521500842239,5.6370347921152,5.71658571254416
"ENSMUSG00000049902",0,0,0,0,0,0,0,0,0,0,0
"ENSMUSG00000049904",4.00578020017811,7.4478639342755,10.5369559982324,8.82920594702695,7.45171233606585,8.99224238815995,10.4145574704075,3.92292752787641,11.1859900251649,15.4533058678648,6.93110360108141
"ENSMUSG00000049907",616.148192225647,759.212203592465,1841.7719034522,731.443062561665,1524.99211932722,497.726943392498,2233.52274020249,410.186265037493,1017.52739860593,1023.7982489082,726.544473429638
"ENSMUSG00000049908",0,0,0,0,0,0,0,0,0,0,0
"ENSMUSG00000049916",1.87865360318686,3.95138681758028,1.6256758597894,0,2.92978366777979,10.7132019763706,1.89594848734554,0,0,6.67044612998248,2.11374046769078
"ENSMUSG00000049922",139.510492696907,145.858209248386,118.394139687888,169.176616799061,126.101710322022,152.60375074425,130.621991732884,136.231797137521,148.323133629166,142.525827895457,195.097726717966
"ENSMUSG00000049926",0.679021733078188,0,0,0,0,0,0,0,0.933392196317836,0.965051124811719,0
"ENSMUSG00000049928",0.474905494825708,0,0,0,0,0,0,0,1.37545026965328,0,0
"ENSMUSG00000049929",8.12291470992347,1.08868156231648,1.77206093951336,1.10055684322791,2.09473848794425,6.42042105978206,1.04052602944117,5.87007635432094,4.64505134941277,3.82388137333898,1.14446797091834
"ENSMUSG00000049932",37.3908664445968,55.3356296887923,32.6133585892819,46.3891761248728,34.6001385944441,41.2796035193111,56.9166555472851,32.0272612467472,34.9288501042885,48.1680530420519,47.750271534134
"ENSMUSG00000049939",0,4.30068390997672,0,0,1.05223961917784,2.58519710003149,3.06497325508937,1.98046539592934,1.89118631298318,2.81455880226459,0
"ENSMUSG00000049940",501.064966046014,473.346620187805,493.527021832022,494.610605875131,469.417035007142,443.2493837337,582.287886354896,463.145263586972,448.310512783449,529.749181671185,542.298226154175
"ENSMUSG00000049946",0,0,0,0,0,0,0,0,0,0,0
"ENSMUSG00000049950",245.195938871484,297.812379940262,264.34125159811,525.39623522082,304.712213177612,265.479910261302,186.485167570125,317.077252501362,766.162191810663,322.596099728267,341.835172561192
"ENSMUSG00000049957",99.2167511555358,77.6763042535805,90.9419583165222,60.6210502724981,84.4658112833272,89.4184700980908,68.7469944526665,77.4189264614053,85.3324535854678,83.4986050454804,99.1999878149857
"ENSMUSG00000049960",120.178566518342,140.571697981928,122.611455715409,130.996749475172,153.351978303653,142.464307634334,134.749996033595,165.909103242207,143.201046322052,126.047304332021,127.738153908013
"ENSMUSG00000049969",170.319067457108,188.1816531527,257.021691437053,287.923602599066,244.720995909232,139.825830592661,253.902127680017,182.948696593552,184.774680063251,236.787628258572,198.066602317865
"ENSMUSG00000049971",0,0,0,1.0913456679245,1.05388150195723,1.27661435472275,1.02568700686025,0,1.86850474324604,0.945338058473436,3.42934093098688
"ENSMUSG00000049972",0.689939267648385,0,0,0,0,0,0,0,0,0,0
"ENSMUSG00000049985",6.01228851888039,7.22051875600492,0.658987692155722,1.6311312341441,5.50104809727265,7.7194196465116,9.76221035143194,1.47790112075486,2.8221630720733,1.40220786145626,0
"ENSMUSG00000049988",38.740399842527,29.5661563120509,20.8334848652172,49.699947497187,45.7430396452381,52.488834896792,109.279458311037,18.4145622307554,19.5301897272691,16.5286062723104,17.002178482141
"ENSMUSG00000049999",5.39594590326209,8.63570095012398,7.93849801803734,3.27052333066956,3.19669376810557,0,6.18196137896576,8.86148943708897,2.82761362911118,3.81182736849472,3.4426656745451
"ENSMUSG00000050002",250.489523167973,306.151729923194,217.182603155093,248.181340933715,213.861735952777,271.957464885775,258.67050111131,200.978246653387,228.897336286524,245.823009045335,220.011179782881
"ENSMUSG00000050010",1.36692929517206,3.24344016301615,0,0,0,1.29345166007307,0,0,0,0,0
"ENSMUSG00000050014",103.047312998538,86.6250900374419,60.196985582527,63.4674418537462,80.4742534671652,66.3322960689552,81.172431466613,44.4659739612942,92.0573870486293,84.3860277136323,85.1263239035389
"ENSMUSG00000050015",0,0,0,0,0,0,0,0,0,0,0
"ENSMUSG00000050017",419.025300253036,354.032715790313,372.951512104171,395.836924975497,438.267924760819,445.581143481588,379.099513077308,387.815800925345,388.628794952061,336.724238686968,522.543506541932
"ENSMUSG00000050022",39.6609458468411,108.054044913049,69.3134520479518,102.486359318409,71.3107321708392,54.2031333551705,49.911447307689,78.807280038333,74.8908147974612,50.1563928733681,75.450234494868
"ENSMUSG00000050023",0,0,0,0,0,0,0,0,0,0,0
"ENSMUSG00000050028",0,0,0,0,0,0,0,0,0,0,0
"ENSMUSG00000050029",132.771320687587,134.75919068379,139.01615549522,131.630395738105,150.43701907077,136.216281836411,129.514736205219,127.226331560104,107.838080819446,142.147160067061,136.618877513941
"ENSMUSG00000050030",0,0,0,0,0,0,0,0,0,0,0
"ENSMUSG00000050035",0.668894187953516,0,0,1.10764013991304,0,1.28452521477907,2.10275335098778,0.973599644129759,0,0,1.14722299455479
"ENSMUSG00000050043",258.969069671976,261.289416865955,251.221642065969,201.364077961381,213.208768328713,234.142966932436,256.036205135316,183.456577616626,187.999655922588,168.266686856702,231.677724559381
"ENSMUSG00000050050",6.77992275249726,7.99384742248828,6.11355985466142,1.93277211608552,11.1967060034662,10.7839790370126,10.4812572964677,4.81443401773209,7.72342251210568,7.17053688188075,10.1826191658574
"ENSMUSG00000050052",49.8471812520114,50.8826078414684,77.2416034793123,32.022999469198,51.3160271285238,51.5580525412615,87.4093113916507,42.0530302130454,50.2185126086385,58.9995899906182,45.2772168611813
"ENSMUSG00000050058",0,0,0,0,0,0,0,0,0,0,0
"ENSMUSG00000050063",0,0,0,0,0,1.27221188114804,0,0,0,0.944295316164819,2.27900367953004
"ENSMUSG00000050064",14.9962193211504,13.1064092776245,9.70430108814412,17.3088828460396,13.8068590014765,9.06568350158846,7.14313042406027,11.8419732355296,15.1824638098318,18.7510247968928,7.99486474301275
"ENSMUSG00000050069",0,1.05951295913384,0,1.0942881056935,0,0,0,0,0,0,1.15819102397256
"ENSMUSG00000050071",3.94443361464045,2.13939454138036,0,4.41878317795732,2.19605953981528,0,2.09203885656785,0,1.83721091084965,1.8920644622025,0
"ENSMUSG00000050074",2.3657452205611,2.21960867072234,6.16719291627268,1.24535829704371,1.03741284174441,0,6.77114723427338,1.82162726880421,6.08123272955935,0,8.74117325677441
"ENSMUSG00000050075",7.33033172259566,55.9037369292647,7.07913152145164,9.96817191982318,3.12508029288014,18.0845854350163,1.0517262559948,1.94326316564129,7.37386972352847,12.553696712571,3.42371892748907
"ENSMUSG00000050079",225.708015933663,182.174014739851,168.682713486275,256.680122211749,241.6440056658,158.534877058185,207.683918329385,313.833095311424,227.429355761671,140.10570942162,233.957005477333
"ENSMUSG00000050085",0,0,0,0,0,0,0,0,0,0,0
"ENSMUSG00000050087",0.402995165476783,0,0,0,0,0,0,1.69937095079593,0,0,0
"ENSMUSG00000050088",186.687772829396,179.659323599209,191.87775514233,209.968247318951,193.390313799977,163.678955456529,197.695040388811,200.250704265807,195.553757617742,207.446336093417,211.877941457718
"ENSMUSG00000050089",0,0,0,0,0,0,0,0,0,0,0
"ENSMUSG00000050092",0,0,0,0,0,0,0,0,0,0,0
"ENSMUSG00000050097",0,0,0,0,0,0,0,0,0,0.936366945291053,0
"ENSMUSG00000050100",0,0,0,0,0,0,0,0,0,0,0
"ENSMUSG00000050102",0,0,0,0,0,0,0,0,0,0,0
"ENSMUSG00000050103",68.3390987888011,25.1147216067296,61.8282705487465,85.1671476816474,101.725299294081,38.6949776790027,47.3773823107339,51.6258323069348,84.197112706577,49.0790017585405,71.3639404052807
"ENSMUSG00000050105",77.1916841816869,49.7180862051451,52.7433451657399,67.5158038986522,92.446434346635,59.5124664037084,80.3792424139966,54.1947477745767,72.6025319546653,83.9797565301414,92.8555295063538
"ENSMUSG00000050106",56.189528447059,113.92810409553,42.1055319209553,26.1524701607228,28.1023800964153,151.96556699644,32.0291230232253,39.4365222668055,21.9366794371825,53.3457233762665,25.6225086662287
"ENSMUSG00000050107",35.108189929785,43.212899059296,30.124949690975,22.8900895480931,33.7670005695849,70.4270300293489,28.7491978229326,40.5571919715133,32.9986395630266,46.1722831762332,23.9810301309833
"ENSMUSG00000050108",5.51033684884838,3.22749807950159,12.4179962599987,0,21.1878821113632,1.27575772126469,13.4141731782959,1.9735772839963,4.69224161115029,6.63627574313504,0
"ENSMUSG00000050114",0,0,0,0,0,0,0,0,0,0,0
"ENSMUSG00000050121",0,0,0,0,0,0,0,0,0,0,0
"ENSMUSG00000050122",0,18.93028123159,0,0,0.974129943374541,1.17932565827942,2.19467262844037,0,0,0,0
"ENSMUSG00000050128",0,0,0,0,0,0,0,0,0,0,0
"ENSMUSG00000050132",2.59338411830617,4.37766051513388,0.892037237345003,0,1.06480650378534,0,4.12438287879789,4.97989417232664,0.953872928409992,4.73082198220841,4.58452548110691
"ENSMUSG00000050134",0,0,0,0,0,0,0,0,0,0,0
"ENSMUSG00000050138",2.04151253669319,1.09330088043532,2.6483285968194,1.08765544378103,2.12165559624614,0,2.0529983289781,1.9837663491311,0,0,0
"ENSMUSG00000050141",0,0,0,0,0,0,0,0,0,0,0
"ENSMUSG00000050144",202.88715162869,139.330509437577,178.504850244437,178.959362145116,141.297562039039,170.36979716782,182.223596315096,174.017425268605,183.631346774007,196.614186491682,222.734910033457
"ENSMUSG00000050147",7.54858522503183,5.38104701356918,8.8902591910288,5.44648430328485,6.42627062401087,16.5304277606779,6.15098884901131,5.8956163147127,6.59139612023038,12.2387139224344,5.74840973127275
"ENSMUSG00000050148",351.353469209484,317.67602392941,355.953352297577,294.823627674077,287.423348452283,355.211383669526,358.128019402596,319.306436430203,351.009182734553,348.71155085323,335.812043847999
"ENSMUSG00000050150",0.68600540633235,0,0,0,0,0,0,0,0,0,3.44098298295879
"ENSMUSG00000050157",0,0,0.880287483100281,0,0,2.5883592425879,0,0,0,0,0
"ENSMUSG00000050158",0,0,0,0,0,0,0,0,0,0,0
"ENSMUSG00000050164",0,0,0,0,1.04936813331708,0,0,0,0,0.937784496905297,0
"ENSMUSG00000050174",86.8757410046105,86.1157754646348,69.0563578571713,66.9289492193439,66.0029819989167,90.6646150782102,83.4590871030982,123.671406948029,88.9023042004293,85.6924627170293,68.0976629303661
"ENSMUSG00000050188",51.5010462080332,66.1016464359763,77.9619717100559,88.7424029134229,64.4999853515417,90.7310621723651,81.3541915505621,63.0050019477028,71.1895846236796,76.4043478783221,48.1159914186646
"ENSMUSG00000050190",0,0,0,0,0,0,0,0,0,0,0
"ENSMUSG00000050192",0.661262202851399,0,0.888351710176324,0,1.08377596859172,0,1.05647024464964,0,1.85855273831431,0,0
"ENSMUSG00000050195",2.03733238471971,3.21989227713248,2.64593362107152,3.28979455628222,3.17081750591602,1.29535934663024,2.05397691424475,0.987440016287316,0.942718618033302,4.73173572149739,5.72604779200347
"ENSMUSG00000050197",0,0,0,0,0,0,0,0,0,0,0
"ENSMUSG00000050198",0,0,0,0,0,0,0,0,0,0,0
"ENSMUSG00000050199",1622.37512370794,2351.76965109101,1712.74551672547,2470.99755245024,2593.20702993118,2157.58729821759,1899.85627888047,3416.69496104622,2492.25330525828,2186.41149193516,1773.3411043515
"ENSMUSG00000050201",0,0,1.77346234718003,0,0,2.57877695460098,4.10413208605505,0,0.941945568050649,0,0
"ENSMUSG00000050211",2.76336579238357,0,1.7738933459365,3.27038307541883,4.21538059430006,0,1.01964499854881,0,0.947820813097316,1.87469040152143,0
"ENSMUSG00000050212",194.597254184478,232.597715585132,243.143960712781,308.556283744199,225.128887626894,268.683686831287,219.478936592388,283.588690335962,253.424150103486,299.083262461802,227.375022855952
"ENSMUSG00000050213",126.583657210111,108.611287453912,100.93999642034,117.903418602281,106.038573878666,83.3848336553637,121.066679966783,110.577252677891,106.536547343588,127.473068722644,143.270443401035
"ENSMUSG00000050215",0,0,0,0,0,0,0,0,0,0,0
"ENSMUSG00000050217",0,1.07526110819955,0,0,0,0,0,0.992616422263206,0,0,1.14614997779636
"ENSMUSG00000050222",8.12631177740022,7.42473824421045,7.9021124650781,13.2209661687664,6.37616547274023,8.98316930946318,5.1970381016916,5.88394115394056,10.2553911486382,7.70385655346434,12.6851063578833
"ENSMUSG00000050224",0,0,0,0,0,0,0,0,0,0,0
"ENSMUSG00000050229",93.6306553902404,83.9088216993608,100.155746457771,116.877676126187,71.2384194659713,39.6147930083387,94.7320469171888,80.7286444138615,98.6769946105041,90.8120778892432,87.1968490007012
"ENSMUSG00000050232",13.7532307509921,43.225538328398,8.83758859661764,13.0929446505453,20.1443852729599,34.8975904597267,13.36759741761,0.97994572991186,7.50998951573754,20.7549252117142,11.4120329971811
"ENSMUSG00000050234",29.5034410958423,22.5767880606697,23.0801413997874,20.734538190409,35.3774968493931,31.8340783881337,17.4481364066437,23.5112511804017,19.7206346640701,16.0414299957571,50.6260336580296
"ENSMUSG00000050239",0,0,0,0,0,0,0,0,0,0,0
"ENSMUSG00000050240",8.1281680958623,6.36815796774434,21.7559507518698,11.7303593380358,21.8624620905569,8.41545682384573,13.4389471536265,15.4317345190989,12.942880177969,12.86072210498,11.1903612851686
"ENSMUSG00000050241",1.72940305006338,0,3.06278548439058,3.76995282355775,3.64761461546029,4.48470638209135,0,0.844327022628688,3.20315856703612,16.5245398932458,0
"ENSMUSG00000050244",515.669508865449,495.443602852314,299.716537678715,333.924697865962,391.823097699833,472.148706349891,350.184526445542,287.511954334188,476.270021769444,307.799359118329,742.227871090955
"ENSMUSG00000050248",53.748747493655,52.8989477954962,45.2927221654281,34.8258310826668,41.2865121312853,42.3317407928021,36.7763313246661,25.7473966685185,36.9330710905403,41.1638503748575,54.8492881381752
"ENSMUSG00000050251",0,0,0,0,0,0,0,0,0,0,0
"ENSMUSG00000050266",2.04499338829001,0,0.883922994152635,1.09957797717382,1.06218375797881,0,2.074930520078,0.982256888560359,0.933339698244534,0,1.15176727955981
"ENSMUSG00000050270",6.64466953854066,19.2954090394876,7.97406858199543,20.0566771759593,10.8033210158118,11.6781614744766,7.37179202082124,7.43993469350767,8.41041488268505,10.4002832852921,5.86165676575942
"ENSMUSG00000050271",2381.61003734148,1174.46475358226,1055.86779374703,573.245076581423,3016.10718956436,1218.46915444025,2456.29159665739,834.125145582872,1188.1315638323,1123.18205137893,1334.34030684236
"ENSMUSG00000050272",0.337159344843386,7.28329201484908,0,0,0,0.628528311247728,0,0,0,6.95809645945631,0
"ENSMUSG00000050276",0.689939267648385,0,0,0,0,0,0,0,0,0,0
"ENSMUSG00000050281",0,0,0,0,0,0,0,0,0,0,0
"ENSMUSG00000050288",48.0470658862573,60.657028840059,61.189286846326,30.4280757085712,80.6557484689665,38.4800116943425,39.9582130447397,42.435112688377,59.5458237430329,70.501050114254,42.2296924433806
"ENSMUSG00000050295",114.443620051528,96.4568668141767,158.345161479991,61.5521715958005,107.818566418804,76.5361693696764,133.094414515168,82.6989864562534,91.1975701867181,126.746597000783,83.9234833310791
"ENSMUSG00000050296",0,2.16351521465186,0,0,0,1.27626922224205,1.03276113981306,0,1.87101979647624,1.88728347039556,1.1399353007663
"ENSMUSG00000050304",3.38253046187165,2.14587260489285,4.41462679711361,1.10247690873917,6.34272215387734,2.56506777524175,6.24115949179256,2.94582997303813,2.79814767889206,3.84326017825616,0
"ENSMUSG00000050310",134.195775640822,116.465912813288,200.641307885809,139.114291991475,103.713511014378,44.8825486786421,190.514741883283,75.8068134075053,160.145626242519,104.948854127758,110.377964714707
"ENSMUSG00000050312",56.8638458096717,52.4679614312019,62.2344401909602,53.7799815222522,60.3659153432334,46.775378702828,56.5967887055343,44.4051907439553,62.9585099236186,56.2919709844067,88.3258719330563
"ENSMUSG00000050315",320.974374468519,96.5433934339665,73.1773370398776,140.347658972096,127.786958744355,37.5366052281701,94.0296667027216,140.193016411822,81.1880853849195,74.0260173749124,34.7558600519218
"ENSMUSG00000050321",0,0,0,1.0895783501383,0,0,0,0,0,0,0
"ENSMUSG00000050323",68.4367161659601,77.1611782733713,62.8022363023637,72.2961799676285,78.479301180776,51.0793553502064,87.6643674895675,61.0269141201843,70.2470102025504,84.618223585429,77.0101395330847
"ENSMUSG00000050328",0,0,0,0,0,0,0,0,0,0,0
"ENSMUSG00000050332",134.658563050587,147.657198676035,196.960923984847,172.309505162779,131.692968368472,70.5009981917711,193.432637951116,207.20964528995,187.999082795284,192.416048901435,175.995346420861
"ENSMUSG00000050335",195.987243100746,169.03912001554,180.142247488584,133.503761608513,189.332146047855,142.371079290882,127.932295149095,130.869417539238,194.207092862447,162.221791424764,278.376766136223
"ENSMUSG00000050343",0,0,0,0,0,0,0,0,0,0,0
"ENSMUSG00000050345",8.86633964483378,9.69057955825542,11.5090097303677,16.4766510291051,11.5836003049971,11.5033920757807,8.29140886985244,2.94744195084277,11.1948964552091,17.1976447838047,13.7552585118804
"ENSMUSG00000050350",11.5102785938265,60.9582763992454,5.29204168524263,5.49349996907476,4.22868389772731,33.567846010049,2.05470718161088,4.94913996644367,8.4838307579285,21.8083224949347,2.2975511392054
"ENSMUSG00000050357",202.141435479957,498.404832602508,166.915343994259,151.962067873473,179.031658397223,401.112012655202,144.210169611124,181.353438973865,216.413242410747,282.154750234074,176.512858699136
"ENSMUSG00000050359",0,0,0,0,3.15287026711091,0,0,0,0,0,0
"ENSMUSG00000050366",0,0,0,0,0,0,0,0,0,0,0
"ENSMUSG00000050368",17.1105717272146,36.4614024791079,15.9134210825808,20.8060874058557,28.6156645731108,17.9672484904541,23.6527428552453,46.2979214739867,26.297622800696,31.2748585987183,58.52110893496
"ENSMUSG00000050370",7.51979149776442,11.8243406955398,2.65591998348906,4.37014820942193,7.48135503145187,24.3280995006762,3.08635286851523,7.8345229253351,5.62741949838113,7.57603756955017,5.74445539627108
"ENSMUSG00000050373",168.033234851825,216.644678833001,189.890670351194,193.295923351679,214.661315495192,181.761630246649,175.390690434963,190.327022943175,191.886723459847,241.589625568734,195.067296987496
"ENSMUSG00000050377",0,3.23284829023374,0.887339498037106,2.18650964031861,2.11233385702559,2.55367884082291,0,0,0,0,0
"ENSMUSG00000050379",54.6753038175864,127.416160150829,29.0149772508195,14.0327908791617,30.303944087386,82.4504633090073,19.1465276459477,25.959686671516,22.1070993325288,40.7800101502058,5.44721972024268
"ENSMUSG00000050382",22.820703689215,22.7964659105945,31.9828022697098,24.9372348455249,38.2801903230911,30.7736309123306,35.7506220113142,12.8119935419957,32.1493019087322,34.5495620708553,23.9640405138671
"ENSMUSG00000050383",0,0,0,1.0895783501383,0,0,0,0,0,0,0
"ENSMUSG00000050390",1449.61631123216,1347.69452364946,1474.01542291568,2135.14683456265,1648.08171296292,1718.02251927858,1401.76606550342,1876.46064228628,1272.10901632938,1925.32281177155,1689.41467664016
"ENSMUSG00000050394",15.7339100837918,17.1058454454577,12.3775753688682,5.48206987639813,9.53646765049717,5.10479529467719,9.28151524480655,8.86815019609443,11.2377413827222,13.335321266781,8.05525023396089
"ENSMUSG00000050395",0,0,0,0,0,0,0,0,0,0,0
"ENSMUSG00000050397",0,0,0,0,0,0,0,0,0,0,0
"ENSMUSG00000050410",27.8799126084012,47.9813222671013,46.1675988770647,30.1536230668465,43.5896344975618,68.435206672708,89.9142353832404,56.7660977879171,48.0385597804059,64.09517575338,31.6335207012787
"ENSMUSG00000050423",0,0,0,1.0895783501383,0,0,0,0,0,0,0
"ENSMUSG00000050424",0,0,0,0,0,0,0,0,0,0,0
"ENSMUSG00000050425",0,0,0,0,0,0,0,0,0,0,1.14045445258444
"ENSMUSG00000050428",151.999023269911,148.052306668106,162.807197645425,132.627932012678,145.183461691548,131.302033103833,166.819596665815,161.214673051726,141.420719803832,166.740451773643,139.72496920429
"ENSMUSG00000050435",0,0,0,0,0,0,0,0,0,0,0
"ENSMUSG00000050439",0,0,0,0,0,1.28191223901898,0,0,0,0,0
"ENSMUSG00000050440",0,2.16128346973044,0,0,0,0,0,0,0,0,0
"ENSMUSG00000050445",0,0,0,0,0,1.28895030405651,0,0,0.941593267641094,0,0
"ENSMUSG00000050447",0,0,0,0,0,0,0,0,0,0,0
"ENSMUSG00000050463",33.957853464145,27.1130831915625,11.5290680328689,68.4913543801965,56.0504228088726,34.8096524235315,11.2581072625765,52.1859075422072,50.951912496782,35.5330917536439,36.4263562923467
"ENSMUSG00000050468",0,0,0,0,0,0,0,0,0,0,0
"ENSMUSG00000050471",121.8238963603,89.4107551457203,77.7828466771912,80.1098701876402,95.3040768984549,117.526815034382,74.1886267637263,89.0673997919461,80.400214938109,90.4090091365686,67.7092258050251
"ENSMUSG00000050473",0,0,0,1.08811066690322,0,2.57346923718714,1.02668815111165,0,0.942453603184561,0,0
"ENSMUSG00000050478",0,0,0,0,0,0,0,0,0,0,0
"ENSMUSG00000050493",81.8702222587067,192.599804556813,90.841460303168,141.924263058878,119.836145787101,123.886396960062,138.914004347711,147.26489246385,99.0878662941482,57.7812609507995,52.5711669009701
"ENSMUSG00000050503",54.3048413852292,59.3445337007826,69.4709635155768,98.1250287155541,25.6958790193288,25.8060429919721,64.8712339959462,37.247742808482,65.8259195805605,43.9111746578344,48.381180388347
"ENSMUSG00000050504",0,0,0,0,0,0,0,0,0,0,0
"ENSMUSG00000050505",0.686960225042885,1.08179605923423,0.88749676916505,0,2.11287682485705,0,1.03318351463797,0,0.938245820810612,0,0
"ENSMUSG00000050511",0,7.56449214405655,0,0,0,0,0,0,0,0,0
"ENSMUSG00000050520",576.044880201279,884.466752915635,502.756645009037,645.359274031817,706.023250079589,937.219725661914,658.825582180369,1408.15525181861,823.086172229819,658.409001949214,913.543362580626
"ENSMUSG00000050526",0,0,0,0,0,0,0,0,0,0,0
"ENSMUSG00000050530",51.0857604167217,57.665665016511,43.3206789409143,46.383916013697,73.0828869785361,47.1324119881528,43.5456517571475,62.6039959604215,59.3574010238794,68.5754297330033,70.0008436855643
"ENSMUSG00000050534",0,0,0,0,0,0,0,0,0,0,0
"ENSMUSG00000050538",1.3135114861862,0,1.7530671397018,0,2.17130706714681,1.29931591069835,2.09803320612172,0,0.919990354482016,1.91465535432442,0
"ENSMUSG00000050541",0.705143801520577,1.10816830812186,0.796598273953323,0,2.17774106984241,0,3.15764326361423,0,0,0,0
"ENSMUSG00000050545",0,0.994936585186936,0.91834897334646,0,0,1.34740350940108,0,0,0,0,0
"ENSMUSG00000050549",39.349185486548,38.8053653888759,28.5539471225446,36.1964888851021,36.3544591756039,49.3579133833188,40.1329608023048,33.4299481107438,42.5949843999445,43.2021572817045,21.221210659133
"ENSMUSG00000050552",376.414163660097,479.637254874067,440.994099029112,450.494570524353,378.777919620393,408.502512314786,434.70172962292,454.730464513568,397.281679940209,335.939303814139,360.14992224189
"ENSMUSG00000050553",0,0,0,0,0,0,0,0,0,0,0
"ENSMUSG00000050555",67.0543661804937,60.2450795714581,44.1690062938077,50.6724133575443,76.9496507628956,61.52101020283,62.4274435232814,66.7106214197143,47.5246554748436,76.6753653070376,49.2368880841214
"ENSMUSG00000050556",22.7599432921525,11.9147143266956,12.4252158299406,10.8692176244836,25.4329879559811,11.5702920016628,9.21578334598977,2.95814769600446,14.1694146385158,16.858417010024,5.70120152220049
"ENSMUSG00000050558",0,0,0,0,0,0,0,0,0,0,0
"ENSMUSG00000050565",561.443439441247,469.992034298401,611.435926188281,564.491006031554,755.40056371155,495.174166661182,611.594806930441,563.289973535431,702.741826723645,715.691380025992,580.536529013711
"ENSMUSG00000050567",194.805098264009,165.916282008059,173.969059817951,198.783788232538,226.892955337476,184.908643205721,171.697835632784,226.914439114902,218.463940053099,220.599666995255,222.478261284495
"ENSMUSG00000050577",0,0,0,0,0,0,0,0,0,0,0
"ENSMUSG00000050578",37.4783131149469,60.3818816739153,62.8058713239796,39.5380187651546,41.19980809236,37.0764367426091,50.9075974456704,38.2658129041801,22.3886063130725,27.6403932619255,28.6104227565656
"ENSMUSG00000050587",5.48504554351932,10.7787342059291,12.4005374413107,14.2341111432672,8.45870273711152,7.6627003066482,10.3345965027514,11.8136941627056,4.6831943009094,5.68173816719959,10.3048225329541
"ENSMUSG00000050592",15.7463338916871,35.5245307254351,9.7191621853236,1.09286095454981,7.46657003037323,20.5831124193418,5.15390589388536,1.95289628805472,7.4841713622714,20.8685657726309,2.29302834731195
"ENSMUSG00000050600",6.9011112312886,32.3972132378291,4.44060070237679,1.08850277590634,1.05774558647468,16.6866682822491,4.08246503017785,0.990696514623177,6.63242067765761,4.67138606912231,3.42652706872593
"ENSMUSG00000050603",0,0,0,0,0,0,0,0,0,0,0
"ENSMUSG00000050605",250.045166000212,276.81311577361,163.565816963183,179.33742013987,150.705391984476,174.176394198515,215.111856942251,335.350466948258,228.220101810853,249.79887260498,274.928708836753
"ENSMUSG00000050608",455.564854318743,528.602565966263,494.679897789463,536.21721570324,566.40412373941,503.679286831061,526.541941408128,516.070532199607,516.659625715086,415.819923481525,453.918224895885
"ENSMUSG00000050612",0,0,0,0,0,0,0,0,0,1.8727338905821,0
"ENSMUSG00000050613",0,0,0,0,0,0,0,0,0,0,0
"ENSMUSG00000050619",220.762278688178,228.516057020766,155.251996515927,219.453271427271,231.57896411797,170.064796485165,200.3842054965,232.242396309283,221.880264966215,201.785073868792,198.088111359023
"ENSMUSG00000050621",2802.60586276029,3267.45589374091,2688.18592100811,2643.46712953572,2339.21040093551,2663.9591961605,2337.32183359912,2660.9632825892,2710.77696323262,2083.09150654007,2325.16163954113
"ENSMUSG00000050623",0,0.651679445465565,0,0,0.997653273338126,2.37870349326588,1.91106888203486,0.605653393175532,0,0,11.3190341078296
"ENSMUSG00000050625",0,1.07579673011498,0,1.09905071001257,0,0,0,0.990671696367144,0.94467164944035,0,0
"ENSMUSG00000050627",425.765813255204,468.070546148624,459.88351231794,578.564475640678,493.968240214379,424.232591333229,615.721133172971,562.46908250928,499.645509163,548.118955815021,689.287271807037
"ENSMUSG00000050628",424.829052510789,382.227141181493,603.679438501465,486.289147370197,777.525681410949,430.862116466751,608.817259532807,493.39516095943,427.999798873455,554.198922530271,325.517046616073
"ENSMUSG00000050635",0,0,0,0,0,0,0,0,0,0,0
"ENSMUSG00000050640",0.923937341064944,3.6398384858867,0,0,0,2.64373080271107,0,0,0,6.03957466671618,0
"ENSMUSG00000050641",0,0,0,0,0,0,0,0,0,0,0
"ENSMUSG00000050645",0,0,0,0,0,0,0,0,0,0,0
"ENSMUSG00000050650",0,0,0,0,0,0,0,0,0,0,0
"ENSMUSG00000050654",0,0,0,0,0,0,0,0,0,0,0
"ENSMUSG00000050663",6.05691378111781,8.67189182585595,8.78927502347572,4.34721522316862,8.29431887883899,12.0699554274853,10.3025039548174,4.86382578427632,7.7787403495422,5.64514891541955,9.00543924349314
"ENSMUSG00000050666",10.2230057411295,10.6990796865003,15.0152487238194,5.47872295921035,21.2059619540486,14.1463760087954,8.21520943650566,6.90647317376389,7.52827201906253,5.69103949265542,3.44731874138843
"ENSMUSG00000050668",373.369918210028,509.103539427635,364.755765673525,431.009544278517,452.315060395044,418.177165171786,502.206370741775,511.978857008981,299.809471503045,344.864386482029,467.011825393931
"ENSMUSG00000050671",1.42828032248143,1.11753408120463,1.6345057595061,3.38065129613521,0,0,1.88495400245875,0,3.89392345898991,1.94470509221876,0
"ENSMUSG00000050675",1.38623957718912,3.22462053599314,7.10245786106613,0,2.11330055934435,2.55234283479012,0,1.98178307905599,0.944857503542433,1.87425823998791,2.2895621560202
"ENSMUSG00000050677",0.690217278256698,3.23928317326747,0,0,3.17934711430922,0,2.04840915788537,0.987445356381038,0.944427161089613,0,0
"ENSMUSG00000050685",0,0,0,0,0,0,0,0,0,0,0
"ENSMUSG00000050697",120.309893151226,95.4694541083865,90.0833138472244,58.4311145380698,89.1470464875076,68.1231974885212,75.3850033692191,76.0798729762014,78.9379267372152,78.4154755253642,71.2854215099239
"ENSMUSG00000050700",0.688818421662107,0,0,1.08456943079374,1.065471919204,0,0,0.983626298342647,0,0.935299364318717,1.14359030636433
"ENSMUSG00000050702",0,0,0,0,0,0,0,0,0,0,0
"ENSMUSG00000050704",0,0,0,0,0,0,0,0,0,0,0
"ENSMUSG00000050705",250.488514194772,387.580691680548,362.168177711195,257.686228586321,264.368630775078,251.049647850183,302.990719267367,229.690385170699,448.798953358732,278.455005588791,339.634599862841
"ENSMUSG00000050708",11280.7040346131,9322.71571440074,12319.2034465014,13192.7544074739,12024.6809628863,10630.836139448,10093.6199560912,9503.70971258448,11702.9217486677,10232.7017955039,9596.21392671604
"ENSMUSG00000050711",0,0,0,0,0,0,0,0,0,0,0
"ENSMUSG00000050714",14.479566992767,12.140537421465,13.4225206135088,15.6581658091408,7.41682526620986,15.1357258005565,13.3651009222393,8.88477906064488,18.7625384828457,14.099098728828,9.20067043383229
"ENSMUSG00000050721",160.566530185753,158.961388332828,182.421499118198,158.015919406168,141.971817075016,156.047948298667,118.952885843249,176.012653783674,163.88321688814,237.627927607285,126.639108636824
"ENSMUSG00000050730",381.299101619638,230.064209489124,354.658177630938,379.358135925095,411.355325265018,151.452460255068,328.21031746283,340.233271402802,450.170870576991,530.937657335111,287.881129138338
"ENSMUSG00000050732",936.849705351464,953.068037801265,1244.18439830213,1062.47228544799,1122.71952984944,925.082595057813,940.67541566775,963.748472642568,956.858988675546,1072.04469347051,894.488919346568
"ENSMUSG00000050737",157.066759409519,81.3658647587201,93.0126320215535,62.7771258543959,221.212081617096,90.7220641834589,135.355300910423,86.5085116011268,117.770937133697,170.391209849848,124.296533864628
"ENSMUSG00000050742",0,0,0,0,0,0,0,0,0,0,0
"ENSMUSG00000050747",5.09260547692826,0.979760605936567,5.60638875931751,1.00601169438209,2.88702131942549,8.16291259691599,5.65253086668431,2.71552539706043,2.56109581881043,5.22376177894664,3.14744007494838
"ENSMUSG00000050751",2.76263513097228,0,0.886995273506932,0,0,0,0,0.984158387739595,0,0.945246433525486,0
"ENSMUSG00000050756",0,0,0,0,0,0,1.0244779114794,0,0,0,0
"ENSMUSG00000050761",0.679487440085547,1.08589306180523,0,2.1147081762085,4.07949890679442,0,0,2.00781390688496,0.954442479899787,0.985420015171054,0
"ENSMUSG00000050762",4.11062586969905,8.61096285887517,2.64402957601417,1.08864996715839,2.11977009860116,2.57321971897813,1.02635785877599,0,0,0.942614720314228,1.1399641523148
"ENSMUSG00000050763",0,0,0,0,0,0,0,0,0,0,0
"ENSMUSG00000050766",0,0,0,0,0,0,0,0,0,0,0
"ENSMUSG00000050772",0,0,0,0,0,0,0,0,0,0,0
"ENSMUSG00000050776",0,0,0,0,0,0,0,0,0,0,0
"ENSMUSG00000050777",4.73543809849034,8.56971738621976,7.92274559108586,7.68070427121319,8.55999197242188,11.6111144093796,8.29376990757586,3.89001204778228,11.1688486045497,3.8322667763078,11.5115695446957
"ENSMUSG00000050783",0,0,0,0,0,0,0,0,0,0,0
"ENSMUSG00000050786",23.8951993189986,20.3260806604912,17.8198216985703,30.7336356936772,14.3599157661758,12.576911253935,26.5255058956672,33.7445280306405,14.6368064576219,11.847768999762,40.4999732223698
"ENSMUSG00000050788",0,0,0,0,0,0,0,0,0,0,0
"ENSMUSG00000050796",64.9639449703958,56.5291847114594,66.8509243006246,51.0491904784177,54.188092129651,66.0710643238072,75.8359010940147,69.9356508220588,77.528305169844,71.9179172672138,76.6816200853993
"ENSMUSG00000050799",0,0,0,0,0,0,0,0,0,0,0
"ENSMUSG00000050803",0,0,0,0,0,0,0,0,0,0,0
"ENSMUSG00000050808",11867.1523780564,9464.90595028834,10827.9701928115,8926.72825966628,10632.9825362498,7980.34573896292,10599.4188464194,10334.0859646628,12073.2333054917,8202.85307008644,12748.9336244853
"ENSMUSG00000050810",0,0,0,0,0,0,0,0,0,0,0
"ENSMUSG00000050812",2021.38093970233,1858.21108467163,2008.97015669745,2152.01082683191,1776.83288495057,1631.73624828032,2094.32936560984,1787.49667176026,2110.6573460564,1893.20837398763,1976.67934911428
"ENSMUSG00000050813",0,0,0,0,0,0,0,0,0,0,0
"ENSMUSG00000050815",0,0,0,0,0,0,0,0,0,0,0
"ENSMUSG00000050818",0,0,0,0,0,0,0,0,0,0,0
"ENSMUSG00000050821",110.036280365659,27.6882016086411,129.62289975579,67.7981323879515,76.9437089727612,37.9426923965888,70.9911470538505,34.8553292502029,120.644412623805,102.41470242832,56.6094826422403
"ENSMUSG00000050822",144.78593339789,76.6563401484263,134.394621414158,105.273905417284,65.7046932626928,50.2337078312403,70.4301827009783,102.337543843887,46.9987876891706,125.820620737683,108.483744049242
"ENSMUSG00000050824",0,0,0,0,0,0,0,0,0,0,0
"ENSMUSG00000050830",1.35921519464741,0,0,1.09055317551054,0,0,2.05403883819839,0,0,0.947401950913173,0
"ENSMUSG00000050840",0,0,0,0,0,0,0,0,0,0,0
"ENSMUSG00000050844",0,0,0,0,0,0,0,0,0,0,0
"ENSMUSG00000050846",97.9591949257337,66.3505850810467,112.567478547663,99.3238690416413,106.605228777964,76.7707677440603,107.179940154145,86.4762107872547,90.8042263485126,99.7552668602495,75.760769411039
"ENSMUSG00000050853",0,0,0,0,0,0,0,0,0,0,0
"ENSMUSG00000050854",97.5727007490495,70.0858253426188,104.163234971079,125.780378421995,83.4647317778541,117.438546914865,107.772216225629,141.280951108016,150.284082402561,100.273391547662,150.865307105578
"ENSMUSG00000050855",5.04277925650896,14.2076689155533,5.77156935443355,4.09623496866725,5.82864156516988,5.98941997113083,4.85154500636146,2.73844947374036,32.6226392405197,7.09342973594306,5.27853782920861
"ENSMUSG00000050856",354.099864571356,373.284642451378,315.772891579213,250.559000910305,254.532785724197,327.013568394176,293.733784357002,319.563185732788,293.271316285773,229.987099892525,272.456319773734
"ENSMUSG00000050860",78.4247842341753,25.6072519336258,30.1954685872965,20.2644065861744,53.1547885285301,28.7386944546454,45.3014403489402,23.0135043470833,30.2529203183251,33.4950477493809,45.9980161902564
"ENSMUSG00000050865",0,0,0,0,0,0,0,0,0,0,0
"ENSMUSG00000050866",0,0,0,0,0,0,0,0,0,0,0
"ENSMUSG00000050870",0,0,0,0,0,0,0,0,0,0,0
"ENSMUSG00000050875",0,0,1.13850493743869,1.22361739327258,0,0,1.15802801398543,2.14582881666979,0,1.06539433599369,0
"ENSMUSG00000050876",2.77642204668012,4.32286662047489,5.32788975359074,3.2614261579612,10.5630429289421,7.69090780420386,7.15186063041662,2.96642840440623,2.83451520659044,0,3.42326888875544
"ENSMUSG00000050890",60.2359413387328,59.6951352913186,63.014647317189,56.6362803525858,59.4153398869879,58.0786825612621,60.1740193508453,45.2399932880562,63.9326372426021,61.1447680927482,58.59316626071
"ENSMUSG00000050891",106.911136511042,148.733131089243,116.45036009012,110.842947830148,100.067268552769,113.342653365987,112.065263660151,116.707778029755,156.078119665353,104.60684191685,114.726929840997
"ENSMUSG00000050896",2.69540958987912,2.19045631969396,0,0,10.5386549048088,6.35313514318149,2.0542676337214,4.96237637247957,4.67145863775658,7.54598783440119,1.16319560253186
"ENSMUSG00000050901",0,0,0,0,0,0,0,0,0,0,0
"ENSMUSG00000050908",0.667272655186841,0,0,1.09750400084421,2.11369236968624,1.28391367396031,0,0,0,0.954336413409235,0
"ENSMUSG00000050910",73.9638033501766,45.3541003971633,48.7886677454829,48.9218762268098,49.9844684350668,60.2425250589878,33.915513848129,28.5563597846429,44.2975210725481,67.8958747533336,58.3225191634111
"ENSMUSG00000050912",229.698850493718,255.025229539646,212.59485957938,217.066754835248,291.677958904603,245.19550853402,231.164015220323,213.065170260876,269.592992283505,293.937972668183,244.409547328672
"ENSMUSG00000050914",7.58500511728314,11.178600268285,7.9560632549386,2.15258616047452,6.80171185917124,13.9786330413914,3.55788206534172,4.74574108091514,4.31311160936782,0,8.32529085061646
"ENSMUSG00000050917",0,0,0,0,0,0,0,0,0,0,0
"ENSMUSG00000050919",63.4911629022072,27.0095124069196,25.7917750133678,26.1097473820771,57.4912462128194,31.9367998264499,20.4401953628634,41.4101657707295,51.973777932213,43.0209554482189,44.6346221561086
"ENSMUSG00000050921",12.5278244309724,51.9999588055055,7.05785999178047,5.10289552506293,13.5956221599979,27.1263993477624,2.42549144104569,5.19794728863712,9.05609710438104,9.39039049879333,3.9359260644271
"ENSMUSG00000050926",0,0,0,0,0,0,0,0,0,0,0
"ENSMUSG00000050930",17.3488459409399,22.6600194644735,32.8430602376291,23.9129685272875,13.7378002200387,33.1900098307181,26.5542264332353,20.8093734670347,20.7904083983488,26.2341424800932,21.7556596752209
"ENSMUSG00000050931",9.71220989167087,3.20450645926069,4.43602266229502,3.27104647477077,4.23057070590444,7.62786478541436,4.08776937003795,3.96682213138015,5.65582764419662,4.72050483316388,5.751586848213
"ENSMUSG00000050933",0,0,0,0,0,0,0,0,0,0,0
"ENSMUSG00000050944",3.78420584383241,2.94172237123186,3.24992404060724,2.99942627396258,4.81428715338596,3.51633495811802,2.8272705398086,2.71266807222643,5.11336797453186,4.30840301198546,7.51588365915627
"ENSMUSG00000050945",51.4293413823586,52.6965221013627,52.4138075332164,54.4325342453117,47.5179840087282,64.9740947023613,52.1533837388859,44.6009596661106,35.8527389807917,37.5510126663215,41.2377700776777
"ENSMUSG00000050947",183.904490132994,180.356591090133,235.43668764582,216.358222337669,189.465993120334,266.086056363443,200.789971930536,161.818168135535,209.310974754179,211.375442465773,226.724783810131
"ENSMUSG00000050953",205.257227797583,53.7001822196594,34.8005951588871,139.729087038077,161.931912059972,90.4155471598213,44.3809745449916,107.196487249913,94.2845273649858,281.229783128731,74.6877954410902
"ENSMUSG00000050954",35.7424583503809,15.3584690327818,69.4895796705978,19.00521932377,25.8467184088503,28.6594075375702,31.5562539961119,68.5776580052671,68.4250422060025,35.3433205323202,28.8722116464927
"ENSMUSG00000050957",24.6649023657593,53.1870873516202,21.0747417507868,30.9622772185024,24.5317810798862,32.1509566175547,37.4660126350415,26.3812515223054,31.6865246313697,17.3748461160444,32.4080107791356
"ENSMUSG00000050961",0,0,0,0,0,0,0,0,0,0,0
"ENSMUSG00000050963",0,0,0,0,0,0,0,0,0,0,0
"ENSMUSG00000050965",73.3480742357674,64.1650626284889,34.7837236706982,16.3207488580323,33.5259935338594,23.9500869129822,30.5791997070706,18.5466505712259,35.3237832964579,30.7486243540737,36.4050888516451
"ENSMUSG00000050966",0,0,0,0,0,0,0,0,0,0,0
"ENSMUSG00000050967",2.70994050378707,0,2.64494152290251,0,1.06159418728905,1.28883632970678,1.02999856379561,1.96868690107915,1.88295873997535,0.951764742161348,1.14389251135382
"ENSMUSG00000050973",93.9423080052577,177.932207903836,115.915907081613,157.232143257553,105.020414557424,146.95197420272,183.705561910658,171.158363177663,161.942683319691,97.0122425810862,180.653241465258
"ENSMUSG00000050982",0.6865945825356,2.17181197203674,0,0,0,0,0,0,0,0,0
"ENSMUSG00000050989",227.112851864921,141.796008436677,169.407804268077,159.905904085208,247.270896799003,169.571676199623,120.886709704749,141.62242282626,147.063356715065,187.706568437201,122.12544272042
"ENSMUSG00000050994",2.07057694363497,2.45799482111587,0.66959964679928,4.95361256934562,0.791168342484158,2.89597722976503,1.94313414957788,1.48548874503603,0,9.52067111199429,0.858537306927216
"ENSMUSG00000050996",0,0,0,0,0,0,0,0,0,0,0
"ENSMUSG00000051000",1067.58725439442,994.131587133341,1156.10506953781,1232.77900033025,1042.32730826223,1146.45587456014,976.73418087064,1346.479778828,1094.14941123598,1234.33920312216,1049.29215574732
"ENSMUSG00000051003",0,0,0,0,0,0,0,0,0,0,0
"ENSMUSG00000051007",64.4592169118103,96.5930798417858,96.7827989015089,84.4269344031115,101.495204980086,96.9713389050572,68.4199469735972,92.3084823990017,99.529826753426,109.094836967418,66.6557491381016
"ENSMUSG00000051022",44.9104482738815,46.8353009517999,17.861336909509,20.0982762814684,23.9555850265052,4.11217554229446,10.3379263725734,16.0911502413155,14.6713579918351,36.8754086689917,19.2729918609361
"ENSMUSG00000051029",0.672514251127663,0,0,0,0,0,1.05102239660029,0,0,0,0
"ENSMUSG00000051034",15.1881149730947,21.4722859976854,23.0538864568403,26.187257444365,24.284409910504,20.4557350881463,27.6383835646993,11.8950329436209,28.3094123422895,16.0017023333459,22.9242937067854
"ENSMUSG00000051036",0,0,0,0,0,0,0,0,0,0,0
"ENSMUSG00000051037",27.6234073426651,19.7363044052215,34.6846846345314,25.0817985773212,18.5226044374305,15.1429880373127,19.7455902600972,16.6869351474721,23.8499915987197,26.2019953024698,28.3373255227502
"ENSMUSG00000051038",0,0,0,0,0,0,0,0,0,0,0
"ENSMUSG00000051041",24.8387730321987,8.53337689024494,13.1928994231343,5.52552498795798,6.38307385081284,12.781104961718,15.6799544154352,3.90389905671187,16.6767554205493,7.73874280314317,8.08960885910926
"ENSMUSG00000051043",491.966229921237,329.351978817983,770.399594656712,1029.19288192837,588.592366929757,588.719151529725,437.838062084271,599.83391831751,668.510484343421,747.543579194409,686.007731915751
"ENSMUSG00000051046",0,0,0,0,0,0,0,0,0,0,0
"ENSMUSG00000051048",0.64548614618378,1.01609207749129,3.32953566914953,0,3.97676691187195,0,1.92798625114516,1.44232276281577,3.55360376731875,0,0
"ENSMUSG00000051050",0,0,0,0,0,0,0,0,0,0,0
"ENSMUSG00000051051",0,0,0,0,0,1.28191223901898,0,0,0,0,0
"ENSMUSG00000051054",1.81520545673559,6.22035596134971,9.78378354519012,4.57811176429277,5.53879023101237,1.34323158994399,48.3543432741003,3.12172448013945,21.4922633611116,2.83226906711085,22.2248921458508
"ENSMUSG00000051056",0,0,0,0,0,0,0,0,0,0,0
"ENSMUSG00000051062",0,0,0,0,0,0,0,0,0,0,0
"ENSMUSG00000051065",58.6749423114553,63.5366884614014,66.2916787357969,39.3817389745579,101.375884827958,68.5876605491039,87.0948860865279,90.992876111486,71.8316154431081,98.8093012997546,75.420533304649
"ENSMUSG00000051067",5.51951414118708,0,0,0,0,0,0,0,0,0,0
"ENSMUSG00000051076",44.0659710147582,22.3413333796726,32.7455074704838,28.4325846394289,21.1967627155587,8.91352350459319,23.5623078558972,18.8090327497008,33.85633040064,19.9460393192496,24.2295087029652
"ENSMUSG00000051079",0.669653166411619,1.08442275713973,0,0,0,10.5291261957022,0,0,0,0,0
"ENSMUSG00000051081",0,0,0,0,0,0,0,0,0,0,2.28090890516888
"ENSMUSG00000051095",0,0,0,0,0,0,0,0,0,0,0
"ENSMUSG00000051098",19.0282306998852,27.8408193300225,22.1008184962362,25.1525627372672,22.3666957099412,20.4946316765339,20.612464684964,22.6267330361139,18.7742074215757,10.4681595842949,27.6079122294819
"ENSMUSG00000051111",1.36727223164392,2.16440189371264,3.54108210359951,4.37775975462092,5.26175051704066,0,5.15383531353285,0,1.87981939064102,0.943971274294056,6.83516903184763
"ENSMUSG00000051113",4.70741018453669,0.672586408037995,1.0853012363039,26.9225099527099,27.2118726217235,5.60394566337056,3.36889977892648,28.1995958799764,1.17767352569637,25.5207490603692,14.7476870950914
"ENSMUSG00000051118",0,0,0,0,0,0,0,0,0,0,0
"ENSMUSG00000051124",76.3088578885135,124.653181278846,55.9002664518093,21.9065335967513,35.0505754621895,100.485842001809,60.5957324019076,38.8392016309497,59.3794729076684,47.6609218022909,49.017623420699
"ENSMUSG00000051136",0,0,0,0,0,0,0,0,0,0,0
"ENSMUSG00000051146",3.5396416488576,2.16077302883876,13.3275238105016,9.80388917179476,6.47015262601232,11.5344853518006,12.2908314662223,12.5783173964149,10.4119321076531,9.7952816521996,8.19132983958576
"ENSMUSG00000051147",92.4876689238947,129.913924707561,115.593619229531,81.83792549848,103.094692858257,109.282690825776,129.0136619637,100.372224636077,78.6355804486333,109.022084593892,78.9766330548907
"ENSMUSG00000051149",1258.63821927536,1201.09149552619,1309.83067527158,1131.71579771714,1301.66373573915,971.859456874413,1333.09838558711,1144.52715755635,1175.83048577787,1277.3788127081,1125.80471060414
"ENSMUSG00000051153",0,0,0,0,0,0,0,0,0,0,0
"ENSMUSG00000051154",542.392326605856,535.466346130946,583.48532803495,687.143514484311,644.701098675647,552.600643344884,591.239388164862,627.798288561968,591.995285033194,625.806270289249,573.582071544998
"ENSMUSG00000051156",0,0,0,0,0,0,0,0,0,0,0
"ENSMUSG00000051159",39.5832364883177,74.5975542635846,50.6065676814148,61.1146877294561,50.6227118062278,55.0006646071247,77.6360296016713,54.7136959031277,45.6776263647906,22.6298342339308,64.7580096472496
"ENSMUSG00000051160",0,0,0,0,0,0,0,0,0,0,0
"ENSMUSG00000051166",293.865858525624,140.935838049212,286.199850559942,262.482032246722,92.292523503606,140.568546162945,184.282468600635,195.832591375034,212.027644059105,181.312482996285,220.4017225813
"ENSMUSG00000051169",35.7015920504031,28.0728233150561,37.1715648161826,26.3215587472526,37.9555702279786,51.0227608987894,23.9073893816747,34.8507556097617,35.9028741501733,34.4875931992948,38.3430045079345
"ENSMUSG00000051172",0,0,0,0,0,0,0,0,0,0,0
"ENSMUSG00000051176",0,0,0,0,0,0,0,0,0,0,0
"ENSMUSG00000051177",80.1854744576204,45.3701406162694,80.4927606123163,43.4844018610208,78.0278673048207,49.7639547254922,82.5498198207792,42.8957313128122,98.7090456043004,45.0196375012451,52.9138968130785
"ENSMUSG00000051180",0,0,0,0,0,0,0,0,0,0,0
"ENSMUSG00000051182",0,0,0,0,0,0,0,0,0,0,0
"ENSMUSG00000051184",190.192464145881,199.31011267325,228.443157709303,218.285567375567,231.679382631774,235.914747667972,230.388945417761,223.957825850913,216.526303251587,249.530091895157,212.138810827802
"ENSMUSG00000051185",229.457525099208,217.598700261007,219.019847367243,262.67581207948,226.75094775186,198.419310176125,269.827872650005,248.587769532699,203.660140266147,262.159904542798,204.115064756276
"ENSMUSG00000051190",0,0,0,0,0,0,0,0,0,0,0
"ENSMUSG00000051200",0,0,0,0,0,0,0,0,0,0,0
"ENSMUSG00000051207",0,0,0,0,0,0,0,0,0,0,0
"ENSMUSG00000051209",0,0,0,0,0,0,0,0,0,0,0
"ENSMUSG00000051212",14.4223263202812,53.4300451901027,14.162960004809,21.8761020567737,26.4437392918911,35.8050011383296,4.09679253126428,12.8845407123688,9.42587169306728,15.1275606022027,12.6514004659627
"ENSMUSG00000051220",10.857453024844,14.2174325798653,18.6239001055207,12.0941862143002,17.7708305711516,16.7158096348259,15.6403733524173,14.6904014685076,13.0360728885491,18.0731822664317,7.95675581422553
"ENSMUSG00000051223",1471.97683887542,1337.69588264812,1462.1297179053,1295.61384165321,1632.69982765169,1167.90961653388,1604.04738176497,1383.02528388853,1369.63642776061,1388.03674830458,1655.48600987281
"ENSMUSG00000051224",10.0782130047392,10.9272392230649,7.08515141962207,15.4486854251766,9.42120321917007,2.57310014311932,10.4487853962505,6.81574583291257,12.0201070223653,17.2775494205118,20.6300748681608
"ENSMUSG00000051225",39.6836015977657,21.5214064215957,57.5718862983811,27.2736295759356,36.0474300516506,15.4192361387635,35.8945540484216,35.5543129144795,25.4810007990264,31.1105646534208,35.494735091088
"ENSMUSG00000051228",2.71719419010099,0,0,0,1.06610316496054,1.28846055589837,1.01784419751435,0,0,0,2.286926420224
"ENSMUSG00000051232",139.427664242778,120.758536700352,115.253721528901,114.484014524031,99.0744508566515,182.347181093152,138.406409743662,168.195499888471,156.122654175884,112.457182869644,196.993663782445
"ENSMUSG00000051234",253.785343456784,267.802534834782,191.412337649553,245.033188072242,263.017964400219,255.400677842698,253.415494049161,228.257875797806,206.046494491612,168.190957183746,210.445102543387
"ENSMUSG00000051235",108.21406277296,25.5358125905317,27.0513641636526,27.2630370796439,21.6435548456125,18.5455699446595,29.9678053509615,25.0915170083083,60.5340564731073,35.5659646821488,22.7518427067542
"ENSMUSG00000051236",43.8463814436553,33.4745124163651,36.8258466702437,36.832837157952,41.6876443352271,48.4473239524924,57.4025000866694,31.9896028588236,27.7069119149469,37.6600507663059,35.634776242799
"ENSMUSG00000051238",66.3744546991643,35.4037226092278,42.347013709224,49.3046902945965,35.0412440462665,60.6563696705229,54.5742295118588,56.0990740202582,62.0640211034893,48.4591706669237,76.8721735440503
"ENSMUSG00000051242",15.8697696019284,20.5341629337142,19.5250704582318,5.45310131637547,19.0163710249677,17.9276994340914,14.3740014282434,20.7210855846634,19.7781302577748,11.2803743308105,26.2612522257219
"ENSMUSG00000051243",5.98229238723509,16.6930508700524,6.41828257520358,12.3170495190043,15.3853179416544,12.3035722219865,11.8308532030403,15.2517348899104,9.74545966757155,15.4626822480116,18.8611383901682
"ENSMUSG00000051246",10.2832536703778,13.943199447427,10.5128336761387,14.8625364201655,14.4049068293644,8.97150942846034,11.8815098278199,31.6540471710565,20.7517971412858,12.0608290243235,8.60727621762863
"ENSMUSG00000051251",0,0,0,1.0895783501383,0,0,0,0,0,0,0
"ENSMUSG00000051256",153.350875394163,177.203030269236,162.772080801365,151.540875765718,121.629930312537,192.758889391148,158.759999219301,162.458238761364,158.968205345908,164.387872186397,217.663974344244
"ENSMUSG00000051257",0,0,0,0,0,0,0,0,0,0,0
"ENSMUSG00000051258",0,0,0,0,0,0,0,0,0,0,0
"ENSMUSG00000051262",0,2.12517548198537,4.38998456524815,6.62747418918118,6.36872684490143,0,3.09777243779546,2.95864835071726,9.38712074950621,0,4.61908598082456
"ENSMUSG00000051276",0,0,0,0,0,0,0,0,0,0,0
"ENSMUSG00000051278",13.0832457059663,14.1382704597601,20.4534566446444,13.1124327948891,17.8437216517629,8.94595711566863,18.561346324473,11.8203895036881,15.9297602103791,15.0825183601857,12.5594305759201
"ENSMUSG00000051279",1.37012250559252,0,0,0,1.06131071477451,0,0,0.989921870489819,0,0,0
"ENSMUSG00000051285",408.287486570516,420.384017741105,405.732610451587,452.41607275453,372.211511142301,342.971998504991,460.184627910059,506.259663020616,499.13255421576,458.444974624535,461.683300285904
"ENSMUSG00000051306",230.998991938281,293.084598732812,255.655457649442,201.619913866479,267.460038619608,226.904062379227,288.168053782032,242.917108506668,266.953359348697,280.461213579639,208.88985908333
"ENSMUSG00000051313",0,0,0,0,0,0,0,0,0,0,0
"ENSMUSG00000051314",15.3901659504443,16.669069167473,4.78412608853521,5.9042086658256,26.2111462808304,11.6644964563362,11.1248799888458,4.5408926456317,13.8536814809525,8.0303682382205,23.0308771528765
"ENSMUSG00000051316",199.687046655626,150.114855129083,190.515692822854,153.538345140288,177.266065730249,150.225019553522,156.167796281405,124.925490092158,150.244124675718,186.649695963338,185.185322692074
"ENSMUSG00000051319",60.7146555530579,46.4675945992045,40.8807280204275,38.1352422548405,27.3248756482945,28.2020692584175,52.2483734854494,33.7486247378366,54.9122472799199,40.2637786475153,43.3372691982087
"ENSMUSG00000051323",9.46129263646214,14.8687437408634,10.4530095843258,3.40233900430333,7.93077153684806,5.59687714821242,6.38910116264464,2.31893142941676,20.8641082804382,2.19551764228077,16.6994738774598
"ENSMUSG00000051329",204.513888265394,162.29634525233,159.63158184774,159.175397661422,146.691291493335,134.745709341927,147.736370093429,146.299992681961,153.157041090506,148.053974010726,186.345076994922
"ENSMUSG00000051331",31.2231566520216,37.2789079545443,54.9906347283956,18.0501530445938,33.7873381405656,24.0766171493295,25.6907234770196,26.1979250795281,30.4136382589807,35.6646593376993,31.9460160019655
"ENSMUSG00000051335",52.6027699275107,30.7242024783268,15.5819430561899,9.96467704367379,18.7794561359386,12.5907532565124,14.834601783034,23.9291413334891,9.32069782838549,17.2035697005944,19.2727693836649
"ENSMUSG00000051339",245.843571043667,205.276138271501,301.849679242575,318.446334624295,228.544710562615,153.095101841008,247.783400546403,245.604773524854,252.459356206751,295.237422260509,271.874731325842
"ENSMUSG00000051340",0,0,0,0,0,0,0,0,0,0,0
"ENSMUSG00000051341",28.1170817949349,38.9817008140987,16.1851260215564,16.3746820295219,26.0221333360796,20.4727190964108,25.5833780035161,20.4901518049383,30.6646229262575,25.2660605003139,12.6878697220895
"ENSMUSG00000051343",3631.7381206834,3339.28850117972,4938.48473340938,4923.87829952306,4243.93708303091,3291.90106106019,3826.21547064088,3889.04032985872,3967.48184360472,4399.24624631105,3998.37020841838
"ENSMUSG00000051344",55.8536905393126,18.8440879060184,49.4934280284221,13.7772346468245,23.6639322589232,8.09673605719173,20.0676587864617,11.8442179008628,14.6008648361762,50.7252765261249,16.862346799158
"ENSMUSG00000051346",137.107822098039,102.827439128149,132.765229399013,136.135557242021,101.510108275845,141.015220184154,127.579170881238,128.408198001419,126.570019607672,130.381055480608,164.546473854352
"ENSMUSG00000051351",28.5990770311517,85.53348859656,88.5791303596979,94.8807241478378,170.06484940684,36.5590489488964,91.7864458248733,79.6888372365474,57.4744121754686,83.3852255491097,72.8247678459897
"ENSMUSG00000051354",2.79446158412442,15.0093994111154,1.38206807470733,2.70495402078509,1.7209924153325,10.5326434862523,2.5564829920069,4.83950005364202,4.11360930877486,0,8.61128309074298
"ENSMUSG00000051355",368.16590524008,349.042882683115,364.699338431346,364.616020603315,347.224532855874,399.972670110694,389.722161937542,348.522850466119,343.525811370706,338.646232323008,323.931417298454
"ENSMUSG00000051359",56.4621891070334,48.2432080951804,64.0559048600144,37.0701703244943,95.0801981314651,47.9483206461641,93.1230846281435,60.9848995179667,62.6949110351696,109.335083456847,79.9759780832036
"ENSMUSG00000051361",0,0,0,0,0,0,0,0,0,0,0
"ENSMUSG00000051362",0,0,0,0,0,0,0,0,0,0,0
"ENSMUSG00000051367",19.7780746017109,4.28991829945287,0,0,8.58210292218546,3.8219567236929,5.14356986788987,0.979616868514241,3.75279082289947,4.74050950783444,3.45747013097183
"ENSMUSG00000051373",25.2755222538196,9.52159114655196,6.66906376081498,10.4636216962872,34.8131806201557,59.7302963391447,7.04746318395111,43.7084437124945,23.758399792724,18.8650324825596,15.5692814747767
"ENSMUSG00000051375",469.056706536269,350.107417559052,261.881892396412,263.262080513217,216.143565605394,684.444398134686,291.808392056929,296.574860172101,1196.92781083047,305.228608738227,181.080213406361
"ENSMUSG00000051378",10.3998240512401,21.7077795072791,7.09483618898476,7.60805948095027,11.6463404177488,25.7830704610221,11.2673358015207,2.94832692249931,5.65469292730344,7.48418896177276,2.27606525080059
"ENSMUSG00000051379",10.2496369542766,20.5541722867588,4.43029322853934,1.09665386767379,11.5934254866239,3.83613741243271,3.11090811986425,6.87406315725286,6.5360815069361,3.80029136880744,9.14838867979646
"ENSMUSG00000051390",604.582344084206,514.652986773252,717.720833224621,538.011738171094,633.053385005451,640.856174399173,628.247625545504,606.126033818366,651.966440247228,725.758730791198,720.814991656996
"ENSMUSG00000051391",466.241389628961,325.757575950147,296.233123012126,312.050154846703,406.504996255365,344.02403451993,338.339420904111,267.407820477794,308.457964986316,339.838788817969,365.3401926883
"ENSMUSG00000051392",0,0,0,0,0,0,0,0,0,0,0
"ENSMUSG00000051396",4.80050168665484,7.51530334186132,2.65465771483968,1.09337488095411,1.0604751131083,0,7.1814260516192,4.93142545178105,7.53288390161134,5.66899142352926,5.73557338510927
"ENSMUSG00000051397",8.19014350528298,2.14723557847907,14.2016719197139,5.45545840267567,19.296070745534,6.36338092563752,10.2765321054853,6.87152987679526,7.51957695832486,5.67579725243288,14.9695011761311
"ENSMUSG00000051401",0,0,0,0,0,0,0,0,0,0,0
"ENSMUSG00000051403",1895.53254895094,1907.53386341149,2111.83702436338,2389.77784030727,1963.70086931367,2443.75277972583,1973.8766992654,2536.76104212264,1971.17366901273,2363.2723081269,2482.61020257002
"ENSMUSG00000051412",132.862280044867,136.316985505903,138.344483557009,114.208742207287,93.8238420336342,101.084738519104,121.567885627613,131.858976474678,122.035257668101,130.384284733923,120.669285419191
"ENSMUSG00000051413",86.7943425067628,94.838769582748,83.1187564599046,74.3374830677645,70.8324384025483,77.5746893113244,62.521861981534,68.1420156214051,81.2073262642022,89.377678720772,69.7063611640813
"ENSMUSG00000051414",0,0,0,0,0,0,0,0,0,0,0
"ENSMUSG00000051424",0,0,0,0,0,0,0,0,0,0,0
"ENSMUSG00000051427",53.9063702135861,64.9261623753073,48.9122100239426,49.9662062542213,47.9427575619341,72.8142249311933,62.4511282638449,71.8067715865273,52.821068747786,71.1706019447216,75.4650307493003
"ENSMUSG00000051431",0.680147896635521,0,0.894667694239905,0,1.06612297807577,0,0,0,0.940427465813521,0,0
"ENSMUSG00000051435",5.87297420784643,0,3.79598281673438,6.26062399145835,1.51069302323715,3.73368864642422,0.319117192585538,1.54740862262248,4.035458037581,4.05843276022834,8.47647134088102
"ENSMUSG00000051437",0,0,0,0,0,0,0,0,0,0,0
"ENSMUSG00000051439",1455.32225770199,735.907063500985,1121.99141020629,1269.65760193286,2433.88246597092,777.345549014072,1047.39106883913,1051.75958093996,1017.9835074029,1331.55426170863,1033.99963432013
"ENSMUSG00000051444",11.6848217479824,18.9878192568279,20.468349462766,14.846519326766,28.7549008975077,18.5929057046921,30.3981064217821,24.5578221523026,30.3583325937076,36.7727132683738,17.4872946140547
"ENSMUSG00000051451",614.304691714952,572.231212684525,573.902074308271,384.856605072889,581.469340479986,512.05345946937,608.020051415856,555.868104596185,658.937692390604,534.56722960892,589.130820726627
"ENSMUSG00000051452",18.3189334366442,7.47887093805737,12.3486832496314,17.6075951098773,7.44546289948122,14.0356300630933,15.5858355745579,13.7112059260601,12.09456909615,7.67360413485273,17.296903873735
"ENSMUSG00000051455",0,0,0,0,0,0,0,0,0,0,0
"ENSMUSG00000051456",1.99316713886115,0,0,0,1.09137310196865,0,0,0,0,0,0
"ENSMUSG00000051457",16.7360246576913,48.1133964587353,35.0426647343723,19.9017500654848,39.7334144517339,72.717072017454,42.2397367511699,9.95167782933578,42.350468065092,41.7686606600666,4.95157202958485
"ENSMUSG00000051469",261.609813255369,186.496827867382,270.420282192406,281.833114565429,246.289337923708,210.673827953277,224.276419435995,231.305768293471,306.711802674904,248.2994334402,289.22599293314
"ENSMUSG00000051481",0,0,0,0,0,0,0,0,0,0,0
"ENSMUSG00000051483",484.318837102762,612.12568695389,679.827658009066,760.835459175682,574.102880970343,672.076423493593,619.086889949969,702.816976139212,669.058443410848,635.306639801072,598.484483632477
"ENSMUSG00000051486",4.13673795926879,10.7973968349715,8.87770386970752,10.9028773464046,14.7966238960368,3.8408097938493,9.22747556258778,4.94113929385751,12.2620649411465,7.51345033126808,10.2842252454119
"ENSMUSG00000051490",0,0,0,0,0,0,0,0,0,0,0
"ENSMUSG00000051493",0,0,0,0,0,0,0,0,0,0,0
"ENSMUSG00000051495",2558.03613026096,2422.92641244009,2964.57377188805,3177.13048185018,2385.56456035061,2692.82001153201,2104.58866635146,3731.27063775743,2728.9116604446,2959.65175183055,2458.71427842554
"ENSMUSG00000051497",0,0,0,0,1.05585534134012,0,0,0.988001463481413,0,0,0
"ENSMUSG00000051498",14.9846802825447,18.1689529549694,10.9242878030634,44.8855706234945,18.4768659300165,18.3856138917007,26.4632204753764,17.2980314473329,25.9243702776418,15.0338586792828,13.2787333313958
"ENSMUSG00000051499",31.7203292785871,38.8238528873326,22.1516176399948,25.081244324594,16.8885692366816,30.8707136194534,25.5956064937398,20.7674597647205,35.8766574286575,36.6134521783775,29.6967162102847
"ENSMUSG00000051502",30.2795335409546,21.8377381399335,34.128950345575,28.9446328213779,36.1369849877294,47.0480214171617,25.595772205264,30.8575722937065,31.0575062899432,45.6838074127923,58.3321801703624
"ENSMUSG00000051503",1.37024870605485,0,5.30671519358952,4.37116206327009,0,5.1553626711166,0,0.989548042527085,1.8890114057189,2.82488095184231,3.43282469754955
"ENSMUSG00000051504",14.9047019971247,13.6311089651788,7.5021589847781,119.65196390709,7.67447150196223,24.3312388026572,6.66349359519521,13.7116066446227,13.9902156592846,9.04005330367271,10.2343166370322
"ENSMUSG00000051506",136.914259534202,402.159591307955,51.8867710188377,55.1953558900644,61.8728544132518,356.055925485519,39.5926089695528,74.3203921090761,57.4618116700391,128.173497962365,41.9472095193504
"ENSMUSG00000051509",0,0,0,0,0,0,0,0,0,0,0
"ENSMUSG00000051510",232.542259152662,232.097951914291,278.266022590262,262.75462497869,339.71741882338,264.141784382013,341.377734052351,295.138671267161,242.795505026709,291.818524292311,233.1482899293
"ENSMUSG00000051515",58.1193225361543,41.3090248011254,70.4952137919933,64.0065986771769,41.3140654728243,77.67750036353,35.927253683892,86.949375915235,65.3360615741564,64.4459025704847,54.7530185524835
"ENSMUSG00000051517",1.93044521296463,6.05585669433296,8.78191180076002,2.04123000039361,4.98460832956065,7.20827676192466,2.88519277407529,4.84292401066965,5.26801458644444,3.536438824605,5.35571965260746
"ENSMUSG00000051518",147.688279444711,135.821639515685,167.983120338489,146.016422273769,129.017748720693,194.413050440916,202.192250877278,106.232756386969,132.036700291351,166.293505259146,210.596005866227
"ENSMUSG00000051527",0,0,0,0,0,0,0,0,0,0,0
"ENSMUSG00000051528",0,0,0,0,0,0,0,0,0,0,0
"ENSMUSG00000051550",320.696986572843,408.607650521748,362.741671864581,373.188479180894,458.596460130701,506.373878772412,431.479195972776,467.683992245929,334.221085498312,490.393701740575,318.967193762261
"ENSMUSG00000051557",148.327304786386,148.341397654254,134.316890299077,172.714823101192,103.23909161819,147.968309156392,153.538075177992,141.335358078185,183.059284336596,153.79689390804,191.495180758381
"ENSMUSG00000051579",235.985186653453,194.934568956436,227.747750631075,264.354790879967,305.57962090614,151.746325568319,232.630393434565,128.840291754782,192.986166565826,177.354199697832,185.628364103378
"ENSMUSG00000051582",0,0,0,0,0,0,0,0,0,0,1.14045445258444
"ENSMUSG00000051586",939.914744177334,584.138274562696,534.062239238077,948.909480040059,814.509280588504,369.832273445961,345.929314012287,1335.54897393114,446.289173824468,845.280911330569,919.354954293553
"ENSMUSG00000051590",4.9580586961955,18.1487275532658,8.9878679984887,23.4548485219165,2.66244183775819,24.4549041733068,12.3899425631449,7.08412108744348,3.17618711171417,7.74113950809669,3.14107292719825
"ENSMUSG00000051591",0,0,0,0,0,0,0,0,0,0,0
"ENSMUSG00000051592",0,0,0,0,0,0,0,0,0,0,0
"ENSMUSG00000051593",0,0,0,0,0,0,0,0,0,0,0
"ENSMUSG00000051596",595.766130812711,769.205474209161,525.812604306556,544.247183836471,519.245639845544,757.750115550661,653.102065722806,843.399921234409,326.611020023341,544.418766596725,935.445627468938
"ENSMUSG00000051599",2.74155121971714,1.08625221482879,2.66432783135542,2.18998220751441,1.05667504953166,1.2829017170239,0,0.982956166399364,1.87646613335463,1.89051773211455,2.28167017794299
"ENSMUSG00000051611",0,0,0,0,0,0,0,0,0,0,0
"ENSMUSG00000051615",84.871524087503,87.5643987431448,70.2839332848337,81.4514493577635,86.9799596710847,80.1430257074056,91.5689198838154,77.7123218544637,88.2191170503136,72.1323621899195,82.1053856047636
"ENSMUSG00000051617",0.690070509772863,1.07815269691607,0,0,0,0,0,0,0,0,1.14286992138668
"ENSMUSG00000051618",0,0,0,0,0,0,0,0,0,0,0
"ENSMUSG00000051627",24.1832863381753,20.3238587608039,14.1053372538368,7.66812511469145,14.9843670057131,16.6969194141607,17.6111898000842,25.4432406873003,28.048210835557,28.7760473875658,14.9895057378536
"ENSMUSG00000051648",0.463495493343796,15.7783437063885,0.59686186738764,0,0,0,0,1.33892719381401,0,0,0.770055494446039
"ENSMUSG00000051650",92.8128708393333,128.619752529493,82.0322238330363,61.8342169694994,93.8351635205937,111.81366568861,79.2541616324943,87.5299035313924,75.9026334236678,103.494736544923,41.4218202414023
"ENSMUSG00000051652",8.18162109415126,16.0916662037788,17.6856849858447,8.75397635642665,18.2216078592908,15.3601869636025,7.21716489143031,7.80779098607122,15.8938065136606,16.1605951951349,17.2730437672682
"ENSMUSG00000051663",0.689939267648385,0,0,0,0,0,0,0,0,0,0
"ENSMUSG00000051669",4.74407850365388,3.22007821420967,1.7640504055018,3.29166510069186,3.16547920356805,2.59435880081668,3.07767315205926,2.96999110686714,1.8897140039637,10.3933624118808,5.72285533669109
"ENSMUSG00000051671",61.5897646901222,72.3858964660986,66.6376190525078,88.2350025461528,43.1343508400821,67.9253026272705,60.4299213755929,52.2483953389542,55.8458176683214,65.8955311147973,59.6796888312676
"ENSMUSG00000051674",38.6417109527829,26.7318026107445,34.3741691666909,23.1290175061845,31.6769831703189,16.1664246690589,36.8960493930344,25.6553715521591,33.6195634891451,21.4577471522388,41.5701021579727
"ENSMUSG00000051675",368.607351344475,250.503937604632,324.152095278778,332.331771490777,318.664528737658,273.439427615526,328.526010346514,394.952205776524,271.969126159875,449.962779723076,293.270706412156
"ENSMUSG00000051678",2.07405887373367,3.24055771133456,3.54931900247232,1.08976178007673,0,1.28069401258639,4.10305949331277,0,0.941771584186797,0.938964669671378,1.14270731875178
"ENSMUSG00000051680",0,0,0,0,0,0,0,0,0,0,0
"ENSMUSG00000051682",2.55601227721546,5.07220574039233,0,0,1.33198506288096,0,1.0125839281846,4.77894314069295,1.80553695906292,0,0
"ENSMUSG00000051687",0,0,0,0,0,0,0,0,0,0,0
"ENSMUSG00000051695",2450.01576738049,2468.09098897657,2376.99445017815,2668.08215090281,2202.23531212325,2800.7180719943,2490.25711396302,2372.19778377476,2171.5607934408,2429.66910332259,2624.79178604572
"ENSMUSG00000051703",67.7720595250817,68.3860694427978,80.6990408888922,72.1069239218173,51.2208722982404,156.935470171396,67.5875682278509,95.9878474463449,62.9646648531296,91.8098327033561,36.4717897621703
"ENSMUSG00000051705",22.6398796270271,32.0678711787115,24.5885121019613,38.7919512060053,21.3166102207923,29.4918128923368,32.5963384584396,31.0924203042807,18.4508664512807,26.2164453597109,32.3143846602416
"ENSMUSG00000051706",0,0,0,0,0,0,0,0,0,0,0
"ENSMUSG00000051716",0.682431055084044,0,0,1.10705379749388,0,0,0,0.987686195061248,0,0,0
"ENSMUSG00000051721",35.3235094675289,36.7405091411357,29.6502058542527,25.1997280768937,28.6274580722601,30.9176364270878,26.6601675639254,42.8690592742883,33.4278280298704,23.5191119602844,20.3746663734352
"ENSMUSG00000051726",0,0,4.42474855001433,0,0,3.86171482481782,2.04826828938099,0,0,0.937667081321486,4.5574576553045
"ENSMUSG00000051727",218.440957409683,203.028911026313,181.338361324404,266.506747392229,91.6302262884989,215.293031546569,295.823557684849,125.586111532211,367.132225559772,178.262860129109,400.980446926552
"ENSMUSG00000051728",0,0,0,0,0,0,0,0,0,0,0
"ENSMUSG00000051730",79.5821527510795,78.7162661665874,106.366265132472,76.7997110897887,56.554005579178,100.507923721395,122.319233426652,123.856777393401,116.497086501212,104.076154319748,78.0275282109003
"ENSMUSG00000051732",0,0,0,0,0,0,0,0,0,0,0
"ENSMUSG00000051735",134.235967033099,208.561978069464,136.127568595101,45.0940775522982,105.202332478229,158.404322548043,76.7210035655837,45.0201312723157,52.7975452574786,108.294056348181,37.4455624447416
"ENSMUSG00000051736",0.706215024805343,0,0.886934390746703,3.25244148799746,1.1040581456312,1.27409326304679,3.98996816324944,0,1.88347686990732,1.77998964640635,2.3347158432262
"ENSMUSG00000051747",4325.83088535655,268.317228503601,90.6443739675156,412.895736638786,737.475882665486,20.5768952623374,24.4508479898346,1.20910559218843,29.2244297721136,239.384506686426,18.8377124737178
"ENSMUSG00000051748",4.98052059400782,2.11739154205602,2.74946300930497,2.13490179821523,2.16760766827427,3.76763645848188,4.01469015086715,0.972448487162258,0,0.917350952796295,2.35219746514163
"ENSMUSG00000051768",455.821228457464,598.729003666196,690.881210554108,855.523831601129,542.534168709995,641.825058015201,638.766833194564,656.470421820975,668.783919590888,826.574542490997,578.718758445684
"ENSMUSG00000051769",0,2.13409643189262,0,0,0,0,0,0,0,0,1.15498312049811
"ENSMUSG00000051777",0,0,0,0,0,0,0,0,0,0,0
"ENSMUSG00000051786",366.137250817603,372.720622426712,563.198680455498,363.996534350332,315.162774525167,468.172423513645,395.336034602671,406.872991452865,410.153199987882,553.116704864554,555.129359383644
"ENSMUSG00000051788",0,0,0,0,0,0,0,0,0,0,0
"ENSMUSG00000051790",181.843406150241,142.738022789431,194.903819603013,131.660815688217,188.959995104289,192.108378289465,137.781104859424,183.451220130305,181.583179016199,160.113136908082,164.295144194608
"ENSMUSG00000051793",0,1.08064173486522,0,0,0,0,0,0,0,0,0
"ENSMUSG00000051802",0,0,0,0,0,0,0,0,0,0,0
"ENSMUSG00000051804",2.04013028558566,8.81329933432546,0,0,1.04464668238019,2.57495951935007,0,0,0.930385216992109,0.949872282773264,0
"ENSMUSG00000051811",1.47857106048408,0,0,1.72343990313911,1.01022394051007,3.61967000804849,2.47196236314517,0,0,3.03084361315829,0.761815774742738
"ENSMUSG00000051817",24.2776535202208,24.0297155393518,40.9955853332774,32.6213738988861,51.1465994563024,45.6276111153634,40.7286563637365,49.0519463134549,31.2457331391833,40.4960566437601,34.7046976980368
"ENSMUSG00000051827",0,0,0,0,0,0,0,0,0,0,0
"ENSMUSG00000051839",1.33861350150423,1.07931031191829,0,0,0,0,1.06519376555269,1.98276730431145,1.88192226476064,0,0
"ENSMUSG00000051851",20.0088141637271,26.9354590917402,12.3540045181266,11.080337997508,22.0920010896366,19.3898808157328,11.4268624844658,11.5821593154782,18.453653305667,14.7521248182527,5.84297871469572
"ENSMUSG00000051853",616.724096891996,540.728899238051,585.654055863899,716.431612754462,456.982981427985,548.705345777947,512.989739271609,425.916689836124,447.186544776286,519.913471774474,660.661552277996
"ENSMUSG00000051855",6.06056776015053,6.29197133566687,14.7748535098955,5.58932002040101,7.56018118134419,7.84569288089286,6.03444015923413,9.11730571925161,12.9776307689641,9.29778176726568,1.17532992244753
"ENSMUSG00000051860",0,0,0,1.0895783501383,0,0,0,0,0,0,0
"ENSMUSG00000051864",266.642936270145,305.776190423988,357.922062517843,387.096665423698,346.286117774372,262.215360300325,271.466271458833,331.922145902134,309.432006426938,343.802494031854,273.859420300677
"ENSMUSG00000051877",0,0,0,0,0,0,0,0,0,0,0
"ENSMUSG00000051879",1.37169943633784,0,0,0,2.11444669335478,0,0,0,0,0,0
"ENSMUSG00000051885",0,0,0,0,0,0,0,0,0,0,0
"ENSMUSG00000051890",31.222899453979,19.5640884031222,37.2343175131341,21.9751119507857,17.8854022257241,16.6603433024202,27.9984943690593,31.3035974856662,29.743612537701,45.7061493838392,20.6915051293336
"ENSMUSG00000051896",0,0,0,0,0,0,0,0,0,0,0
"ENSMUSG00000051900",0.689939267648385,0,0,0,0,0,0,0,0,0,0
"ENSMUSG00000051906",30.7363185803632,36.0060735089,37.0743545015607,22.0308094740225,56.8462440747754,45.3625150501776,29.8443246310423,33.3193735735653,42.3740137574353,23.7761763215996,31.1526472133409
"ENSMUSG00000051910",64.3844604160707,12.0732909840146,11.1545819705854,12.2682184843852,10.8472632529573,6.02471109951162,11.697935974033,2.79471576850009,7.66106346605417,7.89856774609194,8.55775584754116
"ENSMUSG00000051917",0,0,0,0,0,0,0,0,0,0,0
"ENSMUSG00000051920",0,0,0,0,0,0,0,0,0,0,0
"ENSMUSG00000051934",179.634234232733,144.062618000867,185.669956121168,116.751266086107,195.455246809852,134.4679697158,148.481081309396,207.452155516388,179.956937354395,129.459069168892,183.506803115823
"ENSMUSG00000051936",0,0,0,0,0,0,0,0,0,0,0
"ENSMUSG00000051940",0,0,0,0,0,0,0,0,0,0,0
"ENSMUSG00000051950",46.0719944311739,43.0815741331253,46.9607867705244,38.2673577955057,54.9539620938961,56.2662305612587,50.4699080731752,46.3200694165437,41.2985207886303,40.6632764953464,40.0626812813775
"ENSMUSG00000051951",1.37718879285027,1.08106049692265,0.886124404826898,2.18021963126242,1.05813659450135,1.28202516504259,5.12172275461119,1.97581863477878,1.8885690521789,2.82202319590074,0
"ENSMUSG00000051952",0,0,0,0,0,0,0,0,0,0,0
"ENSMUSG00000051956",0.730155417581594,0,0,1.02407696033599,1.13669609404604,0,0,0,0,0,3.18024881612612
"ENSMUSG00000051965",0,0,0,0,0,0,0,0,0,0,0
"ENSMUSG00000051969",1.3604257634161,15.1963647494581,1.77074827321032,3.29571707836401,3.15569613653495,19.2468781683174,7.28480029168697,2.94409583221093,3.73486822382849,4.75043638519942,3.41615191923604
"ENSMUSG00000051977",109.49962612643,158.310635177465,143.425465110118,95.5522590684374,112.076952239217,211.226789805585,120.151655268013,157.479911053078,143.398363282854,133.59044586953,154.64861771431
"ENSMUSG00000051978",107.512096519248,77.2387760185155,114.90580249988,73.3308887246351,71.9387721140585,60.3956362341339,72.9376488469021,74.9655801223001,97.8016247530009,72.9455812037216,84.846878896279
"ENSMUSG00000051980",3.44800561591365,0,0,0,0,0,0,0,0,1.87365218172093,0
"ENSMUSG00000051984",128.276209117688,98.1719783184049,88.7297716370842,75.2663557992912,119.432909435867,102.308091188889,111.796388525495,114.036796907257,135.422797909933,101.031202264137,99.796179907977
"ENSMUSG00000051985",30.2380727542118,0.633332002810748,1.25576228648418,3.81542607573483,1.49914810852147,0,1.19485932575255,0,0.553059728038014,1.09164068847801,0
"ENSMUSG00000051989",33.1170848471225,34.5805355156871,20.4403640102138,28.3290371035958,28.3758324039981,25.6382447803796,35.856726901779,27.7929850782183,33.1367009447793,28.0910083587316,33.0731791249487
"ENSMUSG00000051998",88.7831571170605,223.551389749351,62.8890170635496,44.783190590266,51.7233711919828,180.523528450398,30.6452162732951,43.7204668102013,54.839489883166,84.8438428203673,20.6695338279448
"ENSMUSG00000052012",0,0,0,0,0,0,0,0,0,0,0
"ENSMUSG00000052013",13.4595006675768,64.9779027213871,1.77176526031024,1.1061340397748,2.09032169943543,37.1586829448672,1.04710611423862,1.95752638322908,1.85832804916424,19.258121406241,1.14028282122245
"ENSMUSG00000052014",0,0,0,0,0,0,0,0,0,0,0
"ENSMUSG00000052026",0,1.07986436821431,0.885449251024977,0,1.05775364051815,0,0,0,0.94344684073944,0.937734341385045,0
"ENSMUSG00000052031",472.672419846266,458.327923495783,527.900064657848,502.390740913262,559.811514511248,577.075041947763,521.068822506439,502.328847803659,470.991883203258,500.078071513184,536.420375763643
"ENSMUSG00000052033",151.972200978255,112.151302724458,150.025318541139,89.9109431322366,182.076402061161,154.691924247583,157.564071653029,94.0465012278044,110.500674585009,123.988326265536,79.4742113980496
"ENSMUSG00000052040",220.129744881866,206.001373235395,332.309683710435,453.975348314156,354.470955040038,340.598193949245,230.263189802241,226.401194836117,268.689816019841,390.909679932593,279.017031176315
"ENSMUSG00000052056",489.561120451997,454.870871732583,560.467870319893,509.658192379622,862.642659012801,489.248189029011,543.731335987717,579.618873836959,379.310820215009,540.136305245271,453.940575477652
"ENSMUSG00000052058",0,0,0,0,0,0,0,0,0,0,0
"ENSMUSG00000052062",40.7647950642983,32.5104918622971,27.8537792789703,20.0161209829389,39.2755015117653,13.7987673238498,31.8675095010407,20.4324064390428,26.8994270612704,32.1090859631813,28.5490952581545
"ENSMUSG00000052075",0,0,0,0,0,0,0,0,0,0,0
"ENSMUSG00000052085",1076.03200315641,1334.96171335725,1051.67630314311,1020.40121038757,1084.26216418737,1110.1651987211,1056.6044100143,1360.05534572015,1725.29449852114,1532.37033154002,901.105653402671
"ENSMUSG00000052087",38.0314593863627,98.4865153413367,13.3162728896992,10.8762283102836,10.6411651442228,60.2429037225002,16.3988599488063,10.7961520003825,15.0607741376946,36.5827454452212,10.2813675049802
"ENSMUSG00000052099",0,0,0,0,0,0,0,0,0,0,0
"ENSMUSG00000052102",88.503103792578,123.657792050362,138.277033919178,173.321778276237,126.941766037961,110.076249039373,142.34348113613,177.108682217571,127.997734832055,173.231190929939,74.6490389986683
"ENSMUSG00000052105",30.6358049216654,27.3153932828537,24.0252390866936,30.3529157040985,27.9424509451689,18.0518580966425,39.4317223685481,28.6682571980727,21.1117496036081,25.1167139474598,26.8525850078095
"ENSMUSG00000052117",151.371914297307,132.832270930164,177.520210200696,167.643816229365,195.105654998914,144.947020724429,191.794319536042,219.141271139855,173.77051953028,173.285541855422,156.943252004777
"ENSMUSG00000052131",0.69247523408122,4.2683107427799,0,1.0941292559844,0,1.27493674126273,1.02435508994904,0.993337366025424,0.943834017291572,0,1.15506868550325
"ENSMUSG00000052133",1.38174352472997,0,1.77654904683127,3.25749593027458,2.12057265078972,6.42157608495193,1.02407960457854,1.97365330604526,4.72820779784829,0,2.27928683856066
"ENSMUSG00000052135",9.64832624831342,3.24861741572071,1.75140244846271,2.1974250146289,3.1453875201838,1.29179142481763,4.06181218549927,4.85916219355006,8.50556942742218,3.82064584148599,2.30863086205077
"ENSMUSG00000052137",156.426042903328,219.980633318856,158.713389935509,136.895605419857,177.190960543551,154.040957499704,215.788050015461,144.170165875774,234.117280352276,175.547799231755,193.133072640577
"ENSMUSG00000052139",273.60667909767,301.734809054507,290.615741032807,368.293187497024,319.253500255069,369.85732082929,284.947200268081,269.87591841414,314.344590789294,296.983296482379,257.410794565357
"ENSMUSG00000052142",239.564880743602,763.457547302065,124.119840682788,120.453011022286,94.0207279145374,470.595059282493,84.7820462877089,122.33233300752,113.4790748014,247.674194974825,97.8417192540843
"ENSMUSG00000052144",709.991445470377,637.160296344212,651.103972856671,620.172996677465,656.399450789509,522.127311346745,662.444973924724,570.999317723792,615.587750447136,640.556175231066,684.169174155586
"ENSMUSG00000052146",5712.51922522681,7458.72599081266,6317.88814214264,6498.21923026509,6049.35321850938,6461.75030208229,6383.03648118109,6592.61042124726,6347.14808189372,5752.05501105694,6226.56706738865
"ENSMUSG00000052151",315.64519805187,206.555967796981,308.386208238707,300.327463145827,279.030846422082,149.090108157785,319.993544016427,240.766909142364,221.804287989036,212.739988056305,313.542299489377
"ENSMUSG00000052155",185.306283901899,118.996230802997,187.610931765463,136.836150298898,165.016877189057,121.080144370976,154.186596432227,138.7741218325,209.86594137116,179.220726646876,174.66632496347
"ENSMUSG00000052160",174.129649160063,299.512422731579,172.664646386082,168.96370278337,154.565388780811,251.671055389184,106.590543384084,153.602571088515,148.038873665377,154.877331625597,130.043824513994
"ENSMUSG00000052180",0,2.75241245304935,1.53913474576378,0.701891947846448,1.8614892663838,0,1.82148864240928,1.24143992266151,0.589737133835983,3.38108370624497,1.44975059360251
"ENSMUSG00000052182",0,0,0,0,0,0,0,0,0,0,0
"ENSMUSG00000052187",0,0,0,0,0,0,0,0,0,0,0
"ENSMUSG00000052212",36.4602371803143,19.44184344694,20.3696650150239,29.4441684527257,22.1582971451219,29.7005550566457,39.8912967012473,48.4688352508588,8.51235712373666,45.9163006704487,49.0406609223128
"ENSMUSG00000052214",140.577225976715,144.81081112804,114.522971908723,122.041477639616,109.69319601081,138.645959931324,124.258278439615,102.849512723844,96.2536902688463,105.146543831962,169.805326241821
"ENSMUSG00000052217",0,1.07074415137261,0,0,0,2.58752357254084,0,0,0,0,0
"ENSMUSG00000052221",38.7827243242745,62.7451163025676,68.6530533595339,47.6329997876747,55.6193097552,31.4166070344117,46.6573970814327,34.5268704767667,56.4273252093255,52.6086834390123,29.4018923668239
"ENSMUSG00000052229",0,0,0,0,0,0,0,0,0,0,0
"ENSMUSG00000052234",0,0,0,0,1.05095675570363,0,0,0,0,0,0
"ENSMUSG00000052253",644.291068773223,509.646903369123,648.731923531294,631.79243379768,633.986781733997,567.583192759094,612.403447810629,640.699507683163,669.931855948274,625.227663245122,517.450157192942
"ENSMUSG00000052270",5.34030034126868,8.7251631177197,1.76574420262027,1.10852132746909,2.08829454256545,6.45681962311335,2.11103342002027,1.94751704165296,1.84931061120707,2.89778912712519,2.26765354923426
"ENSMUSG00000052271",118.006074313743,122.639275156333,76.7642301515597,173.457258065863,25.8882125409808,159.821757935761,101.656600710074,146.988342300685,106.155250527216,89.3124737029325,241.138694007503
"ENSMUSG00000052273",0.693421887412928,1.08065757290936,0,1.08942866458857,0,0,0,0.989820910461887,0.942231136844037,0,1.14353345755701
"ENSMUSG00000052276",0,0,0,0,0,0,0,0,0,0,0
"ENSMUSG00000052293",332.62519320367,375.977851693408,374.516318770212,402.898887310793,443.452824689034,338.336705381145,296.374016746636,300.000430537485,389.874126615427,337.493377774039,471.74994821755
"ENSMUSG00000052296",1873.64866579102,1848.4031244763,1947.52695683763,1828.93443474051,1777.48101990354,2166.48206088182,1651.59172577718,1943.12316752588,1801.72538782588,1866.61727389445,2291.82502844104
"ENSMUSG00000052298",70.5143573602435,56.2903932054085,27.7331342517204,58.5476856212449,47.4067112746647,79.9649374182823,67.2712945879417,56.1883465567987,44.3966216766567,53.9345706944421,90.7469269378842
"ENSMUSG00000052299",606.084603942548,556.943834846494,535.640256503807,488.855141992362,399.598374636488,381.401161633814,563.726302885686,500.411979498232,635.937397997972,476.309634186785,619.930730310206
"ENSMUSG00000052301",0,0,0,0,0,0,0,0,0,0,0
"ENSMUSG00000052302",248.733508563308,321.709846901391,259.181936537011,344.932511786921,228.633755668776,268.78448525643,267.912729291035,539.465731383005,248.33609642474,352.704674282945,320.204797520741
"ENSMUSG00000052303",0,0,0,0,0,0,0,0,0,0,0
"ENSMUSG00000052305",3503.29507096326,4423.83851519131,4790.9041401704,5229.31331891053,3775.01234902464,3867.54722871186,6177.46628924671,4147.83030903084,5943.62362394736,5385.88785866734,2477.66728146962
"ENSMUSG00000052310",850.599576053028,651.471835858259,797.444854393731,780.405107476715,865.242417026382,702.782950355993,657.880592516094,724.210761765525,779.482746689094,767.227588810495,823.725348023135
"ENSMUSG00000052316",0,0,0.8828041863401,1.0933580465527,2.10286091916263,0,0,0.993282525011606,1.89358865403963,0,3.42835591714827
"ENSMUSG00000052331",53.9117834353703,93.0180478789365,26.770622715148,16.9275743594904,22.7468223207556,43.8451314266018,60.3104545297689,27.8882531478665,56.5333778350364,49.9766904145117,34.410697714767
"ENSMUSG00000052334",0,0,0,0,0,0,0,0,0,0,0
"ENSMUSG00000052336",66.781219198505,66.6111667877956,59.1224691716661,47.1038936695638,63.4730087893947,55.6345493723103,30.8252884302002,53.2145589773677,60.2444944830562,48.2574503749818,44.6423174515023
"ENSMUSG00000052337",2108.976929393,2050.445626075,2172.06595671495,2033.98993632132,2159.22062397563,2199.27250878549,2184.65803696219,2217.61800478359,2019.70379020726,1923.28297412529,2445.29708429683
"ENSMUSG00000052353",0,0,0,0,2.10445795753896,0,0,0,0,1.87046961607545,0
"ENSMUSG00000052363",0.689939267648385,0,0,0,0,0,0,0,0,0,0
"ENSMUSG00000052364",6.08224106144271,9.83814930411473,7.82529384172371,2.17873160979572,9.57066135725157,5.2178903887862,4.06595581372831,14.742912158998,3.78911731904594,8.44416340770581,12.7628457130125
"ENSMUSG00000052369",263.125628521754,291.511626738136,280.641330735381,320.100757026655,293.847881026829,345.483700894128,365.750064601976,386.07652348181,351.487016103612,265.398197603234,292.115922067438
"ENSMUSG00000052372",0,0,0,0,0,0,0,0,0,0,0
"ENSMUSG00000052373",15.8195548328471,13.397188705395,8.47033831404319,11.4251773863553,12.1599860106836,12.2807028173526,3.90725886108535,12.2174133605779,9.89939197584342,8.95120381788069,9.81858616418203
"ENSMUSG00000052374",150.493702055787,32.3405828335954,53.7415255170179,54.6914433364457,280.672096433968,43.6721450433822,20.735373090222,35.360062627681,21.0076829236081,21.712267184116,28.6786016585588
"ENSMUSG00000052382",0,0,0,0,0,0,0,0,0,0,0
"ENSMUSG00000052384",147.553465018847,316.128488882112,159.959310185796,159.540861400807,169.317501789546,277.697762963641,128.126117464704,162.949145411447,146.931662818859,153.351159680939,115.794472968144
"ENSMUSG00000052387",5.79541340327215,0.805563553169842,3.34551637092932,4.20807108391256,0.856052215671119,0,1.65482055804261,0,1.53935842313249,2.11812998148484,1.86390193772811
"ENSMUSG00000052392",51.6284173551098,25.6546707905544,48.5763650029992,47.5133211625586,44.3719029257474,24.4001746429006,53.3572793808493,27.2792711542847,48.2283972904581,48.2515318791921,47.9977262492767
"ENSMUSG00000052395",203.458147442713,258.217617103137,189.825188806603,261.677281329335,228.399558882504,200.152884825616,239.466434683674,247.542577769075,232.756474941886,224.786927165036,226.26345385113
"ENSMUSG00000052396",4.12606609764236,2.16049426692264,2.65118833805732,0,1.0619202043125,1.29151062519112,4.11805728187643,4.89151607925331,0.937413868965695,0.94530907304865,1.142123886298
"ENSMUSG00000052397",702.808229388098,795.287247275251,605.306724797454,681.2468591117,864.100224001013,774.515966059089,574.15660033045,624.842579344932,704.19794110535,753.045914743387,1204.67316264974
"ENSMUSG00000052406",581.100588739232,520.04365664976,508.51543421462,625.178887148969,433.789549095959,528.44029323341,518.785011896065,569.953484259104,569.949602744712,555.850408493592,711.268194309443
"ENSMUSG00000052407",15.5391774354953,85.3880089826733,47.9975215390132,16.3229636261541,22.341167485847,16.0060799440873,16.0049771772207,20.9767036362391,72.2106402259987,19.3510260540486,51.5643733633227
"ENSMUSG00000052414",0,0,3.55484591481978,0,0,0,0,0,0,0,0
"ENSMUSG00000052415",36.6472536867088,44.4438731130133,40.0327795294464,35.7932540253802,43.5395422418785,37.0965725995201,17.3865114123848,49.3449488017771,78.4997742586938,16.8215184863807,11.4093497613706
"ENSMUSG00000052417",0,0,0,0,0,0,0,0,0,0,0
"ENSMUSG00000052419",28.2875099735838,24.8547599019001,37.3258821056077,34.8665072044256,31.528702671109,49.9945773217402,35.856726901779,33.7486247378366,38.8172782495986,33.7092100304779,26.2304524094421
"ENSMUSG00000052423",441.077124916515,350.562421865605,545.715961596872,526.142395811786,513.900361695562,396.43807365096,521.530757481126,373.124574380781,376.107966528949,469.607557944412,298.899218378683
"ENSMUSG00000052428",523.023044532419,544.210421175687,541.084337622194,639.152098570165,551.283493804422,565.773604490735,647.245097946471,587.816963881326,554.974463063622,554.272829767284,534.424108031479
"ENSMUSG00000052430",0.692142192812168,2.14284519289618,0,1.08886972289467,1.05549962476838,0,2.04574912450307,0,2.82182134953948,0.940963307260026,1.14606775906324
"ENSMUSG00000052435",0,0,0.881282885257807,1.08697662406249,0,0,0,0,0,1.89303997157858,0
"ENSMUSG00000052446",47.1128366918236,61.1571708205564,37.6594341715744,49.8797434536216,61.6204305780561,63.7182359221369,98.6650342914874,129.254025790183,70.5826109707217,75.4041027424226,65.7074069285713
"ENSMUSG00000052456",802.497338171147,840.613971040144,920.025565443861,966.337021113497,803.747522454729,780.425000563766,759.458400953927,881.087998790968,815.148065326806,781.436184208636,892.991576636205
"ENSMUSG00000052459",1159.17178265537,850.485800444219,1023.47907122429,1059.32962841094,1016.83927446618,906.957250678368,1004.99424777792,916.561462641727,1066.76121098412,887.188339520056,1174.25694796738
"ENSMUSG00000052468",0,0,0,1.0895783501383,0,0,0,0,0,0,0
"ENSMUSG00000052469",0,1.50317083825986,0,3.27879887356407,0.17967965583291,3.67084246578642,1.4843839532876,0,1.31219150159609,2.7303809191205,0
"ENSMUSG00000052477",11.7770285852282,37.1002809442157,5.83311531582194,16.045135360961,15.6066252557003,15.4654549982125,7.83404409290005,4.50668764220477,3.14837604644015,6.24847685281697,2.07869667147874
"ENSMUSG00000052485",0,1.07069591998794,0,0,0,2.58764013210032,0,0,0,0,0
"ENSMUSG00000052488",686.651423953769,645.612845272514,560.393322691305,708.124996529264,560.395143495165,810.936596232263,602.517071834019,690.8047611249,653.726331352839,655.5217964119,828.51245351374
"ENSMUSG00000052496",0,1.07967066727034,0.887590393892303,1.09034849131612,0,0,0,1.97669097138521,0,1.88028328467681,2.28486672794188
"ENSMUSG00000052504",3.25629761878593,1.77121954400444,0,0,1.18845453806127,0,0.562477433427707,0,0,1.06264467377234,1.25540276552709
"ENSMUSG00000052508",0,0,0,0,0,0,0,0,0,0,0
"ENSMUSG00000052512",50.2093465660122,76.1905207766362,69.6756176163213,35.7992637951893,61.0328799598386,49.8121979572517,37.3872909083006,27.9848218800498,32.1606943474984,31.6482909415369,34.240554959998
"ENSMUSG00000052516",3.10152766232167,27.6199166976967,0.793473000498821,6.40924720267778,4.74465688791112,1.68448188358767,1.61272882585559,3.87674780784582,13.0455100001261,33.5511358775557,0.544075849331564
"ENSMUSG00000052520",0,0,0,0,0,0,0,0,0,0,0
"ENSMUSG00000052525",2.31261005106722,1.07234203046721,4.38296341751391,1.08255795537957,2.07654408676192,0,1.01688559429093,2.89099463519933,1.83052184514199,0,0
"ENSMUSG00000052533",589.237741967617,535.383854550667,610.510763772858,478.651594316674,742.019265497612,630.680492416005,554.426743805168,697.176470805254,596.752535110687,551.999177353507,580.740343951667
"ENSMUSG00000052534",133.009593267111,78.9077916793342,131.667961103483,104.601369235789,106.32089205822,75.0516259784229,103.428887349045,116.077006148251,103.636965319774,115.681610530538,99.1536711385626
"ENSMUSG00000052537",0,0,0,0,0,0,0,0,0,0,0
"ENSMUSG00000052539",659.82748190898,424.296222852288,567.111752803735,609.884055962726,373.943344291357,409.317619937025,542.147876206927,466.07456718796,564.47569214483,482.140187398053,631.00483173697
"ENSMUSG00000052544",80.3787930613479,89.9571483937377,72.430396686273,120.257479952558,55.1474657821188,78.7137399258562,109.359791063031,230.06886936288,132.166762888283,88.9501794822229,247.65385597526
"ENSMUSG00000052549",0,0,0,0,0,0,0,0,0,0,0
"ENSMUSG00000052551",0.689939267648385,0,0,0,0,0,0,0,0,0,0
"ENSMUSG00000052554",0,0,0,0,0,0,0,0,0,0,0
"ENSMUSG00000052557",26.8259592308831,18.2985213825992,35.4250833989412,31.6487202523787,46.4259483226321,12.8772326619224,35.7840622294574,40.6233472018975,30.2657991016519,35.6865179993219,26.2902200902265
"ENSMUSG00000052560",185.827541105216,171.639972576319,259.325727684281,279.33537871066,218.115553687502,171.071586151331,253.767331200525,273.937042604497,273.00212839441,170.122726767952,160.310509757343
"ENSMUSG00000052562",0,0,0,0,0,0,0,1.98521321987274,0,0,0
"ENSMUSG00000052563",54.8207662950557,60.1181423601317,63.5912698065339,52.2774005516697,109.576772531958,68.8074548926172,95.57947726447,81.2609422089414,83.6111678020416,130.802794320577,70.4146640862991
"ENSMUSG00000052565",61.1530644847295,28.8587565520621,36.1786223580563,24.097138295047,35.3973663456798,23.055355123388,46.6077385362245,68.4698609345536,39.2593586860528,45.0653449719723,33.4853127444497
"ENSMUSG00000052566",1148.57292568277,1032.26169287116,1370.86646348995,1556.34254561311,1437.39285700596,1271.70490080218,1325.08678250499,1394.171966578,1335.03994763601,1843.95504517187,1184.79894257149
"ENSMUSG00000052572",3.37168782099615,0,1.30246522442373,3.23020856842425,3.09080835521233,11.6901277457539,2.61128609180238,2.0412066381985,2.3735984561513,4.12562206777095,3.3471603317728
"ENSMUSG00000052581",0,0,0,1.0895783501383,0,0,0,0,0,0,0
"ENSMUSG00000052584",0,0,0,0,0,1.28191223901898,0,0,0,0,0
"ENSMUSG00000052593",481.810318526853,408.992904037814,418.289642397649,419.489294286616,536.987045571918,417.278556541499,394.734310165553,463.92251487597,451.494686899655,470.54351840481,412.93506955744
"ENSMUSG00000052595",0,0,0,0,0,0,0,0,0,0,0
"ENSMUSG00000052605",17.5252980499003,35.3281073051717,76.4351784263751,49.4542427937555,54.3891246666441,81.6773677877216,53.9204091675929,26.3105639785909,54.0336791896873,49.8560589159187,23.0036087513829
"ENSMUSG00000052609",1192.8083978363,842.304449558498,835.378806287351,1235.67832429174,1470.51609131905,698.648859354711,1525.35567393481,1427.95812569481,1111.94710326658,1773.56799980902,1834.66242977278
"ENSMUSG00000052613",5.9627362449713,18.9633550326385,0,0,0,7.74124844648201,0,0,0,1.82500226215025,0
"ENSMUSG00000052616",1.40561964161521,4.32221107586235,0.613172046769899,2.15181294334557,4.06488759262143,0.871566516118434,1.3906412949438,1.99619157464648,3.7999999761039,5.70916730718443,2.27322708601737
"ENSMUSG00000052625",0,0,0,0,0,0,0,0,0,0,0
"ENSMUSG00000052631",1.26472130277229,0,1.08818389418645,0,0,0,0.966484798550662,0,0,0,2.15436871302758
"ENSMUSG00000052632",404.082022948651,229.91615763709,366.475467792494,245.476815078042,326.277272455356,270.727944324709,273.454831381666,261.275700470016,354.546464327409,418.321421713786,411.347547380002
"ENSMUSG00000052642",0,0,0,0,0,0,0,0,0,0,0
"ENSMUSG00000052656",365.134768859914,329.631472862641,404.724902002414,319.853552175676,388.770356345122,254.385546652102,419.511716924195,339.888631450839,289.968145301652,379.868299784964,236.057129684782
"ENSMUSG00000052675",50.4007318418898,45.1277799266123,37.2887358884623,49.0039710301851,38.0098455563642,39.7737294508868,36.8168750006048,41.7920481036648,40.7014281412117,47.608409487757,54.9431738962313
"ENSMUSG00000052676",17.9446191901785,33.8239001577714,24.807837422664,25.1665976975356,27.7027553027179,35.8447027301907,13.5328604080163,19.543628997809,25.6761909257528,27.5386540020205,10.0796844148145
"ENSMUSG00000052681",1055.39459539158,867.730180860985,1205.97672037983,1092.08870593902,1093.4592502514,610.1453468955,984.916361369763,806.251867308161,1072.54416995886,1311.94654346625,1055.41827919875
"ENSMUSG00000052684",5023.62255303626,3087.15619131867,6894.51192898524,3951.77995718683,3742.0422155625,2384.64523416771,2438.35664600343,5348.97806734152,3347.57203690324,4282.99085373446,2263.5211078241
"ENSMUSG00000052688",279.960935117974,210.51054388837,193.467371573423,194.015808574729,296.326397781229,309.718396116312,183.462877883697,236.340715099009,204.82879937798,237.760818648187,284.349131152901
"ENSMUSG00000052698",707.75987099864,1139.11201065277,1155.59600968787,834.408473422694,767.407878124539,1002.05940441517,1093.70467524919,718.309022997298,1068.5675091425,424.356699102963,2734.49153572912
"ENSMUSG00000052707",4174.11436118168,1109.38118200881,1988.50471250269,1506.95402206811,3360.26410681491,899.850723970456,1131.92852330156,2091.88161763589,1834.61872379185,5481.10049526062,2175.6279473787
"ENSMUSG00000052712",752.862491466195,872.526423934224,944.282636431525,903.037931170847,1101.56898867648,982.557615798079,1252.03318360423,1228.89787627091,1072.89048563103,1000.76090932003,1140.47791695627
"ENSMUSG00000052713",550.525508128234,302.075892280179,408.132439372278,244.143194397895,653.251259888294,264.645065079058,368.961947201132,285.630343708884,263.196439758158,322.925808905924,309.56325753101
"ENSMUSG00000052726",0.693842503674348,3.35770182313942,0,0,0,0,0,2.87966719493287,2.84419646578312,0.928358902574946,0
"ENSMUSG00000052727",301.848166704325,335.629415110875,376.538399898767,369.267361778497,424.124882036487,183.234311242134,278.026533829382,286.90252237454,224.227244021393,197.549609232622,191.767882964216
"ENSMUSG00000052736",0,0,0,2.20773906089657,2.12948273117352,0,0,0,1.84481430834712,0,0
"ENSMUSG00000052738",1272.95840272744,1287.57663083629,1240.73519812201,1149.37306421182,1248.90798910523,1251.39079166238,1200.41101063102,1454.20964861828,1138.40180251417,1269.77771405329,1181.991616876
"ENSMUSG00000052748",143.398884816717,150.067298925257,133.014086750764,124.893804029252,189.623158970348,159.173442892631,152.287911931718,142.683767695056,168.00892257073,137.627823651681,157.576446051588
"ENSMUSG00000052749",5.51487850835233,12.4378663624507,5.68591174982893,2.27562842370436,0,12.251317175531,0.884507400874183,2.57834177995932,0,3.38406326621336,1.99191999689119
"ENSMUSG00000052751",171.934393993537,173.637752826339,149.471050973117,195.128450372623,159.445371491786,144.828227978653,195.244713759261,193.985694643845,190.685555681519,184.119971459337,196.063760022236
"ENSMUSG00000052752",1005.65542622743,1078.57768218356,1045.43517153477,1019.62461168794,937.942047586453,1249.49330609799,943.057967073731,891.690687554279,1325.17329444977,1011.68918988906,1264.54089031384
"ENSMUSG00000052759",0.678187956552422,0,2.63217549601878,3.26893283644582,0,2.62427006475217,1.02323718872517,0,1.90844206785205,0,0
"ENSMUSG00000052760",18.1297494610928,79.0779026733653,32.8999019727345,16.2576074736424,32.2778894640142,58.4049148477969,23.6988554322223,19.1820981147396,18.9150882190514,31.5926800729018,13.3900366170191
"ENSMUSG00000052763",233.521955622579,219.292478613689,241.579806081649,253.13079287847,299.288063045981,246.759631816735,257.331596678236,228.60756173779,231.082711195568,281.049009126072,252.10580802995
"ENSMUSG00000052776",436.028340852275,274.719535564962,209.115709915672,243.701195626191,188.904750141042,236.4240751749,276.813732992946,125.991674897878,240.937287409873,188.44991534761,265.161003892673
"ENSMUSG00000052783",39.5557424537223,27.3997778741523,51.6794991663109,77.2699524979692,81.7934288043027,60.5685455069255,62.2837401420908,51.8102516588212,65.2296436785133,49.2030399076061,75.3078976199989
"ENSMUSG00000052785",0,0,0,0,0,0,0,0,0,0,0
"ENSMUSG00000052794",95.7974196036614,102.093570480201,120.315234420586,133.403298081302,102.238242153643,172.956590622073,97.1339982721147,125.086282946491,94.6866419747054,127.822021620564,101.808666025398
"ENSMUSG00000052798",162.123928061115,180.029987156212,119.772498759828,105.900138365525,114.122176049987,156.96153424296,107.972572087615,136.300182906383,146.616225031,121.600447529462,155.59811383566
"ENSMUSG00000052812",349.623013378443,237.45084178948,381.578364685266,343.126532825477,250.980915557509,122.427093816197,416.560013690999,178.517407201689,373.01024874487,217.015029509434,294.124426865514
"ENSMUSG00000052818",0,0,0,0,0,0,0,0,0,0,0
"ENSMUSG00000052819",0,0,0,0,0,2.57027112064533,1.02190836039142,0,0,0,0
"ENSMUSG00000052821",46.2884492269135,46.6278388481985,31.4065480937121,39.4360260399777,39.6360270074364,49.9401036449228,46.1900589376859,30.1650153620682,18.5197047830497,16.0113512351688,32.3968789668251
"ENSMUSG00000052833",572.781841457422,633.590158272822,441.806768076876,558.60956581321,547.713945044076,628.982435901157,520.529786523706,603.489382026409,471.001706194501,435.278985805628,521.625314729848
"ENSMUSG00000052837",1953.63420803698,1530.03230148856,3489.36250105547,3143.92877345096,2787.33684183141,1057.49340377786,1675.57620971715,3057.06891187593,1797.75238148908,2717.10641802962,1603.74452837975
"ENSMUSG00000052850",0,1.0893911961164,0.881573779525692,0,0,0,0,0,0,0,0
"ENSMUSG00000052852",5.68979444788641,0,0,0,2.24760990246606,0,2.1986421691109,2.07227706199221,0.984934158923709,1.01902527875762,1.22377028499401
"ENSMUSG00000052854",3.54194391314191,0,1.83421128839615,0,6.91697583701547,0,1.07090965498498,0,1.7630211297408,0,2.3524404967574
"ENSMUSG00000052861",6.21316748460566,5.41422906643554,0.888352023811765,0,4.20886564372762,6.38872664524347,1.03003125942157,2.96389048726847,3.76106296419048,4.70855928198901,3.42240335714135
"ENSMUSG00000052889",49.7435962179225,111.744807099917,36.3538321489563,27.2565230965241,28.501384608339,57.6414027868137,26.5683293531332,30.7532256974832,35.9139367583269,38.4953203834334,32.0785662131004
"ENSMUSG00000052906",184.154746218608,165.58072463172,191.307557628792,142.042676566127,188.198847185337,131.550209470955,184.055071867979,168.402145445787,175.784001636508,167.144803448383,170.653504297803
"ENSMUSG00000052911",1103.66747597555,933.917357626567,1293.28503379169,1124.58754079641,1556.6418940958,1256.19597595704,858.467451473391,1182.15095423123,1389.24155612169,1132.34070328852,1323.18986254949
"ENSMUSG00000052914",206.748051127765,264.030393722153,252.173737787185,262.162354453592,191.372628638549,195.172278760114,248.390384784026,215.898743572917,247.863145152456,173.06342599735,282.523695132428
"ENSMUSG00000052915",1113.64276172616,994.146588053029,1048.27266144457,942.849564215973,1069.6434644834,998.80685250722,1096.96648223872,1137.23379580198,1020.64055939185,1160.20719852009,1085.62481308109
"ENSMUSG00000052917",117.423633298728,116.124248741877,155.491392688961,95.5643402613098,143.724543940771,99.5815694815078,127.755294362301,97.6405284079118,101.239404514395,142.504629566988,82.3533520073436
"ENSMUSG00000052920",107.628454821252,57.8125305086603,50.2125911117326,3.70091691243718,7.6407467378235,2.16153050032014,5.66785619895311,4.85468862424775,6.10931349199992,5.70152512571661,3.73260140152474
"ENSMUSG00000052921",100.986934550884,115.808654968464,115.67997202555,99.8998393885343,125.672468055109,118.737506141386,104.322264476424,147.710638280539,110.48266390115,103.795404181871,173.763416523596
"ENSMUSG00000052922",0,0,0,0,0,0,0,0,0,0.936366945291052,0
"ENSMUSG00000052926",253.106103139894,380.6858077544,214.940580586426,303.349925524984,330.584372052077,305.315789139494,666.335353414215,407.596993197138,576.656767790004,369.7249831497,379.097774033985
"ENSMUSG00000052928",62.2535109338758,47.6225989249978,54.1852741247198,54.3771775811953,53.1647210432757,75.6102178151551,42.9924220487665,89.4741975002742,52.8004368040792,58.9821147068996,55.963632205301
"ENSMUSG00000052934",636.988812984233,751.77694255738,1143.28433420792,1936.25403115705,804.091038997362,790.327656497503,1016.9935233332,1005.73069765542,1156.71647035352,1592.37265785334,1009.1248797926
"ENSMUSG00000052942",48.830059450989,3.13919998872044,21.8813829407771,2.37056532724303,61.987999520203,5.60223537486164,11.8692693449051,4.30084421835422,10.9813918213902,10.85866077491,6.6248243584204
"ENSMUSG00000052949",41.3929908319737,78.1056336945198,30.6492147020842,53.5142791599152,100.51731398956,44.5418609099348,19.5509335523034,53.6349273222801,18.0425526267192,47.6947515196562,24.9109516141097
"ENSMUSG00000052955",0,0,0,1.0895783501383,0,0,0,0,0,0,0
"ENSMUSG00000052957",305.25920989962,181.266243439806,351.758238336187,257.126261467898,264.452984380436,112.204981072359,395.086099128878,277.524464836829,312.714008078868,199.27354646397,234.688043707024
"ENSMUSG00000052962",162.321536806744,182.692905058072,157.581438206568,155.836352228778,135.387872303631,219.717722050421,214.932295477367,164.544937822956,166.573439576953,171.815434230971,187.406286707508
"ENSMUSG00000052974",873.518705906244,913.248855176749,799.581048145006,2957.70587387498,492.26522326891,505.097695988639,706.677150037916,353.978613545034,965.343282351104,363.841918635043,989.160290361756
"ENSMUSG00000052981",0.689831645952021,1.0808103274448,0,0,0,0,0,0,0,0,0
"ENSMUSG00000052997",733.694416435436,764.466445808842,690.605042421129,729.056281273143,710.894730279263,821.168429645306,760.605626775796,737.446733402679,911.414835535101,832.12866782654,1033.72859033502
"ENSMUSG00000053004",2.04918503611269,3.22775731614354,0,2.18590346474395,0,1.29307355605833,1.02424987883087,0,0.943497642001282,3.76407301149896,3.42602016213153
"ENSMUSG00000053007",3.74308453187445,7.06717039125663,4.83643860355911,6.80422978687588,3.49403529813526,1.4050997652971,7.87874707660739,9.71099003214883,7.67672011179222,5.17888404945941,2.51222586652556
"ENSMUSG00000053012",672.099238864591,702.649216122641,802.934107237929,832.170039291137,926.602793269204,687.232371659889,753.8583131761,786.225283894564,794.630066394538,906.99144612781,805.707120008775
"ENSMUSG00000053024",0.392523274691834,0,1.06946142776376,0,0,1.55109998556144,0,0,0,0,1.37669444301066
"ENSMUSG00000053025",0,0,0,0,0,0,0,0,0,0,0
"ENSMUSG00000053030",0,0,0,0,0,0,0,0,0,0,0
"ENSMUSG00000053040",14.2331973331584,20.5938579442453,32.2136016783453,13.9115929942008,25.9639856156643,34.5360880396034,26.5019134236385,20.530185217182,20.159216997009,18.390740942345,14.0943226601537
"ENSMUSG00000053044",21.726673296413,55.3212447714966,1.76659895255098,0,1.06687241182214,25.6725399560207,5.17557612749212,3.94579199654831,0.937187198439503,13.4744556283146,0
"ENSMUSG00000053046",1.37987853529677,0,0,0,0,0,0,0,0,0,0
"ENSMUSG00000053054",0,0,0,0,0,0,0,0,0,0.936366945291052,0
"ENSMUSG00000053062",64.867379411397,31.1520444928936,67.0417052967593,46.95456262803,72.4852044572099,58.0210563911706,59.1589780149978,61.3940513210936,52.8481338609622,56.5614428113887,69.4601675660398
"ENSMUSG00000053063",1034.38675759912,1896.61163323559,2729.41100361123,5021.14815591707,2282.88380436664,2772.69824938341,2178.55049896727,1748.86100104704,2104.19854092817,3173.04207276707,1191.36287666904
"ENSMUSG00000053070",8.75272987285574,7.14882458259196,7.4525124373589,1.03374465331078,14.3058792200482,8.43372441871128,6.84095630391046,5.45504025118208,3.45056522448586,5.40342058470494,3.22956887074436
"ENSMUSG00000053080",114.072224327127,91.148601643917,115.453761317062,78.7954691037152,111.321164590767,89.5675861739054,110.900928363424,103.825323997632,120.217094954635,114.189654047155,89.8614787760016
"ENSMUSG00000053091",48.9441947588502,39.1821656910931,38.8945871448957,126.174679618001,57.8145473889426,52.0561521429931,31.2648417348557,93.4571793291345,116.424862951973,32.74711572417,143.824531643665
"ENSMUSG00000053093",122.295567413582,3.24772133243294,99.3436566488215,11.9601356694802,1.05625585036149,0,0,0,0,3.7349659720359,1.13884453335897
"ENSMUSG00000053094",1002.64654892927,942.762100601613,801.481595950678,1099.50678557098,1221.06643983597,903.142515116474,1371.92937566704,997.850733669494,1234.92508988132,898.262293115662,1148.63373235642
"ENSMUSG00000053101",4.34910876431729,4.43656585162049,3.59540421513986,17.0756322922175,3.39628754174765,0,12.6057871251441,2.37489371258703,3.75534181139238,0,2.78488735594085
"ENSMUSG00000053110",502.458043522516,421.880684551836,489.066092390995,452.448966219502,589.872465984872,437.465503136005,459.917392956133,567.618774520823,464.822599328519,584.853524427016,539.806664554213
"ENSMUSG00000053111",1.09936532160466,0,0.710088889747912,0,7.69242118009848,0,0.822739810413919,0.795805970882916,0,0,0
"ENSMUSG00000053113",68.6616406738791,54.4408176280751,37.1319081813846,43.8175646754393,112.935742521622,57.3947242714708,24.8203473873308,72.3911802299953,52.3771281096917,76.5470823447985,46.2765386053625
"ENSMUSG00000053119",1155.14251860741,1111.96077042857,1282.58974501042,1287.92129430705,1127.80899018121,1015.13637108885,1300.08145090048,1141.3923461435,1106.66048051647,1204.89877294946,1199.8523265069
"ENSMUSG00000053128",247.946943631453,134.108539359386,130.943177925598,195.067704170897,166.499351971388,108.361386172862,185.526291069,94.7758337773894,91.2465024337391,186.231016483271,274.441164208516
"ENSMUSG00000053129",0,0,0,0,0,0,0,0,0,0,0
"ENSMUSG00000053134",96.8490117747202,130.725879877198,96.9087344085131,115.61786580832,117.545006019489,132.552168196218,104.960713384167,119.922089157879,126.915295133104,117.741727769579,113.603314505683
"ENSMUSG00000053137",60.6160536226666,84.326420514696,45.0991174994788,40.3376306240667,74.3271108787776,42.5748400148821,30.8585648084854,39.1411084542343,62.8385042874084,81.1540187740391,46.7977278850684
"ENSMUSG00000053141",48.0332306623803,69.3219725801559,65.5013059729177,122.289946889119,34.8834174665982,57.0720808338795,98.2912807777399,70.2108947214828,110.205080109034,62.674082867097,177.543164198827
"ENSMUSG00000053146",0,0,0,0,0,0,0,0,0,0,0
"ENSMUSG00000053153",0,0,0,0,0,0,0,0,0,0,0
"ENSMUSG00000053158",1774.72116580598,2462.18710976656,2008.78712095366,2063.87058496421,1632.51447983272,2569.85577964106,2027.26369848611,2247.43600642162,2004.79336315169,2017.70504734654,2614.96647249043
"ENSMUSG00000053161",0,1.08064173486522,0,0,0,0,0,0,0,0,0
"ENSMUSG00000053164",4.7977971841477,0,0.887836466988933,2.2005272382178,4.22868487205942,0,0,0.987009889785104,0.93784344597357,0,1.14852522030109
"ENSMUSG00000053166",0,2.16792912144587,0,0,0,1.27921587157334,0,0,0,0.935464221243334,0
"ENSMUSG00000053175",295.053565700785,173.260478919655,122.457712505108,114.516281028971,277.38203999107,196.107383998154,135.514897916321,117.781452254608,96.6617330020626,293.697396467228,189.759582720977
"ENSMUSG00000053178",14.9537329109415,25.287046774689,30.2871783034834,19.7104521418882,19.9383422072322,19.2088371178064,27.7664549079994,21.4460737118079,29.6074262993748,21.7501567681798,18.6211505620101
"ENSMUSG00000053181",0,0,0.871985046962534,0,0,1.28756666619334,0,0,0,0,2.31445244652323
"ENSMUSG00000053182",0,0,0,0,1.35655889787877,0,0.632312469397717,1.24593161964611,0,0,0
"ENSMUSG00000053184",0,0,0,0,0,0,0,0,0,0,0
"ENSMUSG00000053192",15.4520916939861,27.1049853891511,25.7579190039961,20.723118951216,24.552236079419,33.4400891317527,32.4328056636447,28.0753677023487,24.1779882115083,25.7271561843722,36.1666756135857
"ENSMUSG00000053194",0,0,0.878209849854836,1.10260752242344,0,0,0,0,0,0,0
"ENSMUSG00000053198",111.217200576035,81.9521413785189,117.88034198067,128.42413175711,158.17622948698,105.787845786773,168.491579057095,75.8477877710788,187.228020333444,150.086095038803,187.163001080432
"ENSMUSG00000053199",19.499240993195,6.5580926577822,3.58932892604136,3.3047408931301,10.2422587067285,1.29263601526957,5.17445475580069,4.99607910171784,8.25982289728931,4.74221329059872,13.8611933710923
"ENSMUSG00000053205",10.1168469158603,0,0,0.164297308747567,0.079236782995121,11.5206382003839,17.7374828663681,0,9.21166688416165,8.41519760178932,5.12467341067631
"ENSMUSG00000053211",0,0,0,0,0,0,0,0,0,0,0
"ENSMUSG00000053216",20.6353779055833,14.9332593605168,14.1315931011503,11.102164837272,26.2772848817272,15.2910954359414,20.328030712209,2.97130686860828,23.1094118543172,6.55668308289961,17.1451583467973
"ENSMUSG00000053217",0,0,0,0,0,0,0,0,0,0,0
"ENSMUSG00000053219",8.30088029612082,2.89187603388461,3.92740434122753,12.8902543343795,12.2544286936089,9.20167538933893,14.1459688355601,54.2074001546084,3.29228173567655,19.9467181917742,11.2421568388872
"ENSMUSG00000053226",8.70473022568877,6.41216460807036,6.15273643686017,6.59383747803,3.22293737539708,3.87209488626413,5.20484863581849,4.85224251591007,9.28264281516532,6.73739594167798,6.93580702171289
"ENSMUSG00000053228",0,0,0,0,0,0,0,0,0,0,0
"ENSMUSG00000053251",0,0,0,0,0,0,0,0,0,0,0
"ENSMUSG00000053253",633.562985257113,729.784631979501,735.500095739751,780.333614593113,838.581057555284,741.667387537307,800.121683206593,867.775960059589,722.566240370661,813.723090394744,783.3390124621
"ENSMUSG00000053268",0,0,0,0,0,0,0,0,0,0,0
"ENSMUSG00000053279",129.641173759228,45.7670854654182,64.2642484579643,65.5607729121004,135.898979230147,46.9043300156692,33.8488262706826,35.3118110493386,100.776563752079,78.1197122245229,44.3168082323934
"ENSMUSG00000053286",376.948255693272,375.442932952399,290.290837374813,318.254847818139,309.609113138661,337.98227959779,350.609241398343,381.911308009886,413.903464738872,391.638639339766,335.466633159869
"ENSMUSG00000053287",0,0,0,0,0,0,0,0,0,0,0
"ENSMUSG00000053289",374.463001226445,358.365898710761,315.14803892905,305.426013643475,352.44889110046,326.130412821931,351.455891679509,281.062958810283,313.782305245655,320.589324815207,356.836544784042
"ENSMUSG00000053291",258.410128775848,292.190919977652,227.825621020411,210.654737298117,213.756608464686,252.106435723253,247.108179648513,212.22405868419,229.707278827341,246.788750166442,262.991500253699
"ENSMUSG00000053293",367.147405310427,296.31788469079,319.591158634557,305.146385270677,302.730872772641,321.870039270791,292.965363626967,324.874571938582,296.81043561747,328.448668497637,427.354635276472
"ENSMUSG00000053297",1.13582063553562,0,0.322947872687088,0,0,0,1.71250587198764,0,0,0,0
"ENSMUSG00000053303",0,0,0,0,0,0,0,0,0,0,0
"ENSMUSG00000053310",1.40996203304439,2.15028694669065,3.53675900231953,5.42017309740338,1.10369894850147,3.82616976389859,2.03853081845094,6.912893873046,2.82583737841282,2.65506783201637,1.1653181330302
"ENSMUSG00000053317",796.955591016023,1081.58246677588,770.067174004188,795.775249637741,689.863794799195,1022.2656846423,1017.56106887127,1099.45404190271,743.735427571361,725.18504475408,788.398726494945
"ENSMUSG00000053318",6.78187253142355,17.1708087833835,9.6892165374348,12.0700667884181,6.35855318957103,5.18474858086799,5.15208368435176,2.94719331537895,3.75502794155122,7.60329419098617,3.43754084696269
"ENSMUSG00000053329",764.219802650665,773.771703923263,700.968368127287,862.196803488493,695.610254145734,821.463454050432,867.456530508666,841.882651697342,761.494829705195,800.268113844541,895.611671213921
"ENSMUSG00000053333",196.4237490771,195.934751768234,181.24771236291,196.222703668846,216.974010490304,173.979584044743,184.186141404737,238.056186005949,168.522459082023,208.973191981389,208.872413815118
"ENSMUSG00000053334",74.5447107753016,104.781059813321,71.9164351155223,65.3197486193493,51.188268820912,113.845357019888,83.0316792412766,107.910251492894,94.0787896420417,80.7753084366116,119.052243205483
"ENSMUSG00000053338",0,2.16128346973045,0,0,0,0,0,0,0,0,0
"ENSMUSG00000053347",170.791332716813,94.3262239454997,80.2175029268308,162.67815915745,128.51864438764,108.63832775045,81.5874856020673,117.486491201954,146.189710129591,135.276327419314,192.218537388796
"ENSMUSG00000053367",0,0,0.888711478704946,0,0,0,0,0,0,0,0
"ENSMUSG00000053368",0,0,0,0,0,0,0,0,0,0,0
"ENSMUSG00000053375",0.684855092291436,2.1773282422376,0,0,0,0,0,0,0,0,0
"ENSMUSG00000053388",0,0,0,0,0,0,0,0,0,0,0
"ENSMUSG00000053389",0,0,0,0,0,0,0,0,0,0,0
"ENSMUSG00000053390",179.627402283921,167.135090859338,153.232970747604,177.52566581688,129.740238624203,158.590114111329,171.408476526189,188.772477884842,167.183222363848,157.235182225363,195.912095489278
"ENSMUSG00000053391",0,0,0,0,0,0,0,0,0,0,0
"ENSMUSG00000053395",1.37297999496476,1.0828010924119,0,0,0,2.57202974821748,0,0,3.77126245000395,0.940118362606543,0
"ENSMUSG00000053398",2173.61982690927,2550.1895753724,3302.27602371748,4984.41053090097,3130.00713421636,2794.70800864238,2931.17851589189,3112.6366644219,3362.57116291895,1949.98138289222,2472.33875561349
"ENSMUSG00000053399",8.30412142673506,3.23240217503466,2.66270797156281,4.35496735983168,8.4433309663222,3.8475064743775,8.1643424535424,4.96008175822201,8.52039193640226,3.74353763181065,6.85861160963431
"ENSMUSG00000053411",76.138224473786,98.4092518763766,84.132378154529,74.4882646771799,53.3300311223713,119.377330634615,82.1209658121063,47.3341000234512,62.5487099982513,120.183951818019,78.4601304140603
"ENSMUSG00000053414",22.0989293319253,11.7133402119454,14.0478070628205,17.2649170905908,20.906125716961,19.0546502604966,17.183992456068,16.701747559666,23.4305939264605,22.2928458385517,32.8597787001264
"ENSMUSG00000053420",0.689939267648385,0,0,0,0,0,0,0,0,0,0
"ENSMUSG00000053436",441.071782651035,280.136949238658,440.947912759195,684.418731484371,266.383236917995,298.754818903614,240.170081759265,292.926419432735,487.189249600429,456.028778780283,320.383199435978
"ENSMUSG00000053441",0,0,0,0,3.16762970150708,0,0,0.989579293648402,0.943697781285499,0,3.42693405915643
"ENSMUSG00000053453",1101.69536448497,883.942366504259,1236.6028827027,1287.6012006712,1313.17081273707,1010.7362993685,1382.89214866061,1249.50751104121,1246.1441311036,1286.80348847673,704.982977942232
"ENSMUSG00000053460",351.287540205039,467.611339430571,357.49904622628,327.880557144659,346.381804495172,486.329594693955,391.33187238889,482.306164160746,359.24277151141,336.500839576746,354.355507142812
"ENSMUSG00000053461",1350.56995044499,3427.44170909605,1958.29821123991,3492.39846484214,4726.36505819629,5312.7669667728,3300.43489943701,4636.36630605497,3803.35900509828,5509.20183837585,3704.52416758918
"ENSMUSG00000053465",0,0,0,0,0,0,0,0,0,0,0
"ENSMUSG00000053469",4.84031975901677,3.73544811628362,0.149252078359769,0.942266174162837,3.80088316369196,15.7911386537469,0.88166257977855,1.73272006452949,10.0561596181654,9.91255615087593,6.07199240485001
"ENSMUSG00000053470",695.001455234835,940.623792760768,1201.31368733514,1379.89074445479,1165.85220606594,753.92018393857,1095.24378190713,1270.11866983126,792.978249782036,1165.05118569047,749.01904915195
"ENSMUSG00000053475",15.6394447188494,10.6785847354636,9.7122287315573,2.19719317785294,8.47793677290852,3.83924115207993,8.25940327475303,6.89674711497364,4.68149065258251,7.63541017039683,4.60683359735904
"ENSMUSG00000053477",274.462235779753,214.927072587378,222.410538270047,274.695695061546,225.150569875784,202.702826135995,237.771130346045,216.20322908162,248.655405239713,313.441468767891,280.066711551549
"ENSMUSG00000053483",289.564399475961,349.575074498553,302.911554637174,238.498332071146,292.349376452927,343.007583463964,243.316622149247,359.68273328481,309.105778987285,308.201981112082,266.672848602748
"ENSMUSG00000053490",0,0,0,0,0,0,0,0,0,0,0
"ENSMUSG00000053508",0,0,0,0,0,0,0,0,0,0,0
"ENSMUSG00000053510",2137.60090954479,2327.77533011018,2231.1773951704,2217.56573744674,2330.10744964557,2337.21980693653,2114.70323647285,2609.9040834734,2145.79844083067,2085.57193873523,2306.18510703284
"ENSMUSG00000053519",0.689939267648385,0,0,0,0,0,0,0,0,0,0
"ENSMUSG00000053522",272.189221301774,196.712315978984,364.544669858438,173.401145804224,606.445716054154,106.692125710303,271.610922469784,221.884468295412,264.785024945103,178.469924284415,167.592708605441
"ENSMUSG00000053536",366.194258616635,302.71864626177,310.816087350373,291.035812208288,303.432632278927,304.692600957179,278.652175369692,317.490724999799,306.700515566294,285.202982314983,330.730915064674
"ENSMUSG00000053550",24.4581877410056,21.3794526590315,38.2655331489094,33.0865930596079,62.3456290875813,39.3660101033848,35.4677399359713,34.3976918336578,28.1311955861867,45.0148803375879,14.8974081256277
"ENSMUSG00000053552",9.15868884327468,5.70389922401214,4.64785096965848,3.55749421742885,5.54519521727423,1.31976386237545,5.37003511119375,15.1882413040701,7.02621335647077,4.09824111086697,5.27957195934601
"ENSMUSG00000053553",55.8574497972655,67.7274878367865,81.3716087403436,55.7322402593581,62.8366910341329,78.6616742183153,65.7204393708233,57.6807479613177,55.643310005507,58.6847185926433,82.2799077358598
"ENSMUSG00000053559",274.069929042749,261.705114070405,311.9977901774,380.118576793578,230.808841246324,299.280737735008,274.877376439383,223.856722758273,263.246720348107,331.543551851524,259.506513002514
"ENSMUSG00000053560",2802.22656058228,2251.00240687259,5303.91585429781,3198.76362777687,3069.60550143713,1582.22747476639,2465.29831399346,3849.28325908116,2875.43770779881,2994.46325932922,1828.44780027496
"ENSMUSG00000053565",959.090311878035,1312.04326056207,1094.4135714821,1285.13575319241,1081.45214181158,1171.00912534205,1137.24560986516,1226.73528989912,1198.72398129471,941.07601844876,1226.6576668515
"ENSMUSG00000053574",1.32184031370755,1.09155383374056,0.897474875956025,0,0,3.95275433460442,0,0.988311436345696,0,0,0
"ENSMUSG00000053580",455.10636230934,317.363574261129,596.036398692051,284.159922423489,559.441253417371,252.830805129866,356.784059065869,315.286720496419,311.609615681152,334.642580680302,304.883877884695
"ENSMUSG00000053581",55.0879776757721,80.0566686442062,79.6016076359818,47.7619454067178,61.2527235810579,36.9238719521,67.2116767695596,64.9899310904211,71.629148651111,99.7129382415262,47.254776682969
"ENSMUSG00000053593",0,0,0,0,0,0,0,0,0,0,0
"ENSMUSG00000053600",134.142155303263,119.152131815084,130.475903632298,121.219786137923,131.086799681674,102.765952357649,107.304736811785,117.444618175085,98.0102293385341,121.167663228486,110.628846021501
"ENSMUSG00000053604",219.175791458499,249.365108082314,181.704249822357,183.07319669901,247.72807435418,265.609570703028,196.030712169828,238.343853309053,234.823185287392,233.351440852189,255.062404643043
"ENSMUSG00000053617",359.285330846592,229.754687671406,271.91876724659,182.6968527149,419.348595918494,198.824225634646,324.974969790997,275.777133461463,233.613130997235,169.279384492308,290.47049056014
"ENSMUSG00000053624",0,0,0,0,0,0,0,0,0,0,0
"ENSMUSG00000053626",5.50691457506723,5.39720021339402,11.5300346166668,4.37271357805687,6.33318028072405,3.82819424303239,6.19128145680881,13.7997219973951,11.2539973761318,4.72389388440765,16.0089282068449
"ENSMUSG00000053641",757.144492573565,237.520768498286,570.808753322775,985.69249644326,468.004113126917,275.472923798637,1067.46302701042,225.494818302825,660.624603275659,342.113683285593,292.172663617411
"ENSMUSG00000053644",2869.97370075677,3938.91208545115,3935.46883424805,3836.04293181664,3604.35774127581,3814.22638109563,3586.4011737103,3735.25219148876,3672.6481978078,3593.31742130851,3173.34411776647
"ENSMUSG00000053646",196.808576796887,99.6881868482428,79.1268432874132,95.5754150289299,104.994098008969,87.1734428165559,73.5595347714644,108.522047738261,81.315428732648,81.1864970341528,83.2660858575909
"ENSMUSG00000053647",2.74614101809152,0,5.31898015439818,4.36014241664906,3.19848254173305,8.96089705541807,1.02615793283783,6.86913056802134,6.58137916661908,9.42059900858588,6.87539035575887
"ENSMUSG00000053654",0.689405366073585,1.0782240952672,0.888607084633387,1.08834273906075,3.20668361000994,0,0,1.96183828469239,1.88160378431177,0,1.14674706020716
"ENSMUSG00000053675",3.46158919857001,0,2.65921221733381,0,2.10841954816272,0,4.07737372596783,0,0.944950700097945,0,3.43167016114032
"ENSMUSG00000053678",0,0,0,0,0,0,0,0,0,0,0
"ENSMUSG00000053684",40.9915789393394,29.1791350898718,35.3839853393084,57.0370016536299,28.6433411971427,31.2477096132585,36.3290416132544,19.2515354803043,37.7373758221669,44.4302677699995,32.9964450950088
"ENSMUSG00000053687",5.5477635739402,10.3489721528462,3.09972544177656,1.28401804688527,12.3406803381547,10.2169408033639,0.898032839093075,4.35837115057257,5.5299072597251,8.84662032229908,6.02966671174813
"ENSMUSG00000053693",21.4273638909519,28.173201380496,20.4479887245369,21.7093355142649,11.6717996627229,20.506826457774,24.5483207512825,19.7351304307874,18.9103716516844,16.8214132912297,17.1110968578253
"ENSMUSG00000053695",0,0,0,0,0,0,0,0,0,0,0
"ENSMUSG00000053702",3.42209674492518,3.28638089636367,6.24849443008296,1.89698973315563,5.2132470994728,0,1.13853096113504,3.27886516898946,4.34116897114897,14.6481684671073,4.08543373160286
"ENSMUSG00000053706",0,0,0,0,0,0,1.04510810670847,0,0.928074001130093,0,0
"ENSMUSG00000053716",708.146961797828,805.099676481307,1303.79414565258,1361.01250313096,1296.5577018586,824.003391914322,1443.58375229309,1279.0265539334,1321.7116913332,1544.03748810905,1386.48913654677
"ENSMUSG00000053719",19.4610641816774,29.8293471788228,25.5028927335249,27.5523339734046,25.4120888358891,27.2096797826263,21.6287368002055,11.8557187005105,12.2307251178483,21.9484487702946,17.2723135594913
"ENSMUSG00000053720",0,0,0,0,0,0,0,0,0,0,0
"ENSMUSG00000053729",0,0,0.888711478704946,0,0,0,1.0244779114794,0,0,0,0
"ENSMUSG00000053730",112.665939374825,79.7102201165459,89.9434812636808,73.034215275269,124.498820004111,87.5233568043529,86.4543429080326,102.300613394135,123.418731353992,108.801994787715,123.837594346791
"ENSMUSG00000053742",0,0,0,0,0,0,0,0,0,0,0
"ENSMUSG00000053746",23.4324932274514,35.2706770782718,29.063843362039,37.2871186977392,37.5547707649319,35.9402967726278,26.9710520919379,29.3039987737521,30.8053231119919,16.3473710515689,27.7191697298769
"ENSMUSG00000053747",0,0,0,0,0,0,0,0,0,0,0
"ENSMUSG00000053754",1727.09629948013,1975.42403091244,1271.54419434559,1632.21672495149,1439.33307150625,2543.69572517213,1561.93504356191,2118.78053734659,2148.75040055106,2090.83930492977,2235.51696270011
"ENSMUSG00000053765",0,0,0,0,1.05095675570363,0,0,0,0,0,0
"ENSMUSG00000053768",548.255675598363,584.601870931623,566.459080815866,626.567531843006,594.744707242529,678.829162632161,674.765767364894,709.669543244129,484.125888224434,565.954961317362,544.789054265586
"ENSMUSG00000053769",91.4106665456986,97.9089861482083,106.424466070077,127.767786917464,134.180061777451,125.113936562323,120.947546521207,115.812141975215,124.395290977368,123.681478025282,112.010208965701
"ENSMUSG00000053773",0,0,0,0,0,0,0,0,0,0,0
"ENSMUSG00000053774",137.983723065077,123.948448825758,198.571857549703,193.822624279933,203.425097541196,109.798884714761,170.745179625178,163.463179439288,138.519257172853,172.910892734509,97.0555821457435
"ENSMUSG00000053783",0,1.08064173486522,0,0,0,0,0,0,0,0,0
"ENSMUSG00000053790",0,0,0,0,0,0,0,0,0,0,0
"ENSMUSG00000053797",1.36603623514381,2.15523634502636,0.883755153256284,5.47118015156744,7.39350932455244,12.9538504197568,1.02599560902893,0,4.72097560937293,0,0
"ENSMUSG00000053799",225.179953704356,288.945022168023,257.590477926922,225.996547001319,246.997602172494,276.210676272258,265.205497714704,308.741391878069,256.252574571043,284.090040266175,228.807728390557
"ENSMUSG00000053801",130.649495671019,167.147715010721,85.9283342685731,85.2155922698663,97.8495127686411,109.751368265344,201.423412684083,63.560995494442,126.65951935389,260.400192419886,177.29966798705
"ENSMUSG00000053815",0,0,0,0,0,0,0,0,0,0,0
"ENSMUSG00000053819",240.80912639591,201.653223184967,281.934876913948,267.569815996102,318.86080427267,176.685448638673,232.384767948184,314.034870091722,266.193853182157,235.945590682483,255.923174239597
"ENSMUSG00000053820",0.661638036857393,0,0,0,1.09591089684672,0,0,0,0,0,0
"ENSMUSG00000053825",0.686065277800657,1.08708021678329,0.888973749841955,2.19230393154422,3.14811822544679,0,0,0.986797301215086,0,0,2.28263954070748
"ENSMUSG00000053835",91.7748981260388,79.9499759926487,43.8205621699059,98.9188933270271,90.614925458343,117.788667829165,112.620365070378,87.4565478252235,104.542904600648,125.204755536294,82.4291674583166
"ENSMUSG00000053838",396.654023002058,342.41348658163,358.111571166268,366.11462244187,313.746541408929,364.230240856024,312.84333449187,360.846219806991,336.293287279787,284.14635173027,389.304062265011
"ENSMUSG00000053841",785.276128437989,632.751046892391,1120.86027498174,718.306384809757,698.616142426754,786.199461511303,665.868618783723,734.808390736374,728.615659849394,677.45252011139,875.798312857086
"ENSMUSG00000053846",79.024769940149,253.061615430743,69.9793902213048,169.371402629273,96.0020678122387,161.573813051153,96.1281979033529,115.20522912325,212.721317617091,69.6631730737939,288.929985941151
"ENSMUSG00000053852",0,0,0,0,0,0,0,0,0,0,0
"ENSMUSG00000053856",0,0,0,0,0,0,0,0,0,0,0
"ENSMUSG00000053861",0,7.41334924502494,0.875830613637554,2.18720851992218,2.1598826715474,11.4925295200062,5.2155059162218,8.69123272044744,7.37340534999129,4.81017837188257,6.96042505687697
"ENSMUSG00000053862",0,0,0.888711478704945,0,0,0,0,0,0,0,0
"ENSMUSG00000053863",0,0,0,0,0,0,0,0,0,0,0
"ENSMUSG00000053868",0,0,0,0,0,0,0,0,0,0,0
"ENSMUSG00000053870",101.37576106384,84.7334404056418,78.8814085543125,87.8744523429353,87.2288568343807,89.69531123656,110.173896947173,93.0845229020582,118.296790127407,89.4816886809763,141.709912110514
"ENSMUSG00000053873",0,0,0,0,0,0,0,0,0,0,0
"ENSMUSG00000053877",2766.67789075154,2395.68452117571,2517.32153445829,2270.4268306285,2633.1125640864,2746.99350663528,2347.05140183614,2690.0293524786,2368.47542103065,2718.64726074166,2784.29523865354
"ENSMUSG00000053886",135.952751002607,126.370387055771,144.487759667246,155.035127090556,116.305773381489,210.520999853178,173.100795426197,245.642864717794,130.963565009769,167.066314046217,173.448454443629
"ENSMUSG00000053896",0,0,0,0,0,0,0,0,0,0,0
"ENSMUSG00000053897",6171.6583690567,6454.61671440775,5223.03218602496,7477.51560318816,7179.04858971743,5338.87361657004,5929.41559031906,9274.96242011643,6924.89997352372,4942.78033028805,7924.54191979228
"ENSMUSG00000053898",1880.08742937559,1813.98046181226,2029.49386410216,1906.74936926727,1734.26006998447,1853.69173507239,1763.8164669786,2095.73149210069,1852.78346896187,1906.44871327052,1776.62948603599
"ENSMUSG00000053907",1265.84370939947,852.891084628728,1278.16885483365,1071.16317226411,1137.5569820951,864.823032721503,933.559783783598,932.1028849691,1118.71631583826,1146.39179500349,1373.06997278436
"ENSMUSG00000053909",0,0,0,0,0,0,0,0,0,0,0
"ENSMUSG00000053914",2.26725534092449,1.0139514944524,2.91638316244427,0,0,3.63412721047495,0.964307901682461,0,0,0,0
"ENSMUSG00000053916",191.557389686395,202.721709371102,209.825954536053,214.82400358448,200.779747825893,296.221488678034,265.191234653549,224.230381819374,232.391391725423,214.675899478419,249.138635602188
"ENSMUSG00000053929",1482.65516940071,1801.72575053539,1793.88157913155,1641.91810808581,1556.48125423018,1934.45458446476,1854.89380063716,1920.54267287128,1946.81409162429,1755.5790982364,1746.70218447503
"ENSMUSG00000053930",0,0,0,0,0,1.28191223901898,0,0,0,0,0
"ENSMUSG00000053931",501.541894654174,330.781051785777,455.991764962804,274.228675259624,399.759411000823,276.937766955981,378.936769312357,237.089965424748,410.61730480534,367.562485128221,299.858654706082
"ENSMUSG00000053950",273.933027833972,270.289148716464,308.821495529902,332.079090916421,305.926597312998,280.146998512505,331.326459859051,272.07605764428,225.904627212585,336.007126462191,305.652733296791
"ENSMUSG00000053961",0,0,0,0,0,0,0,0,0,0,0
"ENSMUSG00000053963",0,0,0,0,0,0,0,0,0,0,0
"ENSMUSG00000053964",123.115617513847,174.681822636378,126.748034186295,151.70519741369,143.932939470833,166.649474305363,150.855911089905,184.602891571277,158.657585720529,170.727362575297,144.796384538673
"ENSMUSG00000053965",8.33639233069849,11.5606129727205,4.50715854782917,4.46563489711212,10.709190401147,3.90801336209211,9.06040315204098,6.67208170774518,6.34670145155536,1.93307717237548,5.8009603172792
"ENSMUSG00000053977",28.675232298895,74.993370908497,4.13434916098694,3.08947602282,3.9802255808371,31.8154869023514,27.1845716737095,10.5989160087496,3.18235156114792,31.3680907741014,14.4176848776963
"ENSMUSG00000053985",19.1797595051883,19.3915284975205,30.1323217199669,16.4169218640368,16.8270576578234,23.1090971835839,11.298235561241,21.7937395329272,30.1636130947344,22.6450515859883,18.2944780321219
"ENSMUSG00000054000",30.4736691652508,29.6989529768418,26.3403748835937,30.8489210604548,31.8808273637012,47.4824663500197,39.4974895728561,44.1295586545542,36.3600231633536,43.3341931132369,29.9829786640878
"ENSMUSG00000054003",0,0,1.69592370310521,0.708639909456152,0.685053313944378,0.833333106009583,0,0,1.80023290021448,0,0
"ENSMUSG00000054005",0.685729717461101,0,0.88448065020657,0,1.05492736018013,1.28142084312658,1.02140840940633,0.99257741980381,0.944616506704501,2.82782449604172,2.29500480359056
"ENSMUSG00000054008",1169.08819486754,1197.3371702676,1075.80850534338,1030.63173853842,1128.59288554807,1204.9802868222,1063.3504523161,1394.86982398555,1202.80720657579,1162.9221497322,1930.05140295135
"ENSMUSG00000054013",0.133961902259833,1.32375372552506,0,1.34038358469884,6.81002257528342,6.26726641153887,5.01382141824926,9.39582168540032,3.3829180512502,0,2.85420357682149
"ENSMUSG00000054021",211.872260482114,178.843064429896,194.005038635673,181.617276564281,168.678612750686,215.768599103323,224.739445098345,192.294059153921,209.680184837562,183.870696021764,194.929775486906
"ENSMUSG00000054027",137.612298271277,116.99247160772,96.678583598398,143.918736351096,119.402897660283,102.190172407448,125.783956676054,200.224493662674,138.743255071658,136.414407608883,200.690560244622
"ENSMUSG00000054033",0,0,0,0,0,0,0,0,0,0,0
"ENSMUSG00000054034",6.54950663866209,0.904560990689624,76.7434994447307,2.78929749680341,4.07266749448379,43.5054498563599,4.38862361784896,3.70643915668114,123.564768197401,2.03012807609613,1.95063173257832
"ENSMUSG00000054036",97.329482881643,58.0687027860855,89.5108816476103,41.4967911717074,109.146366051039,90.7205953269832,113.071007279812,93.952601455543,93.7885003188657,67.1393869547503,51.7131841397459
"ENSMUSG00000054046",0,0,0,3.65740064490723,6.02632080804585,0,0,3.50275848585325,0,0.342475877125918,2.06581793008559
"ENSMUSG00000054051",275.999627172176,282.30604882315,336.413194033818,330.224539297315,281.393660417643,253.482804196349,320.122303489453,282.678934921508,329.840415052169,266.37496119681,393.227047736664
"ENSMUSG00000054052",0,0,0,0,0,1.28191223901898,0,0,0,0,0
"ENSMUSG00000054054",0,0,0,0,0,0,0,0,0,0,0
"ENSMUSG00000054057",2.61853859259704,0,0,0,1.06840569409068,5.12133050971269,3.14317102348124,0,0.918732723924125,1.92676439049851,1.15938931300413
"ENSMUSG00000054065",250.985411080106,202.870757582327,245.944742260984,189.383560030983,290.780732971588,126.111741222454,250.143859710059,160.088298663557,226.089355584792,185.387330121758,291.048001929094
"ENSMUSG00000054072",844.646678218194,709.628629219325,605.659062346132,802.447035425696,550.159720183393,734.93384341504,719.840000721041,514.331051171432,1137.80907336272,2356.86165345934,641.735389351505
"ENSMUSG00000054074",18.7735773309121,100.33596140639,84.8979269108206,6.66714800744167,18.1228588313338,7.35080739542165,27.0075013075264,14.0980000085219,19.4032558517415,24.685845004014,15.4742715314886
"ENSMUSG00000054079",363.295515073178,332.958543799217,340.567339831446,381.060564740866,332.224856964465,347.861671700816,376.510842667969,345.86714705758,418.737244134951,350.866905455679,411.62126937908
"ENSMUSG00000054083",8.27957455530904,3.25465832931519,1.77369006003625,4.34502272666929,8.47395395605109,3.85823636280968,7.17158966435618,3.94151902092225,7.55351876140542,10.3153252481643,1.13887221148749
"ENSMUSG00000054087",0,0,0,0,0,0,0,0,0,0,0
"ENSMUSG00000054091",239.685618377877,297.294800068616,177.569707834557,211.140131821848,232.146714265413,263.856118346937,256.127942227543,309.950660417217,206.279453398934,185.252105860634,193.517241108249
"ENSMUSG00000054099",34.0068600430092,15.0602858761571,22.8072550806987,40.1977213811953,26.772102139028,16.4778980399578,87.4007211445731,41.6182391183373,37.8864031575792,30.1088699279457,25.6343832765259
"ENSMUSG00000054102",0,0,0,0,0,0,0,0,0,0,0
"ENSMUSG00000054106",0,0,0,0,0,0,0,0,0,0,0
"ENSMUSG00000054115",13.1826945738507,12.9794981060412,6.79457773151363,7.12792112767403,0,0,9.88044171334793,8.49270420023371,8.14663360941715,6.35129662701445,9.88196788494218
"ENSMUSG00000054116",0,0,0,0,0,0,0,0,0,0,0
"ENSMUSG00000054117",0,0,0,0,0,0,0,0,0,0,0
"ENSMUSG00000054128",2.03175881327312,3.2129178250774,2.64483065652152,4.39231849731469,8.45579245977493,5.17939494947248,4.10842315449315,1.97715730214183,5.65754171243899,4.73841397663556,2.29372319239214
"ENSMUSG00000054134",0,0,0,0.514356254868497,0,0.608173031082782,1.44858869432138,0,0.447031321103606,0,68.6446680668334
"ENSMUSG00000054136",6.57437767064074,5.3201347551886,5.29593524818506,8.81038536023221,7.6718128796911,19.1347499896805,12.5547502844357,15.456490033975,5.54456671037636,7.68616153180251,43.3723553013809
"ENSMUSG00000054141",0,0,0,0,0,0,0,0,0,0,0
"ENSMUSG00000054142",0,0,0,0,0,0,0,0,0,0,0
"ENSMUSG00000054146",927.500062860154,573.235909169662,1502.32034712859,1214.54341713094,1670.36872261158,286.852508326557,1040.58407333208,810.799860775203,1036.40970649369,665.690565574112,559.798387825508
"ENSMUSG00000054150",53.1263205184339,50.6637819720172,44.1554636738861,50.7124909290165,47.5034196403159,69.6576449582894,49.8147061998128,86.9213866358768,55.2874816161592,62.2016885151788,101.972002001906
"ENSMUSG00000054156",0,0,0,0,0,0,0,0,0,0,0
"ENSMUSG00000054160",0,0,0,0,0,0,0,0,0,0,0
"ENSMUSG00000054161",2.06195521767919,1.07850976037717,6.22914834285748,4.35223276451245,2.1382173351889,1.27321422638442,6.15013213708079,3.93884917092253,4.71760878096109,0,4.59125378244053
"ENSMUSG00000054162",3.40287548904796,3.24572644276496,0.885840661455299,2.20140221256113,1.05338848655635,0,2.06180478475991,0.982808101566788,0.934169219695774,2.86677027177517,0
"ENSMUSG00000054169",2744.70489795049,3261.06355765607,3154.64659077972,4400.28731237414,2432.17881277369,2980.11965734167,4861.71571877278,3824.74055862638,3131.91205036821,3573.59014926084,4174.76586254465
"ENSMUSG00000054191",0.675861631911884,1.08527168064634,1.76283338884698,2.17452595296676,5.29531824539466,6.46763725185909,0,0.988537187523063,2.83846666181223,1.90057079230878,0
"ENSMUSG00000054196",4.05719207622496,2.12867006762927,2.64079599059659,1.09833083117773,4.24808717885661,0,2.06309134303355,1.96392868801168,0,1.90979219051343,5.76364617553618
"ENSMUSG00000054199",1543.0510973432,1574.91650344716,1333.34580082573,1397.00355379219,1304.76289334002,1720.92179097646,1219.0111469777,1383.4017803687,1525.83715840054,1439.59231080365,1599.289017281
"ENSMUSG00000054200",7.5243390147628,13.9659436452593,11.5105067068506,10.9022650098984,13.7861505632424,7.68613096364556,13.3410828198109,8.89604911934306,5.65913576690398,7.56871063378154,1.14641064537176
"ENSMUSG00000054203",130.146828997329,203.45143962683,163.501430816264,150.652564140216,183.093499110691,166.821017261611,135.936499520163,115.247835601682,170.695150208309,127.661832534406,98.7054401719988
"ENSMUSG00000054204",0.661908858414693,2.13877706018723,0,0,0,0,0,0,0.931654353920126,0.971286631288806,2.35370426578443
"ENSMUSG00000054206",2.04281971076712,3.22336843669693,0.881944795331464,5.47761216372286,5.31804917765556,7.74967644070054,8.25127768992251,3.91431871933672,2.80891502989634,1.90100575310266,4.5855029627903
"ENSMUSG00000054215",0,0,0,0,0,0,0,0,0,0,0
"ENSMUSG00000054226",52.6877003253098,48.684429802398,48.3643838533176,63.5877909543843,41.8126882947027,31.7710481591914,39.9314762223215,50.5473030542052,55.9396951080893,50.3471571757079,46.2063382209362
"ENSMUSG00000054236",0,0,0,0,0,0,0,0,0,0,0
"ENSMUSG00000054237",148.305382631402,189.78289384373,108.103456650685,82.3737706108405,132.84505835677,119.213057566083,189.762841385576,93.3543158994421,170.075331311243,99.5116392120921,164.406078428063
"ENSMUSG00000054252",12.8724396993188,15.3782729530864,18.5401697611051,10.6165768751457,64.3856622375227,21.7146448858518,12.7148189880856,12.298855730549,6.6913043202544,9.95533969092546,10.0987191857083
"ENSMUSG00000054256",1.34090207497917,0.90584208936239,4.00380162309105,1.57455475440031,4.30021293265572,0.928116926289129,1.48080774846532,0,2.03863025781554,2.40362285049417,1.308396353005
"ENSMUSG00000054263",541.297726165315,660.766408101676,626.019383886414,665.256920029608,567.11259766323,734.652761175322,688.643211345727,766.006672420962,917.589818862427,724.600476769404,588.835621537039
"ENSMUSG00000054266",0,0,0,0,0,0,0,0,0,0,0
"ENSMUSG00000054272",0,0,0,0,0,0,0,0,0,0,0
"ENSMUSG00000054277",1868.45920623113,1866.58563786518,1575.84815475111,2182.06389687206,2748.93267335343,1950.82401594967,2185.4828103965,3063.52060135558,2044.18605946763,2548.8783504875,2019.57786715519
"ENSMUSG00000054280",277.966180858121,236.300471845897,252.421796603835,261.611079902443,248.899645742931,180.947668431948,253.097247456922,223.543054257914,206.282643997153,224.077877164975,320.178982646582
"ENSMUSG00000054293",4.36960278101985,7.90949622949434,2.86494628965839,1.77202399857482,4.2491737382723,2.06334914850776,2.50261511473918,5.49900882925321,10.7181470317726,18.2858259429349,7.46302494536558
"ENSMUSG00000054302",332.692081255177,335.204287450684,373.75420741277,340.358689217121,355.474746949726,350.293961332555,339.713694128414,361.458945918061,364.098194166269,354.947540586304,382.137261290739
"ENSMUSG00000054309",683.807278664476,878.166002501091,849.616571988182,770.429476762245,723.819562301529,851.809017703224,766.900459330066,872.402290996761,826.473915681363,730.986380202427,844.21473114532
"ENSMUSG00000054310",0,0,0,0,0,0,0,0,0,0,0
"ENSMUSG00000054312",148.788620473232,251.437203730607,189.021839951927,181.037851131253,156.877455500378,280.294266451673,173.955745582151,275.55870457698,119.607105227577,217.032995762513,236.686098592486
"ENSMUSG00000054320",6.43299774839826,11.1360845271801,17.4439766901671,5.64349728615323,24.4310040701503,7.97162414284,29.9795613939477,13.3423497793159,17.6223213669237,10.6891024715259,31.9727997798511
"ENSMUSG00000054321",98.0824069915246,84.7927889188396,96.8091169696117,99.5364632288189,95.5351273334477,61.4764673846442,112.426393126763,111.264575869513,99.3005464545866,103.865243560602,109.720636589369
"ENSMUSG00000054325",0,0,0,0,0,0,0,0,0,0,0
"ENSMUSG00000054342",1806.11083618082,1554.20804466597,1154.09713853661,2418.1370518503,619.505603098064,1992.28436909584,1498.76970612226,2326.68726412463,2141.39660964222,2117.41532087816,3649.74509139448
"ENSMUSG00000054360",0,0,0,0,0,0,0,0,0,0,0
"ENSMUSG00000054362",0,0,0,0,0,0,0,0,1.8935257682731,0,0
"ENSMUSG00000054364",869.617001926389,539.834927217259,926.188446801864,1019.05749051794,1318.10909267589,894.746421825636,925.114205312316,1182.05129973284,702.537007494986,1511.87076620119,720.601692946148
"ENSMUSG00000054381",65.4179356519142,101.084334746365,93.6314218151314,95.6226992936324,85.6035890816923,75.9093635720912,84.0120122099776,91.1300980977863,86.0972026167517,110.624938497757,78.0126186006748
"ENSMUSG00000054383",0,1.0695298694679,0.885531375970365,0,1.05749849969124,0,4.09553303016823,0,2.83511810054514,0.945889264567508,0
"ENSMUSG00000054385",11.168672784183,9.32325188816422,9.2047764924275,11.673695642449,5.50295899616982,7.40256280158923,13.4429420057633,10.4255135737264,15.6599825101678,19.3703458019386,10.4009182506491
"ENSMUSG00000054387",157.980333519775,145.026294565454,203.497099739985,197.724576949583,120.587202121716,64.4716722226574,241.148384359887,137.492076169034,202.431255043941,164.883657990372,250.141902411929
"ENSMUSG00000054400",39.8895651131317,62.5798498214282,39.0686882068046,77.0504735447237,33.0523556695564,41.6385751506221,56.2256863321564,65.473829564176,175.312853794087,82.396904135122,46.0978481610141
"ENSMUSG00000054404",320.493579987416,216.066474338716,296.559466153141,258.823162350449,320.250771903361,221.099949238896,250.121089512336,311.178988062518,310.054369127317,356.977022611469,306.440551155958
"ENSMUSG00000054405",765.080418042914,845.976447674977,681.873773629637,978.258919662209,988.484081042683,844.465019546734,728.991573243377,741.858228692222,874.248415997663,957.653537309113,781.418467221211
"ENSMUSG00000054406",0,0,0,0,0,0,0,0,0,0,0
"ENSMUSG00000054408",151.823770443645,211.024693969764,119.617386698887,164.899886290516,124.895367575478,147.793258333829,196.492084854986,188.789170885162,159.796821819035,130.689980730244,199.242514740207
"ENSMUSG00000054409",0,0,0,0,0,0,0,0,0,0,0
"ENSMUSG00000054414",236.838382387478,327.120212375593,315.688071150188,452.20538681192,316.379084362132,348.47789210117,446.302009699068,298.968832129637,245.957684973693,265.496259828656,433.7139493183
"ENSMUSG00000054417",0,0,0,0,0,0,0,0,0,0,0
"ENSMUSG00000054422",0,0,0,0,0,1.28191223901898,0,0,0,0,0
"ENSMUSG00000054423",0,0,0,0,0,0,0,0,0,0,0
"ENSMUSG00000054428",405.862862232328,372.369079082484,361.992750659716,348.894249880949,417.034527463944,296.184314107153,330.11812262518,308.039119659477,315.197344687112,243.977411099267,260.620060877919
"ENSMUSG00000054431",0,0,0,0,0,0,0,0,0,0,0
"ENSMUSG00000054434",419.517866464195,507.966035939345,391.382299181298,729.795505021464,517.247922950162,741.876471721242,537.364533119468,755.484886331412,532.118323086276,565.24798821979,721.053531368716
"ENSMUSG00000054435",124.536535873667,414.090565094131,68.0434009601798,116.535977846534,59.1326060044094,262.42764939716,122.678410972858,85.4695138875352,89.2299715025394,113.085008673747,92.8504229223491
"ENSMUSG00000054446",0,0,0,0,0,0,0,0,0,0,0
"ENSMUSG00000054452",2776.85627796739,3539.01588671227,3194.08146315773,3826.80540209893,2948.94622672779,3989.58736137336,3375.52021265526,3592.16755240041,3266.36206404219,3083.11414630583,3549.4602466862
"ENSMUSG00000054453",0.691063910066772,0,0,0,0,0,0,0,0.9452221153536,0,0
"ENSMUSG00000054455",670.459996269421,687.458235791593,632.153793766815,737.919852683887,611.442219097104,669.261208506778,683.240916886476,717.328353646819,621.499121368752,637.831388071328,703.908032295433
"ENSMUSG00000054459",13.9952758124003,9.57112974515601,11.4124493347773,6.63300926927914,11.7294708413883,7.71417757053582,11.4784370148878,6.83776484139022,6.52196136664565,8.68511276573743,4.62848462081567
"ENSMUSG00000054469",136.329860902633,30.5979474425568,33.9645896620001,28.0835169673876,56.1575409315381,35.4708634853414,30.8833696122372,95.3536651975679,35.2451563558207,144.773473689853,21.9695659862828
"ENSMUSG00000054474",102.353507486009,108.307595084875,107.135385184557,96.1443884431682,115.197110905959,83.4469923645148,112.537586271435,91.1565393884352,124.667513964528,122.477095477005,66.5084659530906
"ENSMUSG00000054477",4.00188162993692,3.24235116441743,2.62100721773405,2.59458973153953,0,0,1.6876935634062,0.729810027204486,4.65470293521186,3.49984182808293,4.02460336501777
"ENSMUSG00000054484",102.373816974618,118.653103245631,105.295054087597,70.9643902936464,123.284970766432,93.307313323459,92.1415088527016,79.9894654605833,134.435571405297,120.927524122826,98.2009212880133
"ENSMUSG00000054497",0,0,0,0,0,0,0,0,0,0,0
"ENSMUSG00000054498",0,0,0,0,0,0,0,0,0,0,0
"ENSMUSG00000054499",237.005081657083,276.693561925324,538.832276300476,709.703662981334,593.47929159935,292.866704826543,401.996769976568,414.236995550408,266.286055942595,553.382605072369,293.260312703922
"ENSMUSG00000054509",448.743482029,418.8868442415,382.006841946665,353.529053355064,439.418962051126,490.577767919768,383.662372143301,394.940142415494,393.199336940717,446.812237767856,395.983555375434
"ENSMUSG00000054517",138.462947818745,133.817830412919,108.869980971086,116.035191625634,67.6981533818276,108.709754971986,88.4220197259818,153.070814240235,99.5332821718788,98.3439877800441,99.9772466301367
"ENSMUSG00000054519",38.7619339149616,39.9998403932289,65.4826192577369,54.9691561305946,62.1735327370322,51.2142236202711,61.3935479206371,51.9569504969754,44.7252258081462,48.6497517648991,59.4331082276621
"ENSMUSG00000054520",472.755017617829,380.73747170446,754.713396752056,741.971592192967,674.03419490963,356.953301964196,353.754432298328,409.817107354187,431.65968179375,657.600149673941,480.316645647205
"ENSMUSG00000054523",0,0,0,0,0,0,0,0,0,0,0
"ENSMUSG00000054526",0,0,0,0,0,0,0,0,0,0,0
"ENSMUSG00000054537",0,0,0,0,0,0,0,0,0,0,2.28090890516888
"ENSMUSG00000054545",0,8.5738041652602,0,0,0,7.75546260241258,0,0,0,0,0
"ENSMUSG00000054555",29.0863786592867,33.1333962664167,17.6911869177782,14.5083809257308,24.008807912854,39.0292989375628,42.6124914420831,29.2200420993213,31.8802934638425,19.7781919863823,24.1629544275424
"ENSMUSG00000054568",0,0,0,0,0,0,0,0,0,0,0
"ENSMUSG00000054580",21.5182656263784,29.1387910611393,32.8962983886215,30.4955801751211,36.8543176654457,43.3407704924367,30.7181002780299,25.7618246348583,41.4836194148291,18.7729638252698,21.733759848367
"ENSMUSG00000054582",22.036693185942,31.2703358943152,22.1704279742518,32.7064683201916,25.4439981125887,15.4074892766507,26.6055716833439,14.8032864597854,20.7686590726109,24.3972326468451,25.1652559987466
"ENSMUSG00000054594",0.694271660109683,0,0.901244964566397,2.23359369463106,0.97913795628209,0,2.10260263580809,0,0,0,0
"ENSMUSG00000054598",9.22602286807082,13.745752679384,18.4270334045503,22.1332906915091,24.6872801251304,14.2058882110863,35.4126365620769,23.4944434445853,30.6515297804174,23.1598886035016,16.3322654471456
"ENSMUSG00000054604",209.999047309994,191.611950584309,228.597559391013,189.667848094207,214.681726513268,140.959404293366,229.091397230048,170.036971607928,180.857281544108,217.285471244934,193.507393800872
"ENSMUSG00000054611",1238.95497317106,1148.16122080678,1178.23721718085,1286.65292027955,1401.0027222287,948.621087808315,1175.1559151628,1174.71477294199,1166.69059876551,1195.90544406486,1157.62246463113
"ENSMUSG00000054612",132.48528827769,114.561202160443,95.0812275502305,118.50277841165,100.513361415357,176.715223001338,109.840674264855,102.250726848468,83.8547050377357,106.356895559779,87.4905311455998
"ENSMUSG00000054619",349.624092919187,237.833906796294,339.638999510695,350.397296812531,286.206750259734,242.338126812996,363.879100195431,194.318693150385,419.890114333467,238.098069603482,336.864037816161
"ENSMUSG00000054626",19.5257840405227,25.358527266729,19.0556942835858,16.659505878843,21.9306452239459,15.186815063568,15.3199756665739,14.5114138605405,18.5140856877805,9.45855459820609,7.40312621971359
"ENSMUSG00000054630",0,0,0,0,0,0,0,0,0,0,0
"ENSMUSG00000054640",21.3893248102633,20.2965915197787,16.6988348782997,13.6975540376062,22.3097399707356,12.0436414795741,18.4681751876335,11.1747751445672,22.1609579843805,20.2476576734649,7.53756859874415
"ENSMUSG00000054641",6.14753657131542,1.09343062176839,1.78226908378694,3.28871429850689,2.09476789820904,3.84358380024478,2.06860332618893,0.980591580490753,1.8699713629408,6.61923209716231,1.13901924004064
"ENSMUSG00000054648",256.254415219528,210.286963304549,219.686141385753,397.204531230587,298.046267240035,301.163600234567,182.097820228179,218.372116816633,320.869751462195,292.363300806877,249.058263371071
"ENSMUSG00000054659",14.2169770810299,13.8201525369539,17.3785150415953,18.2703684172905,19.8244812462351,6.3162796697628,20.1661574914918,30.1640880687326,15.7872883375289,25.1409934340623,19.2679697355967
"ENSMUSG00000054662",0,1.07384291189026,0.88795659284058,0,5.27522630540514,1.2785888921994,6.12521927217217,0.994576171647523,0.946711943616165,0.938504361730709,1.14639311908118
"ENSMUSG00000054666",0,0,0,0,0,0,0,0,0,0,0
"ENSMUSG00000054667",0,0,0,0,0,0,0,0,0,0,0
"ENSMUSG00000054672",1.40392390835557,25.0985592697045,0,0,0,26.2288412763739,0,0,0,11.1552158829154,0
"ENSMUSG00000054675",96.6631367720335,86.7695186988888,83.4095699174105,78.6766421551825,75.2139905319418,81.3061527429877,57.5863102453998,68.6400668144825,52.5791533077538,65.4299217669537,56.549951794879
"ENSMUSG00000054676",98.5981480191897,194.259647875594,113.019892534216,275.457661879725,158.289480435229,243.846872565427,177.031164251037,155.129000608222,222.109230930757,226.087394290075,195.582370813153
"ENSMUSG00000054679",0,1.06099753382947,0,0,1.05439389364101,0,0,0,0,1.9011894505847,0
"ENSMUSG00000054690",63.2075660336378,72.2328002217194,76.1645652101123,57.1902874604134,84.2239217723854,82.2002278802922,77.1197709117502,79.1890658285958,67.5775391993407,56.9421452529765,63.4440561835293
"ENSMUSG00000054693",1180.32788848045,947.029221011175,1098.71242681536,1033.20991053475,1136.75570908301,842.729685841659,1005.56406460549,935.235844364409,1014.74610506074,947.76065934223,1227.3107629114
"ENSMUSG00000054702",19.3065340423637,9.34347479602008,12.883818692387,9.77182639191485,22.8746975764187,15.1409309747104,17.4635359194998,15.1666095985687,3.61653420961867,17.0067802072463,13.6374747376688
"ENSMUSG00000054708",450.59018878855,444.321022961892,474.194830329431,567.634220432916,568.461848682575,586.731555726459,617.157063505365,817.821917645481,424.513402548474,705.162634808998,500.734561431423
"ENSMUSG00000054715",71.6971098736094,99.566596002573,83.8661010325975,96.9850919528384,42.8265968851088,101.959740741687,50.6178865214144,67.3047398158075,113.831053213137,73.0665172953041,76.9460577277183
"ENSMUSG00000054716",548.141995839406,466.328729407762,742.544371976445,713.002852242514,559.437014267723,516.862246620655,686.001023739821,525.584302391244,603.818211580037,708.81758142327,555.046540551777
"ENSMUSG00000054717",190.356200683732,324.169281879356,155.405817194478,132.919030209029,200.077078842933,309.785458997461,137.270199710029,154.340849314334,132.53730263601,199.825291679853,108.335406803037
"ENSMUSG00000054720",42.1153304749097,76.4863075367109,38.5421954010383,31.0419072574694,51.8557346078234,57.2260462590945,32.034534156772,37.4894477729473,75.5439283964978,47.1563334862655,41.0941307883722
"ENSMUSG00000054723",106.04550513836,85.3113782491629,101.277511112136,116.401257737902,158.581615674402,150.957282307938,105.874740564228,138.232302720298,127.279528825825,144.719270709953,135.122792971715
"ENSMUSG00000054727",0,0,0,0,0,0,0,0,0,0,0
"ENSMUSG00000054728",61.2682112800855,140.262027566035,123.557856159743,76.3657387360884,69.8081169595116,164.562876473324,145.730133621814,161.820868182061,105.52408243939,145.735846053139,138.085702704398
"ENSMUSG00000054733",225.020016140988,230.337225845443,238.923634482674,276.71063239683,255.726976794275,281.716645398873,264.367584518375,232.170254070225,237.315447429536,287.007571129506,234.878305479014
"ENSMUSG00000054737",93.5000510146984,109.583382244184,78.6409816574106,42.1061128570492,81.3291060054236,67.9769487626123,118.848059657827,71.9101907441078,108.216492350168,82.9574090613186,74.7519451887354
"ENSMUSG00000054745",0,0,0,0,0,1.28815960737717,0,0.987792626411712,0,0,0
"ENSMUSG00000054746",0,0,0,0,0,0,0,0,0,0,0
"ENSMUSG00000054752",0.682349004640894,0,3.60528853588216,2.19763204490691,1.05587846324592,0,0,1.98479968393323,2.79538999112043,0,0
"ENSMUSG00000054753",0,0,0,0,0,0,0,0,0,0,0
"ENSMUSG00000054757",0,0,0,0,0,0,0,0,0,0,0
"ENSMUSG00000054759",0,0,0,0,0,0,0,0,0,0,0
"ENSMUSG00000054763",0.689939267648385,0,0,0,0,0,0,0,0,0,0
"ENSMUSG00000054764",0,0,0,0,0,0,0,0,0,0,0
"ENSMUSG00000054766",1073.25051548979,1026.1675282965,1018.36564341576,1073.95238960528,991.118290246411,1215.95898094115,1056.94391299788,961.046294327577,1048.40260762062,1037.48828663344,1045.07940876916
"ENSMUSG00000054770",56.7880977129571,75.9404695064257,51.0309602070497,44.1532670433142,88.9694618742287,66.8674589305671,69.3974367579056,63.8999173808054,66.8560842953925,89.4569854640261,66.1999774895538
"ENSMUSG00000054792",327.858167987169,323.592042170554,323.399373792346,272.347688158964,396.20240410302,286.783634032431,316.372202509369,291.286309206504,290.59930244083,290.196408517902,329.060294268809
"ENSMUSG00000054793",151.360701113874,84.9858384642379,155.570122800987,190.604370357254,127.417139367158,155.136766745099,157.962765775831,103.260039227224,165.79285658658,128.160582857387,181.65706985115
"ENSMUSG00000054808",8138.87854968864,6268.04523672672,7186.62041714518,6625.11242519805,7111.81748332543,6501.67269362474,6296.57433372676,6827.80465562002,6279.63442567623,5868.80759732116,8693.22357496375
"ENSMUSG00000054814",261.175534080169,240.330509836488,319.079867173233,336.385254917376,326.585174421699,256.799084171756,327.31810091788,279.776141055224,306.888290822058,312.040641893348,330.086758716371
"ENSMUSG00000054823",788.421887086508,778.622665739753,782.11025004944,912.631734053013,891.342561602549,762.480669101676,753.286498371123,816.612137663754,859.148980720365,960.274205983836,1000.84531711158
"ENSMUSG00000054827",0,0,0,0,0,0,0,0,0,0,0
"ENSMUSG00000054836",39.0759785611591,36.3639085140355,24.8726157074208,29.9551526528401,54.5546276635595,45.0796713732011,22.9854228238387,36.0707476697743,30.6220298666072,32.6309632433737,32.7556793387128
"ENSMUSG00000054843",283.242917315729,180.390885030826,286.454389451649,202.567182130633,237.265242325432,134.941766127046,206.753562056412,195.916432631486,190.361971166301,184.224859890708,232.270088722167
"ENSMUSG00000054850",1.37987853529677,0,0,0,0,0,0,0,0,0,0
"ENSMUSG00000054855",39.3849709002761,72.4859898066185,71.2842821194522,49.428496594687,70.8319421244405,74.1905196881882,56.322171525542,96.3844442930175,41.5551395678088,85.5704082790802,36.420268068226
"ENSMUSG00000054863",3.31892337593443,4.30526153398804,0.888528582410344,0,5.56693743223044,0,0,0.966470665837628,2.77433603427014,0,1.18147238329755
"ENSMUSG00000054871",34.2257992294893,35.1369440728837,19.2353789980967,31.2762485859918,31.2659586032314,31.356376373791,33.4905311752986,28.3589728706594,30.3555454077733,36.5221229678066,33.6075922286252
"ENSMUSG00000054874",1327.03189704265,1504.58632522131,1230.17028495505,1193.4695320119,1199.52151698577,1449.95784756939,1185.71758636691,1560.24548128895,1162.03465915912,1253.00142711725,1446.78609087412
"ENSMUSG00000054885",0,0,0,0,0,0,0,0,0,0,0
"ENSMUSG00000054889",256.71483855702,227.554344029675,288.237259351132,242.913924795151,433.745038898475,149.086878971094,244.178002678641,246.592852659391,281.275148095667,213.340406033921,245.936373899474
"ENSMUSG00000054890",0,0,0,0,0,0,0,0,0,0,0
"ENSMUSG00000054892",13.933585029624,26.2907706457262,8.17051224259681,6.97783021369143,15.7151153022392,21.6968170667268,4.75200122787127,2.84636528010498,10.9530789805009,17.1241977889146,7.39124482992208
"ENSMUSG00000054893",44.9319454324578,118.688363093269,72.2254218190045,193.886857316422,156.086938519174,198.137230556322,229.970680034196,124.870143964526,197.608999197226,153.671330275666,63.4966166625505
"ENSMUSG00000054894",31.6808824558103,22.3237028605166,28.9337553489307,22.3048096256287,19.410468342643,26.0401621817509,22.7859383375645,25.9430889253895,32.3133125708506,31.6872014025658,16.9102880222924
"ENSMUSG00000054901",7.40314564039322,10.3094231404113,1.08159920995153,9.7299261823671,10.4101216730261,0.262301686909325,28.0579705241389,0.40315331653672,8.64376090119065,0.763091924125435,0
"ENSMUSG00000054905",4.73949112259003,3.22893952865104,10.6218204630574,2.20331326354865,10.9581337194869,0,0,0,0.929103368735042,2.7167517889088,8.19585661630878
"ENSMUSG00000054920",90.198214007524,109.050683489773,84.9338185167923,62.695198112496,115.477506181018,98.0033865948598,114.414185311095,85.6970399551092,123.070228389302,93.1100544421127,132.034989214547
"ENSMUSG00000054931",18.5645612567869,15.0443195676269,19.4952204494253,21.8033074889285,15.8456502952169,12.826195238126,22.4924387569596,22.821292486253,22.7061374821411,26.3456348869189,17.1752230261127
"ENSMUSG00000054932",2.05751460817246,7.56755253122653,0.886669253435602,0,0,5.11576592724675,0,0,0,0.946744957538802,1.13949205693849
"ENSMUSG00000054934",2.01878232200207,9.60984284166427,0.88123666831027,1.09995061342001,2.1408378641353,0,2.06909019075797,0.978714577655001,1.87017861746716,1.91383250846066,2.3098174252418
"ENSMUSG00000054938",0,0,0,0,0,0,0,0,0,0,0
"ENSMUSG00000054939",6.81616148565853,17.1189132469053,12.373509879913,8.76526672336156,12.6487218111597,15.4667728954594,16.3632070150419,18.8936060554321,17.0432540096783,19.8182250385865,12.6164611856229
"ENSMUSG00000054940",0,0,0,0,0,0,0,0,0,0,0
"ENSMUSG00000054942",79.6686684511642,47.2682728294973,62.8836084295978,87.917005883313,43.5956066115145,25.4400582383022,49.5282904570312,26.8117011143973,94.1802235962344,54.51174448487,97.8412792689766
"ENSMUSG00000054951",46.7770842204203,56.5049851526446,68.7166276832967,19.7907927813752,27.0087216074791,19.2272818933204,72.8147442678287,24.2622605316235,48.273456622477,40.4049047081818,52.2294608453599
"ENSMUSG00000054958",4.10832693664052,0,0,1.09788179061719,0,0,0,0,0,0,0
"ENSMUSG00000054966",0.550102950952054,0,1.11462217337177,0,0,0,0,0,0,0,0
"ENSMUSG00000054967",8.65916746018604,12.6120924720532,11.943700674666,11.734063513998,15.2593217194116,10.3776764782092,4.59914220163117,12.3652486691619,33.2570540362717,5.89760046550841,8.20821823148314
"ENSMUSG00000054976",0,0,0,0,0,0,0,0,0,0,0
"ENSMUSG00000054978",157.629904104653,98.8346228585287,117.528445447593,72.7284952329374,77.5551403510225,61.9423820302232,149.257897277259,82.869332769589,76.6953235489761,81.732009702231,126.945490365412
"ENSMUSG00000054986",0,0,0,0,0,0,0,0,0,0,0
"ENSMUSG00000054988",0,0,0,0,0,0,0,0,0,0,0
"ENSMUSG00000054994",0,0,0,0,0,0,0,0,0,0,0
"ENSMUSG00000054999",0,1.08102603905537,0,1.08736310216653,0,1.28822410410259,0,0,0,0.935354192679748,1.13800520781388
"ENSMUSG00000055003",2.76650886405416,0,0,0,0,0,0,0,1.88890453063101,0,0
"ENSMUSG00000055010",0,0,0,0,0,0,0,0,0,0,0
"ENSMUSG00000055013",574.632233364977,556.811978491066,713.717434280668,817.797104089453,448.659516415867,666.790310135992,679.044123496979,588.816186987978,542.967901488267,500.382167962198,651.414328827909
"ENSMUSG00000055022",2.76503974523993,1.07651554287763,1.77456823377319,0,3.15660813779809,0,2.04630152458843,0,0,0.938263217098827,3.42687268207472
"ENSMUSG00000055024",1049.87891315991,1084.63455372942,1159.09630680003,1104.11359756859,1048.89322295567,961.05494368143,1237.16396560591,1196.14421323626,1135.52242283029,1172.7629179363,1097.46632149055
"ENSMUSG00000055026",0,0,0,0,0,0,0,0,0,0,0
"ENSMUSG00000055027",76.6416257325952,0.835373134642458,2.05920346393004,74.1488246506827,19.5833679220499,5.03938853527883,0,0,0.7354504869835,5.32349172822982,0
"ENSMUSG00000055030",0,0,0,0,0,0,0,0,0,0,0
"ENSMUSG00000055033",0,0,0,0,0,0,0,0,0,0,0
"ENSMUSG00000055041",98.9377233552943,99.4836908803943,103.302367992206,95.3837983948131,84.8989371634619,143.376177838748,110.61158704061,161.698333339115,119.376001846257,114.605229350974,97.0158794676984
"ENSMUSG00000055044",183.207884222459,210.095301392268,176.774942167182,238.807787027265,223.087327215028,253.951408039729,161.825073960304,251.896474450838,172.617614295594,229.313491473039,250.848249744771
"ENSMUSG00000055053",385.960880210035,267.201399273309,291.726391382505,246.318505321127,273.254353290831,286.198009321996,218.012704056967,308.152363017417,362.270586241048,348.698033580998,409.201391425441
"ENSMUSG00000055065",3462.4016171499,2939.53321531289,2919.16206423961,2379.83476508446,3398.90316239026,2864.41166668593,3191.94483035667,3492.35369022212,3270.5807865145,3369.39655905628,3697.18928987287
"ENSMUSG00000055067",62.1550804813421,87.5913059285412,82.261195641993,102.489335261418,81.0218969239577,81.5916267399336,73.8328387227248,87.3557324172864,94.1185315301377,104.171894611029,61.5312289175484
"ENSMUSG00000055069",1.37191529320942,0,0,0,0,2.57870612203533,0,0,0,0,0
"ENSMUSG00000055078",0,0,0,0,0,2.56382447803796,0,0,0,0,0
"ENSMUSG00000055088",0,0,0,0,0,0,0,0,0,0,0
"ENSMUSG00000055095",0,0,0,0,0,0,0,0,0,0,0
"ENSMUSG00000055102",0.69281550270569,0,0.88661236005218,0,0,0,3.06045199456822,0,0,0.938652045603006,0
"ENSMUSG00000055108",0,0,0,0,0,0,0,0,0,0,0
"ENSMUSG00000055109",0,0,0,0,0,0,0,0,0,0,0
"ENSMUSG00000055116",597.966536997129,742.45458933422,758.43920759983,488.609548553584,677.945131769147,776.160601639495,677.406919834187,703.044042325866,237.816183254427,559.182427556385,422.05187023537
"ENSMUSG00000055128",394.669695107339,448.518932853983,461.984060863948,499.84315962351,456.436030607783,390.366572346494,410.401758133302,460.837961349956,502.915932660236,413.451349153037,360.713483142901
"ENSMUSG00000055137",16.0247358106496,16.6071949067453,8.81565447827665,65.9333428197957,8.00941412504956,10.6245278681464,8.41697867224534,0.448375381266868,36.0310385901768,28.6306144276677,8.92897484515646
"ENSMUSG00000055148",261.028560570198,346.252176158686,206.304453821269,338.090913854437,373.568880749189,344.01106404788,282.474142167085,330.45550307064,324.908760766796,365.984320908117,349.524519578766
"ENSMUSG00000055150",31.9290845191001,21.2405015398529,41.208355609982,32.6030552725563,23.9371041415654,25.4137643479609,16.2828290595354,19.5483403707162,18.5759941198364,21.7132710233426,43.122444736453
"ENSMUSG00000055170",0,0,0,0,0,0,1.0389249798889,1.91846924398793,0,0.955469442620839,0
"ENSMUSG00000055172",282.276774885062,373.899361566002,208.900067256549,144.255310170821,291.843281945197,306.837803568207,189.998417694455,188.852035288439,262.539615074893,194.400817730782,163.586856509587
"ENSMUSG00000055177",0,0,3.55484591481978,0,0,0,0,0,0,0,0
"ENSMUSG00000055184",1.30962705846216,5.29354739110164,0.876328289872194,2.22089975230175,2.1566510922814,11.6024744114589,4.204628582136,2.91738323306988,1.84320391611821,7.73829870172688,3.51046176854826
"ENSMUSG00000055193",0,0,0,0,0,0,0,0,0,0,0
"ENSMUSG00000055194",0,0,1.77742295740989,0,0,0,0,0,0,0,0
"ENSMUSG00000055197",0,0,0,0,0,0,0,0,0,0,0
"ENSMUSG00000055198",0,0,0,0,0,0,0,0,0,0,0
"ENSMUSG00000055200",55.6431662400706,109.968431010442,118.653117663996,52.8234963753762,82.3219565071831,103.483981691886,150.388446590748,75.1140291752993,85.7477329753308,129.567907771049,57.7019862693586
"ENSMUSG00000055202",12.5716391158106,47.7662959962593,8.51256693377821,11.3455098040997,15.5310062891573,53.5520577920925,8.06662328209473,42.4865486019266,9.528134751752,11.0760536197883,9.52261416241399
"ENSMUSG00000055204",1948.36854001478,1542.63884617497,1637.96086965277,1948.93186191652,1515.22448563494,1233.71194469688,1681.77154081099,1553.66716915195,1788.56192319704,1559.26188655861,2258.38204136868
"ENSMUSG00000055210",0.679389332882974,0,0,0,3.18248380605547,1.29973939624617,2.03160221656553,0.98540567394358,1.90005972532618,1.87061166086718,1.14700263379482
"ENSMUSG00000055214",1.37987853529677,0,0,0,0,0,0,0,0,0,0
"ENSMUSG00000055228",0,0,1.75073088229894,1.10145835864047,0,1.28741945832141,0,0,0,0,0
"ENSMUSG00000055235",6.97695017904122,5.46648875762003,0,1.84349194768682,1.80681227672188,16.1911475214628,10.4524066450418,14.7182606025184,9.54527030810131,3.18490685448273,6.79138708896767
"ENSMUSG00000055239",1622.57476407531,1571.2268568224,1767.03089884512,2094.70111971408,1672.92713542276,1667.20725542916,2192.8701600992,2040.12015250798,2027.17478661142,1908.24368493228,1710.92772618708
"ENSMUSG00000055240",133.913503038683,131.271192293927,122.850570930055,139.878718563448,123.842332075619,115.196068964561,138.363141680304,137.493149447209,136.855835041147,121.747098970331,131.969737871879
"ENSMUSG00000055254",66.984415933087,51.9081474781338,55.1612094416193,25.2964478011823,93.7258350921521,54.0522440388436,53.5996650608451,37.0220668296964,38.1397806551026,31.3050806344297,15.0401513684187
"ENSMUSG00000055296",32.6833931225292,35.9184779138217,24.9151322815317,30.7365223550303,16.4610997342031,20.1171022259136,25.1346498834544,23.6728150441353,26.5640752251901,26.0941494587911,18.5822683548414
"ENSMUSG00000055298",0,0,0,0,0,0,0,0,0,0,0
"ENSMUSG00000055301",10.2712265190007,11.75569987579,17.6824529911321,16.4169495456056,21.1281557750951,12.8375997291271,6.1451997344126,3.96432187424776,17.925578716729,6.62635616308422,29.8653328367828
"ENSMUSG00000055302",638.023912622076,678.783139111626,662.123012164006,755.184849540988,670.077071742686,711.852684191132,762.351319818491,703.123438965464,558.414644792676,708.74191161082,625.638873519894
"ENSMUSG00000055305",57.8990015511758,63.3534568053257,60.2749593444243,72.013948582796,50.6096769047814,66.7338129553452,60.2287223722792,63.6005924862835,67.2239363900516,49.749542571294,54.9647021196033
"ENSMUSG00000055312",0,0,0,0,0,0,0,0,0,0,0
"ENSMUSG00000055313",10.668442962289,6.32079097693418,6.90765502633395,2.49392850498,8.16857762085765,3.72302822311002,9.98288098529946,9.55647489616034,8.17238684673776,3.23067669765679,7.82957795790245
"ENSMUSG00000055319",702.167897618574,586.27333718308,528.272361679071,513.197242140107,586.336710129375,628.911382715373,588.946801639944,652.758358952107,771.13669805361,631.879590711547,805.488352938418
"ENSMUSG00000055320",49.9958290316347,20.454166939671,37.8103083835505,52.9698096817485,63.9906791859631,20.0004784832254,20.7540754351951,34.6378968283233,43.5192569216662,39.5280199594633,24.3677506142748
"ENSMUSG00000055322",3612.54903574095,3126.73866282246,4490.59200517154,5188.65679111416,4116.4586069036,3729.43777749271,3582.75692791079,3751.63484252945,4866.90250252875,4624.53046321416,5621.26586974113
"ENSMUSG00000055333",96.6746138731917,89.6379895693288,105.587026058552,67.5553463523714,94.7820371475583,50.1329397334536,91.9725092172515,106.171881334923,72.910660094711,43.9636229033724,62.7412772895779
"ENSMUSG00000055334",61.9790025682507,90.2249789951958,77.7822015478112,72.4767015944224,59.2457185136852,83.1728448131385,75.5600488589235,84.5914838603808,96.3377204183437,77.1305504727476,80.3082280737746
"ENSMUSG00000055341",15.4515395374389,21.1434482405388,37.6149193058298,3.20251055119083,2.43250886215934,1.93728652570727,39.2916384056637,0.819406820271298,6.28332248712381,17.6726905866418,24.0286193851128
"ENSMUSG00000055357",0,0,0,0,0,0,0,0,0,0,0
"ENSMUSG00000055360",0,0,0,0,0,0,0,0,0,0,0
"ENSMUSG00000055368",0.685948061502053,1.07541601382058,0,1.09236611856292,2.10937770289991,1.28494044157621,0,0,1.88869122207623,3.7632859688867,0
"ENSMUSG00000055371",336.250663286836,305.146782107613,338.555885602238,258.026185938865,320.936971565645,256.726095402928,327.812907153091,299.389176334497,317.466780517432,330.677213187694,318.808118709986
"ENSMUSG00000055373",0,1.08064173486522,0,0,0,0,0,0,0,0,0
"ENSMUSG00000055385",0,0,0,0,0,0,0,0,0,0,0
"ENSMUSG00000055401",345.580296566108,348.974494471904,531.327305680154,403.853605801491,365.673580379488,367.063134380074,261.345077218844,367.369596704104,436.052198963821,602.646955205197,362.361858695876
"ENSMUSG00000055407",25.2992896557723,31.1007231971997,18.3996788995188,36.275423750636,52.3450901911941,39.0190467530658,27.3201708284823,28.4732161914422,32.4213706395378,33.4943035053228,39.3113922491029
"ENSMUSG00000055409",0,0,0,0,0,0,0,0,0,0,0
"ENSMUSG00000055413",115.021704735027,247.5836296153,63.8160188035363,124.345308151676,116.436176850231,168.778570045956,142.892578570967,78.449988948879,138.079108840384,182.479749731398,81.4894500058929
"ENSMUSG00000055415",8.94350140268291,14.0295376414646,9.78894378478641,20.7483082154703,7.39335477793388,15.1224755743903,14.3192043096404,17.9410777364572,4.74894688087961,3.75263337892248,8.02428026041951
"ENSMUSG00000055421",0.774644686627338,0,2.01376016009311,0,0.811255456962717,0,0,1.11541998527204,0,0,2.06711793421602
"ENSMUSG00000055430",6.98857245056246,3.15395499885373,2.07863058200332,8.78561150932246,1.28219038227851,12.4462385531257,1.85598108684367,1.14320326910618,3.82456690079264,0,2.7535313185493
"ENSMUSG00000055435",65.1783619697512,50.3781623356673,54.1871813545551,47.2034554707741,66.0665802876512,74.9330306168836,57.599686358509,39.775882961938,55.2935806653977,56.6136113813609,54.8088694537388
"ENSMUSG00000055436",1300.22370896153,1493.71317208915,1524.38420392149,1304.92466613547,1528.39312980681,1488.1084990926,1502.95137052786,1548.11805240267,1386.55213338649,1635.60423591688,1947.06201205468
"ENSMUSG00000055447",587.675998754662,457.059159628358,503.662101715396,447.228842025242,562.33368570869,272.45999883748,451.003720095489,343.019972313403,474.276091080972,556.704557743912,281.532221125419
"ENSMUSG00000055471",0,0,0,0,0,0,0,0,0,0,0
"ENSMUSG00000055480",8.25743171051377,3.33414950876861,15.248255981062,17.4084379526108,7.31506803767796,8.94602614204448,5.08963024537403,6.83988517571712,6.50028540519241,11.1834131366928,9.32404567503828
"ENSMUSG00000055485",78.9213812234821,64.0849246135127,84.3297655985862,58.5915655155796,100.785051742673,71.7940253250196,53.1078332039738,78.8756221055537,55.814019300659,67.2002856542083,85.6363576847061
"ENSMUSG00000055489",28.3071471012202,0,2.62998191539888,7.31205238489836,2.07983044778271,0,0,0,0,3.67925693781999,0
"ENSMUSG00000055491",779.228403139115,628.84906595642,359.830153752706,432.222311568167,552.879341218169,679.503807609768,663.076241009381,617.524369998017,617.979921326681,723.424445698329,848.256115366927
"ENSMUSG00000055493",29.3419733426658,36.5450954777651,36.1872508828372,25.177624507996,24.3602751076624,34.7142311576795,22.6159573168465,33.4833104956584,31.0293377207954,19.9177600417534,25.2506933811718
"ENSMUSG00000055515",0,0,0,0,0,0,0,0,0,0,0
"ENSMUSG00000055523",11.6935275403643,5.3879297345023,15.0614194283803,14.1819267346217,4.21389973938077,12.8923469797172,5.10608728333541,7.94166478621215,11.3720486916966,12.1798215010127,12.5598442844705
"ENSMUSG00000055531",555.494362092393,451.390588850765,598.208240779714,631.223587679643,391.687640978844,422.486540011549,506.052814719342,367.858563733838,428.834147596583,430.106497835129,517.688610385708
"ENSMUSG00000055538",30.4922634989927,21.4597597233777,33.5119875313132,31.7401540818656,38.4284325243491,30.8925373052477,20.6807511284938,22.4798176155007,25.2409942524904,30.564381627012,25.2825545272768
"ENSMUSG00000055540",0,0,0,0,0,0,0,0,0,1.8727338905821,0
"ENSMUSG00000055541",32.1366463523459,41.7695795425882,51.6422965382527,51.6684877921933,42.5592187910398,60.1031251435043,54.3203179280441,20.4259896790185,30.4812056237525,19.7267883422188,25.208586007314
"ENSMUSG00000055546",14.3858141169701,52.461739547344,0.88525864764709,3.28826819044208,2.11769421402039,107.60619251136,2.05567765173702,14.8489693082296,0.941568693419379,50.25123052045,0
"ENSMUSG00000055547",0,0,0,0,0,0,0,0,0,0,0
"ENSMUSG00000055553",4202.52886806461,5802.18455425137,5029.24716175146,5348.2242482258,4433.02394595056,5610.99911969853,5268.57970953199,5481.43570328544,4796.5190338696,4639.43222705004,4600.95038828099
"ENSMUSG00000055555",0,0,0,0,0,0,0,0,0.932296852953787,0,1.15815037167001
"ENSMUSG00000055560",8.75980937638993,8.74501187998626,1.77507737148198,7.69758517004141,9.45926491946882,11.5429208592383,5.17000010836249,11.6701806268663,12.9115354699893,9.55213599562573,9.31899740045861
"ENSMUSG00000055561",16.2753519329795,8.6884188670123,9.72415023656643,1.09804676148142,94.500424577621,0,28.143706206049,0,13.0253013199127,1.90084223835906,12.4946159720996
"ENSMUSG00000055567",0.504917639856161,0,11.7491929860414,1.58995378421256,0.768912680549284,0,0.745035474350092,0,0.691724335790928,0.682440419941362,0
"ENSMUSG00000055571",0,0,0,0,0,0,0,0,0,0,0
"ENSMUSG00000055594",0,0,0,0,0,0,0,0,0,0,0
"ENSMUSG00000055602",6.0222606431901,18.6538081438679,7.70651654147583,6.33898701948652,7.15890934221306,12.3221961999858,10.1415678688018,15.2750434169959,10.8947712790123,10.3730090070953,11.0980733270472
"ENSMUSG00000055609",0,0,0,0,0,0,0,0,0,0,0
"ENSMUSG00000055610",0,0,0,0,0,0,0,0,0,0,0
"ENSMUSG00000055612",129.860491362338,108.15415458471,71.5954834270981,129.199734818914,87.7096741131828,88.7441993431409,94.3291338798016,115.796344299671,210.261998657044,132.439367013203,158.373060028898
"ENSMUSG00000055629",8.27228393419229,2.16270603815518,7.1054958561246,13.0469819459302,6.36084050517467,3.84825208910423,10.2283520067522,3.95198511134596,5.67460391353722,6.55201938558674,12.5608739435839
"ENSMUSG00000055632",44.4589974748613,35.8069813783544,46.315423038518,50.9655705213249,80.8306804313046,65.1441429674974,19.3948622299922,123.198862171466,40.6667069584552,51.2161887227212,43.3646723724628
"ENSMUSG00000055633",11.6749831642248,10.3449348467708,12.5257572666099,8.79319000586741,17.9921471740488,17.3998566838139,15.7171552398985,16.9496401261247,10.9300004204009,13.7638108641797,14.31523654696
"ENSMUSG00000055639",9.85053385143093,10.1098050567622,17.0620598424437,12.2360909840742,11.5437750852013,10.5048375048233,13.616564808676,20.7467328277406,8.68033731668921,6.133889829933,15.1809795256565
"ENSMUSG00000055643",0,0,0,0,0,0,0,0,0,0,0
"ENSMUSG00000055652",271.804639094787,128.487556103081,113.601178320499,128.603304373843,119.005734726394,114.05018222483,126.809300101839,131.056262774408,288.081371362665,136.208950424301,178.779332383399
"ENSMUSG00000055653",79.2239834658476,75.2460639497305,61.1634634653601,77.6061361552023,117.400644760851,67.5505239744587,45.315999861197,127.241254532837,106.953039231158,69.0587092681168,45.8683759254301
"ENSMUSG00000055660",39.423135502825,46.0309604019547,48.3034518989019,24.2905499518973,41.4877294723988,38.48653854279,30.1544443436327,34.3946255891374,42.7257441309589,31.3579888657013,40.7095615855835
"ENSMUSG00000055670",888.646883999348,735.405829882441,733.645517357099,903.610407834567,764.999685453827,662.774076969207,684.556325362014,767.081676160631,851.118409944312,809.482669217609,911.106764084377
"ENSMUSG00000055675",42.7893237437775,62.6117773707969,11.4624681819127,11.8401345227045,7.46423014020387,74.0345250339031,5.08438727130319,13.8065071072508,13.3277582186502,30.8288267834202,9.14686445234738
"ENSMUSG00000055679",0,0,0,0,0,0,0,0,0,0,0
"ENSMUSG00000055681",2203.30934989677,2803.40466377992,2127.6288440901,2493.21753166262,1977.20950436644,3112.13975096431,2566.36868816042,2810.17820455987,2347.48374413991,2170.56683611629,2421.56474392821
"ENSMUSG00000055691",2.72263126787708,1.06698540643447,1.76419857190347,1.09736718039878,1.06060030670114,2.54731648211734,2.06903705667065,0,3.72702666128275,3.82418841617923,2.30235001903368
"ENSMUSG00000055692",18.9783197441398,72.1031122628097,31.7753311530007,19.1872233836753,36.2092509124593,37.839739488228,58.2712819508446,45.4310850542303,28.505958418337,29.039972464927,29.5216119319806
"ENSMUSG00000055707",293.488347241553,293.276772729041,285.939455077818,339.966570070994,250.220822009676,306.61094567477,236.247214305348,275.733862169981,275.27951693509,238.873949580478,329.176382648603
"ENSMUSG00000055717",108.026937542932,98.6539340720378,73.2777135221452,49.4776311962377,68.5513165399495,69.3237775245031,85.5829356932525,77.5143644742347,83.4560036443051,79.0439074296396,91.3565046590665
"ENSMUSG00000055720",454.995735341173,528.246287002467,437.963035438375,596.867625845481,449.818190917745,596.700164557245,429.74959230867,756.279355276252,542.362911904287,495.074793082809,615.202794853839
"ENSMUSG00000055723",179.978116997765,146.016144809495,181.75152257721,152.806704604771,118.964997204072,185.597794313143,187.415101158524,158.319988385528,168.977005744535,187.155670084322,178.22082613194
"ENSMUSG00000055725",8.26675199653227,5.168618283075,7.12430329510448,7.71699192507983,10.2115872521924,7.74024206482707,5.812882755712,15.0517700780867,11.3535404877525,6.13264155211706,10.1057358865268
"ENSMUSG00000055730",0,0,0,0,0,0,0,0,0,0,0
"ENSMUSG00000055733",38.3668784674444,28.5184323132816,40.7539029303064,16.5567803682473,34.2969840825667,28.4398505160532,42.9931572505229,39.0904727686835,49.2261573425543,22.9788878178069,18.1000262304011
"ENSMUSG00000055737",945.168539778328,567.154680805814,752.088856605914,399.829134762901,720.628622269602,652.701201225351,823.845949213151,520.526286245362,749.540484667099,522.093821210343,588.568092504132
"ENSMUSG00000055745",2.03817569919032,8.56009645306022,0,2.18943329947591,5.36807740207598,6.38067478284862,1.03098757855648,0.975642642791964,1.86860671430119,0.951984347616967,2.30701890109005
"ENSMUSG00000055746",0,0,0,0,0,0,0,0,0,0,0
"ENSMUSG00000055748",12.9002682745087,34.6909237404133,21.2509780352277,29.7092013232183,30.3947111746923,35.9256638420504,26.050637416709,34.3305928370257,20.5001124179224,13.3816539756594,23.9199162559992
"ENSMUSG00000055760",54.6723833553847,62.4338478782746,43.0932309058943,58.4607002927651,53.6540324993765,80.7179919303475,71.8389005171411,63.561777863135,51.9594600652972,47.2928449650241,75.76325065657
"ENSMUSG00000055761",0,0,0.928436359490875,1.16541771229416,0,1.35025413681001,0,0,0.804395258496385,0,0
"ENSMUSG00000055762",1502.26885277878,1805.21304221796,1543.74458589479,1591.90143101329,1572.51721255784,1745.67738734844,1538.51417209503,1622.68733511937,1464.92848464522,1435.68086012447,1494.81682572417
"ENSMUSG00000055775",2.07227629243859,1.07928179974629,1.77437836712017,1.08869698326844,8.43266066257168,0,0,0.99165790257136,1.89386670850023,0,69.595702646622
"ENSMUSG00000055780",0,0,0,0,0,0,0,0,0,0,0
"ENSMUSG00000055782",199.486008284574,79.9066286884183,97.4712548925686,62.4360522154398,115.004591709271,112.403290479199,116.977949204801,84.5966576774257,117.887810203778,84.3957746184571,113.168563246766
"ENSMUSG00000055789",0,1.08064173486522,0,0,0,0,0,0,0,0,0
"ENSMUSG00000055799",125.367934978065,109.526064038988,96.8520417387888,117.527999843806,115.075328352138,114.866738179012,112.842187316492,134.664846173483,108.975413448242,109.030727788949,135.629192741654
"ENSMUSG00000055805",196.313596010645,579.668567007021,131.834163208379,144.995677415883,243.901917319711,682.960405121508,175.753756394723,138.177613757716,118.038064658027,249.941429715954,119.771097939927
"ENSMUSG00000055809",132.03198168927,166.37252293882,136.116646184405,153.332606081732,154.861659152615,216.639643389456,148.340867855025,212.264252434921,136.68541976966,162.954287476854,215.40927978774
"ENSMUSG00000055811",2.02386320879441,1.06684501703658,0.884254333336437,0,0,2.59481433546704,2.07307375613874,0.993153840560275,3.77682753306828,0,3.486171103638
"ENSMUSG00000055817",894.174746879678,985.295042669948,1091.41041443423,903.579037776113,977.888979367448,1018.5336156508,967.396191684124,1056.30795992581,1055.86552993236,1119.72595647893,965.71619667655
"ENSMUSG00000055820",0,0,0,0,0,0,0,0,0,0,0
"ENSMUSG00000055826",7.44027072672855,3.20426621513401,1.76978796993048,3.28688132455094,1.07693519146324,3.81939111863822,2.06400593121804,11.7251736968184,4.67576205323811,3.81659901984913,6.94406017937566
"ENSMUSG00000055827",1.35995044987225,3.25008421249969,2.65810324807574,2.2022909160216,3.15800482810064,3.85676327027263,0,0,0,0,0
"ENSMUSG00000055835",116.851282124394,170.555381763045,151.524884936637,137.626545319168,213.802010259048,170.46341237774,133.1225433716,145.579944546262,209.64103881814,177.253112169932,171.545281514764
"ENSMUSG00000055838",0,0,0,0,0,0,0,0,0,0,0
"ENSMUSG00000055839",791.743013447288,1004.15120039124,839.867890276405,637.387587839185,671.370379758931,634.112239574917,753.218452281855,661.557643071339,649.843475410738,560.738174875233,741.845453332922
"ENSMUSG00000055850",447.45136997042,543.416124737293,524.976676195682,423.081527235602,538.142583582163,471.409592649857,589.744446310775,505.637283082313,566.409153383337,502.192327804029,559.82021463582
"ENSMUSG00000055862",42.3153406527247,52.5657003484505,30.5669691988856,52.8615321651547,51.8231649209262,48.2718241746408,40.2110110046333,74.0599480059259,50.1445414452631,53.9444073739758,64.8785276883686
"ENSMUSG00000055865",6.54029577093057,3.20106013032889,7.06520380579355,4.41236878866872,3.30953976614139,8.9483622478298,7.33722949603186,4.82121236232541,3.68741551319127,6.66711936036149,4.70141990218268
"ENSMUSG00000055866",62.1692807667061,62.7889937610936,101.249099785238,202.227658401593,58.2728100991817,77.0668745847088,52.1390251641397,49.367103005847,255.328613769762,73.823984214186,276.074519647596
"ENSMUSG00000055874",0,0,0,0,0,0,0,0,0,0,0
"ENSMUSG00000055882",0,0,0,0,0,0,1.0244779114794,0,0,0,0
"ENSMUSG00000055884",117.524795007571,144.908376548738,132.361457504644,119.302681158678,155.313662102644,126.316229141375,138.518883762224,160.726138073387,171.610832031046,126.095149014716,92.41914073945
"ENSMUSG00000055891",0,0,0,0,0,0,0,0,0,0,0
"ENSMUSG00000055895",0,0,0,0,0,0,0,0,0,0,0
"ENSMUSG00000055900",82.8986735118399,67.226362097803,67.8629588812365,69.9506963946068,60.9933693761366,76.0582914527695,87.5422291892547,71.7557092555695,88.3407743023974,80.6550127301341,85.9657662903176
"ENSMUSG00000055912",52.9343608845052,53.1022808937474,63.4863029811433,43.5528376881552,71.6026324463818,114.801395956798,63.4051721969098,67.307062112238,77.4904822497334,143.476386068078,64.8149142387025
"ENSMUSG00000055917",579.126487783188,531.280253357904,709.793163534243,715.253780531752,618.529977646593,502.626172907836,590.760682534808,661.097742011886,694.733227826327,625.508281589235,539.632452775301
"ENSMUSG00000055923",238.140589983294,383.51724983407,49.3787049669231,352.939656665201,215.076974857679,229.965773153598,47.2685243269144,339.560720347032,69.033793142597,182.712807144333,514.83489944713
"ENSMUSG00000055926",1.35779407706425,1.0161929100705,4.52209323766333,1.12742943385606,4.1231496783508,0,0,0,0,0,3.58003967220102
"ENSMUSG00000055932",414.625640435701,457.758891642571,383.582800977704,458.667650409561,351.074913081969,452.177448059256,405.237558593138,488.679374346682,423.925604484563,374.256602799059,424.911517808707
"ENSMUSG00000055933",0,0,0,0,0,0,0,0,0,0,0
"ENSMUSG00000055937",0,2.15246743874323,1.77485425377633,2.1811505007744,2.12340407337426,0,4.09628835862712,0.986910162905905,2.82886670994678,0.940710373814774,0
"ENSMUSG00000055942",0,0,0,0,0,0,0,0,0,0,0
"ENSMUSG00000055943",828.693392635009,986.56573102574,852.260522319865,924.857605567603,809.004568589031,813.309318987154,921.039113381649,931.528921599804,847.857260081176,814.666615338503,768.221392318154
"ENSMUSG00000055945",1.38393976661142,0,0,7.31384958448679,0,2.66106923882826,2.17730688063393,2.82010794309455,0,1.19840177993921,0
"ENSMUSG00000055960",0,0,0,0,1.05095675570363,0,0,0,0,0,0
"ENSMUSG00000055963",4.95867473360655,3.25776447214176,2.67916052832314,1.09490176814184,4.41211550757571,0,2.01607139274938,0,1.86313589101035,0.884485300634595,0
"ENSMUSG00000055971",0,0,0,0,0,0,0,0,0,0,0
"ENSMUSG00000055976",57.3757229912453,26.8423317730327,53.0684113606509,76.2997738738924,53.2791615345927,55.1376140947644,67.1468438724211,40.3843286378433,76.1820300193315,84.8422295893981,56.2598821395188
"ENSMUSG00000055978",1.37416477204091,0,2.66316263571063,2.19065942516194,0,0,0,0,0,0,0
"ENSMUSG00000055980",682.045240387858,493.042612516303,561.559483441041,713.070940325512,555.083567856712,530.251019089276,511.595809191972,663.158855705681,824.962678462515,521.914318478474,796.133268067599
"ENSMUSG00000055991",106.560653640248,498.301060785372,112.755048262618,132.234025312914,112.57871119653,116.462824934028,134.522807085347,113.367287299485,136.615066337321,97.8913392017977,127.73875671131
"ENSMUSG00000055994",239.118881373411,178.902221865167,240.560436959709,252.122437315996,120.806527105884,154.370565431484,241.490090727035,171.354840587294,139.61201457783,233.75371752972,280.057548282057
"ENSMUSG00000056004",0,2.16416094096387,2.63240334959096,0,1.05474710547258,0,0,0,0,2.83110267315697,0
"ENSMUSG00000056008",0,0,0,0,0,0,0,0,0,0,0
"ENSMUSG00000056014",60.5590440891889,60.1420763212716,44.1682617988252,77.8147551577403,45.4851569399864,69.0913705258163,65.7723772939386,48.0883188114172,80.8802652430382,75.3006822485289,40.9502647837034
"ENSMUSG00000056018",0,0,0,0,0,0,0,0,0,0,0
"ENSMUSG00000056019",29.3484026327787,24.3711615369554,29.0868949406913,182.13907126901,35.3827833308049,38.5589267429128,35.1148239058535,88.1689502244031,29.3850350539954,37.3945396474572,31.6878476701668
"ENSMUSG00000056025",1297.24503298561,604.059177216012,949.173040008533,797.167109716115,1659.70343700289,694.893496927637,821.804864797206,446.715932115711,633.539466632382,945.592367219924,1000.23501186588
"ENSMUSG00000056035",0,0,0,0,0,0,0,0,0,0,0
"ENSMUSG00000056043",0,0,0.875781524562947,0,0,2.60167653588504,0,0,0,0,0
"ENSMUSG00000056050",6505.29902264676,7665.13736032772,7409.70515777495,9034.0404999157,5786.98276193423,7163.80804401572,7506.66470609357,8112.8257814678,8540.0091552532,7434.72314373498,8412.1918771846
"ENSMUSG00000056054",207.125352352809,46.2041202847403,90.1345874753758,31.4186107098111,78.8320186593472,59.9082544826841,67.2321575910243,25.167950863626,24.4762615858227,41.2124778256691,66.0953006242564
"ENSMUSG00000056055",4.76706797076395,9.62666446193725,7.95255061006107,2.19239930289637,2.11107038322164,6.45193975541355,4.09745371988737,2.97717132000898,3.78207674149141,4.72365194913326,6.87548190729472
"ENSMUSG00000056069",83.1918474512801,140.209411126857,74.9154777195275,85.5836726403519,79.3591377219403,101.073721804232,64.849133973251,54.2040499439155,53.1491861979364,95.3450533302989,57.5077920369875
"ENSMUSG00000056071",6.65094296385861,3.20140622224392,11.5497017423619,7.81773707405574,9.9469120212573,28.19340967726,4.14786152944565,4.84195468970433,4.61832808787847,0.924663826515447,26.8862564055852
"ENSMUSG00000056073",0,1.08064173486522,0,0,0,0,0,0,0,0,0
"ENSMUSG00000056076",2905.48565582378,3390.91173399408,2795.64807031303,3671.59668715559,3320.23824795343,3992.2899055562,3564.15432017626,3107.98559393767,3001.64538514854,3046.36167192311,3754.42171910358
"ENSMUSG00000056078",118.246314331004,17.351075063823,74.2904381782109,27.5450234409715,56.7644337957853,28.2361458574452,32.3577525513067,26.3914206521119,42.7095512586782,37.3687247585705,17.1548420427496
"ENSMUSG00000056091",87.6075324203584,108.329979544286,105.821958311512,80.2595402310677,71.475261916982,84.4610653868034,176.243931400133,115.401628309262,69.3271043362611,77.9731519349171,139.33291782381
"ENSMUSG00000056115",0,0,0,0,0,0,0,0,0,0,0
"ENSMUSG00000056116",1103.49579472018,1365.81344180284,1029.5662785087,1291.01316728267,654.16023784259,1133.06053829164,1770.69139011105,776.236790195678,1262.06080397552,1067.93458415599,792.699425703935
"ENSMUSG00000056121",94.7484858236782,106.207585121228,91.0668105386623,101.01758678335,107.830719276696,89.8270033162552,102.357849237354,114.974654655651,85.9466242883549,76.6711301010679,127.299638262456
"ENSMUSG00000056124",437.165566492888,272.363956628613,573.539264239958,366.082971006293,422.349953092165,191.21656308279,440.557159109001,227.460221334593,262.308285382698,383.404123718752,279.991445527317
"ENSMUSG00000056130",9.39627215232581,4.24998335722931,4.40187360478025,3.31249258812565,8.49022640702419,7.76032021074952,8.25279100348432,1.97997427430767,10.353406021245,3.83475289532596,0
"ENSMUSG00000056131",186.94449178063,263.129469554643,173.66513981981,361.012978779889,181.365561505514,238.222597220396,220.164892822163,271.232109375906,201.873740981447,169.059527275669,182.013808902507
"ENSMUSG00000056133",21.1330479227898,21.4586027241494,11.4863194867338,5.47645493887674,5.27839914782819,20.6668313981717,22.5404063382551,0.990695405482585,23.6210008306983,5.65860219284315,13.745506849689
"ENSMUSG00000056144",184.585453429435,204.972652875646,134.764849298431,128.131625047566,156.716617508601,172.544594722812,147.731805328393,96.6248272750477,138.710882114292,192.638774869424,114.23928860504
"ENSMUSG00000056148",7.45551098169163,0.884372667180287,5.10456388698776,3.63732095934932,4.37120546954676,4.28340345458349,0,7.3711848200853,1.56093544648098,5.49788176701965,1.90000667418814
"ENSMUSG00000056153",223.035253428782,357.959897170797,296.206362397309,238.600045786151,302.088100870845,308.590821540067,332.853200037342,200.201776479768,376.08480163698,262.286603006869,355.495507015902
"ENSMUSG00000056155",3.99207042994715,12.9997456133762,5.34410936008798,0,5.45399564543703,0,11.6505002134471,0,6.51749381061007,0,3.34639623412242
"ENSMUSG00000056158",0,0,0,0,0,0,0,0.992606609936369,0,0,0
"ENSMUSG00000056162",0,0,0,0,0,0,0,0,0,0,0
"ENSMUSG00000056167",493.573753952666,612.559783330762,495.893194480472,522.315169913155,436.538645600279,547.938745608772,501.80931010084,490.734795998793,513.850699879809,622.008590556419,577.899156050279
"ENSMUSG00000056174",0,3.25049862506887,0,2.16667340344893,0,3.8579335178333,2.05257096357184,0.989192346884917,1.89125886008271,0.942145538811805,4.54663310736923
"ENSMUSG00000056184",0,0,0,0,0,0,1.02633295351113,0,0.940342925850645,0,1.14616523908964
"ENSMUSG00000056185",49.4623025602366,43.888794319255,48.054671866597,32.07101509462,35.0637620397555,46.0296705360836,46.6051269228096,36.0837807943602,26.5993760443395,39.299378649009,52.0409461616769
"ENSMUSG00000056197",0,0,0,0,0,0,0,0,0,0,0
"ENSMUSG00000056201",3601.83367926644,3799.05903099252,3893.11676626243,3085.66207562885,3958.9006400059,3445.25551878568,3041.64613414033,2899.35040191126,2949.4884942673,3415.09450702281,3099.1841101342
"ENSMUSG00000056203",1.35951974241705,0,0.90201992312122,0,0,0,0,0,0,0,0
"ENSMUSG00000056204",405.813577099868,348.337415688913,546.21428844826,565.184576023085,446.541310734533,438.607941241782,345.462575965785,423.205221983004,369.635554349703,555.886026876731,452.39776924787
"ENSMUSG00000056209",145.4531730911,172.434283233121,151.072861054564,146.638565848218,149.654951842377,148.46456093729,190.732111726928,165.179141054429,165.996291001588,132.062372040179,174.126497045784
"ENSMUSG00000056211",569.413333299461,451.430426360833,511.082018582458,540.423995738707,434.340638389981,565.020838036263,468.827894427146,524.58273407483,570.114672410417,490.594481647002,591.593541181282
"ENSMUSG00000056214",67.151594100199,53.9358293020131,62.7557009958277,45.8875729438607,39.1750672200159,60.7592569549762,44.1480786317356,71.8190816259611,81.9066457353074,62.1977159304741,71.9530084961333
"ENSMUSG00000056215",2.55861680628409,0,1.20107015174572,1.36616353955279,5.68835381554617,4.79576398054315,3.4683505435101,1.33454208035091,2.33503154094637,1.17989700575188,0
"ENSMUSG00000056216",308.704331596688,315.27355921872,406.786188344342,421.200491761848,391.157060957975,348.882868071234,377.088582734955,333.294030395521,326.217953586548,401.457787461879,361.086879600215
"ENSMUSG00000056220",239.321776511587,186.146562901437,289.982404179288,171.415113090228,322.490326855269,165.54384129488,324.541208990248,142.688404893642,222.041017127145,127.241146223851,186.852246298215
"ENSMUSG00000056222",0,0,0,0,0,0,0,1.66459690665765,0,1.11671962804264,0
"ENSMUSG00000056223",0,0,0,0,0,0,0,0,0,0,0
"ENSMUSG00000056228",285.044047673048,328.959867903638,243.337306811564,227.052262505566,258.977860685319,334.557145425887,322.081090220157,266.15479142139,196.159609248891,184.772550445021,247.327108585356
"ENSMUSG00000056234",957.416446174297,592.346373639175,823.70270478261,697.089350065226,642.334181191518,681.093838653711,640.058150929716,751.144688513833,771.301758440811,594.844138197216,849.473760604455
"ENSMUSG00000056258",2.75724633442644,1.08162576239063,0,0,0,0,0,0,0,0,0
"ENSMUSG00000056260",113.489207952821,143.571099777182,107.773852143054,157.737262205557,124.523666208371,115.671043835577,99.9334464258278,95.9116648475325,113.021941897482,159.229770420187,134.189287440267
"ENSMUSG00000056267",110.380446378053,166.073790035441,362.49020372869,293.223615369257,238.683281121741,88.3153640916324,169.107118399205,234.140816017591,256.756266481707,160.328301491278,219.027213825687
"ENSMUSG00000056268",77.642178725959,244.479149263213,94.0617669396822,113.749192386475,39.9289518821838,241.314136013292,96.1748967771199,42.6482530168429,74.3204939093101,51.0379020581858,52.3264867177064
"ENSMUSG00000056270",0,0,0,0,0,0,0,0,0,0,0
"ENSMUSG00000056271",2.95095453411082,0,0,0,1.34329939530815,4.40028293547651,0,3.70996657351102,0,2.40305554517945,0
"ENSMUSG00000056281",0,0,0,0,0,0,0,0,0,0,0
"ENSMUSG00000056290",60.1761230467059,133.775200225955,6.32413477287283,3.24063440408918,6.27094606693984,52.7599418679778,10.1567068452005,2.0123562842705,5.72432418361138,29.2533124350796,13.5678023884109
"ENSMUSG00000056293",10.2094733122638,10.805702449549,2.65500063860368,4.39558393541968,13.6816545825552,15.3717827979613,7.27645968466579,16.6929101443621,2.80015316393578,4.76756331197909,7.99102544397752
"ENSMUSG00000056296",0,0,0,0,0,0,0,0,0.94676288413655,0,0
"ENSMUSG00000056300",0,0,0,0,0,0,0,0,0,0,0
"ENSMUSG00000056305",336.832178991055,356.490117321878,337.805167861457,320.925136567664,250.68010759124,385.436200036448,314.653225205774,305.015039605088,351.576964564082,318.110967352101,395.192768432047
"ENSMUSG00000056306",0,0,0,0,0,0,0,0,0,0,0
"ENSMUSG00000056310",260.14028343412,308.00991670232,301.261291294582,336.361975643753,275.503194291403,309.963333143283,241.492980428277,282.502477435813,305.484450745541,299.090019368751,273.434171757424
"ENSMUSG00000056313",116.541589822972,65.6488838844842,84.0814457522567,138.67720973186,94.2764224320087,62.5561697898729,70.3700073307594,110.153229498484,101.346638852198,105.209589916413,99.3394850879962
"ENSMUSG00000056328",1054.92060306738,2.15858176676917,132.170944064595,833.655174479057,4595.41198129021,5.1454578478952,64.3394747760575,3.97020689912343,12.3163708676424,183.331698049998,28.5299258318495
"ENSMUSG00000056342",1460.575619383,1469.52597076926,1410.71548031727,1559.30643350009,1289.6490277595,1581.05507313124,1443.55704365921,1699.75820768871,1374.71722793686,1366.63089675186,1401.94052882091
"ENSMUSG00000056350",0,0,0,0,0,0,0,0,0,0,0
"ENSMUSG00000056367",9.9625237148537,6.89541380439963,10.2519950723724,8.31592049809807,10.6638600308387,0,13.302522823943,1.79823456216133,7.69617888119007,4.36273977225455,14.4842675308512
"ENSMUSG00000056370",0,0,0,0,0,0,0,0,0,0,0
"ENSMUSG00000056379",0,0,0,0,0,0,0,0,0,0,0
"ENSMUSG00000056380",0,0,0,0,1.05095675570364,0,0,0,0,0,0
"ENSMUSG00000056383",81.3634929484138,88.0927089224878,72.2134202939608,78.2850980538153,72.8299555257237,77.5622964639598,76.3091966025219,76.4893737050195,77.139644747529,64.6060799311352,97.0374842353552
"ENSMUSG00000056394",179.017792306704,197.921905161211,183.603855901878,121.106395451004,176.224899947832,247.337202346972,133.291566505161,138.464038482181,134.130240291338,179.696917957625,143.16482970747
"ENSMUSG00000056399",0,0,0,0,0,0,0,0,0,0,0
"ENSMUSG00000056413",32.7444898699939,58.1318472777652,15.8934037170958,16.4157710753896,29.6319278180049,63.4091140699727,16.4366146459952,41.362048565268,17.8911564722178,34.9513611807899,18.2952515130276
"ENSMUSG00000056423",1.99528288915758,16.0070311112196,0.888438595566302,2.23363916401593,5.52606223403184,3.84455586508091,3.11089614708424,3.87356375176346,0.923665617575695,1.84932765303089,3.50690300942416
"ENSMUSG00000056426",0,0,0,0,0,0,0,0,0,0,0
"ENSMUSG00000056427",206.025595331636,178.616258642937,211.232422686747,220.833708189865,299.197148705906,190.464619002361,195.158692625952,230.227720102789,213.805000908388,228.891046658727,201.755963866551
"ENSMUSG00000056429",2026.28833191952,1990.68838770131,2426.1552449266,2675.00788781981,2311.44254220977,1779.35720936039,2401.81421704251,2304.15578222026,2481.89845459052,2407.32986183192,2290.35532760088
"ENSMUSG00000056436",0,0,0,0,0,0,2.0489558229588,0,0,0,0
"ENSMUSG00000056457",0,0,0,0,0,0,0,0,0,0,0
"ENSMUSG00000056458",22.6393649564385,40.8659058118056,30.6043262620735,13.0810056930661,40.1547560257069,15.0672531606936,24.1112092277816,27.0301846966382,24.2728188524444,25.1351338012488,34.315595762154
"ENSMUSG00000056459",39.608016453092,43.4197106500412,42.1984128900046,42.3505053873142,123.662423739485,53.5351392966365,38.3592425360602,107.807137011199,79.9302697745186,65.4216625388388,37.9588461274403
"ENSMUSG00000056476",2.27607262608897,4.40423999314038,4.03995026691474,3.54296909350803,6.86045934234819,5.38306560006668,5.41852138491769,8.32725462674683,15.4632841943105,10.2823588942949,5.93947524204572
"ENSMUSG00000056481",84.3223694580557,69.4341403614085,80.7985465500271,86.8516952779203,172.042585611508,73.117503205133,63.4629271892315,100.394460706288,78.3507286579454,47.7549086506292,119.741459327103
"ENSMUSG00000056486",21.4074600258292,36.6473671456221,23.2942827607674,28.6517258084857,48.7473139845974,27.5917630147761,56.5089557426783,38.6288538171112,14.3389466137822,30.2697766097254,8.63849768838933
"ENSMUSG00000056487",0,0,0,0,0,0,0,0,0,0,0
"ENSMUSG00000056492",530.050216212456,447.66694670515,652.581618392588,834.49850569081,823.021396349571,352.459622444175,759.779005614559,1111.05704414185,1143.17453746343,964.159362262703,2146.77262819257
"ENSMUSG00000056493",143.880865890388,124.400124370657,172.517344963405,158.680243728572,211.006792382269,149.106549506583,185.721095456316,209.574984931151,132.314648141524,161.012481228162,147.850640560649
"ENSMUSG00000056494",0,0,0,0,0,0,0,0,0,0,0
"ENSMUSG00000056498",4.63782821800085,18.0862813351484,1.75726808205709,3.31560909032799,6.39616558517391,15.4696041446695,3.13106150964789,6.84059419414897,9.28194316054555,4.83265511942312,3.48551491445747
"ENSMUSG00000056501",3263.19737852308,3389.38464491145,3351.92272965586,3994.01285145254,4151.76416585789,3078.51919849531,4658.93375318644,4063.10142220779,4436.75280195264,4917.94785762447,2210.29605763473
"ENSMUSG00000056508",0,0,0,0,0,0,0,0,0,0,0
"ENSMUSG00000056509",0,0,0,0,0,0,0,0,0,0,0
"ENSMUSG00000056515",16.1074213490262,7.40074408127218,7.91482739346593,14.324794464434,15.9910908758469,7.70392167800914,10.3380721342469,8.85530535552923,9.3450964972801,18.2929999917204,10.4482425279959
"ENSMUSG00000056529",22.4581189590978,29.9316916924954,15.0145160447898,19.7477737161505,41.2129054494612,30.8872521593534,24.6225845708787,44.5825549597138,22.6333214160215,53.9932354619943,36.7617531655568
"ENSMUSG00000056531",4.91878456031846,12.9173684019501,12.8643900780597,5.81375688039675,7.43700658313296,44.6712701303357,5.41995535932894,8.69301615645642,15.7478208863213,10.7546797704254,6.20152032744946
"ENSMUSG00000056536",131.944619526304,96.5074044884717,115.738360035003,112.806106506597,108.569840591243,48.7257302348011,111.674648089159,73.5693447271713,120.304594292901,93.6180155594545,107.387154683413
"ENSMUSG00000056537",208.612300922838,157.974127232145,225.97889902156,193.966382686917,112.545608490173,64.1060554640739,223.301849195976,91.6670612396778,182.890187541008,167.52155159522,181.36232059818
"ENSMUSG00000056544",0,0,0,0,0,0,0,0,0,0,0
"ENSMUSG00000056553",0,0,0,1.13025864264794,0,0,0,0,0,1.80533041354865,0
"ENSMUSG00000056564",0,0,0,0,0,0,0,0,0,0,0
"ENSMUSG00000056569",70.0606062019041,62.2798468512539,13.2423504876927,74.5085426702587,33.9751417831324,52.9214973948312,31.8844235534961,53.0977947731758,5.64001582188467,72.0023023843775,9.17364167127586
"ENSMUSG00000056579",22.8962981958262,10.6175680248702,24.6275186222897,9.99704704986295,10.7952652388223,5.14999632521692,12.6279343758501,8.71419500813376,18.4705072174854,11.5418597164048,35.1437152146249
"ENSMUSG00000056586",0,0,0,0,0,0,0,0,0,0,0
"ENSMUSG00000056592",38.8863444398049,49.4507991456891,38.1967136474885,35.9339663746799,47.5056512470309,56.0717048563349,30.6675710616286,41.6631897229801,24.5463739176894,33.7858518051225,44.6847882400112
"ENSMUSG00000056596",12.6255063440828,31.9093235439579,25.1308216681341,19.4114196986073,18.7233553855586,7.68424250714426,30.325190135533,22.0938545683378,18.2577551208689,13.6890018337157,13.5452030738631
"ENSMUSG00000056598",5.45390651168745,8.5103133837855,11.9501596306995,6.06843689740501,4.18937340756548,8.13883623207768,12.5933285915287,17.9440691566976,7.5013734201796,18.8645435156831,13.4473966514901
"ENSMUSG00000056600",0,0,0,0,0,0,0,0,0,0,0
"ENSMUSG00000056602",110.815923875279,94.1670423014749,66.2512933451086,99.3874753772655,114.462320954708,142.912544473155,78.3277963918259,103.973824380441,63.7184270983512,127.226704547796,126.188805910303
"ENSMUSG00000056605",0,0,0,0,0,0,0,0,0,0,0
"ENSMUSG00000056608",646.781815224609,541.93547751714,617.367128547725,641.667630071115,424.611344409218,388.916748474292,579.945044147238,555.805829824946,720.766587921493,464.974692194207,750.370763538999
"ENSMUSG00000056612",406.991632625946,470.833434751829,436.93016250162,425.148461161581,612.377972872396,476.412480277612,695.201078871447,455.845995101875,509.472915117432,418.948609084754,528.883787303371
"ENSMUSG00000056617",0,0,0,0,0,0,0,0,0,0,0
"ENSMUSG00000056629",687.022472634339,989.363563562238,803.673694455142,758.133945021914,795.933705337394,910.124789282113,831.586758078853,883.323506957468,748.412514729114,663.407327699954,630.837086332618
"ENSMUSG00000056632",0,0,0,0,1.00922068495918,0,0,0,0.985916028041986,0,0
"ENSMUSG00000056643",0.675392018297273,5.4196739889513,0.879299975108067,6.53440540319142,0,1.29395022147357,9.2631365990707,0,3.77949185340582,0.952801707829365,0
"ENSMUSG00000056648",5.03576899994503,3.13522178808912,8.32143081804937,3.19326031526805,10.344361333599,7.52418204704322,4.02290260714158,2.87190766596317,4.16094034125981,11.1821590574881,4.46539890742761
"ENSMUSG00000056656",0.681906799280017,2.15045963676558,14.9809561940458,1.09195274719623,4.22960038149926,2.58347436694424,3.07873264879518,0,0,1.88689900783261,0
"ENSMUSG00000056665",11.3544070399642,17.0473348900336,0.879831591221997,7.70857349027274,12.7615044631201,14.1755174410452,5.20043105385,11.7816844810876,12.1349879743826,18.3036564159587,5.7623525960723
"ENSMUSG00000056666",480.932523141397,509.760507742871,510.913376639662,527.679427384754,362.863172831817,525.238876905577,504.303527075922,629.312539682943,577.924934901708,463.672970079567,712.870902990564
"ENSMUSG00000056671",3.94601110377005,10.573237540038,5.24029469865379,0,2.20206985252986,2.66088819358065,1.03898815055061,3.8847529693004,3.68908344278047,5.77691109272305,5.75675012287112
"ENSMUSG00000056673",0,0,0,0,0,0,0,0,0,0,0
"ENSMUSG00000056679",0,0,0,1.0944324608142,0,0,0,1.9685891606551,0,0,2.28996850541888
"ENSMUSG00000056692",1166.60501172,1080.69098308123,1115.0045928836,1320.75746794912,1254.66873768402,1062.10802711671,1253.67794449495,1223.59415143147,1138.02748458144,1252.59381779354,1377.06053222578
"ENSMUSG00000056696",0,0,0,0,0,0,0,0,0,0,0
"ENSMUSG00000056698",175.785793827205,192.370630283508,186.784703029122,214.044864689229,156.869352255728,253.751644411492,203.964486350782,251.024091540478,229.032441403238,189.849954853135,218.010955161334
"ENSMUSG00000056706",0,0,0,0,0,0,0,0,0,0,0
"ENSMUSG00000056708",428.520175710737,465.497727579449,646.015611885954,365.418100862201,578.13907116432,400.891099180426,635.997719251435,443.088501473996,303.833620794173,613.930562185122,270.163103916639
"ENSMUSG00000056718",3.96671126310887,4.29717253877818,3.51881657783198,9.94882395668922,7.68841804064132,7.77479140823151,7.33970436363694,4.79519934381629,3.66966143354169,7.55415886844882,1.16782083355499
"ENSMUSG00000056724",1520.47127977329,1828.39484332287,1632.9367854108,2089.3161250152,1146.5653288904,1803.03414696643,1443.6818620975,1895.71281656189,1610.86628242572,2125.46778707439,1769.2310532211
"ENSMUSG00000056728",0,0,0,0,0,0,0,0,0,0,0
"ENSMUSG00000056737",764.335647269912,566.27252505761,784.788661944393,626.886282874348,802.968868004521,610.87168404909,561.296131857338,442.945965090031,606.729177529071,718.73315971864,695.708640780781
"ENSMUSG00000056749",518.278510900605,568.771678185896,481.082877760136,330.58046359715,539.635170368974,420.790212287188,371.691278310605,473.161477902103,191.429762063468,460.532879480472,154.566302223232
"ENSMUSG00000056752",0,0.281552513609141,2.88348318151338,0,0,4.95141361344535,0,0.607997705574936,0,0,0
"ENSMUSG00000056755",0,0,0,0,0,0,0,0,0,0,0
"ENSMUSG00000056758",0,0,0,0,0,0,0,0,0,0,0
"ENSMUSG00000056763",476.406510527029,502.734484905538,468.521740896984,578.950070933448,611.564133963649,427.746771455842,478.304962639876,645.513719170667,531.855651409213,385.191259126589,483.333805668988
"ENSMUSG00000056770",1699.30761968843,1614.61093064295,1693.79313266889,1864.39099757013,1701.37079268836,1712.11568255901,1559.43204542045,1609.2375795769,1693.5224752892,1661.22029555442,1929.08734027659
"ENSMUSG00000056782",0,0,0,0,0,0,0,0,0,0,0
"ENSMUSG00000056812",0,0,0,0,0,0,0,0,0,0,0
"ENSMUSG00000056815",0,0,0,0,0,0,0,0,0,0,0
"ENSMUSG00000056820",425.19373923329,439.82318592843,381.635861597978,414.645969814334,371.931844517042,358.811212960837,439.067679393728,364.88187868798,383.237318547318,368.740868632918,460.52476793276
"ENSMUSG00000056822",0,0,0,0,0,0,0,0,0,0,0
"ENSMUSG00000056824",0,0,0,0,0,0,0,0,0,0,0
"ENSMUSG00000056829",0,0,0,0,0,0,0,0,0,0,0
"ENSMUSG00000056832",7.65009969270839,3.51728108030443,5.00780436392624,4.45352221221165,7.30954160805016,6.23100271897259,10.1395520800249,28.5264926713909,9.01160591264968,10.0495631879557,12.9143543996291
"ENSMUSG00000056851",2405.89559386263,2357.45461612882,2499.29886223858,3102.99837105207,2957.48852506559,2549.24021719354,2406.51036554257,2869.23601265226,2236.50798914555,2699.17090265422,2354.38124738601
"ENSMUSG00000056853",0,0,0,0,0,0,0,0,0,0,0
"ENSMUSG00000056854",0,0,0,0,0,0,0,0,0,0,0
"ENSMUSG00000056856",0,0,0,0,0,0,0,0,0.94676288413655,0,0
"ENSMUSG00000056858",0,0,0,0,0,0,0,0,0,0,0
"ENSMUSG00000056863",0,0,0,0,0,0,0,0,0,0,0
"ENSMUSG00000056870",71.2497592774368,74.8729318847529,55.5318523996391,87.8065473735875,81.8171602008662,79.2226241063967,60.7081739111722,105.864266160765,67.4802957326999,50.2411045743098,111.355329743769
"ENSMUSG00000056880",0,0,0,0,0,0,0,0,0,0,0
"ENSMUSG00000056883",0,0,0,0,0,0,0,0,0,0,0
"ENSMUSG00000056885",0,0,0,0,0,0,0,0,0,0,0
"ENSMUSG00000056888",68.0561395845868,123.450114971282,68.2891738666491,45.341531353681,73.3744108117716,100.179202244345,48.2110054472149,49.3155853997649,48.5120121885103,51.9526627221911,36.9099175195375
"ENSMUSG00000056895",1.97457656179118,4.27963388151213,0,3.31431399589609,3.31596948210746,3.84414552534255,1.04676549436446,1.92586747480158,1.84215065698781,0,2.34932229794151
"ENSMUSG00000056899",14.1110908951999,7.01863179123056,5.79818694045077,3.13160456543836,15.1735775778171,12.1681405540378,8.87476767177833,10.1307717605004,7.87053995297623,10.0549973760509,3.29314674773104
"ENSMUSG00000056900",55.0715578179612,3.10812095684832,3.41697345087553,13.6568475687275,31.4089089427501,0,2.95164694360334,4.78551588746638,1.82317246661989,6.60009111690974,2.20285696750997
"ENSMUSG00000056901",0,0,0,0,0,0,0,0,0,0,0
"ENSMUSG00000056910",0,0,0,0,0,0,0,0,0,0,0
"ENSMUSG00000056912",0,0,0,0,0,0,0,0,0,0,0
"ENSMUSG00000056917",487.445854319977,874.034560744432,364.717168791494,369.798870786667,324.16594703978,778.550399367333,326.728853074867,414.110040337414,329.810515255673,479.846884126041,348.591504711642
"ENSMUSG00000056919",260.94609439078,165.577399415568,257.011876663625,172.846623406601,231.572408088429,170.218231309321,244.736361122269,177.154293808271,255.591515543764,179.375784410478,183.641038350599
"ENSMUSG00000056921",0,0,0,0,0,0,0,0,0,0,0
"ENSMUSG00000056926",0,0,0,0,0,0,0,0,0,0,0
"ENSMUSG00000056938",398.34587937729,373.232278649124,439.242231711349,298.284858247553,522.875889732675,396.033518303289,390.7437213978,364.897962665029,418.604467166125,330.760449325685,322.857234114851
"ENSMUSG00000056941",201.624778161841,287.100907566779,264.941310386375,222.322861476295,203.270461860511,246.35277619897,262.416269310609,227.026955982229,192.178994924839,260.830287467508,255.790543637273
"ENSMUSG00000056946",0,0,0,0,0,0,0,0,0,0,0
"ENSMUSG00000056947",6.18518426556936,1.07991227454636,1.76780734764537,3.27383270146527,6.36487178879727,1.29134648503359,2.05626111067051,5.88113926244552,4.69454822010324,2.83122814601787,7.99359566827107
"ENSMUSG00000056952",1001.4238665748,936.651453075864,1255.74830669964,1283.04731662356,1167.71953590473,1046.49444541118,1672.74849421126,938.591605086552,1278.64618625921,1066.50869499201,1348.4836588002
"ENSMUSG00000056959",0,0,0,0,0,0,0,0,0,0,0
"ENSMUSG00000056961",0,0,0,0,0,0,0,0,0,0,0
"ENSMUSG00000056962",584.919558904975,517.118747628725,518.527542795697,576.049593490936,474.42806014633,541.51230489154,536.952998170537,559.778335834888,501.192563401514,508.600469203952,601.671861140103
"ENSMUSG00000056966",1.36240787146731,0,0,0,0,0,0,0,0,0.948374327562395,0
"ENSMUSG00000056972",0,0,0,0,0,0,0,0,0,0,0
"ENSMUSG00000056973",2128.95681135583,2281.54305033737,3287.26027378888,2978.74724843831,1713.18861405067,1792.27107727862,3351.1689698895,2218.53817651312,3439.39102568717,2729.48040231421,3356.31752877832
"ENSMUSG00000056978",0,0,0,0,0,0,0,0,0,0,0
"ENSMUSG00000056987",3.65431749851982,7.18521680224431,4.8740521922173,19.1814684155991,1.44929759145221,4.39822851871726,7.0359263002764,2.6977942848227,5.12570573299283,7.91458185225893,34.6936676606677
"ENSMUSG00000056995",0,0,0,0,0,0,0,0,0,0,0
"ENSMUSG00000056999",0,291.216013226573,0,0,266.286882888361,0,299.765979202335,296.84168348895,0,270.165872814902,352.217515014244
"ENSMUSG00000057000",0,0,0,0,0,0,0,0,0,0,0
"ENSMUSG00000057003",35732.3006819642,176.924990257483,330.090066462739,2378.56552175469,278.258429819184,323.865666934914,87.7795332333443,0,0,1724.39647176357,1.14173682114837
"ENSMUSG00000057021",0,0,0,0,0,0,0,0,0,0,0
"ENSMUSG00000057037",0,0,0,0,0,0,0,0,0,0,0
"ENSMUSG00000057047",0,0,0,0,0,0,0,0,0,0,0
"ENSMUSG00000057050",0,0,0,0,0,0,0,0,0,0,0
"ENSMUSG00000057054",24.1507925538316,17.3069833874874,12.5331485355956,14.7863584004287,24.4568400313326,14.7919283603543,21.7363115784287,13.2794356351628,20.7288225608468,13.7743711212764,19.9821964592248
"ENSMUSG00000057058",16.7792567508157,67.0189610846474,2.96220244657054,2.74212585076345,4.4227058530497,53.9994793657535,7.704818858597,2.48628280977203,20.8365461664638,18.7308460651348,0.96192163684238
"ENSMUSG00000057060",4.13771844391356,9.68453195703306,12.4276465186767,12.4513097355732,8.46880620935658,3.61529164101079,15.3946452289499,6.99787616664945,10.0829998120809,3.77703597260237,17.2190483145432
"ENSMUSG00000057067",0,0,0,0,0,0,0,0,0,0,0
"ENSMUSG00000057068",0,0,0,0,0,0,0,0,0,0,0
"ENSMUSG00000057069",360.141456535406,425.048278322267,358.140394909467,380.052386385809,335.818317619028,301.983590299994,419.305309022248,447.322221782181,386.533933000797,348.532947598667,307.480639487202
"ENSMUSG00000057072",0,0,0,0,0,0,0,0,0,0,0
"ENSMUSG00000057074",0,0,0,0,0,0,0,0,0,0,0
"ENSMUSG00000057092",209.696555000254,137.397254638807,187.267487836867,169.884566007586,102.466084198817,145.318449357623,124.935096814639,152.999632579349,160.750957948069,132.507926459662,240.220976010287
"ENSMUSG00000057093",5.40405454556532,7.64050427999496,7.96894164169324,12.1182519933021,9.43010898711949,1.28600607668418,10.4561252126192,5.86180738170712,9.28608334668563,6.68572203647854,10.2501970082742
"ENSMUSG00000057098",46.5347201963221,79.4104059114979,46.9928170502301,36.3668921152555,74.5642217092864,62.3958453580926,40.8363856332811,62.6422816841035,41.5163377446394,50.5144370379891,47.8518269955881
"ENSMUSG00000057101",140.687606330316,201.103234385596,229.903760856604,219.232855903089,131.942684561564,132.210855754911,189.575804990069,378.015049515525,230.438041183369,302.590156276967,144.981212306536
"ENSMUSG00000057103",21.474683187334,17.0582220622345,19.1412224468268,30.7412373962624,38.3713812113648,52.6537198971483,21.0099070486388,29.9201626169976,64.5114082443889,18.7516936989405,25.8939024607485
"ENSMUSG00000057110",570.643460106453,783.027627825982,545.273827813284,509.918828588728,555.333421745279,703.056915426491,544.082842450072,582.018932088116,650.445193686461,603.389774365423,654.675238387476
"ENSMUSG00000057113",2489.46281931564,2775.37532169207,2936.38579249186,3107.51022239248,2888.15603143682,2664.17714904657,2795.36997387739,2797.16892069446,2804.66947562513,2633.85692168466,2470.17406735583
"ENSMUSG00000057116",0.684259878125191,2.16646903980101,1.77740175445165,1.10267866683395,0,2.57581987417659,0,0.988573594760512,0.94047203569648,0,0
"ENSMUSG00000057123",8.88125784851257,10.7991142880977,9.74926405495368,13.2105876879705,10.6173942026501,18.0561158910644,6.19095559823279,14.866346732863,5.68114768030365,8.54745463730385,8.82547078183833
"ENSMUSG00000057130",185.787105360419,176.251629212845,206.695245579931,222.156601108066,195.394300822683,190.549864033026,206.256261472218,234.315021329819,142.222905574638,173.127895746072,168.6898330302
"ENSMUSG00000057132",73.5525805807744,281.34275265375,152.764537913898,386.911956158461,166.508294065707,102.038150089222,256.650452402245,99.3563650671175,253.629009610449,109.658719467095,182.578559280292
"ENSMUSG00000057133",415.092848141026,494.604345529992,495.829117921296,427.81251425063,629.53440761222,432.755364511459,579.926049899255,349.783239343694,422.408946876131,590.263850350296,441.302064492795
"ENSMUSG00000057134",122.289382269041,82.5185782358587,117.987299864347,126.747871029749,131.337787543788,118.645857811546,147.588198806679,117.725879341547,111.434900152327,162.540630748146,130.64474673883
"ENSMUSG00000057135",5.98742844325307,12.6919493344024,5.28117370929707,3.30931742804341,10.8270202916469,22.9686138805324,10.4568962185641,5.83074577816848,7.37645188540309,3.85833005257451,4.68894252181451
"ENSMUSG00000057137",52.8339916569345,58.2598200520704,89.7203340702486,103.636850837337,112.756090562382,116.578734703107,92.5223065534323,61.0021842341841,103.73499763819,117.147638135604,87.3524887239525
"ENSMUSG00000057143",162.728071623708,127.945143130457,118.576188968518,108.964527071003,129.225271100511,133.42868888738,139.778511087488,88.1672489552025,131.280530402658,130.881601333584,98.0313378933309
"ENSMUSG00000057147",32.0647769701217,36.5060797400749,27.0799139441099,29.4084960454426,31.1055976287725,23.0271329764017,28.2938388626366,27.9618115584487,28.3614027423799,27.9479516626834,33.9454085267167
"ENSMUSG00000057149",0,0,0,0,0,0,0,0,0,0,0
"ENSMUSG00000057156",104.430671395614,62.904555688156,68.7666322994706,76.9662971970198,46.769991088205,65.1170997902714,138.485589082794,61.5326294298342,124.134137792231,124.649383428255,151.182534228674
"ENSMUSG00000057163",0,0,0,0,0,0,0,1.96492111500375,0,0,1.15223213728304
"ENSMUSG00000057170",0,0,0,0,0,0,0,0,0,0,0
"ENSMUSG00000057173",0,0,2.65566560298791,0,1.05515262310344,0,1.02442653285808,0,0,0,0
"ENSMUSG00000057174",0,0,0,0,0,0,0,0,0,0,0
"ENSMUSG00000057176",48.6448485454715,39.7971614817041,47.3881958856502,32.4795012324899,37.8312925853545,71.0816664097476,31.3864301607552,32.0146142871374,45.2800023293542,26.4760755970018,33.0331866196507
"ENSMUSG00000057177",1263.82978154316,1311.02378276091,1358.15442164565,1338.22189055702,1286.60626399248,1365.56945166299,1323.24851630727,1468.95113940266,1201.52673404433,1243.58823613347,1408.44293029516
"ENSMUSG00000057179",0,0,0,0,0,0,0,0,0,0,0
"ENSMUSG00000057181",71.2120537586698,46.5024407549232,48.3897932712441,65.7159039252271,56.0177605649422,47.6928036207588,46.906808559065,49.7811249220812,57.1242560403944,54.2370243887151,53.6741693674444
"ENSMUSG00000057182",0,2.15721556100672,0,0,0,0,0,0,0,1.87626534597693,0
"ENSMUSG00000057191",10.5351931958721,33.200760922177,6.50129248685798,0,1.97260120626734,22.0618996633242,3.81176388466751,4.32524531366736,4.65884316374323,8.38904802710231,4.96615063439656
"ENSMUSG00000057193",552.407803197248,658.138162081401,495.925466153853,604.214897604586,599.647672053859,726.598351630531,591.098351520126,775.578195632738,841.587932635798,704.350580342149,1080.20253729431
"ENSMUSG00000057195",0,0,0,0,0,0,0,0,0,0,0
"ENSMUSG00000057203",0,0,0,0,0,0,0,0,0,0,0
"ENSMUSG00000057207",0,0,0,0,0,0,0,0,0,0,0
"ENSMUSG00000057219",20.7699445086479,38.4462163205428,14.087411275369,15.3654150102902,15.0183363335393,18.0174141374108,30.1139189217636,27.2950690618637,15.8394189899794,25.9592810193058,13.8629656372339
"ENSMUSG00000057228",0,0,0,0,0,0,0,0,0,0,0
"ENSMUSG00000057229",189.230138643092,281.453185217409,339.19604100195,338.17407132668,295.59308030515,331.222330372121,269.287540794528,351.762554487211,318.135969532891,305.039166116252,262.235226831975
"ENSMUSG00000057230",274.314884120775,192.84406449733,202.621798536087,189.587316149377,184.906917945187,93.3936920605286,223.96083545059,143.103764939136,150.006079884436,152.445707778024,253.484173068293
"ENSMUSG00000057234",43.5785500891842,34.2770515612841,39.0210371357292,32.7464974135955,47.6320124999358,45.7839535873615,31.8048554539291,63.2722260243502,56.3925086853937,46.3178749028465,31.0315546798586
"ENSMUSG00000057236",1183.88969646849,1231.80626859408,1237.4796338717,1227.72230170329,1127.04715006549,1117.42933826005,1147.94014176726,1155.74838721458,1195.81483696028,1147.53696854324,1205.85078309549
"ENSMUSG00000057240",0,0,0,0,0,0,0,0,0,0,0
"ENSMUSG00000057246",2.58708675738109,4.74612438476747,1.11727096559898,1.69777250443391,1.00836854748621,8.22639136894529,1.31701875026717,0,1.77963656935384,0,0
"ENSMUSG00000057265",7.39570247873615,31.4983333957344,155.336570914647,8.38946674530882,5.1168067316447,8.41828709559629,27.2019214816462,7.98680792004834,18.1794562976663,3.6231484727746,13.4094205772448
"ENSMUSG00000057270",0,0,0,0,0,0,0,0,0,0,0
"ENSMUSG00000057278",45.0636022819158,76.1273472284071,36.1530763090338,38.9189914623319,45.2681658349236,58.5081999854263,37.6101386720091,53.1828411045396,36.6358643688879,26.214734306444,29.0973221087106
"ENSMUSG00000057280",2.75975707059354,0,0,0,0,0,0,0,0,0,0
"ENSMUSG00000057286",1886.42542774911,2475.66251550548,3229.04644268017,4255.18991350245,1583.98941623835,3990.68213319769,2619.48417877725,4575.48949729139,4223.95585003227,3293.69696048549,2543.14783581485
"ENSMUSG00000057315",58.0889784358911,62.0201749057813,68.4992462533974,57.5000260953285,76.5588039018122,37.5610678245323,59.8106565518165,41.616257991898,47.0582091754923,46.7726797781278,52.5269666170163
"ENSMUSG00000057321",0,0,0,0,0,0,0,0,0,0,0
"ENSMUSG00000057322",484.910679397173,560.027114215002,454.510146402439,461.315248402317,435.981061163329,472.553618088956,396.688155721661,473.640066492829,449.68197711654,380.882354700685,379.98395448786
"ENSMUSG00000057329",4.19876740673844,25.213947575939,5.04480555162933,8.75077518241336,10.456073037868,10.2397557937969,3.67482576821989,6.04448872847814,4.61949330111882,5.09681928153277,3.06965718726722
"ENSMUSG00000057335",133.039968123092,93.0004138151481,105.542912111404,91.8151713031357,152.794194032917,42.2714333780104,152.090460638515,269.531964187461,65.0405986115398,215.305046565397,157.594942863719
"ENSMUSG00000057337",6.79836837552228,34.098122764307,2.67926865515303,1.09315255712358,2.14588891146625,30.6830670916203,1.02876354212522,5.92995642910181,3.78737797927194,11.1482233009463,4.61015328836848
"ENSMUSG00000057342",826.625176584509,789.469560211772,975.236900333251,989.730777223808,833.409005448727,774.70857574731,812.22119797556,762.462692099908,954.352559832588,1023.34499490442,997.839141980901
"ENSMUSG00000057346",64.9410311680258,36.5510055226515,86.5441478659906,59.0204155007773,29.8689873097798,75.3183731892745,48.6297023718892,8.95933280537666,69.018699871493,64.4220731597169,91.2545768717247
"ENSMUSG00000057349",0,0,0,0,0,0,0,0,0,0,0
"ENSMUSG00000057363",245.199798543899,303.019066730653,271.835808474397,257.616512768492,271.827393071186,259.692598457118,306.945135639545,266.611239292081,219.736597723078,217.664512352979,285.270863479295
"ENSMUSG00000057367",462.710986070565,613.312167325036,473.491479964177,423.462901422086,476.231170170609,429.764800334559,468.209642809332,436.378973707047,466.767281561158,555.670293767488,399.496693605867
"ENSMUSG00000057375",300.60208342105,302.660844986627,352.741254360898,337.245762964601,257.764240275681,347.845936497405,323.743194099016,326.974925630863,340.067241842902,294.01469201436,294.635951472776
"ENSMUSG00000057378",16.5905558933133,22.698006603744,31.9462737477477,20.7142642559931,27.3673428221495,11.5270119621588,19.4785559084213,14.864530299034,37.75071458418,11.2547803838446,22.822367087147
"ENSMUSG00000057381",0,0,0,0,0,0,0,0,0,0,0
"ENSMUSG00000057388",292.803194520235,284.725325225164,282.599267943776,301.545318612955,239.983362759628,317.078104723727,264.172722161062,275.765192783204,293.848316020951,245.470047856316,302.376080232822
"ENSMUSG00000057396",45.5669975506182,55.5246737523291,44.6206566455959,55.8709218318064,42.5489995296448,54.040534244609,43.3958625527597,42.9816136073872,42.6623980922366,38.6923591576251,35.5921939315593
"ENSMUSG00000057400",0,0,0,0,0,0,0,0,0,0,0
"ENSMUSG00000057402",0,1.07415575279971,2.63325254630988,1.09355366988645,2.10277722532638,0,0,1.96699355802204,0,1.91048047188033,2.28923078694387
"ENSMUSG00000057406",385.596023584073,362.354163544731,367.350657304307,449.77369204267,660.356857680101,264.372708451033,442.326507361327,356.702124876346,434.577641182512,396.913438628295,366.032277076762
"ENSMUSG00000057409",70.8774677302987,73.2460812659574,39.4432926667619,40.5438625610695,53.0794799902419,65.3849261097394,59.7443826090166,53.6258688411083,60.3439704307669,48.0714437700827,50.5023149157129
"ENSMUSG00000057411",596.395503656672,646.017303802481,714.012144883843,791.621747182659,486.129150769574,756.555952439601,707.602568541976,660.064189462164,709.731577991165,584.360283511535,637.760275219577
"ENSMUSG00000057417",0,0,0,0,0,0,1.0244779114794,0,0,0,0
"ENSMUSG00000057421",780.768959816432,874.888706978462,757.559568919603,787.491796999941,986.168516988738,876.24716451411,860.692969619817,780.418711058691,832.177357263051,939.150739631735,854.333112180951
"ENSMUSG00000057424",0,0,0,0,0,0,0,0,0,0,0
"ENSMUSG00000057425",0,0,0,0,0,0,0,0,0,0,0
"ENSMUSG00000057439",0,0,0,0,0,0,0,0,0,0,0
"ENSMUSG00000057440",114.004209693181,95.3788424243158,136.31561082888,169.090992034863,145.413130714515,57.5307806279352,185.432262117308,235.064227762198,149.055738158064,132.076622388779,160.214750988472
"ENSMUSG00000057443",0,0,0,0,0,0,0,0,0,0,0
"ENSMUSG00000057444",0,0,0,0,0,0,0,0,0,0.936366945291053,0
"ENSMUSG00000057446",0,0,0,0,0,0,0,0,0,0,0
"ENSMUSG00000057447",0,0,0,0,0,0,0,0,0,0,0
"ENSMUSG00000057454",21.9383649215152,23.6404092566877,31.127984600058,11.9918940671926,28.9811435154377,10.1492804003858,24.5997270132777,12.7673674506858,18.8247355435365,25.435944539953,25.3396711139796
"ENSMUSG00000057455",0,0,0,0,0,0,0,0,0,0,0
"ENSMUSG00000057457",0,0,0,0,0,0,0,0,0,0,0
"ENSMUSG00000057461",0,0,0,0,0,0,0,0,0,0,0
"ENSMUSG00000057464",0,0,0,0,0,0,0,0,0,0,0
"ENSMUSG00000057465",2.97885718691429,5.77204977097102,13.58961937324,17.0156423259755,36.1266919975923,16.6880974365836,235.020814398739,47.2295341590766,7.64828166793322,36.7163518834528,128.601079909337
"ENSMUSG00000057469",78.3813436180159,31.555113664635,74.8701835752728,117.528215913727,36.0417444554879,138.899353806169,27.5672326263078,315.657943900525,48.037804035576,183.788455156264,153.639201568914
"ENSMUSG00000057497",108.252960380235,136.602601467124,95.6172786912172,94.748767857167,99.9259311079256,113.217832788984,123.268684026864,89.3756201194772,115.326515989699,83.1603446962428,137.799991566146
"ENSMUSG00000057503",0,0,0,0,0,0,0,0,0,0,0
"ENSMUSG00000057506",181.050511205416,164.942742341592,173.644098434825,193.288233853637,176.24445596545,167.698389297202,221.342549350553,142.666891008237,165.452447862419,187.855406864003,181.683959983534
"ENSMUSG00000057513",0,0,0,0,0,0,0,0,0,0,0
"ENSMUSG00000057522",1673.82203683518,1965.52231910956,1630.40912453765,2844.05361380609,1754.77088047413,2064.7612751013,1991.09269981447,2189.20648205274,2090.32234102589,1750.32931420437,1547.58511446611
"ENSMUSG00000057530",409.467371999144,301.185852733953,395.478902366786,313.572067861419,513.53376405791,402.070931056435,299.441209557472,389.653919994875,463.973277587336,350.104982718427,573.640677604158
"ENSMUSG00000057531",341.19166035801,323.275572014048,325.273952326574,378.670141686881,517.566282777352,226.283816365348,340.429756720967,281.332381602037,439.172844778302,458.34909959715,318.307615573302
"ENSMUSG00000057534",0,0.415102819019242,3.06248543008766,0,2.53715211794341,4.41744891195453,0,1.12207087518498,1.07024781757584,1.02592684505318,2.66294245822415
"ENSMUSG00000057540",0,0,0,0,0,0,0,0,0,0,0
"ENSMUSG00000057541",213.776187442027,241.148523382168,237.275792999877,209.914172547254,213.788925294823,204.873783031938,198.085900017277,212.460231358616,238.335554391506,168.26375236548,280.568763358784
"ENSMUSG00000057551",183.099876014529,205.340532854514,237.40636545952,203.796531126835,198.747354522975,190.48070598391,191.426942232687,218.643750037509,198.93623692661,175.406423863002,246.75617239304
"ENSMUSG00000057554",267.515812250342,312.115529549362,282.963460113708,228.083757711792,301.136844840249,232.035964413694,258.041097773124,194.502411091553,246.918818883159,263.469432024706,323.738882462796
"ENSMUSG00000057561",354.469795308655,245.267843314629,196.578879752849,212.160316136537,354.870854136912,266.213953529159,361.117463955165,195.188345265311,276.811373311319,248.028357275763,287.693788941146
"ENSMUSG00000057564",0,0,0,0,0,0,0,0,0,0,0
"ENSMUSG00000057572",110.041551397594,156.079701693223,127.400844219889,110.497722244518,96.419891201825,120.926793451179,125.320790765086,107.845163873365,107.42782691313,115.741882967362,106.955975697264
"ENSMUSG00000057592",0,0,0,0,0,0,0,0,0,0,0
"ENSMUSG00000057594",29.1999880206575,41.3907442004044,26.3361407306917,19.8737506568684,30.0366585518918,33.4814459126512,25.0534397200409,23.3792825359526,29.6493531086636,40.6726232286741,39.5142227484526
"ENSMUSG00000057596",57.6506166752057,46.0358730131909,32.0736429844687,45.5117414085372,35.6746077452953,51.0616721011196,37.8268930588216,18.6195526456663,57.5912277914888,26.0679493439706,35.2097260145735
"ENSMUSG00000057604",52.3716055784895,21.6224730389307,86.6721638973086,46.878064620999,73.2891090671547,25.7959804223095,55.5384191043982,45.0028564813249,25.3204280052335,82.0709477971904,35.3897402936493
"ENSMUSG00000057606",4.85245456354883,27.4967687599193,2.68171459981751,0,0,33.9304772048427,1.03425151972315,1.98229274300588,0,4.74002510777018,1.1525283247659
"ENSMUSG00000057609",0,0,0,0,23.3902925225103,0,1.01540494748668,0,0,0,3.4121993640418
"ENSMUSG00000057614",207.413840503884,80.5182217001243,244.913787167227,116.291097523454,159.604746759381,89.6925223458448,234.326089128365,186.234804649277,161.244356457708,146.361819372882,174.296400836307
"ENSMUSG00000057615",0,0,0,0,0,0,0,0,0,0,0
"ENSMUSG00000057637",901.049295234075,929.119065942729,879.678173002132,884.068460084201,793.557726631097,739.765248215696,873.408838542544,804.74346551417,822.61269106343,833.947672369453,827.420654737398
"ENSMUSG00000057649",553.920097955299,522.769741744158,395.645926080683,652.850625064281,398.366546667575,422.746333834047,413.277676249278,440.463143017099,356.944204766231,379.757312498124,393.333101421265
"ENSMUSG00000057650",0,0,0,0,0,0,0,0,0,0,0
"ENSMUSG00000057654",0,0,0,0,0,0,0,0,0,0,0
"ENSMUSG00000057666",19317.0611502762,18361.0840085963,18375.6412403264,17084.7958660902,18366.255753424,18829.3895360212,17526.1127129841,17351.5838445497,15464.0882963806,16062.5669748698,16610.5431294134
"ENSMUSG00000057667",69.2982825147531,74.3703258515203,83.6064949673005,71.6923409975605,84.0451927316438,75.9986898772684,72.8640091048245,81.2905740259647,64.225903564922,97.5407921284168,62.5725896230907
"ENSMUSG00000057672",3363.95133175387,3568.83291577376,3931.0756721689,3857.47850806907,3362.98394466251,4046.06818954338,3656.03959485999,4109.84371255353,3493.30501474249,3973.56454626235,3826.30959463646
"ENSMUSG00000057674",0,0,0,0,0,0,0,0,0,0,0
"ENSMUSG00000057691",260.41017956317,311.068381598448,233.324198337921,300.35809123225,301.67511399334,378.021453464286,297.208856029711,312.133857154436,313.190292212528,355.326849365522,338.792294236821
"ENSMUSG00000057697",0.670229710645199,5.43676788371575,0,0,3.16496253434721,0,5.27387412700559,0.976574207906703,0,0,2.29487143893245
"ENSMUSG00000057699",0,0,0,0,0,0,0,0,0,0,0
"ENSMUSG00000057706",15.144690061311,30.3228292945241,30.1742037597569,14.1268351355189,31.8791547704943,14.0931634228279,24.5928944830764,20.6844876841103,18.8774150065849,28.1768930808701,7.99246260325615
"ENSMUSG00000057710",0,0,0,0,0,0,0,0,0,0,0
"ENSMUSG00000057715",0,0,1.09590393363254,0.902280374809724,1.63777519139838,4.46667437307771,0,3.01120518269317,0,2.22665378910786,0
"ENSMUSG00000057716",0,0,0.914221521028946,1.13512679561171,1.10316092477154,0,1.06755038776139,0,2.42295924875208,0,0
"ENSMUSG00000057719",6.69395235736406,2.11228898945514,1.82334049021399,0,6.19537578790078,6.68122004161654,1.05524621508583,2.91657139202785,3.90623592529588,7.36456734749238,5.59505986433722
"ENSMUSG00000057722",5.60474465651368,16.8612549036902,6.4056342635274,4.53550163263322,2.1673634710952,13.2061079160176,0,3.03382551875739,3.84713156859262,9.81301384238567,4.37268397285178
"ENSMUSG00000057723",0,0,0,0,0,0,0,0,0,0,0
"ENSMUSG00000057726",0,0,0,0,0,0,0,0,0,0,0
"ENSMUSG00000057729",67.731220251365,6.08047870890666,28.7766288988024,11.5467882489415,14.8432308410468,8.51677054181365,52.7057836588411,3.18066330980938,31.2021775467839,16.9991871977219,87.9322221345073
"ENSMUSG00000057735",0,0,0,0,0,0,0,0,0,0,0
"ENSMUSG00000057738",3571.52143276641,2746.08507345264,3654.89027300667,3495.15501169159,3998.81825793691,2817.81286041631,3159.23346437613,3547.13117324425,3478.33484572468,3646.13837440959,3673.23746223312
"ENSMUSG00000057751",21.5640247012457,37.5843148408948,18.5318405221856,36.3413047465343,28.2722329235958,32.4735787223333,41.6208036761903,31.4789172610964,29.5019055638816,35.2990857691111,18.9095731202397
"ENSMUSG00000057754",0,0,0,0,0,0,0,0,0,0,0
"ENSMUSG00000057761",0,0,0,0,0,0,0,0,0,0,0
"ENSMUSG00000057762",29.2984498886339,19.032390709417,27.27875990959,22.0468022356003,47.6069190991,26.7946748952444,25.0785731720315,18.474077472806,16.6083189051689,24.1281311236944,17.5839211151383
"ENSMUSG00000057766",2.07575225960431,8.13447293367775,4.46625471870499,8.18575168308682,5.36081211639105,5.30171798531288,4.21986216063314,1.00956562373808,0,7.93433499105478,2.90828370292413
"ENSMUSG00000057770",0,0,0,0,0,0,0,0,0,0,0
"ENSMUSG00000057777",0.684321554668249,0,0,0,0,0,0,0,0,0.940250956462488,1.14506694862365
"ENSMUSG00000057778",33.7515666790781,25.491837426149,49.9927594661718,65.0820523107343,31.6397927601102,32.1982197134451,68.7132628133143,26.922976086072,32.6174129139613,49.9201245215421,51.8682368260095
"ENSMUSG00000057788",499.231300992753,557.558796286841,502.489560636317,528.005449843043,421.170295419237,651.250996107089,546.765274491367,520.534599624698,506.767612567234,458.78395762863,754.1337953488
"ENSMUSG00000057789",314.607709898921,246.967227085029,291.619414821854,378.710401094504,316.295098296994,307.273839737707,261.278567439728,275.138258211288,263.60028047777,281.77692583587,274.671616466601
"ENSMUSG00000057801",0,0,0,0,0,0,0,0,0,0,0
"ENSMUSG00000057805",0,0,0,0,0,0,0,0,0,0,0
"ENSMUSG00000057816",0,0,0,0,0,0,0,0,0,0,0
"ENSMUSG00000057817",0,0,0,0,0,0,0,0,0,0,0
"ENSMUSG00000057835",69.7659943706256,66.9894561804268,62.3692902522825,72.269525166223,52.9887711765023,71.5746978264319,66.6401804362044,77.8030634112156,79.8925404988889,78.8091410948754,59.614481822338
"ENSMUSG00000057836",0.953677248125654,0,0,0,0,0,0,21.7852462647708,42.4576679912519,0.616684882341165,0
"ENSMUSG00000057841",4026.38631705365,5528.47989882917,4609.44657147889,5115.20796479847,4287.33744948289,5611.31076244302,4681.57620858595,5054.75059809309,4739.1041817465,4027.16095513843,4724.56821916754
"ENSMUSG00000057842",31.467090004644,36.7798733630814,46.4636884185626,38.1036657372338,28.3065279235319,46.0209423430129,30.6189466282699,37.0553132642202,50.2956112585719,38.3271244463207,31.3465126485143
"ENSMUSG00000057855",0,0,0,0,0,0,0,0,0,0,0
"ENSMUSG00000057858",142.914646029693,113.761316350862,160.52589986085,165.367907519438,156.304960314253,127.603509154889,131.033736758582,172.139613746524,139.7511882363,181.748052673545,116.494641055782
"ENSMUSG00000057863",2224.96878412287,2745.89655284582,2463.85731496188,2570.32892231778,2283.81990618957,2679.30603218158,2295.59873687212,2442.22352664563,2250.577372853,1919.22211362338,2286.73389928121
"ENSMUSG00000057880",10.7894732841191,5.29509865354195,9.58836326841261,5.39269055785984,5.20141325347972,1.48660798141578,19.1830728088234,3.90658366059717,10.2486432930945,3.71650805015162,14.6680858121497
"ENSMUSG00000057890",0,0,0,0,0,0,0,0,0,0,0
"ENSMUSG00000057894",38.5196476645334,30.8042494258654,27.5574511469446,27.8226801650075,26.9128614180661,11.1256393144558,34.4357778503045,15.1859388590555,32.8726403990513,15.8282541122059,16.1276739952768
"ENSMUSG00000057895",14.9636065779828,14.0329173990993,12.3782923099048,16.4831737715232,25.3700691955812,10.2385713998335,12.4803275006362,15.6865660182053,17.7177297990425,10.4789661183275,12.5834447355927
"ENSMUSG00000057897",12.1101193286511,0,1.37381321954147,4.97322088526074,2.46088654152819,1.53489934045535,2.31781027838927,1.17460767182609,1.06919848804567,3.11829055537621,6.45880939417803
"ENSMUSG00000057899",3.35554028581341,3.35907136101808,6.9550923031779,4.29836713836561,3.09108833218905,3.9789221866744,3.21234344078186,9.66308645286839,5.51403995941419,7.42982798198395,2.36061290056814
"ENSMUSG00000057903",0,0,0,0,0,0,0,0,0,0,0
"ENSMUSG00000057914",0.650438361497726,0,0,0,0,0,0,0,0.989675573461892,0.998544070198779,1.08520021518969
"ENSMUSG00000057933",7.29622562879308,26.1693846461724,24.2495547711404,7.58631566165639,2.09408756721014,27.6569237944284,25.5536466329483,27.9354393684632,13.7185164565186,3.78910386366888,20.4995700080451
"ENSMUSG00000057948",32.2007984018282,115.556950274985,53.8520499284265,13.1980329457993,66.7191602165571,142.115278820465,14.1198553995277,58.8261477827298,17.2071923550861,47.447934852517,66.9230062154623
"ENSMUSG00000057963",522.693079744744,387.039230683738,540.071825401479,653.428887530643,302.475466035954,511.520093630406,312.779857194703,320.380392090716,634.785249806816,468.80040373879,727.853803946334
"ENSMUSG00000057967",2.00721090125946,0,0,0,2.1363330883392,0,0,0,0,0,1.15707878549854
"ENSMUSG00000057969",56.532369403988,43.2859011416746,20.4071326216138,29.3735531945766,21.2032536669332,28.2889810662057,27.6440743940656,15.7726497989385,32.1045428967691,29.971616534602,18.2585143122716
"ENSMUSG00000057977",0,0,0,0,0,0,0,0,0,0,0
"ENSMUSG00000057981",0,0,0,0,0,0,0,0,0,0,0
"ENSMUSG00000057982",328.258704855925,283.867396164582,117.033705232525,88.0253507822043,385.011286776613,287.127941588797,348.078012167227,120.164177523809,347.701054326132,132.026907323362,86.3546570828156
"ENSMUSG00000057997",0,0,0,0,0,0,0,0,0,0,0
"ENSMUSG00000058005",0,0,0,0,0,0,0,0,0,0,0
"ENSMUSG00000058006",500.053916219459,543.208172706603,394.303480539848,461.504738733869,384.047942867994,386.389145534749,479.824645369633,388.656114764161,475.609994337989,342.974092332623,625.142538976645
"ENSMUSG00000058013",139.387070137603,125.184041700344,95.4587137469358,96.4607510754253,135.177737522164,135.791883277771,76.9027486472644,115.595643427062,87.8375911304261,100.156945608521,136.192710426063
"ENSMUSG00000058014",0,0,0,0,0,0,0,0,0,0,0
"ENSMUSG00000058017",0,0,0,0,0,0,0,0,0,0,0
"ENSMUSG00000058019",0,1.07582790597811,0,0,1.05565929777528,0,0,0,0,0,0
"ENSMUSG00000058022",33.975177487257,1.98073285809185,21.8983048178112,12.9686967792621,6.91447804073657,4.74007076568012,19.6775399443575,10.0060071976866,12.958916612194,25.3279175666484,18.2177943416291
"ENSMUSG00000058028",0,0,0,0,0,0,0,0,0,0,0
"ENSMUSG00000058030",0,0,0,0,0,0,0,0,0,0,0
"ENSMUSG00000058046",2.07958615632929,4.28978623899854,0.88768187399426,4.36016733485696,2.11318054334789,3.82105651996476,1.0225978788543,4.95867953118733,2.83006548239358,1.88175765267009,2.2951944774454
"ENSMUSG00000058052",0,0,0,0,0,0,0,0,0,0,0
"ENSMUSG00000058056",442.898232814403,432.482719231835,394.444462461155,311.354202835825,536.338414012705,326.519208282414,352.74663838794,449.609141019276,376.370282984475,361.676388683085,302.803402217806
"ENSMUSG00000058057",0,0,0,0,0,0,0,0,1.8935257682731,0,0
"ENSMUSG00000058063",0,0,0,0,1.05095675570363,0,0,0,0,0,0
"ENSMUSG00000058070",105.002934862677,56.8617634649393,79.5590326660031,63.5259361042064,104.650670734155,68.0510392609446,57.9246191016907,69.0162335929238,91.778772967995,59.9426083430631,74.8186585669742
"ENSMUSG00000058071",0,0,0,0,0,0,0,0,0,0,0
"ENSMUSG00000058076",693.208299785547,698.730732467508,717.051445745354,695.858324295263,726.673342102106,722.363599212161,711.819734445421,698.892674972685,698.317662615343,676.47110833832,731.284412294122
"ENSMUSG00000058084",0,0,0,0,0,0,0,0,0,0,0
"ENSMUSG00000058093",108.549220963182,112.284593429989,106.37014537858,115.992837906185,101.026756094629,95.0416890799481,101.16899390201,124.33954026144,126.438631698801,109.23745307151,120.032191955895
"ENSMUSG00000058099",6.41774375791478,10.0058512533465,14.9552218071532,10.3201356559052,4.98647366153181,9.63730625966868,4.28798138254589,9.83229904540965,5.3092069235833,8.9572349831667,3.2571726813443
"ENSMUSG00000058114",0,0,0,0,0,0,0,0,0,0,0
"ENSMUSG00000058119",0,1.08064173486522,0,0,0,0,0,0,0,0,0
"ENSMUSG00000058124",0,0,0,0,0,0,0,0,0,0,0
"ENSMUSG00000058126",0,0,0,0,0,0,0,0,0,0,0
"ENSMUSG00000058132",0,0,0,0,0,0,0,0,0,0,0
"ENSMUSG00000058135",341.490792966419,273.075716108121,389.296584354342,363.246931293454,389.11048430607,390.89474284141,348.669700194573,308.618379560151,368.469720172468,377.703759830943,402.428623213424
"ENSMUSG00000058145",0,2.17133794737023,0.88979955033677,1.09052443124355,3.09709377343614,1.28987520873517,3.07445904207496,0,1.89840980884862,1.87650959490151,0
"ENSMUSG00000058147",0,0,0,0,0,0,0,0,0,0,0
"ENSMUSG00000058152",3.41032330370544,3.26338039692943,7.96873993791649,4.36779665756897,5.27744677254996,0,2.05731460490709,5.92467046024771,6.60943927784064,3.76604593414454,1.14101257093285
"ENSMUSG00000058153",11.1054598297083,11.6008823582136,9.44989900877006,8.46534454513448,10.2983878824247,0,16.2101770781836,1.92253931509983,8.27200372709178,0.912219412311482,8.87142221298073
"ENSMUSG00000058159",0.450161416020733,1.42574073096288,0,0,0,1.969648127874,1.58412417910975,1.47833371188348,1.41211995876887,0,1.50615721835318
"ENSMUSG00000058163",11.0746854466733,8.39939560179125,21.9255439251435,6.57979843718334,8.9595080285068,1.77405682575665,7.19129176646032,2.70726687152747,10.3794259333825,7.32609723657309,3.90287463289416
"ENSMUSG00000058172",0,0,0,0,0,0,0,0,0,0,0
"ENSMUSG00000058173",22.7679958323967,30.2579685762262,15.1080951379841,11.9853618515213,26.2739188925909,8.97338567313285,19.4650803181086,25.8077718583456,21.7755463351407,24.3455405775674,14.8259078835977
"ENSMUSG00000058174",2.62312260681074,7.4602918244527,5.26919591120918,5.55431714020237,4.33169781050333,3.91057454721624,9.45679726123132,2.91973824522214,4.63778968485852,0,10.5279433987355
"ENSMUSG00000058183",0,0,0,1.06846094245123,1.06308033292745,0,0,3.00204359173099,0,0,0
"ENSMUSG00000058186",0,0,0.896537631187773,0,0,0,0,0,0,1.85638622097226,0
"ENSMUSG00000058188",0,0,0,0,0,0,0,0,0,0,0
"ENSMUSG00000058192",27.1601306508529,104.025919276607,34.0964678532008,89.1826344711798,79.2000352401629,44.3595297983737,67.2150611477622,68.1841466248653,63.5837398446596,62.5221911440711,101.408917511571
"ENSMUSG00000058194",0,0,0,0,0,0,0,0,0,0,0
"ENSMUSG00000058200",0,0,0,0,0,0,0,0,0,0,0
"ENSMUSG00000058207",1.38227183487688,6.42592836083515,7.09374577564635,2.1835469455886,5.28909874998498,12.7269161283792,6.15558246187531,3.95623739775898,1.88057104789655,4.72777032554855,17.2347016680732
"ENSMUSG00000058216",4.00122760227597,24.5469863899672,2.63954816157414,9.91649677285873,10.5938154473249,20.5437450627456,3.10800102986659,5.91702730763012,3.75875864810414,9.62320179743803,2.30656257425136
"ENSMUSG00000058230",1269.73520519671,1038.85340639679,1253.8767707117,1140.13955166828,1187.08625898617,960.693009332619,1038.51057386393,1149.66566350652,1029.74019446394,1224.47423502275,1298.6894268907
"ENSMUSG00000058239",1016.92366153785,1084.89966605303,1113.22844716023,1216.46790401159,1137.31773736685,1134.81139360766,1170.62718617526,1181.67470542007,1028.64713665707,1238.98544002018,1144.29193097738
"ENSMUSG00000058240",236.915151521624,222.017288800361,244.076238906745,233.225247791905,318.035690078248,208.143328680218,273.012172721627,278.788003666342,239.644362716364,212.168326267318,242.082674151102
"ENSMUSG00000058244",0,0,0,0,0,0,0,0,0,0,0
"ENSMUSG00000058246",0.442646711012634,0,0.756317455458657,0,0,0,0,0,1.30055539900165,1.24844303108241,0
"ENSMUSG00000058248",14.5070122762395,17.2756485076633,12.4317401891238,7.63337648403126,10.5760277133234,3.85884454551712,4.09052927883071,4.90145046179882,7.57709981180307,14.059558206357,3.43083229614633
"ENSMUSG00000058250",0,0,0,0,0,0,0,0,0,0,0
"ENSMUSG00000058251",0,0,0,0,0,0,0,0,0,0,0
"ENSMUSG00000058252",0,0,0,0,0,0,0,0,0,0,0
"ENSMUSG00000058254",515.846832326051,646.913785136595,526.233589483861,684.640172129416,612.1041007297,706.643500768522,642.544010732549,868.884218955261,652.698353848732,607.747020435156,755.002218707902
"ENSMUSG00000058258",550.28883260769,515.817736902273,396.380735590248,312.870003247298,483.771890067735,359.32083977757,551.944789898171,366.257727444714,329.874202953673,318.288002446329,568.375491909305
"ENSMUSG00000058260",0,0,0,0,0,0,2.0489558229588,0,0,0,0
"ENSMUSG00000058267",317.54097265762,363.687364197308,273.441348768181,259.702171681316,280.742725925233,269.8952163001,342.108400954555,312.409119843544,244.817613759798,213.100232932641,263.376188622554
"ENSMUSG00000058270",0,0,0,0,0,0,0,0,0,0,0
"ENSMUSG00000058275",0,0,0,0,0,0,0,0,0,0,0
"ENSMUSG00000058287",0,1.07385753490177,0,0,0,1.29001084491636,0,0,0,0,0
"ENSMUSG00000058290",38.7682841266667,43.3939305949604,30.1606974589507,28.2696950316502,27.451216469947,90.3419216386857,27.5984150062892,32.5771457723009,17.0228232308844,38.2623429536708,22.7518344660759
"ENSMUSG00000058291",311.040947027038,232.931190845242,257.929138920803,358.629933542918,286.655237264947,329.878730990679,232.253431419838,404.221897246113,258.698264575918,330.161147130694,304.471935380593
"ENSMUSG00000058295",0,0,0,0,0,0,0,0,0,0,0
"ENSMUSG00000058297",32.3863443919341,47.5475868472132,36.3298671342182,27.2429273991702,43.5705100572674,33.432891580568,24.6231344601989,36.3180857329434,34.8066655203913,39.4900009884553,59.4166963878044
"ENSMUSG00000058298",171.411680527115,132.671952448714,162.88260272932,87.9229037261523,126.208444619021,189.565797626985,180.338110285051,143.60928938267,147.165148523669,124.50689923352,101.724837340777
"ENSMUSG00000058301",1287.50078805048,1287.24808761536,1101.07815150932,1235.79103311361,1164.41882170111,1489.62792253389,1081.79855065869,1278.24359409406,1269.65296902167,1469.49929884627,1443.75881931593
"ENSMUSG00000058317",165.753332435215,192.907794096952,199.543151931109,240.747702831374,186.247990944806,159.305575246118,203.535818436288,224.123376736192,214.188962531775,165.901185808222,185.210948147546
"ENSMUSG00000058318",272.854695472486,275.065981342785,234.483888702954,315.671045034993,253.955383965595,317.707161579946,232.077963862948,346.521203465899,246.044380652169,419.420203123484,267.886791867248
"ENSMUSG00000058325",894.720597852344,652.124601631241,802.430531496488,904.819086100549,686.339654884159,588.99265764782,740.292310169788,691.439228123794,891.151896022158,870.905325124081,887.31334545375
"ENSMUSG00000058328",0,1.02493316888631,0,0,0,1.35158848203116,0,0,0,0,0
"ENSMUSG00000058331",22.3816568212264,24.4003416561331,19.6605457244038,10.9804399676321,20.7681898100528,24.4280761875901,17.5880432509034,9.7472893258055,20.3819730535517,15.1494618677771,18.3534745368229
"ENSMUSG00000058349",0,0,0,0,0,0,0,0,0,0,0
"ENSMUSG00000058351",21.8547470910726,29.429915045306,43.2032798415614,41.9562484389864,50.614764449618,32.2833833755071,47.7813985933214,50.3425485391331,38.6746587061153,45.2313882428158,28.2714017274913
"ENSMUSG00000058354",0,2.15746052503986,0,0,15.8961618338851,10.2652827464427,2.04812275030536,1.97290507998925,9.43232666231011,0,9.14951286393505
"ENSMUSG00000058355",803.915066814925,745.074671352918,557.996444480587,637.585049309523,652.047926087562,680.133757267781,748.053530655769,750.371176802679,777.200535629308,529.488078580324,1078.36878727763
"ENSMUSG00000058368",0,0,0,0,0,0,0,0,0,0,0
"ENSMUSG00000058385",4.63723123824263,6.48542811701965,12.5186361513364,0,0,9.05535236887855,5.299381143473,3.90505644260744,0.9328770753585,11.4928750314979,0
"ENSMUSG00000058388",114.097745825768,118.464219260182,97.0032766660708,102.068527962026,85.1816590914365,114.103196670904,112.873102535659,84.2182091346066,80.0222170285303,104.160342805658,98.3614059145557
"ENSMUSG00000058392",126.709087741317,125.55088708406,123.227398833945,124.163409211516,189.704092938005,133.00534971891,91.2616862165712,137.819946418894,150.140515902268,191.994522527693,141.735488300418
"ENSMUSG00000058396",24.026630884258,30.2071164245761,35.4010907519651,38.1995991540066,43.4710999079213,50.2720077190934,38.9855777163278,49.1981056535626,45.2091060966874,61.1880094915207,31.997772557005
"ENSMUSG00000058398",0,0,0,0,1.05095675570363,0,0,0,0,0,0
"ENSMUSG00000058400",0,0,0,0,0,0,0,0,0,0,0
"ENSMUSG00000058402",36.2643258094075,32.3435554636061,48.6968326665828,32.8908692559264,33.8142293093047,40.8674789307438,22.7927626023683,31.4496288211822,60.7488803433051,40.8480750963246,40.0645622128149
"ENSMUSG00000058407",463.726197307472,412.682507849902,504.325006769684,392.211655250629,401.27424486286,345.74192357145,481.64009409661,343.666777073957,394.377175634448,422.534802420545,425.031103616906
"ENSMUSG00000058420",0,1.09116274666035,1.74076753435048,0,1.07103827191939,0,1.01049935418591,0,0.952422949933512,0,0
"ENSMUSG00000058427",12.9556193366641,4.29262848709784,27.3481883464666,18.5767626874432,25.5061386976874,10.171935044631,9.16228030020279,1.92108311959417,0.921034022200478,9.79854141329588,1.25311812754507
"ENSMUSG00000058435",10.9611281398856,13.9449444021177,23.0117198750883,7.65365866220332,21.0766907536734,5.14864458396839,18.3957235190729,26.8400533556838,22.7278763086127,23.518159940558,25.1992095725023
"ENSMUSG00000058440",215.938978927396,294.165974876853,145.358888263327,164.930365944723,257.937615225553,241.22469352717,110.55730712896,163.811119898088,177.099484861616,199.828308813374,198.936725856291
"ENSMUSG00000058441",0.487494381691832,0,44.2074990656605,5.3732697672042,1.57697037926187,0,2.26711411122325,0.695895645165274,1.33422791364762,0.691601699204132,0
"ENSMUSG00000058444",198.579977612854,208.380268778585,216.989369699281,286.433821985331,215.621182751199,206.129849414467,213.394737885741,210.454942216765,226.182210909011,246.631417226334,196.709077471192
"ENSMUSG00000058446",269.296220010662,349.989991705537,311.847057444797,426.449791516497,397.198804277825,308.725835697262,331.050639934607,509.702866822627,340.139592746884,367.378768897793,296.914788167362
"ENSMUSG00000058447",0,0,0,0,0,0,0,0,0,0,0
"ENSMUSG00000058454",284.448299370318,343.076923128641,169.336636182563,165.090682034109,212.152555888527,319.912810185811,320.514887969153,226.649286863723,142.333774880156,261.123400698453,371.382959194295
"ENSMUSG00000058470",2.84547361070884,24.9987970980536,0,0,0,3.33650647615648,0,0.839424624579311,0,0,0
"ENSMUSG00000058486",206.766591957392,248.52095646945,231.575713802904,227.421136115622,274.212558452196,271.051496184945,211.723851072503,192.433379249503,224.731619370072,230.419062064648,220.34500929465
"ENSMUSG00000058488",3.44568457564213,7.5814567664869,4.43516497052664,6.53775180567043,3.16379056381126,5.13165484078353,4.10691243732844,7.91685002305068,3.77620880225106,0,5.70359960099933
"ENSMUSG00000058491",0,0,0,0,0,0,0,0,0,0,0
"ENSMUSG00000058498",475.709524585378,792.642341422949,516.25204232557,631.413649405875,544.27268942335,965.167031490872,893.614737509545,933.259363765693,641.122031220578,606.91191950665,923.481454119128
"ENSMUSG00000058499",223.427521161168,355.944273891877,342.426920311772,456.537860170111,382.028279763548,273.629585017982,573.340940218637,1675.40544736068,453.489080077694,150.459892156888,512.836303019104
"ENSMUSG00000058503",115.333390612155,193.420684454816,152.270761486518,174.879140441127,171.388896732438,203.798281331384,181.395466832661,167.840937567089,141.091510940649,143.725029189766,143.485401936448
"ENSMUSG00000058513",0,0,0,0,0,0,0,0,0,0,0
"ENSMUSG00000058515",0,0,0,0,0,0,0,0,0,0,0
"ENSMUSG00000058523",0,1.08064173486522,0,0,0,0,0,0,0,0,0
"ENSMUSG00000058537",0,0,0,0,0,0,0,0,0,0,0
"ENSMUSG00000058546",7123.75604506332,9065.76217337056,8272.31173565744,8327.39457999034,8100.60092147105,7929.14159529116,8688.5763358688,7722.72625417173,7746.069469611,7364.44475480384,7894.60292318319
"ENSMUSG00000058550",0,0,0,0,0,0,0,0,0,0,0
"ENSMUSG00000058558",10581.3413423938,12489.5876378388,11587.6545140767,13334.0782488486,11396.6996118865,12272.8413214472,11443.630027385,11566.8179450066,11694.7993029666,10171.3112575736,12128.8462425572
"ENSMUSG00000058568",0,0,0,0,0,0,0,0,0,0,0
"ENSMUSG00000058569",2370.15240399191,2891.39241026461,2229.09825510332,2540.55568422169,2298.76101166475,2651.66245778067,2804.96428432725,2300.21119566759,2078.63988568296,2042.02994793286,2409.8636076036
"ENSMUSG00000058571",15.7502229840991,9.66726378536193,15.0021696119008,10.937790146301,11.6068896324039,2.5777637754465,9.21248858620926,9.91857195310449,12.2948558894191,13.1862490059223,8.01586056154474
"ENSMUSG00000058579",1.36586523898606,4.29482711396081,17.6974514520164,4.37412582869769,7.49004901329196,6.39981073354567,7.21003968766996,5.86479174450336,4.6818252364289,12.3401607730996,4.59977998936389
"ENSMUSG00000058586",361.055763477342,495.234320958229,331.648902995055,569.029870744239,360.137452335118,593.618199959863,457.146710892019,375.584896018536,537.938094687523,403.318096984549,586.199416394721
"ENSMUSG00000058587",543.520258587366,394.257016276794,618.538055059411,462.594848903555,670.538634239683,383.938511680208,715.516541934879,509.960546661411,537.47113186683,456.475619643566,680.462013361059
"ENSMUSG00000058589",0,1.06380826846296,0,0,1.06758686261466,0,0,0,0,0,0
"ENSMUSG00000058594",1644.25588638481,1940.35697203841,2104.22956157153,2381.32318555253,1753.96787542874,1995.21669695453,1744.23754201138,2023.40415699051,1926.639943085,2039.66793219627,1527.57548490166
"ENSMUSG00000058600",1823.74974176151,2254.99131471434,1920.62478799074,1832.40370547865,1668.83139516802,2001.48431774677,1945.70322379906,1930.38625337905,1899.72698799406,1457.78300369854,1847.51273724568
"ENSMUSG00000058618",0.689939267648385,0,0,0,0,0,0,0,0,0,0
"ENSMUSG00000058620",0,0,0,0,1.06462596079835,2.58481658865831,0,1.93812673569396,4.71349921236643,1.88631925070963,0
"ENSMUSG00000058624",311.851282126438,196.942557667458,250.94089664391,245.405636788083,351.060299189463,152.838156346384,301.275384748147,223.27983457667,340.921088800124,471.861029105514,341.441520640422
"ENSMUSG00000058626",0.648745401265075,23.3969598534357,13.3272954141752,2.06500304390795,0.997096041909046,1.21537496905246,4.84338796046702,0.935397193462527,2.67589945131332,0,8.64523253611326
"ENSMUSG00000058628",0,0,0,0,0,0,0,0,0.946762884136551,0,0
"ENSMUSG00000058638",514.954212068601,424.232632755431,491.926770065991,449.302272652998,431.894064811904,444.957765330636,387.774638502733,421.035121289546,437.141648023988,426.009791652509,506.200354020444
"ENSMUSG00000058643",0,0,0,0,0,0,0,0,0,0,0
"ENSMUSG00000058655",4654.94235900604,4444.6586704834,5299.32338417812,6091.87154059746,4690.9412981423,4485.27486693939,4921.14948203712,5319.68614323703,5475.42117498583,4654.06933267544,5233.31486385061
"ENSMUSG00000058656",9.91540052074253,10.5976445598576,12.3055374378209,7.73932472883682,12.8975681165858,10.2764600749773,5.22333001108197,12.686782726517,4.6325274122515,1.93148188726629,9.33060211167511
"ENSMUSG00000058659",0,0,0,0,0,0,0,0,0,0,0
"ENSMUSG00000058662",0,0,0,0,0,0,0,0,0,0,0
"ENSMUSG00000058665",2.71656501981349,1.08742818007522,0,0,2.11797227370885,3.87634667955329,4.0868205055817,0.984319846026706,2.8362012010526,0.942481592678274,0
"ENSMUSG00000058669",0,0,0,0,0,0,0,0,0,0,0
"ENSMUSG00000058670",0,0,0,0,0,0,0,0,0,0,0
"ENSMUSG00000058672",432.999980722605,364.130667448472,355.186766201351,239.794409523958,400.200235402518,269.052749526715,295.444195373164,276.095323159665,219.318186874611,216.253469220975,269.588786048315
"ENSMUSG00000058685",0,0,0,0,0,0,0,0,0,0,0
"ENSMUSG00000058690",561.155031480611,374.800232551128,523.883036436845,153.401660531083,224.53728549615,111.146764720863,430.542125222863,286.032522287637,426.4900129747,237.654627411201,321.311669489677
"ENSMUSG00000058692",0,0,0,0,0,0,0,0,0,0,0
"ENSMUSG00000058704",344.658001405391,346.017822640008,319.093932258861,350.235496936522,383.640437205675,299.24308904034,323.59022649844,327.108933727245,421.998225024155,389.894472914769,302.778219348146
"ENSMUSG00000058706",47.5718665264352,33.0470179494961,39.6070170188672,47.2966580542636,53.0557005057504,51.3576366063878,49.1116880270477,35.9053781452744,46.343644451003,56.939609335062,43.0311922256131
"ENSMUSG00000058709",1400.14058881349,1499.1654611797,1646.10995392388,1901.84343308703,1265.1306715515,1650.56972004665,1501.6805398133,1429.99076270118,1450.25247000785,1613.01277202438,1742.75961745745
"ENSMUSG00000058715",52.233161433264,45.6666096392813,47.3919308037154,44.7150602275194,38.473757250079,48.8328945197006,18.1676798562798,34.0894818067641,37.0651097797488,30.1106817319395,29.3106684935645
"ENSMUSG00000058717",0,0,0,0,0,0,0,0,0,0,0
"ENSMUSG00000058725",0,0,0,0,0,0,0,0,0,0,0
"ENSMUSG00000058728",0.674807081646521,2.12939841420088,2.64986179784648,5.50570719372742,1.06268153003955,2.58048915513505,1.03585608796088,1.96798735533644,1.86308386526613,2.89149440660648,0
"ENSMUSG00000058729",41.8465600747769,35.7407207633261,68.7160867737471,45.7917304744646,72.9685531590819,48.1346759576753,50.4705094976228,69.0052346788784,58.187196281779,81.1423374617972,51.2465396494672
"ENSMUSG00000058740",2.77039888715008,1.08450636570352,0,1.08979042067423,0,3.8666753848561,0,0,0.932972531535948,0,2.28462961774405
"ENSMUSG00000058741",0,1.07830290869865,0.884673471384291,1.09496966164737,1.0610079769868,0,0,1.96991950069853,0,0,0
"ENSMUSG00000058743",1.37510620942748,0,0.591737622769787,3.628727835196,2.13183735577832,1.70578864835729,7.01776333479259,0,6.22459022111275,0.627418127742084,0
"ENSMUSG00000058748",140.362380173917,130.641868033191,132.289034769861,136.428314500375,107.688981565499,148.787325956447,119.538724884256,157.532216592627,135.497252200054,138.694585734914,166.34413529675
"ENSMUSG00000058755",6.07360849702805,9.62504419800699,2.64493943461384,3.29763090896833,0,5.1653260898641,1.03061072690028,1.96930132111308,0,0.952645979086121,1.15103367158713
"ENSMUSG00000058756",339.337133441288,517.849352587451,321.321435105868,466.429409405075,469.047386006217,425.018961397898,339.210627744896,370.025447657759,298.189360950941,356.194938236096,317.289670639736
"ENSMUSG00000058761",495.08344016316,570.661884658154,557.458241483367,589.897545778318,401.169324273585,452.851957884512,459.199318928924,575.963555451804,701.201522782928,562.310479063688,626.155400721881
"ENSMUSG00000058773",6.77637684804347,1.07198341515706,0,0,3.21492846730545,0,1.03564446707606,4.89153010187132,3.74305464125933,1.91419965988549,0
"ENSMUSG00000058793",187.115124062599,165.586456723947,258.660244714399,164.554552877404,286.768830420368,99.6755020011175,80.1652246661428,160.440827110924,108.70814568278,307.70844384767,203.889366492496
"ENSMUSG00000058794",49.6879246508253,13.6487000568026,4.48460274505777,2.00803505129138,5.36505804120646,22.5449985704411,11.2929379329822,10.8823223099774,11.9900810123742,2.59775519331356,19.9238314770351
"ENSMUSG00000058799",701.147855727246,898.215890302827,713.4518420539,755.380491944241,753.503063060754,728.960693448418,776.953983904644,700.981259314072,691.596264519394,730.066393897567,619.861069704855
"ENSMUSG00000058802",0,0,0,0,0,0,0,0,0,0,0
"ENSMUSG00000058806",33.8900256677275,22.7653329838785,21.4777136429968,24.4127172207414,31.4680217382928,12.512224196763,24.2983394952163,21.8062367255954,27.6531454248935,10.3440507280552,20.175825404491
"ENSMUSG00000058807",0,0,0,0,0,0,0,0,0,0,0
"ENSMUSG00000058818",89.3398172593911,174.157070076709,65.6887913958968,96.9660455184991,88.5132156651893,170.14586313267,57.1502545161308,67.5876807915066,70.9950903607781,74.071603348637,76.6699291382813
"ENSMUSG00000058820",0,0,0,0,0,0,0,0,0,0,0
"ENSMUSG00000058831",0,0,0,0,0,0,0,0,0.94676288413655,0,0
"ENSMUSG00000058833",631.445349203298,684.815454211908,671.688181615409,556.659133872161,609.142370734537,530.144848121814,661.035968106996,573.624830760737,560.450132020326,486.966532963467,587.469589212865
"ENSMUSG00000058835",779.65072947466,670.399171796613,877.570492103495,708.564878281668,848.814179512532,617.4489587237,718.996899447463,842.711282235476,770.193701093664,819.538239337446,755.890214144365
"ENSMUSG00000058856",0,0,0,0,0,0,0,0,0,0,0
"ENSMUSG00000058881",90.9008526855645,144.591583576402,145.762815281558,97.1590078968713,254.374595849717,438.026124779799,575.571859199816,392.149625224261,45.7775929037376,108.027872278349,230.929349446852
"ENSMUSG00000058883",18.9420768918677,24.1418904016136,33.0565900673663,23.0670721127845,21.7521027745338,25.6842178678983,25.3351753917417,39.1163585075883,27.588937403012,44.5997413040222,14.6521732291514
"ENSMUSG00000058884",0,0,0,0,0,0,0,0,0,0,0
"ENSMUSG00000058886",397.894569417389,642.029759025395,446.125537482413,634.325021518158,461.546050862819,696.3157762154,475.933087569514,585.881876639935,498.902176011286,540.990439077854,748.776717235347
"ENSMUSG00000058897",0.689939267648385,0,0,0,0,0,0,0,0,0,0
"ENSMUSG00000058900",45.0601477326927,40.8532380338023,34.6376977175192,39.723905193877,40.3703962803916,55.5546323733689,48.1492594589616,54.6295251832659,40.7363660169738,58.3625368758227,36.3511555935681
"ENSMUSG00000058904",0,0,0,0,0,0,0,0,0,0,0
"ENSMUSG00000058908",0,0,0,0,0,0,0,0,0,0,0
"ENSMUSG00000058914",1.3595481477519,0,0.885217419029082,2.20967349463632,1.06565406240124,0,0,0.989437707113091,1.88254768742833,0,0
"ENSMUSG00000058921",0,2.16236586422652,0,0,0,1.28466061895317,0,0.98998724863583,0,0,0
"ENSMUSG00000058925",0,0,0,0,0,0,0,0,1.2869608411689,0,0.838984304895032
"ENSMUSG00000058927",483.015374861214,478.248851455132,393.308189247977,360.298375044248,394.640031616504,513.778029404163,460.997527027976,460.352158173896,344.403069495606,374.821200676576,379.457046419741
"ENSMUSG00000058932",0,0,0,1.07953479711014,1.05971772618683,0,0,0,0,0,1.14154861629017
"ENSMUSG00000058935",0,0,0,0,0,0,0,0,0,0,0
"ENSMUSG00000058952",21.3510028348156,17.2162279785051,23.0519382972726,16.3950913417781,26.4197385697164,7.65092870818464,9.26924913207283,7.89441455646041,14.0794439228629,10.3985056303587,6.87486339508023
"ENSMUSG00000058966",35.6307798228246,23.3185864366233,11.63396087092,24.58403749497,41.1564590761157,45.4462873923822,21.6566937323605,27.1865954264287,24.9581328424052,32.2173492169718,40.2126728196111
"ENSMUSG00000058975",3.43002234029242,0,0,2.17453650474112,0,2.57185151247264,1.02455767736666,0,0,1.88143982745622,0
"ENSMUSG00000058976",0,0,0,0,0,0,0,0,0,0,0
"ENSMUSG00000058979",467.254627391,533.67198680091,579.857901963395,440.43135132404,491.6774789796,719.163803139297,533.376764743368,709.093197045199,475.385289759179,468.936477459794,590.489339836383
"ENSMUSG00000058981",0,0,0,0,0,0,0,0,0,0,0
"ENSMUSG00000058997",958.319547656022,869.365755999907,1084.93877608704,1059.62484620501,1000.39683509676,890.45421179956,965.828571468779,1217.92423848235,1406.39809343052,1280.7918994702,1003.71082186807
"ENSMUSG00000059003",0,0,0,0,0,0,0,0,0,0,0
"ENSMUSG00000059005",5304.67916880203,6146.76424454608,4151.14508792431,4336.58306158869,5268.87158740791,6147.73704649728,5319.18722461714,5618.38783376975,4382.8759877848,4720.16327933443,5004.30935617315
"ENSMUSG00000059013",199.300752603234,327.618534970925,284.246564243709,226.049257850808,291.25596585108,271.185379163199,284.492269169193,265.590932963867,244.487231769782,341.782529463648,261.808253575373
"ENSMUSG00000059022",5.82468884064205,1.83051795945888,8.27492186755128,8.24277932117082,15.5795338106146,7.55454532110182,4.61172047491335,6.95804801511773,7.1972097909086,4.98678712425674,2.4295424499799
"ENSMUSG00000059023",0,0,0,0,0,0,0,0,0,0,0
"ENSMUSG00000059030",0,0,0,0,0,0,0,0,0,0,0
"ENSMUSG00000059031",0,0,0,0,0,0,0,0,0,0,0
"ENSMUSG00000059040",0,0,7.98040955368173,0,0,0,1.02791237568561,0,4.7286356462771,0,0
"ENSMUSG00000059042",0,1.07034292838858,0.887080800954596,0,0,1.29662591009016,0,0,0,0,0
"ENSMUSG00000059043",0,0,0,0,0,0,0,0,0,0,0
"ENSMUSG00000059049",4.43773632632597,0.984487427590042,3.24530704973322,0.993674121014185,5.77485557357317,1.16664849420277,17.7591648381138,2.71874898554571,3.45358169246629,2.56304172186513,2.08722931112434
"ENSMUSG00000059060",0,0,1.00871125264466,0,1.21553712973487,0.898885565344078,3.56169753682789,1.12132024137448,0,2.01489554996899,1.31938482240689
"ENSMUSG00000059069",0,0,0,0,0,0,0,0,0,0,0
"ENSMUSG00000059070",7647.18577436595,9968.60962929068,9021.48539152649,9625.26342670015,8540.88451330213,8450.17223773712,8914.68788841367,8299.38421003072,8058.51653587489,7648.46713202392,8348.56705663029
"ENSMUSG00000059077",0,0,0,0,0,0,0,0,0,0,0
"ENSMUSG00000059087",0,0,0,0,0,0,0,0,0,0,0
"ENSMUSG00000059089",51.5243593899581,57.5559048235457,76.7402957816256,64.872760249566,62.6281993914748,61.4761334588889,42.3355773387698,44.325920396158,43.9943588365314,44.914801213586,34.6075360720723
"ENSMUSG00000059105",0,0,0,0,0,0,0,0,0,0,0
"ENSMUSG00000059106",0,0,0,0,0,0,0,0,0,0,0
"ENSMUSG00000059108",1.70569124030633,1.32918404878759,3.68763177452725,1.37187567825418,1.83016929594025,1.06289525721593,0,4.10703312031713,1.53912413310132,3.3780877998263,1.96682748483158
"ENSMUSG00000059112",0,0,0,0,0,0,0,0,0,0,0
"ENSMUSG00000059113",0,0,0,0,0,0,0,0,0,0,0
"ENSMUSG00000059114",0,0,0,0,0,0,0,0,0,0,0
"ENSMUSG00000059119",848.161650922361,738.748160879746,746.652218707439,678.636148122337,715.86568486048,770.048431431427,814.229081064794,767.951585112898,782.987219801003,723.677555436897,842.973507741161
"ENSMUSG00000059128",0,0,0,0,0,0,0,0,0,0,0
"ENSMUSG00000059134",0,0,0,0,0,0,0,0,0,0,0
"ENSMUSG00000059136",0,0,0,0,0,0,0,0,0,0,0
"ENSMUSG00000059142",74.225127437079,80.9413447808176,48.3713551624913,92.9569669684863,79.0849501589881,71.6712223747441,69.6002345563772,47.9252687641228,97.1115445117553,72.968781304314,68.5425724866978
"ENSMUSG00000059146",113.47377039986,363.128958973565,154.722643994326,71.6914024608052,155.720031656241,83.5053002713294,70.5661665666879,68.4171958233281,101.043301205872,87.631923020799,102.279808487203
"ENSMUSG00000059149",459.329401462824,537.265641891482,507.948125160877,478.653256181022,540.586013520299,440.568737500363,629.372731872639,693.240307341301,653.583513052709,433.823706863451,667.057538584671
"ENSMUSG00000059169",0,0,0,0,0,0,0,0,0,0,0
"ENSMUSG00000059173",18.5928033292601,11.7421933195641,9.59987761608409,17.3912813833718,14.7677128945715,10.5574303758195,9.61297689004316,5.90810414681496,19.8392926638841,8.94702362115503,21.185193109816
"ENSMUSG00000059182",561.739486698756,366.443517282133,490.746943418943,346.235778397855,369.98636376712,423.153211723057,374.643348138908,336.729741559867,377.681684487577,303.072844104023,349.938193898919
"ENSMUSG00000059183",190.420272015835,173.588013773566,163.967258540845,156.113427474144,175.67563215815,192.752121830781,157.740667573407,195.89756863866,203.467083977494,167.101443007294,161.905221689363
"ENSMUSG00000059187",0,0,0,0,0,0,0,0,0,0,0
"ENSMUSG00000059189",0,0,0,0,0,0,0,0,0,0,0
"ENSMUSG00000059201",38.2801553160124,47.8054608104377,18.402225917557,32.0469364270419,31.1702432093528,66.1174812171172,4.17711824343039,16.5329547838976,13.897588274416,19.3253950892649,13.9501137598448
"ENSMUSG00000059203",0,0,0,0,0,0,0,0,0,0,0
"ENSMUSG00000059205",0,0,0,0,0,0,0,0,0,0,0
"ENSMUSG00000059206",0,0,0,0,0,0,0,0,0,0,0
"ENSMUSG00000059208",3673.36255451677,3766.78860076026,3866.28462095851,3670.24181010686,3400.13162411473,3501.3325265454,3532.01764199081,3297.10344801728,3562.58454542299,3677.14981959707,3718.70529954644
"ENSMUSG00000059213",2.74292212309776,1.08668976746011,0.885516162499111,1.08462047356458,1.05837001379127,0,1.02307449875812,0,0,0.939219787452935,0
"ENSMUSG00000059218",0,0,0,0,0,0,0,0,0,0,0
"ENSMUSG00000059230",0,0,0,0,0,0,0,0,0,0,0
"ENSMUSG00000059246",0,0,0,0,0,0,0,0,0,0,0
"ENSMUSG00000059248",452.756295367644,272.542118375193,229.406835311249,216.550708517795,250.591570178296,331.376731334472,161.068018404215,226.384436184512,236.535060440517,302.329313289701,363.471142810089
"ENSMUSG00000059251",0,0,0,0,0,0,0,0,0,0,0
"ENSMUSG00000059256",0,0,0,0,0,0,0,0,0,0,0
"ENSMUSG00000059263",2417.66797790012,2016.06332577252,2567.41536830608,2247.81597732518,2621.56490510554,1880.4726720566,2431.15922405892,2269.69317992759,2571.60469741013,2743.93168587643,2069.69277049884
"ENSMUSG00000059273",602.225291031938,578.407792225582,546.911628278978,590.046689567142,704.103007504311,708.642072932005,535.702790380294,754.638365247466,597.21450928723,654.358086824852,719.604240410871
"ENSMUSG00000059278",172.198715632321,176.991498561783,168.947762066886,168.093558775942,145.857268163138,159.27684254441,164.373102204418,173.211054485823,135.222704536217,123.716527295355,150.704520772382
"ENSMUSG00000059279",0,0,0,0,0,0,0,0,0,0,0
"ENSMUSG00000059280",0,0,0,0,0,0,0,0,0,0,0
"ENSMUSG00000059288",136.87308001556,125.554429141396,117.582692707482,120.047161081292,128.551602680877,128.848889342301,125.303604039747,129.07818491441,158.209865508239,123.344433301955,125.311818149118
"ENSMUSG00000059291",7476.49973273145,9864.47039403916,8868.37386854578,9856.12636838067,8072.16028913071,10139.4375460466,9580.1650408373,9074.6742888619,9173.83957934009,8186.62296532692,8947.6195621009
"ENSMUSG00000059303",0,0,0,0,0,0,0,0,0,0,0
"ENSMUSG00000059305",1.98145683972959,0,0.881224614882042,0,0,3.92326918674206,1.05535869543222,0,0.924857143641815,0,1.17030788876906
"ENSMUSG00000059316",1483.38451323249,1411.23405405124,1821.68025071576,1593.66585790876,1275.25497249226,1633.33519550778,1652.47182471577,1625.5459896861,1549.17981473675,1367.76326234436,1795.1420774492
"ENSMUSG00000059319",0,0,0,0,0,0,0,0,0,0,0
"ENSMUSG00000059323",243.016203378204,197.164744125272,182.076026685802,218.623334215123,209.931358685575,314.110269804605,175.707769594695,198.157960674956,154.449166545176,139.940556767991,327.792540433752
"ENSMUSG00000059325",5.67894776557826,5.38555517714439,3.54323143421738,2.17203690554248,6.4878846581655,1.27772394360735,5.10565355938811,2.96809062312069,2.83100879098975,4.52512787403596,0
"ENSMUSG00000059326",205.384778036045,257.209653203385,218.62846687147,303.553410828547,246.267588502324,284.729373288456,176.800229822111,235.347594483637,172.609179159399,177.112372451154,170.921594873008
"ENSMUSG00000059327",26.4645544430177,41.0070935148777,26.4957700617227,53.1672660422603,27.3769360569587,30.8499871929258,28.6086720351561,44.3639632767906,25.5429800744475,34.7242497267985,52.765035083804
"ENSMUSG00000059334",0.686363190521002,0,0,0,2.11355335832068,1.28238384237779,0,0,0,1.87143535975685,0
"ENSMUSG00000059336",4.76045747981938,17.5380263768121,0.887146063143692,2.21034403085925,1.0609241837189,6.52651236544595,0,0,2.85503110847175,1.90230316933358,0
"ENSMUSG00000059343",0,0,0,0,0,0,0,0,0,0,0
"ENSMUSG00000059355",151.409530317734,228.680860565091,162.460240148183,211.906637984452,166.725590884283,168.112769742339,207.779864037477,186.712211160678,163.896761799434,180.054142458795,198.200434738465
"ENSMUSG00000059361",0,0,0,0,0,0,0,0,0,0,0
"ENSMUSG00000059363",83.7770710859957,95.9475205814598,85.8019213155036,90.1772335522761,97.8707138583551,94.4916249454563,110.344183903036,103.318148656196,79.2685570530219,87.0835708761531,76.3768416663253
"ENSMUSG00000059366",0,0,0,0,0,0,0,0,0,0,0
"ENSMUSG00000059371",0,0,0,0,0,0,0,0,0,0,0
"ENSMUSG00000059375",0,0,0,0,0,0,0,0,0,0,0
"ENSMUSG00000059379",0,0,0,0,0,0,0,0,0,0,0
"ENSMUSG00000059382",0,0,0,0,0,0,0,0,0,0,0
"ENSMUSG00000059383",0,0,0,0,0,0,0,0,0,0,0
"ENSMUSG00000059395",9.49818715342131,15.198706595956,7.09665121485893,8.78272481170387,9.48631401747694,5.12837467437803,8.28566317304945,6.84897303501093,5.59008796100207,4.76036301821238,2.29540352690338
"ENSMUSG00000059397",0,0,0,0,0,0,0,0,0,0,0
"ENSMUSG00000059401",193.026732458128,248.083037952993,163.147140928655,309.33496557536,369.310341167295,351.031906414039,152.618781617898,554.331481983785,241.39262141871,192.470592937237,333.64063537844
"ENSMUSG00000059406",1.3730581926421,3.25082527163236,2.66248471089697,0,3.17491834813646,3.85198691528367,3.0739894090978,1.97800616500818,0.946415282906322,0,3.41730836880757
"ENSMUSG00000059408",0.687353790498769,0,0,1.0945935191016,0,0,0,1.97443392385129,1.87681719153569,0.949065091556661,0
"ENSMUSG00000059409",431.156272751631,376.853935214753,452.763326780744,452.179763024278,396.753975607541,476.469809800821,351.678113486356,436.687436617644,429.442726148547,377.700666662682,499.368706435213
"ENSMUSG00000059410",0,0,0,0,0,0,0,0,0,0,0
"ENSMUSG00000059411",0,0,0,0,0,0,0,0,0,0,0
"ENSMUSG00000059412",10.8337127781044,18.3154061407968,24.8087405289337,20.6394424971464,22.5330808995236,11.5023532032686,32.6842462117057,24.0724680268393,14.1585369648209,22.4049104242285,24.7174848881241
"ENSMUSG00000059423",55.0188853205458,38.9272805689053,37.8572088512451,44.6605571323197,43.9592330517929,33.1346448965337,47.7487834190528,44.8033554900324,49.1857000055945,47.5531056890138,69.9528157612714
"ENSMUSG00000059429",0,0,0,0,0,0,0,0,0,0,0
"ENSMUSG00000059430",340.201360154088,388.022982867519,389.14406481887,245.152399560541,269.284450699684,142.523183832872,284.525292146431,273.874657506909,354.184754932483,235.355716924878,205.589155638412
"ENSMUSG00000059434",2.65318707838714,6.23390342925097,1.84234787771609,3.17221425224491,4.07754821771227,1.33871513949657,1.06228291363192,2.88640308009135,1.9721741496657,0.908972684019437,1.19160163337866
"ENSMUSG00000059436",306.566081466039,304.720992020018,334.620844456955,344.55555456114,340.337211743696,291.300841208385,384.854038846369,276.655138592089,317.292161813339,301.426797519226,388.498791289736
"ENSMUSG00000059439",290.977280430865,215.04539542166,334.806241563327,225.005326140849,262.198155501432,296.013231759412,512.470802452042,411.565998466743,398.213555964096,358.001272569755,204.949487040632
"ENSMUSG00000059447",1648.61750727346,1516.18283855156,2004.05690494732,1790.06552200533,1964.4073861929,1367.73913321652,1937.94829854495,1825.51803117204,2215.44433291826,2161.74051709273,1658.54007285334
"ENSMUSG00000059455",0,0,0,0,0.597938289041765,0,0,0,0,0,6.01350507309052
"ENSMUSG00000059456",614.184441484756,689.632854691243,558.164438889541,490.297560302628,417.401390020018,573.074313710499,459.566508932976,374.978499341329,492.99141567369,638.027417424481,535.16760663511
"ENSMUSG00000059460",0,0,0,0,0,0,0,0,0,0,0
"ENSMUSG00000059463",0,0,0,0,0,0,0,0,0,0,0
"ENSMUSG00000059473",0,0,0,0,0,0,0,0,0,0,0
"ENSMUSG00000059474",245.292154671208,213.674460352902,288.022131379874,248.127546949364,264.450213250417,156.966401655052,320.207065089925,236.008015799347,304.10217681072,278.368028182548,255.011732126664
"ENSMUSG00000059475",74.5697889514449,108.798751247771,318.970301652301,356.11074909911,57.1529165031527,87.1829405654281,102.541276104934,329.925165658946,159.173958656693,328.352683965074,120.801321602714
"ENSMUSG00000059479",34.3087193565239,54.4845928811416,25.084088278149,48.5329635093954,29.6350717148416,49.3683293646517,51.9312323599321,68.7209181132892,41.0286349928075,53.9914306612646,66.0989929898679
"ENSMUSG00000059481",0,0,0.8859650928663,0,1.05421459596634,0,0,0,0,0,0
"ENSMUSG00000059482",45.2957418775666,33.2935701893268,32.4716530647147,26.2411437394154,31.5366777034183,26.7543575838483,38.0379739248928,39.333659084698,56.4559101146077,41.0688440270313,42.344082038129
"ENSMUSG00000059486",237.395994697832,286.623464546691,301.863648185793,320.660083096178,355.59531639645,231.544915796879,301.449830359814,327.909754769858,261.443460930582,286.818032942172,249.553382579136
"ENSMUSG00000059488",0,0,0,0,0,0,0,0,0,0,0
"ENSMUSG00000059493",10.1857884911489,3.26253250165995,7.88854715871163,6.57018653568706,3.17092690638009,1.28536884902919,8.26461860713147,1.9788209762304,4.71723238943988,0.944245117627367,0
"ENSMUSG00000059495",591.797948840637,423.362825360722,541.552946469515,527.373200935862,700.314865299903,308.895299658001,687.998791902093,557.521868211154,522.741750255132,588.603305821691,677.995484125699
"ENSMUSG00000059498",120.609958004665,128.979454272124,135.039872817064,121.791751697068,140.881010458974,163.940838366422,67.8823524427746,106.757007003452,94.9298111766979,86.5794702810567,80.6806021490593
"ENSMUSG00000059503",0,0,0,0,0,0,0,0,0,0,0
"ENSMUSG00000059504",0,0,0,0,0,0,0,0,0,0,0
"ENSMUSG00000059518",385.224854558523,402.804812617676,391.398661486205,440.56526241414,445.976860217158,433.168864542266,415.126468480799,385.200901535086,336.767754087506,426.461035420112,356.553808658161
"ENSMUSG00000059534",412.153939193696,444.50559627065,462.452885057945,443.861715445625,405.784501023049,482.824490365765,476.236680062632,471.259454817708,393.190165885007,408.362779270273,419.371830178232
"ENSMUSG00000059540",6.69554841944366,22.1439790233283,16.9471574024398,19.570226970913,22.5633785854428,30.9970209076032,16.4221242198067,21.6224495482549,23.216942339925,20.8414357165006,20.4927158581453
"ENSMUSG00000059547",0,0,0,0,0,0,0,0,0,0,0
"ENSMUSG00000059552",301.207100111277,308.252351702188,212.994031648483,209.891881647543,341.402542945734,291.70160872627,205.75072152427,236.872179023205,214.64539813252,282.88156291299,200.999602353236
"ENSMUSG00000059554",20.7771151333014,32.7651632250598,35.1976789949472,40.4235186175897,63.3095652931758,31.2614563773586,30.4672848552894,37.676943512793,28.9238189431289,34.7520232141664,25.6966130701377
"ENSMUSG00000059555",162.679308224773,222.625297105849,155.096240645066,209.124541087994,180.796793839281,285.173768612904,165.234498509209,214.814674645474,195.573109060437,239.926832761485,210.303108276846
"ENSMUSG00000059562",0.692752819044082,0,0,0,0,0,0,0.988575230148385,0,0,0
"ENSMUSG00000059586",140.657643078922,136.01728381252,168.070372103045,165.983254693447,134.508119238379,122.543940140796,152.504709149436,112.304143217436,173.302880972439,192.452491471315,131.311485936611
"ENSMUSG00000059588",24.2307697478623,20.7151242369763,21.2327084116649,38.6400709893127,24.0531733283678,19.3159915101796,19.9293719555941,34.1797708634401,38.9645263237325,20.1462543442957,40.9103589204329
"ENSMUSG00000059595",0,0,0,0,1.05095675570364,0,0,0,0,0,0
"ENSMUSG00000059602",20.3450260294132,6.37531534326562,5.09246710657253,3.13770595619673,6.69539268530648,5.36602169670716,4.70334396650068,17.7542591279108,15.0076642804867,13.0693464242632,3.29251677641745
"ENSMUSG00000059606",0,0,0,0,2.10191351140727,0,0,0,0,0,0
"ENSMUSG00000059610",0,0,0,0,0,0,0,0,0,0,0
"ENSMUSG00000059623",0,0,0,0,0,0,0,0,0,0,0
"ENSMUSG00000059625",0,0,0,0,0,0,0,0,0,0,0
"ENSMUSG00000059632",0,0,0,0,0,0,0,0,0,0,0
"ENSMUSG00000059639",0,1.08000629162882,0,0,0,0,0,0,0,0,1.14112546170164
"ENSMUSG00000059645",0,0,0,0,0,0,0,0,0,0,0
"ENSMUSG00000059648",0,0,0,0,0,0,0,0,0,0,0
"ENSMUSG00000059654",0,0,0,0,0,0,0,0,0,0,0
"ENSMUSG00000059657",0.67629209018608,0,0.88413451355085,0,0,0,0,0,0,0,1.16949116657061
"ENSMUSG00000059663",0,0,0,0,0,0,0,0,0,0,0
"ENSMUSG00000059668",0.689588638177034,0,1.77171038293403,4.35360826292085,5.286506924296,1.27931493478419,2.04198899304266,0,0,1.87571228839736,4.57384853733542
"ENSMUSG00000059669",217.965554486817,89.4032991620442,169.233814044567,201.194815182992,479.049616721621,197.27706116157,165.444075303274,457.016240088339,215.867937449924,74.6543240145139,203.703943230692
"ENSMUSG00000059674",26.2615012066522,30.3914494467969,23.9655571878734,19.5377888233336,20.1751499673296,32.1082822572986,22.5048325707226,17.7179691099297,27.3874306106265,25.2592263909599,29.6532974282207
"ENSMUSG00000059687",0,0,0,0,0,0,0,0,0,0,0
"ENSMUSG00000059689",253.245723961794,216.975108752479,274.750748654465,262.291408972219,329.483732885582,250.608475038604,234.087510925269,266.278704711282,286.002922586897,312.010630918333,223.705618129591
"ENSMUSG00000059690",0,0,0,0,0,0,0,0,0,0,0
"ENSMUSG00000059708",91.4161053158371,75.1718669922846,74.7730779030587,77.7568287022357,46.6023579340307,56.1306390899834,97.2760217918632,40.8607607146591,79.5005890583031,46.2298398707027,102.25079476301
"ENSMUSG00000059713",21.5762907360331,38.6442710435059,20.0551344654148,15.9746505052426,46.5931005177082,31.6562927794995,22.53864729431,38.2928056970983,52.9873729145331,34.6976582826525,25.1291209865456
"ENSMUSG00000059714",877.687107013391,814.270407836556,953.122637325699,773.834251218192,922.637550460969,813.827858110384,725.325627703271,817.740194933398,804.234253000867,921.539214807662,807.947602242119
"ENSMUSG00000059729",0,0,0,0,0,0,0,0,0,0,0
"ENSMUSG00000059734",940.153643291704,1104.87376273912,1114.27354942135,982.550195031697,912.848959049173,1077.7358522217,1062.96228665982,979.713819903621,974.451240144278,909.408304073494,951.901569960907
"ENSMUSG00000059741",6.62042657771908,0,8.63951868630023,6.58462329115429,0.870642396111876,2.45514170787366,0,0.788770022631125,0,3.58338648470695,3.77354966999449
"ENSMUSG00000059742",0,0,0,0,0,0,1.0244779114794,0,0,0,0
"ENSMUSG00000059743",3542.67523651502,4831.88695676792,3508.82031831063,3465.29618338219,4319.6648852907,4117.30858758017,4187.13546126289,3355.29489030507,2789.66354631427,2725.88706512838,3506.78023446396
"ENSMUSG00000059762",0,0,0,0,0,0,0,0,0,0,0
"ENSMUSG00000059763",0,0,0,0,0,0,0,0,0,0,0
"ENSMUSG00000059768",0,0,0,0,0,0,0,0,0,0,0
"ENSMUSG00000059772",113.719972246803,95.0786775436175,83.94594307729,48.4718307756867,90.6804298269869,119.848158658958,87.4983051984356,171.752147523151,105.493423157219,78.6239893080119,76.0348120725549
"ENSMUSG00000059791",14.4358607980708,33.7422347436749,6.46216142045133,5.33741569975946,8.68160630508711,11.5066728928456,5.87336775562325,5.55484926646183,18.5556786079257,11.0589273792962,5.60074524161389
"ENSMUSG00000059796",7834.75730335543,6878.59983762362,7643.77096961827,6488.89037139456,7590.77864199811,6487.91469179528,7113.64147285862,6544.9094961865,7394.06484194197,6843.20382715797,8489.39147230545
"ENSMUSG00000059810",200.219262859843,186.000474816416,174.552766487788,190.394884449813,197.68661568425,217.922568475576,235.338639446534,111.015003457151,177.55826589137,182.845418373703,269.055506578262
"ENSMUSG00000059811",1006.16192219195,856.213058599426,1102.26110670711,1161.84362935965,1134.21218480713,946.421851639019,1094.6311355896,1307.76391752967,1205.14610742364,1113.24382458268,1108.54867760285
"ENSMUSG00000059816",0,0,0,0,0,0,0,0,0,0,0
"ENSMUSG00000059820",152.013245566239,139.097343328567,106.32546451393,121.468277468921,137.01869837009,104.313106080541,153.426878708475,156.496658545031,148.398334967177,149.806808522869,141.700824756776
"ENSMUSG00000059821",0,0,0,0,0,0,0,0,0,0,0
"ENSMUSG00000059824",165.331840688548,100.095534570445,115.843159874457,460.994648746626,65.3906157731813,113.281301394009,98.2485856858618,81.9579897479711,413.083947628315,169.392282179415,237.302148925776
"ENSMUSG00000059832",0,0,0,0,6.30574053422181,0,0,0,0,0,0
"ENSMUSG00000059834",104.662919053698,83.1503701333492,119.722344015054,68.0091959508026,107.023973349093,75.8357797377706,105.553016684134,94.6579576069992,105.785931469529,87.9115501488736,91.5715701423659
"ENSMUSG00000059839",68.5838463848325,68.7154555573522,102.615256535365,83.8388066931279,125.115753064076,76.3842385563326,63.3814051932795,82.0113431529177,86.6751192947624,77.4578411128007,85.8099116963868
"ENSMUSG00000059842",98.3152699488362,71.0873330910936,103.665062501233,77.4459510775872,77.4203420463278,214.67701922189,84.6133452897618,119.072314691453,79.9314849299925,103.188461756069,78.996459396302
"ENSMUSG00000059845",0,0,0,0,0,0,0,0,0,0,0
"ENSMUSG00000059851",349.585109261005,350.185907883957,340.585528191445,273.757889052542,399.064681741568,485.507368566933,381.626498837908,438.748869810199,421.768211786705,401.332367870875,424.823339329678
"ENSMUSG00000059852",3.40079333566489,0,3.50826392774274,6.52442742937969,1.05661375413584,3.90592569632347,3.06272964442387,6.9180183526326,3.80236020137591,5.65831186798582,9.17182245009971
"ENSMUSG00000059854",2.77576773678003,2.15505383028213,0.888348555168588,0,1.05299949222489,0,1.01994795870818,0,0,0,0
"ENSMUSG00000059857",5.82397790874727,8.91875381026559,4.4400489921249,7.29899511706974,7.26182656204367,3.28048933160158,5.75367078036256,6.76433210864277,6.99587712876294,4.2489694174191,4.5053711662958
"ENSMUSG00000059862",0,0,0,0,0,0,0,0,0,0,0
"ENSMUSG00000059864",0.679003421013528,0,1.76322092428992,1.095906419265,5.27748566267394,3.85429941589202,3.0717107050963,1.98085310482672,1.88441985733153,1.89501596587472,3.44686450897251
"ENSMUSG00000059866",429.307985778291,414.455207048571,468.402274011048,438.238678057293,444.475551147357,473.561193157255,395.779012754749,417.856484974849,411.104061378056,507.295186800009,456.118910097917
"ENSMUSG00000059867",0,0,0,0,0,0,0,0,0,0,0
"ENSMUSG00000059873",0,0,0,0,0,0,0,0,0,0,2.28090890516888
"ENSMUSG00000059874",0,0,0,0,0,0,0,0,0,0,0
"ENSMUSG00000059878",72.4121210729405,61.673509532448,64.1601227912933,70.5702405911708,106.07951312439,81.5183651904344,82.5567747256349,55.197120927155,77.8744709277038,83.3324218104611,78.4363639260463
"ENSMUSG00000059883",331.551585956016,307.988913053445,327.545047703148,281.805490187249,299.999262006698,309.27797174209,309.324726693011,321.616174917244,299.904657736319,327.398053887176,380.437264585564
"ENSMUSG00000059887",0,0,0,0,0,0,0,0,0,0,0
"ENSMUSG00000059890",425.65263278235,320.785618779162,759.464736047114,603.800962243834,759.383229845584,1008.44352706526,850.398766683815,650.497381829384,490.69322894298,716.630331907686,1125.49848203764
"ENSMUSG00000059891",3.13873035428031,21.1220110309256,4.67428160463576,3.54661690318178,5.72392629415345,10.6658568946023,3.08787269770783,2.23165224957653,2.13583996872231,3.54289162563199,10.5875915673764
"ENSMUSG00000059895",192.903953716824,187.068900513092,70.5009549387298,177.946352972716,105.36635844038,229.197166704944,145.682157146427,152.826125112291,114.761214969685,181.435885973857,142.06237743564
"ENSMUSG00000059897",38.1106185435304,51.0519666937418,72.1593861649101,29.2058101972683,37.0536541349037,62.4481251574306,41.7640855870593,36.5020890386835,46.9662924887628,35.6829320466724,53.8485666049615
"ENSMUSG00000059898",2.6324449185875,16.9437059395264,0,1.16370780495306,4.05396381876625,8.73335891426872,5.05306559693737,0,0.90407963703575,5.03907872389732,1.20047873661528
"ENSMUSG00000059900",7.12392508769927,6.84791964229437,6.44421115168463,4.74477326157642,7.7201331674003,1.79823644346396,8.71408813407943,3.97175397486318,6.82883398382468,7.68820446828196,9.40279722139102
"ENSMUSG00000059901",15.9161045305317,23.8508848833609,14.2437681170172,11.9404066435439,30.8834742907016,15.3333349021488,15.3378895030757,16.7308239112849,16.0522516216792,20.5427071413544,20.5637391277063
"ENSMUSG00000059908",49.5111757011032,23.820146121833,72.7699764600622,10.9350231393118,39.9812593674261,16.6230929364595,67.1055023315835,10.8496493381397,15.0167522464089,14.1581119695561,9.12347219889875
"ENSMUSG00000059910",0,0,0,0,0,0,0,0,0,0,0
"ENSMUSG00000059920",202.48662625461,177.743908880918,196.052081148599,208.300953309241,199.307480350371,185.904069420124,235.095742938853,218.289839585316,209.113232677353,199.900864580542,254.024639830059
"ENSMUSG00000059921",0,0,0,0,0,0,0,0,0,0,0
"ENSMUSG00000059923",420.995713273078,428.199598543639,480.554159694478,519.78064057234,449.433870501242,623.418228328745,445.377561659302,378.855847491246,471.218339333235,433.020077330475,511.199259190484
"ENSMUSG00000059934",0,0,0,0,0,0,0,0,0,0,0
"ENSMUSG00000059939",16.2017731153036,16.0536755736967,19.8834247069685,20.5040249901759,10.6046241329605,32.5746115787015,12.1477885790965,17.6813752212288,21.0516993923261,17.8105898163737,15.5540718481381
"ENSMUSG00000059956",5.3338268710279,7.63540802908756,1.76291211747336,1.10448218252877,4.14634087410555,5.15467650524755,7.36483249198638,0,1.84617488135834,2.88515743101025,0
"ENSMUSG00000059964",0,0,0,0,0,0,0,0,0,0,0
"ENSMUSG00000059970",98.7491119795451,102.65964090166,99.4236274995296,81.6117587952172,65.8259453914942,128.226053502777,99.287023125628,60.0857093818717,102.837337168596,84.3748726757809,98.2705412545976
"ENSMUSG00000059974",45.6285800131514,59.0760814387965,65.701821586014,97.8942854445945,76.5631912356759,64.8156601522152,65.5417211552134,34.5837612797268,96.9095433214478,60.2572157546712,62.8364981017456
"ENSMUSG00000059975",78.7678261812066,90.9687488203902,79.5839366674955,93.2404110939647,56.5750420670519,93.0502421812792,62.4918070812121,70.4960172857882,58.3595904090446,60.0059101471454,63.5256366156876
"ENSMUSG00000059981",1439.98199262577,1650.98028854884,1494.04236307618,1422.98348097862,1356.79759368518,1872.37663205582,1499.81244794504,1617.46160138305,1495.25436448825,1584.40464203342,1820.66233869387
"ENSMUSG00000059991",17.8328216917014,19.52849216316,23.906706672879,1.08717209043646,20.21165912746,0,17.4134556777471,16.7320699649313,10.3893662742768,0.940288198954876,8.0038698968427
"ENSMUSG00000059994",27.7360253971515,130.465571696515,4.93143968040509,4.09347619331145,3.21104222485221,92.4227658339549,0,11.0884701428905,4.31741821415554,31.7344759228183,2.63129699542617
"ENSMUSG00000059995",428.254135679027,409.494737901866,417.156446673187,387.001041182047,418.767730785339,405.015530418154,426.331155122316,442.334209700318,448.120489897809,423.096200714113,440.434275659122
"ENSMUSG00000060002",4515.39558792667,4560.70751668093,5907.41734501394,5938.93080521733,5717.33779074062,4398.24263089017,5438.63527501682,5145.61493526683,6659.82965845572,6294.05781538994,4426.74568313425
"ENSMUSG00000060012",1117.90340037247,1141.34859225909,1838.64189069502,1666.27000544242,1246.23736310319,799.086849290112,1567.54930165436,1490.75820759308,1567.97787867994,1946.04462971187,1096.66875193724
"ENSMUSG00000060017",0,0,0,0,0,0,0,0,0,0,0
"ENSMUSG00000060024",0,0,0,0,0,0,0,0,0,0,0
"ENSMUSG00000060030",0,0,0,0,0,0,0,0,0,0,0
"ENSMUSG00000060032",1701.16161998227,1980.87852374224,1753.07245288996,2200.64976033076,2066.15223257654,2569.09265544726,1740.90379643095,1765.40007326965,1433.2912087181,1814.06114309865,1464.98535105649
"ENSMUSG00000060034",0,0,0,0,0,0,0,0,0,0,0
"ENSMUSG00000060036",10032.6094697678,11730.2228288905,10181.4733441082,11495.053545077,9602.85754930266,11407.7047747682,10240.6758573595,10132.4297723535,10141.7481012344,9218.83217577384,11983.6004487688
"ENSMUSG00000060038",181.113677732763,216.002394111256,185.91539213332,234.680495712455,199.662320195221,287.508788261665,186.059021969834,211.708605568363,162.993714738485,272.565747193867,233.02527757239
"ENSMUSG00000060044",0.688569957458921,1.07104567687747,0,0,0,0,0,0,0,0.946635116007077,0
"ENSMUSG00000060049",0,0,0,0,0,0,0,0,0,0,0
"ENSMUSG00000060057",0,0,0,0,0,0,0,0,0,0,0
"ENSMUSG00000060063",82.5782847853096,114.552124362943,58.5232184655692,43.518340210938,44.1135434029825,59.385923367783,71.491811154841,19.1900295860599,40.2684879806556,27.2889789834978,40.5641131264076
"ENSMUSG00000060070",0,0,0,0,0,0,0,0,0,0,0
"ENSMUSG00000060073",1611.00278086531,1467.40397174594,1389.44918337498,1430.68713652515,1587.09274546708,1537.15669174848,1484.17175261196,1413.40702573444,1443.97802701057,1321.41313267263,1437.49191978654
"ENSMUSG00000060081",0,0,0,0,0,0,0,0,0,0,0
"ENSMUSG00000060084",0,0,0,0,0,0,0,0,0,0,0
"ENSMUSG00000060090",119.545101466463,140.796071821361,121.226053706713,121.127804931164,106.255148330793,93.484764406092,118.714272346373,141.065454495935,119.982963382322,106.605875707163,100.266471871405
"ENSMUSG00000060093",0.681304178825101,1.08463654893299,0.891996783170593,0,1.10428754407946,0,1.02826510444156,1.96324973334997,1.8725766695689,2.73776104366434,0
"ENSMUSG00000060098",424.239074128202,416.037867766178,476.941072351029,354.487639496422,431.715776573769,634.593773366517,524.521466966299,448.74773976875,315.54056353758,427.696714233473,588.30958674833
"ENSMUSG00000060105",0,0,0,0,0,0,0,0,0,0,0
"ENSMUSG00000060112",0.691898551933099,2.14695301669368,0,0,0,1.28681444367112,0,0,0,0,0
"ENSMUSG00000060114",0,0,0,0,0,0,0,0,0,0,0
"ENSMUSG00000060121",77.3089118973842,78.1465971031946,71.4513895088464,77.6339217484573,79.4575033234292,94.2661896503713,86.3647948752353,86.7507025148815,90.6471311677646,82.3258038647538,105.839873387492
"ENSMUSG00000060126",16364.5533704693,20606.4290901708,19126.2869292996,22531.3167315796,18860.7781625741,20653.8269756464,20282.9600308101,19742.2035169008,19981.3554947225,17583.5968398462,21274.4293727476
"ENSMUSG00000060131",10.243247725124,21.3838716684349,0,4.10968803159887,4.90579184135147,3.60402147319688,3.88883964580431,0.921679942965425,5.25914141924556,11.93257848239,1.06453597195954
"ENSMUSG00000060147",358.031418082686,268.189158425744,307.171729408527,282.786780539688,524.885650504048,250.418696926564,313.508724640036,260.009682985907,281.783959646108,273.960163057008,303.090215058808
"ENSMUSG00000060152",267.036150691523,361.202797143345,288.368339089257,357.867792268082,293.960054425229,412.612588541345,386.46525483843,376.802046048863,296.783782007097,280.638830275732,354.684389500618
"ENSMUSG00000060166",258.438715861749,208.860735490884,291.735176727044,279.121420300744,323.812641040979,272.034524469918,253.798583179892,275.616207052552,255.773731895415,365.085826088609,245.817111850713
"ENSMUSG00000060170",0,0,0,0,0,0,0,0,0,0,0
"ENSMUSG00000060176",2.84652618571472,5.7441811847434,18.9795027034635,15.5577168902779,35.1092771969485,2.25951523887639,2.42495364653302,3.49396362414012,12.5695162244457,3.88618672913995,9.42243567300951
"ENSMUSG00000060177",0,0,0,0,0,0,0,0,0,0,1.14045445258444
"ENSMUSG00000060180",4.74928029783092,4.94093536700239,4.74181087614096,1.66311672360924,2.4139799378589,14.5965612541318,5.45664947344828,3.0304738033808,3.6149741037002,1.4285426497916,0
"ENSMUSG00000060181",35.1356103542395,30.9370043089147,29.2106597354511,39.3400520928408,28.5748929192448,36.9994087644993,41.9921579047881,42.566062979623,30.1229596761314,29.3970423971529,41.4379683365492
"ENSMUSG00000060183",0,0,0,0,0,0,0,0,0,0,0
"ENSMUSG00000060187",25.2962426392567,29.0281580925365,23.8687768523132,36.0820547986524,38.453449039789,28.2407472918749,40.1969720513612,44.9249527815517,46.781567368061,31.3277403234599,24.1102012599609
"ENSMUSG00000060188",116.242283620178,67.9810136740073,87.2194959662178,89.1153989157396,115.94122971837,93.368994534481,59.6171345884815,72.4981073069034,81.2807226667556,78.0912303947634,134.68825634283
"ENSMUSG00000060201",0,0,0,0,0,0,0,0,0,0,0
"ENSMUSG00000060204",0,0,0,0,0,0,0,0,0,0,0
"ENSMUSG00000060205",0,0,0,0,0,0,0,0,0,0,0
"ENSMUSG00000060206",31.734691475958,212.528185526456,38.0014844656136,25.6359924419714,191.0515073384,25.0308639002263,103.508874993681,26.225422221949,38.2028124907003,85.1454093132534,30.1524241048003
"ENSMUSG00000060212",0,2.82763212333525,0,0,0.921132178991016,0,0,1.72306146994901,1.63780383509791,0,1.98717742380695
"ENSMUSG00000060216",296.80678617946,465.403111019142,283.016361889033,252.487009013361,253.929505743652,467.257900565938,225.125313537841,278.167449605025,248.546414850612,280.202105219292,230.145120553537
"ENSMUSG00000060224",475.984493232687,1237.27068898641,970.415401739245,1484.85934847022,357.127457648897,577.959234671254,276.136558869603,989.615276181472,902.36558504104,1462.18590853969,429.359274686582
"ENSMUSG00000060227",8.03195610005742,11.9802484869898,8.0245556779185,2.0803602302361,3.59741846763975,5.47423208160771,5.79159028716937,10.0252339415357,4.40830451945075,25.7406083238748,6.85833491556834
"ENSMUSG00000060240",0,0,0,0,0,0,0,0.972322867791307,0.93076904416745,0,1.18425138456661
"ENSMUSG00000060244",32.4353198757454,58.8822383473743,35.2303003171926,37.299113787522,44.8932342896325,59.2963002538583,39.3188978030536,32.2069497956815,38.2667061915105,42.0910250255024,38.0023632757503
"ENSMUSG00000060245",0,0,0,0,0,0,0,0,0,0,0
"ENSMUSG00000060254",0,0,0,0,0,0,0,0,0,0,0
"ENSMUSG00000060256",0,0,0,0,0,0,0,0,0,1.8727338905821,0
"ENSMUSG00000060257",0,0,0,0,0,0,0,0,0,0,0
"ENSMUSG00000060260",151.263130265754,172.800330325704,148.117107259776,176.794035328216,159.71905806156,152.268292169974,172.864712185127,205.133093012263,151.10141257855,172.002251011034,184.044010945865
"ENSMUSG00000060261",1040.53334614675,1226.03414868617,1477.68354775339,1645.99135216329,1526.56730630049,1497.96797818707,1255.46618564616,1390.64874739121,1477.14255933295,1414.90527438624,1368.739977349
"ENSMUSG00000060268",0,0,2.65140292421374,3.2788364986921,3.16734296603478,0,2.05593339402926,1.9693832844942,2.81798443134033,0.944313117594597,1.14264055098004
"ENSMUSG00000060275",54.3267369708827,33.3084349754771,77.3278878630742,28.0451516818699,56.1305330206844,19.5812152298469,61.5202148061456,57.3228714339264,29.2178042971879,32.7707130269832,17.5168631472664
"ENSMUSG00000060279",891.618039846452,915.443121817026,1456.04402432567,973.667310847079,959.248760657849,1027.00600623364,931.606754295581,981.04940674787,985.775172537718,1167.96012647202,995.070747321173
"ENSMUSG00000060284",0,0,0,0,0,0,0,0.992606609936369,0,0,0
"ENSMUSG00000060288",121.921705231467,113.820036309537,100.169675053947,84.1062829423782,111.863234038901,91.6099679894041,107.14543782521,99.616868705909,106.514921070916,97.8346644996774,90.3501608656249
"ENSMUSG00000060301",52.8436428054115,72.5933444809388,70.4461824375027,71.1764489364825,63.6719417009943,60.7243972947496,69.6804274352497,83.2747565977118,79.6307078342348,79.1122058849571,74.5552942623994
"ENSMUSG00000060303",0,0,0,0,0,0,0,0,0,0,0
"ENSMUSG00000060311",0,0,0,0,0,0,0,0,0,0,0
"ENSMUSG00000060314",4.0802786271591,0,4.42980137255312,3.29937758576601,3.15324785988879,3.84812114812699,12.5076455680838,5.88384870219443,3.72910616337108,4.76758167370142,2.28004216851553
"ENSMUSG00000060317",0,0,0,0,0,0,0,0,0.94676288413655,0,0
"ENSMUSG00000060332",0,0,0,0,0,0,0,0,0,0,0
"ENSMUSG00000060335",0,0,0,0,0,0,0,0,0,0,0
"ENSMUSG00000060336",31.1857385369229,24.4119176972951,31.2057496066664,34.0144900423537,20.7446937348772,36.0554539651705,27.9496193224451,33.1831431824066,46.3115841604625,25.5696208650483,55.1028563018841
"ENSMUSG00000060371",0,0,0,0,0,0,0,0,0.94676288413655,0,0
"ENSMUSG00000060373",1739.29255925727,1368.95245545945,1716.60279741878,1482.63773240008,1448.38078668725,1281.69502009638,1488.44375063174,1326.83760870218,1489.40728578753,1437.75985645722,1350.69057043952
"ENSMUSG00000060376",3039.73595783825,3833.4864218187,3786.67709652882,4739.5695232969,3141.96058349613,4466.75769294103,4127.03274745882,4666.61307480737,4172.33943917769,4139.06111266534,4139.34112176796
"ENSMUSG00000060377",0,0,0,0,0,0,0,0,0,0,0
"ENSMUSG00000060397",18.4178098651712,32.4405832307663,23.0297149062506,17.5396146738344,22.057150666754,14.150444195599,16.5069490103198,13.81383760988,15.9639743166128,12.306967457051,10.2764986801075
"ENSMUSG00000060402",11.2377568632331,16.5615328542023,7.65763021476103,8.35551336057343,16.3564705909876,15.9541815230446,70.7506204188183,9.40437208193262,13.5256627969348,55.830613860955,10.9770597513608
"ENSMUSG00000060404",0,0,0,0,0,0,0,0,0,0,0
"ENSMUSG00000060407",0,0,0,0,0,0,0,0,0,0,0
"ENSMUSG00000060412",0,0,0,0,0,0,0,0,0,0,0
"ENSMUSG00000060427",221.014970817288,238.184214240332,221.744357494589,96.3383213765356,221.575237575558,116.360325506012,205.189802956198,86.6395412252986,230.878055759176,136.449278804333,223.124221970377
"ENSMUSG00000060429",555.491990196049,652.429437519963,573.86088470111,749.394078938682,515.740236951642,574.172374441866,610.598053086851,664.449856181144,708.984966439446,532.959838053462,671.513536890101
"ENSMUSG00000060441",16.252092057221,39.0655719793684,14.1556768914773,15.4176428233797,7.35081025848373,33.3841985521274,21.9276363342485,10.7707541084152,21.4057285376341,24.8483057586502,15.9470872879751
"ENSMUSG00000060445",0,6.69587912561876,2.71648957849686,1.09073325199104,0,2.54730244831927,7.11342541830248,2.91887206904454,1.860440412192,2.79238556334468,6.88539532275806
"ENSMUSG00000060450",866.074980535108,702.750322518291,623.01941737301,1042.71552337701,760.332907794067,1481.44739686054,942.239275178857,947.848639996693,737.650407484966,1312.69406620639,1098.78847586258
"ENSMUSG00000060459",2.99751064763945,0,0,0,1.2796164838995,0,0,0,4.45492156983112,1.15224582942486,1.00530756176461
"ENSMUSG00000060461",0,1.06254341703057,0,0,1.10139446920532,0,0,0,0.922822346804803,0.932279644022667,0
"ENSMUSG00000060469",0,0,0,0,0,0,0,0,0,0,0
"ENSMUSG00000060470",12.8331887545478,11.8621989886699,7.73489696447142,7.49791217163766,22.2074482829209,16.5097631743744,9.72178797206151,16.3937538850732,10.6145790643402,9.63788845904511,9.31643526411967
"ENSMUSG00000060475",758.600584581955,734.790602108898,786.441292779442,641.945103189038,808.508307638103,490.633234633863,770.070660056252,585.849965738532,810.644403527613,624.816491547546,954.618428283191
"ENSMUSG00000060477",502.755204665817,475.859417179776,580.119769668912,710.921528813679,690.498717807442,539.870441812132,529.450442013119,606.115593547686,546.899066906146,715.591665188172,558.852470219364
"ENSMUSG00000060480",0,0,0,0,0,0,0,0,0,0,0
"ENSMUSG00000060487",0.660878370683954,0,0,3.30997013122678,1.0693065071153,0,0,1.95441621418271,0.927780284988323,2.89977137317621,1.16036683773985
"ENSMUSG00000060491",0,0,0,0,1.0460495378169,1.2879259338213,0,0,0,0,0
"ENSMUSG00000060499",0,0,0,0,0,0,0,0,0,0,0
"ENSMUSG00000060503",0,0,0,0,0,0,0,0,0,0,0
"ENSMUSG00000060508",1.25559381316204,1.01796879269769,1.64499661575838,2.03293923922438,2.12662302158246,2.3798687262236,4.81226556635484,1.80889545216636,1.71920627610691,0,1.05559253800783
"ENSMUSG00000060509",2.75731946078456,1.06970876627291,0,0,0,0,0,0.987712015699663,0,1.90293014389868,0
"ENSMUSG00000060510",118.529195943923,100.82162550796,157.129823005828,151.739183275371,110.864240625445,82.2415777191144,143.607976667496,77.1636521214713,151.300582025394,93.2700505149736,109.789976896001
"ENSMUSG00000060512",267.049067753296,96.7137905237698,144.05562329237,145.241663192605,206.736438279028,161.435391770357,211.231315345198,109.770672273823,101.357094369798,68.4142841895056,62.6558779115923
"ENSMUSG00000060519",304.737822441492,301.562520660775,443.177727213871,756.379019955659,439.390514395904,259.042882074532,337.610662122212,464.732598995009,511.683399563434,619.799054274086,381.991605937405
"ENSMUSG00000060523",0,0,0,0,0,0,0,0,0,0,0
"ENSMUSG00000060534",0,0,0,0,0,0,0,0,0,0,0
"ENSMUSG00000060538",312.582628952277,422.373107669504,384.321356287073,340.348142437178,331.117501757053,474.556582022891,432.87566447214,382.360933635721,381.324021288444,365.822150192434,351.557117133124
"ENSMUSG00000060548",36.023455232759,35.1795797388516,32.1204048860172,10.7353988902517,14.1232983103368,11.7287930777487,24.1008583546886,36.5650014633774,14.2435930154028,2.85201997527582,23.6006057586847
"ENSMUSG00000060550",245.088860287368,567.339132164358,178.990290685494,42.3586463563265,51.373616675743,58.5446985770982,246.00228117043,57.6839973462375,220.473699959775,57.7910561576488,238.680847709301
"ENSMUSG00000060556",0,0,0,0,0,0,0,0,0,0,0
"ENSMUSG00000060560",0,0,0,0,1.05095675570363,0,0,0,0,0,0
"ENSMUSG00000060565",0,0,0,0,0,0,0,0,0,0,0
"ENSMUSG00000060568",1.35835932833174,3.22096951918672,0,0,5.33271100331257,6.46707050579893,2.0666219116542,0.982779831459288,2.81791622405218,7.63072329613218,1.1283537189066
"ENSMUSG00000060572",20.1362795948857,16.0602370053079,16.6806903761374,9.8918111531118,26.8123128627874,9.06680818180049,5.21077778688365,14.522478484177,16.6770634015752,21.1783780275193,13.8426446614527
"ENSMUSG00000060579",14.0885300022222,12.3734408905633,34.1438164267899,29.4592210714341,7.44433260705554,8.03200555811949,9.86192725566275,12.739449413473,14.4562089375484,5.97584464397914,8.10505596235621
"ENSMUSG00000060583",0,0,0,0,0,0,0,0,0,0,0
"ENSMUSG00000060586",2420.79931768577,3450.23039375824,2349.76746742293,2240.11467495296,2624.88803588541,3019.6002946649,1758.14614099599,2057.51261687988,2082.1546255446,2139.86973159694,1639.77240535157
"ENSMUSG00000060591",219.935608576389,239.268884167262,244.488235502406,169.557887934668,279.473014476289,224.856473407078,274.845306048282,230.509307839004,233.436090720916,215.501529131975,285.109911536931
"ENSMUSG00000060594",4.54038367032774,7.11849715055254,5.87306462591277,12.6941768406676,24.2785648542268,8.7046073295832,7.97761641130658,4.16194979506312,19.2235552073974,7.77756953376675,6.23932219674803
"ENSMUSG00000060600",1570.94665685752,105.309688174368,128.835952339605,191.184583183795,418.016012876515,93.0094236981674,79.3068389833372,93.3817164395166,170.178030906584,222.98686573531,86.3625200285346
"ENSMUSG00000060601",1171.11847156721,1122.59081110085,1061.59786584741,858.754695451878,1614.35918867254,1138.79451449369,1132.80646691804,1443.73467571106,1361.23131285683,1039.55366077159,1426.27188923726
"ENSMUSG00000060613",0,3.26922727761351,2.64927189154267,3.29713505424656,4.17566643670875,2.56465899077821,0,2.91676445539576,0,6.67366145918592,2.27729354768163
"ENSMUSG00000060615",0,0,0,0,0,0,0,0,0,0,0
"ENSMUSG00000060621",43.2674451437442,29.6262101893897,33.6521466690686,17.8935972555541,28.3981769138583,58.4363420389139,36.8053665433726,21.5422146536562,17.2538747612099,43.2950387031518,35.7752589915644
"ENSMUSG00000060630",0,0,0,0,0,0,0,0,0,0,0
"ENSMUSG00000060636",2150.18380455186,2677.43762739473,2339.35798225467,2345.68488241262,2162.96342411106,2294.63966615384,2097.0824302128,2331.60993543079,2371.2590560418,1772.43385421751,2134.2515399206
"ENSMUSG00000060639",40.4721139357521,29.1675145093363,28.4292033640253,17.6316015893716,53.8926671321219,12.8148113206445,35.8446682881989,23.4212793639319,21.4279348233495,16.360561833205,16.4521003224786
"ENSMUSG00000060657",763.458781039502,732.224093391577,758.302215496586,854.609776495175,695.78015817204,513.509008006591,772.822686528619,670.685459458417,755.178675395488,750.049257014498,597.950040043456
"ENSMUSG00000060663",0,0,0,0,0,0,0,0,0,0,0
"ENSMUSG00000060671",373.40807609508,340.735721105956,108.374235749186,117.863783455143,126.643127565633,283.755190893644,193.888906405009,122.868371571241,115.429463466207,251.240572094887,230.240977642231
"ENSMUSG00000060673",0,0,0,0,0,0,0,0,0,0,0
"ENSMUSG00000060675",949.677065095159,961.08934460393,936.778670313972,1014.89496399348,823.878002402449,956.088429191288,894.101752616787,884.786595429787,901.206574322948,831.331885402073,852.075384513084
"ENSMUSG00000060678",6.7723180907162,1.08302956398652,2.67202563320862,2.21206842248319,8.82121155556979,5.13897921392743,2.05348327754848,3.91745587044604,4.67450570416801,1.82246987241085,0
"ENSMUSG00000060679",292.4439567788,264.407251894889,278.561875986503,264.58534957755,263.692614302271,287.715861651621,285.733073785719,265.19866298233,272.031289399394,277.865835489649,263.375621961796
"ENSMUSG00000060681",327.6782008877,223.909846625136,286.770394491937,190.161028383398,266.181791269576,203.433641494384,255.715510832731,245.762879916678,285.276836535832,270.208930359991,244.791470411674
"ENSMUSG00000060685",0,0,0,0,0,0,0,0,0,0,0
"ENSMUSG00000060688",0,0,0,0,0,0,0,0,0,0,0
"ENSMUSG00000060691",0,0,0,0,0,0,0,0,0,0,0
"ENSMUSG00000060699",0,0,0,0,0,0,0,0,0,0,0
"ENSMUSG00000060701",0,0,0,0,0,0,0,0,0,0,0
"ENSMUSG00000060703",87.5115309723256,72.206038066755,68.37071021995,71.4675854597062,91.4937033496544,80.7740530226646,65.135019733695,53.9214763507184,64.2747596574342,46.5245354085899,71.3581474897479
"ENSMUSG00000060708",194.112443949549,166.815516978531,225.549851049542,258.751984959112,191.101132094733,212.152168130276,206.003747854163,230.772635763574,166.879581007193,251.357500862474,198.823217474375
"ENSMUSG00000060715",0,0,0,0,0,0,0,0,0,0,0
"ENSMUSG00000060716",54.0018086553878,35.7403931706153,84.2881502156929,38.0684291659198,139.475840293817,30.9096142730018,68.4913563341645,25.6701481599454,65.2203692644965,99.0508135576954,37.5928529873201
"ENSMUSG00000060724",0,0,0,0,0,0,0,0,0,0,0
"ENSMUSG00000060726",0,0,0,0,0,0,0,0,0,0,0
"ENSMUSG00000060733",129.656482431111,154.236324037092,226.425669587723,205.925849537929,309.489514318916,77.9133857952129,217.929925843456,132.35170891217,138.586760364769,204.393420374685,137.271897765341
"ENSMUSG00000060735",0,0,0.890769679487294,0,0,0,0,0,0.944575306187165,0,0
"ENSMUSG00000060738",0,0,0,0,0,0,0,0,0,0,0
"ENSMUSG00000060739",840.573492131925,1027.22963492899,857.645405873751,1024.94330618951,879.404743001198,943.235191006797,920.577801090998,766.323232804393,912.456669670206,795.06465923512,967.407691723908
"ENSMUSG00000060742",0,0,0,0,0,0,0,0,0,0,0
"ENSMUSG00000060743",1925.80343060103,2348.27152428741,2371.85624064612,2218.56816698565,2270.9510312737,2219.48363503137,2086.77804512008,2352.29539071629,2088.20693861812,2209.77851598054,2023.61043733474
"ENSMUSG00000060747",0,0,0,0,0,0,0,0,0,0,0
"ENSMUSG00000060756",0,0,0,0,0,0,0,0,0,0,0
"ENSMUSG00000060759",0,0,0,0,0,0,0,0,0,0,0
"ENSMUSG00000060765",0,0,0,0,0,0,0,0,0,0,0
"ENSMUSG00000060771",25.5264919698787,21.9622732281345,29.3018634814584,19.5952424210593,22.9209589001857,40.7736163135314,20.4690873378573,17.7669006788598,29.0418721601841,15.4678972643721,33.7859006635127
"ENSMUSG00000060780",2.3133901277713,0,1.77224061475749,2.17612099915833,1.41430470649873,0,0,0.655856258501919,3.22215143191723,0.625005843555893,1.52203132173088
"ENSMUSG00000060787",0,0,0,0,0,0,2.0489558229588,0,0,0,0
"ENSMUSG00000060791",202.545288034536,327.992375658104,234.762656193852,258.544996500875,191.61915920065,291.687296647796,253.518354495018,261.185264565532,238.743893523402,208.353957171147,248.76145321648
"ENSMUSG00000060794",0,6.43928706236088,1.76489609169084,3.28167118022061,3.17092056456525,3.87295802821984,2.05050158857099,4.93204778344687,2.82566262951065,0.943820962829315,0
"ENSMUSG00000060798",76.2308693731378,115.239809414211,87.8545301425863,99.4367923094258,39.7320733953194,66.0017131765591,81.8369562173596,93.5939498438408,59.7331860136767,64.5359578487846,87.1979244107039
"ENSMUSG00000060802",3657.08716826033,4469.14525820034,4188.77765207903,4695.74754675077,2913.2820132181,2878.2569868508,5059.34853648373,2756.97479607725,5449.49272481273,3026.56654481892,4842.73924777599
"ENSMUSG00000060803",958.429386332086,1175.69183598378,867.297405861714,935.884849920085,877.54361722675,1035.30023847564,905.184459584955,915.677380291411,861.97405018673,790.131343044297,780.895177039159
"ENSMUSG00000060807",0,0,0,0,0,0,0,0,0,0,0
"ENSMUSG00000060816",0,0,0,0,0,0,0,0,0,0,0
"ENSMUSG00000060827",0,0,0,0,0,0,0,0,0,0,0
"ENSMUSG00000060843",3.44624372416438,0,0,2.17618408294527,1.05344667610138,0,0,0,0,0,0
"ENSMUSG00000060860",661.030944546594,790.342253852559,781.505984445365,718.710049475221,825.176219673734,938.856928973517,900.495499556213,692.95267657105,664.940234479272,727.711653427223,584.565725610151
"ENSMUSG00000060862",169.469908115015,184.580534010086,146.492772450265,213.123392359446,90.098650395775,217.826228745005,153.85031775057,335.751044581957,161.169772633439,142.731812310292,336.897277924009
"ENSMUSG00000060863",0,0,0,0,0,0,0,0,0,0,0
"ENSMUSG00000060878",0,0,0,0,0,0,0,0,0,0,0
"ENSMUSG00000060882",0,0,0,0,0,0,0,0,0,0,0
"ENSMUSG00000060888",0,0,0,0,0,0,0,0,0,0,0
"ENSMUSG00000060890",0,0,0,0,0,0,0,0,0,0,0
"ENSMUSG00000060904",1143.08922314914,1097.2105920089,913.874501264352,1001.52020304256,798.787507039717,1154.65468029343,1160.31396186945,1237.07789830742,916.020498024532,977.988029421496,986.301535078313
"ENSMUSG00000060913",53.5931150042452,36.6373341772065,15.9519690055551,22.9566586098424,20.0226168002368,23.0963485494419,12.3242332007145,20.7645441377932,27.3135890165573,25.4564074790301,16.0067650842532
"ENSMUSG00000060918",0,0,0,0,0,0,0,0,0,0,0
"ENSMUSG00000060923",83.3475081135584,68.8220039275075,62.8448843333144,63.8406882577886,84.3010099183056,67.6682517694557,70.3756814964289,43.8698674180769,66.0201060951434,49.8878795878121,50.2581446094204
"ENSMUSG00000060924",15.9071431951354,18.3467907738755,8.87499946213544,9.80041338570355,6.31730350913797,5.14140640486655,13.2642375123296,5.96020609425145,14.2183680133902,12.1472290355099,11.4106524718549
"ENSMUSG00000060935",55.4712550708027,73.5041753074394,49.5207060063334,57.5654039595055,49.6108772000403,48.5098391386976,83.8647942968387,60.37689298125,44.4026204298906,49.1595097861153,45.9590845409236
"ENSMUSG00000060938",6497.04811316573,8107.77923362005,7522.20039675277,7932.20893778847,6971.79306606151,7890.80452747902,7536.14286758171,7512.16804909934,7365.03766305458,6384.23621372201,7612.20807077177
"ENSMUSG00000060950",56.2810936368629,39.7761091372083,19.297559710836,30.6758918238369,65.9983814056281,47.0888041110456,26.0358893960204,31.9282594225832,32.2942436238289,42.0804890824214,80.5178498800889
"ENSMUSG00000060961",47.4690337907725,1.92863732039371,13.6701326852338,42.9055180398538,1.31745368895633,0,6.01728308649045,0.619683743558097,6.30965168545618,0.551703010680377,9.79636099142362
"ENSMUSG00000060962",125.065285977954,9.16834491722154,60.8990208004698,13.4010436694269,100.354707506666,12.1501815502926,28.6752875434521,10.4329039575418,25.6349237320214,31.681622948693,38.4361406189032
"ENSMUSG00000060967",0,0,0,0,0,0,0,0,0,0,0
"ENSMUSG00000060969",2504.17186266556,1554.07558828445,3292.80679873423,2560.54508984972,3943.24046364445,1804.27557728689,2453.92771341823,2174.55635400197,2214.23053099958,3411.90003380568,1920.96822635258
"ENSMUSG00000060974",0,0,0,0,0,0,0,0,0,0,0
"ENSMUSG00000060981",42.7596880233804,55.0261512246364,53.2389234639662,20.9826413998475,35.1517441322216,33.277360155978,47.0519531484273,41.9883427408681,42.8432265875856,33.5885097370652,42.2531524929027
"ENSMUSG00000060985",2.90656932895407,0,0.432314265037224,0,0.512833334247106,0,0,0,0,0,0
"ENSMUSG00000060988",0,0,0,0,0,0,0,0,0,0,0
"ENSMUSG00000060992",1434.97152125627,1705.17714049234,1356.70915896354,1541.57954861424,1321.0638729798,1608.6059925891,1544.7617918425,1544.78419383669,1373.07038108859,1255.73095649441,1546.38775358914
"ENSMUSG00000061000",0,0,0,0,0,0,0,0,0,0,0
"ENSMUSG00000061013",132.183349136126,126.036191532565,106.563884868873,154.398327072933,145.775445015196,135.914818063034,99.8849121098713,125.933794216153,218.688557530321,112.243232807414,167.847456660745
"ENSMUSG00000061022",0,0,0,0,0,0,0,0,0,0,0
"ENSMUSG00000061024",372.694338854797,301.072377706395,268.795571680518,321.815962962617,306.011075502825,332.855782078332,397.637426590065,281.121748156123,364.099685348194,413.096515968708,417.104394330955
"ENSMUSG00000061028",439.14022405626,537.806134897541,516.548892599947,548.403780446929,567.343943378865,657.883686018706,515.851268874101,559.429769128935,437.927827809523,566.523083352088,492.106785707876
"ENSMUSG00000061032",1561.57359798799,1824.394770802,1581.45812918695,1844.97849962893,1629.49734052051,1948.74562686793,1633.5353324932,1674.79134380008,1622.53392042989,1536.85805368067,1778.1265020008
"ENSMUSG00000061039",4.04535692072762,4.40824758282925,5.3643986188848,8.8148242760537,12.5285867395853,6.41207387760204,7.25268773071135,3.88387394547802,10.1701788169686,8.58818473387714,6.8975682761991
"ENSMUSG00000061046",92.6463786024082,114.040654823592,129.683173539382,37.9237693320739,100.856717841798,102.472567702443,102.574581341327,80.5575121139665,97.1847293632938,48.0697509547047,108.037769517953
"ENSMUSG00000061048",176.216767040969,183.217585589054,169.94150341872,112.481289876361,283.517430231809,142.127788545953,138.007780196832,124.937158523854,150.591922893384,187.600648351483,158.681974941043
"ENSMUSG00000061065",0,0,0,0,0,0,0,0,0,0,0
"ENSMUSG00000061068",14.1904942413614,19.2057869924663,7.93291834422663,11.0194282658397,22.3316589280405,35.7866874171683,20.7934596580135,3.91780389380964,11.1604575824951,21.1482208446971,9.23221879851076
"ENSMUSG00000061079",206.146915140361,126.669451441068,125.505767937629,108.925875907538,167.011785083465,161.583502788507,134.066781852346,128.821092943386,197.353914389653,165.763485362659,248.428888405932
"ENSMUSG00000061080",0,1.06990641860824,0.885270391922648,0,0,0,1.02634774711268,1.98632257546404,0.945352116080388,0.948593046425197,0
"ENSMUSG00000061082",0,0,0,0,0,0,0,0,0,0,0
"ENSMUSG00000061086",25.2199525215613,31.5834457372529,21.9911780943293,38.4175858350307,27.7488981118386,28.9986856073626,29.6606555437691,21.7274330515481,19.9463141319886,17.203143806955,24.631286949138
"ENSMUSG00000061099",0.684457669562891,0,0,0,1.05646987104108,0,1.02407816248714,0,0,0,1.14403533432767
"ENSMUSG00000061100",131.130396845014,131.349439441032,111.771493893364,106.019389392752,140.087707893363,155.979463265882,69.0234256429763,127.235437473786,125.372181419687,152.72591693611,66.9427524190973
"ENSMUSG00000061111",153.563683648652,151.856415410579,160.602850740935,151.186287211616,146.173785234115,136.079356397213,164.908501203901,143.546833294415,118.449121224698,146.332175033513,139.158797212413
"ENSMUSG00000061118",204.557209064591,212.926508711536,215.666274104141,247.237845008846,224.024341725928,217.664411183625,245.18370748818,235.742165034959,231.327877408861,260.171214149058,223.314658145902
"ENSMUSG00000061119",167.371139593295,225.938807803209,222.028279235017,168.944644707179,212.861898972026,206.829583934307,195.890682578202,203.277089915655,169.961288832913,176.950330049269,167.425615616365
"ENSMUSG00000061126",13.6640373767893,0,0,2.18821980436019,1.05480980035321,0,1.02354536574149,0,0,0,2.28756513070993
"ENSMUSG00000061130",838.241109078458,689.379561427583,813.764292618107,765.821273863623,909.438672115615,678.538801006723,786.744857162977,724.085272509527,820.70625082974,857.015931859463,742.015964828325
"ENSMUSG00000061132",126.030052939092,157.285358541018,99.0803528856306,63.4026954243493,111.890892792574,171.552216112057,85.114244870389,57.3139563686722,116.059367306327,133.776662432117,117.689852894132
"ENSMUSG00000061136",805.655043824044,770.675015301569,702.855393891343,689.257739541691,633.186712222714,784.490510586883,831.672228288059,615.940463116719,815.743384236622,581.902080109566,923.702420299331
"ENSMUSG00000061143",102.531751563332,55.9429448809675,80.357119046704,57.1152746269975,131.39576671405,72.4186656258548,84.8148438379809,112.596683145937,96.8743617469369,98.090915961092,127.454024081782
"ENSMUSG00000061144",0,0,0,0,0,0,0,0,0,0,0
"ENSMUSG00000061165",0,0,0,0,0,0,0,0,0,0,0
"ENSMUSG00000061171",0,0,0,2.16062104253306,1.0294108184479,0,0,1.00947374731689,1.91716429063037,0,0
"ENSMUSG00000061175",241.524538333142,234.259349395164,484.133348432943,460.935321891622,393.811170855334,144.687433631186,387.806471758629,349.709992796291,304.703310045458,436.224608734282,294.016145900584
"ENSMUSG00000061184",0,0,0,0,0,0,0,0,0,0,0
"ENSMUSG00000061186",1.37864853430025,4.3219403423569,0,0,0,0,0,0.992181270618605,0.945306488014103,0,1.14388647232016
"ENSMUSG00000061195",0,0,0,0,0,0,0,0,0,0,0
"ENSMUSG00000061207",248.922873950197,286.506139064846,251.907412738931,276.568182782727,253.449442876301,185.602580847647,235.774040671491,215.931879723886,266.636667703124,222.818288606704,296.372382526679
"ENSMUSG00000061208",0,0,0,0,0,0,0,0,0,0,0
"ENSMUSG00000061210",0,0,0,0,0,0,0,0,0,0,0
"ENSMUSG00000061232",9258.68532898722,10474.600094615,7113.00320706169,4289.03862257955,4103.38460929429,4711.63881208655,10083.5218777169,3204.59211007318,8727.94856900421,4632.72912316563,7682.78625394848
"ENSMUSG00000061244",512.918320108389,470.587699177606,545.303062656956,534.205835738081,579.970038990159,430.748933310781,541.12785719077,428.751036828303,567.128468937611,501.400261416506,604.938166792765
"ENSMUSG00000061246",0,0,0,0,0,0,0,0,0,0,0
"ENSMUSG00000061259",0,1.08064173486522,0,0,0,0,0,0,0,0,0
"ENSMUSG00000061273",26.76507493837,26.6831807743928,14.0441877243734,26.7668784511304,28.2261991427463,18.0421800278723,16.7784022317479,35.9585152897072,18.3795102771449,21.0861249122872,26.8493515279166
"ENSMUSG00000061286",322.289666542911,423.012576692751,323.736385635017,433.199683808118,351.182616628085,438.186288567797,454.74809778392,390.37085425695,398.417019943933,435.086826622441,409.293346387512
"ENSMUSG00000061288",335.809242866943,141.042710594727,307.814471549063,301.266086423104,348.521658227991,353.025146258349,145.910448490154,247.075346838511,222.646974253534,263.477349714926,217.933401099186
"ENSMUSG00000061292",0,0,0,0,0,0,0,0,0,0,0
"ENSMUSG00000061295",0,0,0,0,0,0,0,0,0,0,0
"ENSMUSG00000061296",0,0,0,0,0,0,0,0,0,0,0
"ENSMUSG00000061298",0,0,0,1.0895783501383,0,0,0,0,0,0,0
"ENSMUSG00000061306",2136.61003393618,2345.26958291616,2175.5889480093,2538.15296053457,2348.60501109905,2582.97278527799,2192.1096856426,2488.00530659021,2125.28083305451,2270.86253889307,2443.27916888384
"ENSMUSG00000061311",0,0,0,0,0,0,0,0,0,0,0
"ENSMUSG00000061313",362.547765008431,404.036579881408,554.981176051319,508.571419981355,497.539042805296,452.38290201273,490.873388600574,640.81794209354,543.911328054398,568.681863538771,249.5142483459
"ENSMUSG00000061315",3811.06574376896,4138.99589778653,4221.60128145948,4841.39961124494,3769.2142184069,3869.14143518936,4218.58808173295,4034.77453176405,4344.20076404198,3519.66258056875,3933.85069970859
"ENSMUSG00000061322",0,0,0,0,0.154865011629075,5.86230776515719,4.67827934416853,0.145934427741458,0,4.13935942395701,0
"ENSMUSG00000061336",0,0,0,0,0,0,0,0,0,0,0
"ENSMUSG00000061342",0,0,0,0,0,0,0,0,0,0,0
"ENSMUSG00000061353",21.1789335689584,15.257565969475,11.6304657279145,5.12791397302464,20.9489076666458,21.8528577731607,6.43256873315107,15.4204378897378,17.4444477533749,3.99522181144681,15.5620544106279
"ENSMUSG00000061356",37.3041053699283,69.0683661275158,42.5634277575723,28.5201240623389,30.7056919104023,108.279030179667,32.8718266027485,24.3378248442356,49.409814497702,38.696412999454,11.5006142967742
"ENSMUSG00000061360",274.071395759909,235.847506092696,235.526273630614,305.268545053999,225.44988006242,288.906090528132,261.818877935107,259.287289913637,262.22218112116,206.741202364832,288.611524791296
"ENSMUSG00000061361",0,0,0,0,0,0,0,0,0,0,0
"ENSMUSG00000061367",0,0,0,0,0,0,0,0,0,0,0
"ENSMUSG00000061371",58.7983219058423,34.6697359905768,26.6301170763933,20.8077236694291,29.7767449533671,97.5518545966827,40.7796261597073,73.4966730813155,42.3166449153608,41.2299189342589,42.2834294297354
"ENSMUSG00000061374",302.107123212701,265.580333698909,442.429813706254,306.530373123196,298.244162132657,419.546739207951,307.596791693123,325.168002300487,363.905623305489,342.037231051812,301.880606635492
"ENSMUSG00000061376",0,0,0,0,0,0,0,0,0,0,0
"ENSMUSG00000061387",0,0,0,0,0,0,0,0,0,0,0
"ENSMUSG00000061388",607556.536835055,971759.228126905,914513.182762849,1158060.16794337,805142.023877968,1155327.55445909,908942.39063004,1257949.37839894,1143952.53569493,825383.228821542,965131.845767589
"ENSMUSG00000061392",0,0,0,0,0,0,0,0,0,0,0
"ENSMUSG00000061393",21.7051778083767,15.5478106313301,23.2004786053792,25.4272491556263,22.2964906503858,7.80459592332697,25.4072380892612,21.9816037566391,23.8515675461807,30.7766880068119,19.7610113807682
"ENSMUSG00000061397",0.687234816036714,0,0,3.26878695987618,13.7709508276796,1.28321993209822,4.09432155145512,1.972485486625,7.5438660751884,0.939831146491005,1.14341976099817
"ENSMUSG00000061410",271.442572129995,297.932878831755,206.994773143647,271.871061636314,274.312156589374,307.993738636824,204.160360289573,272.796189117943,302.406344290644,348.028098046449,272.748255257208
"ENSMUSG00000061411",87.298350924913,104.610931738916,96.5020876982798,32.5073013090138,116.214934241563,105.876280155295,121.662132828338,105.154637342771,52.8331168107857,94.9171539748163,66.6403260824551
"ENSMUSG00000061414",17.9950586977812,23.8719233998563,1.5665133265684,5.38400517575362,8.40449352493401,2.27496901363157,0.903938043562179,1.74396647706474,5.00377868293609,8.28098384087469,4.03088800611309
"ENSMUSG00000061436",204.952129902315,146.952543386964,181.04725526166,185.065349120781,163.305502023441,147.014581683924,179.081997356009,189.483306400022,157.778919830776,156.261997368775,226.746681263528
"ENSMUSG00000061451",18.3486649406166,0,0.314094686359507,0,0.752879789267054,0.452598936602418,0.363490356660633,0,12.5893942799083,0.333935603787794,0
"ENSMUSG00000061455",114.716844482349,108.732117671843,124.732143350112,142.215712697367,108.497546650649,124.888208450948,137.483338013556,133.419953584701,172.810296676015,127.138274565664,171.665755878598
"ENSMUSG00000061457",0,0,0,0,0,0,0,0,0,0,0
"ENSMUSG00000061458",164.761578898502,145.989244784846,108.263493969115,122.907075043733,173.00982164181,169.293411526512,104.697785464379,126.47589515157,148.177344853613,146.27111998417,156.773694185136
"ENSMUSG00000061461",17.3866194488605,20.813339089156,13.397441447683,21.9660878501307,17.68047878175,12.6910405860225,15.6746471894572,19.8133077656169,11.9293151924039,13.4898199560612,11.2905964259577
"ENSMUSG00000061462",1390.29546132469,328.785303944805,280.836079717089,354.895463827337,418.837356726717,388.045657283869,286.191742986297,619.001868881211,125.396867412664,414.944375035649,394.388338606264
"ENSMUSG00000061469",0,0,0,0,0,1.28191223901898,0,0,0,0,0
"ENSMUSG00000061474",56.9856186076259,64.6006571626344,49.6038677889165,53.061801427983,38.3932185065156,62.5144825760239,50.6926086958588,43.8360751634619,50.3813576047948,54.3701989683314,42.2122053038321
"ENSMUSG00000061477",7637.92062858248,9483.65980484743,8873.5038853937,9775.3263736506,8748.02386320131,8899.16412225365,9444.07139058608,8481.75658577345,8859.4477965824,8254.22171834222,9240.795206586
"ENSMUSG00000061479",431.545059501633,409.603781581291,355.959750886409,428.846142996066,416.504749684789,447.327214699175,435.696183221833,379.090608546027,432.626991414875,424.324477930901,418.056932515906
"ENSMUSG00000061482",6.06534263540529,6.48470988649502,0.889439178385756,2.20047147293557,3.30523727612397,1.28038348674518,4.10359321254607,4.86883131582865,0.929812347628135,3.640626829926,3.52919090017636
"ENSMUSG00000061489",0,0,0,0,0,0,0,0,0,0,0
"ENSMUSG00000061517",2.02447468588221,0,0.870117199541213,0,2.13542475311338,0,1.02084882856886,0,0.946642929983089,0.944524798368666,1.16638041892503
"ENSMUSG00000061518",1260.00273412547,1468.05193339951,1326.25158606342,1183.35553026104,1334.31102478083,1400.49017320362,1415.82543847281,1279.42294807701,1228.92566800361,1093.07667292803,1239.64556709543
"ENSMUSG00000061520",0,0,0,0,0,0,0,0,0,0,0
"ENSMUSG00000061524",0,0,0.885476867823017,0,0,0,0,0,0.948810364186876,0,1.1421504587692
"ENSMUSG00000061525",0,0,0,0,0,0,0,0,0,0,0
"ENSMUSG00000061527",1217.63126801002,1179.6088138303,1463.25012759928,1051.41790097721,2089.32017719864,599.642117233878,1255.36486104748,1203.23785187721,1360.32130175345,896.321396915078,994.365049746048
"ENSMUSG00000061531",0.679836295691421,1.07507908911555,3.53308969479398,2.1943825293646,0,0,6.20361944576,2.94878639253944,0,1.90280137046744,5.72379996821854
"ENSMUSG00000061533",20.2055366465606,20.1087982471622,15.1295201757671,7.96632076489299,51.4141433600417,30.1003475804986,20.8822405277285,59.688555378999,15.3240457640918,12.1938651695031,18.5709278545172
"ENSMUSG00000061535",2.07051744626057,5.40448012405076,2.67859231547554,5.54540593729053,1.03113894865942,10.02251372753,0,4.99144964053457,3.66272623009459,2.8863922272489,2.32593740055087
"ENSMUSG00000061536",31.8533014618554,17.2747575644542,18.38145323568,47.0346503775948,39.6459365716453,27.5625380263364,36.2187795958042,40.5870472969289,20.1164489788963,46.6916091092597,30.1919448685682
"ENSMUSG00000061540",146.682695087452,71.1096816631943,79.0621089498898,209.770801931042,113.350079718669,84.7242226039279,203.068626582741,60.6366574272742,79.9671965101726,87.3258995109682,245.664107882282
"ENSMUSG00000061544",74.03332250338,44.0801753590808,17.1492077106013,53.5094396816658,65.5859675077739,52.9220962399107,23.9976850999246,36.1348771312799,21.3109143509899,21.9659345455454,25.3935667856613
"ENSMUSG00000061549",0,0,0,0,0,0,0,0,0,0,0
"ENSMUSG00000061559",399.393077018725,465.350882206704,389.904515357651,427.858174713594,418.027673040276,467.557206092301,470.545567536206,446.549950099923,449.497814633252,400.520855743901,444.518571919453
"ENSMUSG00000061561",0,0,0,0,0,0,0,0,0,0,0
"ENSMUSG00000061576",0.685179531912057,0,0,2.18655724113259,0,0,0,0,0,0,2.28898018431205
"ENSMUSG00000061577",40.4031783079464,82.6910397240626,24.3696466482258,33.3456937030303,63.1858777313356,22.6442091268162,15.7992695318144,22.0733459751506,45.9136124177692,22.3688335960038,19.6065442524539
"ENSMUSG00000061578",0,0,1.77784277778233,0,0,1.28688391276406,5.12164813326724,0.987738495165463,2.83830185078986,1.8730792929288,2.28426323589771
"ENSMUSG00000061584",0,0,0,0,0,0,0,0,0,0,0
"ENSMUSG00000061589",716.337556831622,674.476154131032,712.42255910903,655.291196300077,794.911268179567,706.172484874129,750.884726778189,700.45008794233,705.422679031918,828.903374173369,872.191288971942
"ENSMUSG00000061601",19.8223037754414,67.1677289850783,40.029663187354,75.8503954005358,60.3716849712296,89.9355164193359,22.3936520237119,58.4214785379478,32.5311851132013,95.6757854327276,56.5786890201302
"ENSMUSG00000061602",0,0,0,0,0,0,0,0,0,0,0
"ENSMUSG00000061603",10.0682810965466,3.92425937858525,8.07735031733014,5.94998332349403,3.83416767716837,2.3282099369883,3.63925498779032,1.80474248564839,2.57856409861459,4.94072716609589,4.15848331776208
"ENSMUSG00000061607",265.913752217617,226.657108860887,166.540692735657,130.881589429802,201.233114811824,229.150931000759,119.293270858436,264.803917184437,229.775273235925,236.066123912652,185.368177451398
"ENSMUSG00000061613",753.412952053284,889.85969404564,616.340639077007,553.64105589309,574.30189635686,607.559057068209,611.856856550452,565.21842466715,697.33255679689,548.889693264859,693.36675383709
"ENSMUSG00000061614",0,0,0,0,0,0,0,0,0,0,0
"ENSMUSG00000061615",0,0,0,0,0,0,0,0,0,0.936366945291052,0
"ENSMUSG00000061616",0,0,0,0,0,0,0,0,0,0,0
"ENSMUSG00000061626",0,0,0,0,0,0,0,0,0,0,0
"ENSMUSG00000061633",0,0,0,0,0,0,0,0,0,0,0
"ENSMUSG00000061637",0,0,0,0,0,0,0,0,0,0,0
"ENSMUSG00000061650",133.74871208855,173.981710795432,188.255157672051,216.939034554238,151.85278245793,200.94037911871,199.684731207697,160.283541059394,194.588397041108,220.280541492809,198.927481994128
"ENSMUSG00000061653",0,0,0,0,0,0,0,0,0,0,0
"ENSMUSG00000061654",0,0,0.885100413142102,0,0,0,3.10316854328801,0,1.88303310570295,0,0
"ENSMUSG00000061665",1766.58037900955,1588.81352919822,1975.73301865863,2056.73214871158,1936.69595138221,1250.17966166802,1934.60920892972,1803.7768341006,1788.29958270345,1833.20189864452,1730.10639618129
"ENSMUSG00000061666",11.5967183988594,4.27914417029752,7.06828142686573,9.88333028686615,8.49063035042144,2.54998206853863,5.17836779905251,6.87390678188744,4.6647305990054,7.64398787143072,14.9659213776014
"ENSMUSG00000061689",514.873352703281,474.671213847612,532.905778294244,500.065654988792,615.463439902735,512.258781533978,472.940130733088,540.705134895784,455.201321222725,623.597609410339,446.760684933408
"ENSMUSG00000061701",0,0,0,0,0,0,0,0,0,0,0
"ENSMUSG00000061702",0.864109225922325,1.40005258364902,4.78893761878323,4.17182787489997,12.353469850299,6.73195843990587,0,3.25226350482296,3.35867273814237,5.42217304953073,2.20389520274446
"ENSMUSG00000061707",0,0,0,0,0,0,0,0,0,0,0
"ENSMUSG00000061718",1.74073364692824,0,0,1.85025341898576,0,0,0.87417061979841,0,2.42304652552605,0,1.95024683084578
"ENSMUSG00000061723",5814.0474266598,90.8747217665299,141.876087331116,701.229185194755,1061.02839565225,67.7405379817901,50.8030601685946,0,2.70393641192223,559.922138657482,28.0068163509918
"ENSMUSG00000061731",1610.00064636089,1988.15801203453,1694.0049432172,1687.69950052153,1928.40273275411,1828.7863096809,1611.43404341259,2388.35664856579,1754.74582585589,1715.06794664171,1602.32310420148
"ENSMUSG00000061740",106.366530519648,75.2107008151317,98.9385275705732,97.3816130082513,115.739531711983,106.250827770063,98.1993159067094,66.8599843766912,86.822308468724,95.7357885180299,135.147393943217
"ENSMUSG00000061742",0,0,0,0,0,0,0,0,0,0,1.14045445258444
"ENSMUSG00000061751",61.0196244228964,40.8205059160747,34.6059308849727,36.8979471165568,45.8456740654863,25.7979697838384,22.235545356575,33.2098044593794,51.0194918059696,62.240156356817,49.573855476931
"ENSMUSG00000061755",1011.61422299843,1123.3064327843,953.192881555355,954.862657461878,961.404010068869,966.240200531883,1056.9447820992,970.421837013361,1038.13694429876,938.866139953955,1089.76833578894
"ENSMUSG00000061758",420.903532730477,527.698046245262,464.708476400697,489.078505418881,426.327024670693,539.632600090168,442.76234598182,568.276037906489,525.520422073126,482.403977242194,468.902314055666
"ENSMUSG00000061759",149.632160128667,115.387171715074,139.598541191016,261.928261776662,137.256287681964,182.213176190379,126.650459222348,172.050968508997,157.445763095203,151.838050092178,172.404985289154
"ENSMUSG00000061762",0,1.10389133929524,0.700586749916315,0,1.18150406626472,0,0,0,0,0,1.25974270222983
"ENSMUSG00000061769",0,0,0,0,0,0,0,0,0,0,0
"ENSMUSG00000061778",1083.01443231237,1062.10716051427,1310.55341475417,1036.7415003643,922.368259967827,850.37304823117,1430.84558388734,1065.97111042571,1189.74208246587,1105.69823206755,1217.57893300257
"ENSMUSG00000061780",37672.4899044696,14983.941426851,26484.4378633538,20493.0522109849,19575.3045838608,19455.848437361,31764.5378245812,11212.8866344486,26290.4193221926,15651.0020668106,26993.0339349881
"ENSMUSG00000061787",4383.97711478363,5816.58366335392,5105.86010461205,5522.75955907788,4813.0244049033,5382.15570703806,5150.8540551514,4931.51784905097,4941.25343661914,4343.45593572297,5281.49858683361
"ENSMUSG00000061798",0,0,0,0,0,0,0,0,0,0,0
"ENSMUSG00000061802",1.36875489552661,1.0865538658132,0.887557945382204,2.19158762885542,1.04956126658776,3.84551990140569,0,0,0.936283732303049,2.83963121743995,1.14040196693847
"ENSMUSG00000061808",0,0,0,0,0,0,0,0,0.94676288413655,0,0
"ENSMUSG00000061809",0,0,0,0,0,0,0,0,0,0,0
"ENSMUSG00000061815",239.878479869183,343.676113868688,465.467791790645,481.805967119046,674.407691275337,264.747636425073,350.610660706373,292.432988748057,718.988300227708,605.2615754373,502.859903136453
"ENSMUSG00000061816",1105.1154600215,25.5299082493523,64.8964856166719,118.113584191956,380.671898576068,11.0905148309548,12.8042829438902,11.4811331113522,9.13176334664715,119.599615923459,14.474934234639
"ENSMUSG00000061825",0,0,0,2.18150919276212,0,1.28210310672409,1.02003799823363,0,0,2.81786597246161,0
"ENSMUSG00000061829",0,0,0,0,0,0,0,0,0,0,0
"ENSMUSG00000061838",1149.87539645126,1468.95361087936,1292.40934035533,1453.64411771542,1260.74829274314,1384.43950344308,1272.01121326682,1589.15603018728,1416.23215298829,1244.63332669944,1539.10096453553
"ENSMUSG00000061845",0,0,0,0,0,0,0,0,0,0,0
"ENSMUSG00000061847",0,0,0,0,0,0,0,0,0,0,0
"ENSMUSG00000061859",1043.84975781339,1142.57307620743,1250.0388799296,1084.85741018671,1153.62725051311,987.371966328166,896.056446610439,1326.93074793461,1107.88267199094,847.683766845365,1004.42668416634
"ENSMUSG00000061875",0,0,0,0,0,0,0,0,0,0,0
"ENSMUSG00000061877",0,0,0,0,0,0,0,0,0,0,0
"ENSMUSG00000061878",45.1418348933445,37.3405731716387,58.2521281452863,95.8409257697898,45.2235203941693,31.3514753502967,146.226708166619,39.1292607979136,52.1678175619361,48.8715156579507,45.4013950011079
"ENSMUSG00000061882",30.9312553735948,53.2678572202807,56.0244376584747,40.3972770108147,44.1064636349672,55.1221783387466,42.0146020478452,38.4776739895557,46.9599301295254,47.9267103767674,60.8132224773447
"ENSMUSG00000061887",309.770442354263,334.913200887573,294.084301774649,319.049556069693,257.685714896148,345.836412796624,246.175556838444,324.265416802307,305.382000176362,289.326933937725,372.733581699138
"ENSMUSG00000061894",222.682853906891,44.1878633159115,48.8773587838872,324.779782599171,36.4005705809606,692.620921874257,47.0596666626928,44.6216496571265,41.1906446078319,44.3198000853043,48.5289851706002
"ENSMUSG00000061898",119.341921270958,149.251394613481,160.746435465848,179.707290267794,165.642393612873,132.664174080432,143.940927946408,137.104328986815,185.318072721654,136.041426064261,150.128893750661
"ENSMUSG00000061904",4844.98776972257,5184.32761990121,5189.97162423241,5908.78362468296,5434.64063547419,5508.81321479587,5686.26437828378,6065.86213895067,5103.32725279615,5050.23873006853,4918.36280530623
"ENSMUSG00000061906",0,0,0,0,0,0,0,0,0,0,0
"ENSMUSG00000061911",2.38873602393515,0.312122042650382,0,0,0,0,0,0,0,0,0
"ENSMUSG00000061923",0,0,0,0,0,0,0,0,0,0,0
"ENSMUSG00000061928",0,0,0,0,1.05372241838695,0,0,0,0.944277953823862,0,0
"ENSMUSG00000061937",1563898.94462408,2726271.95837846,2221050.14962751,3074320.63577071,1999398.68712457,2864839.46610399,2841437.35596693,3503631.94451116,2755328.48553833,2341597.8209315,2610024.63732608
"ENSMUSG00000061947",6.98905907314386,16.9020501654298,0,0,0,20.1396598429718,0,1.11125878676305,0,3.20450148108368,0
"ENSMUSG00000061950",805.407233087681,720.742831442961,1139.07680027395,887.089152543214,937.53420277318,678.674074583293,846.37755882517,813.918248592229,713.899233411547,913.096927813413,777.0262048242
"ENSMUSG00000061952",0,0,0,0,0,0,0,0,0,0,0
"ENSMUSG00000061958",0,0,0,0,0,0,0,0,0,0,0
"ENSMUSG00000061959",1.37887084150115,0,0,0,0,2.56009829661954,2.05832181832495,0.988136452418608,1.88484331695435,0,2.29631988131848
"ENSMUSG00000061961",0,0,0,0,0,0,0,0,0,0,0
"ENSMUSG00000061972",0,0,0,0,0,0,0,0,0,0,0
"ENSMUSG00000061974",0,0,0,0,0,0,0,0,0,0,0
"ENSMUSG00000061977",0,0,0,0,0,0,0,0,0,0,0
"ENSMUSG00000061979",150.323900414035,157.933608134504,144.173156000177,135.126625178205,134.510821955516,154.966016443029,118.887466221247,108.336477947015,128.290244828037,143.76878403513,180.400894215322
"ENSMUSG00000061981",328.680265576507,223.468125356671,248.635440896193,276.781478682641,279.765586793391,221.538247195823,258.214773781674,241.861595346437,249.548402832331,278.972809833111,281.010636681961
"ENSMUSG00000061983",4166.68961137763,5596.73839462823,4677.99536098291,5335.70298501214,5002.06233657695,4971.45986332849,5141.75908741707,4966.5454379638,4601.39632229332,4143.74464684493,4357.10747193268
"ENSMUSG00000061984",0,0,0,0,0,0,0,0,0,0,0
"ENSMUSG00000061991",0,0,0,0,0,0,0,0,0,0.936366945291052,0
"ENSMUSG00000062006",3075.22843039978,3897.27993603097,3470.85982001781,3597.75799683089,3093.43416631209,3413.82164674373,3358.84358045449,3359.17241367224,3268.67732724116,2819.71523659286,3135.55115716019
"ENSMUSG00000062007",13.5988935137629,33.2435371951315,3.53142835827255,3.2886503282252,6.36145350839938,23.2272276105419,4.11003746733715,2.9566629800036,0.941283032060749,6.6305168057784,4.58868368115481
"ENSMUSG00000062012",44.8223792581106,35.2056018474511,28.9149165161297,33.3862692556759,38.6270091311884,52.1590286758655,36.2860442507435,22.8737511080125,55.0036506629185,34.9930657115049,31.9187117476363
"ENSMUSG00000062014",108.130666875998,111.574613232737,126.221195250601,100.792649458672,98.4107221379485,77.9985173333007,95.9312650457863,103.78539717488,93.4410927835112,78.0453932486748,117.35298078765
"ENSMUSG00000062017",0,0,0,1.08714793839029,0,0,0,0,0,0.938460273295383,0
"ENSMUSG00000062028",4.97164541219389,33.0123987735505,0,0,0,1.86367361175964,0,0.719640550226012,0.688230098677389,18.6534109586255,0
"ENSMUSG00000062031",67.0992543129795,68.3715091083161,38.8692361952722,43.7170071750389,68.0339532493247,75.9672020931025,61.5873766570992,49.8813602774544,37.9115901640405,57.1590409445655,67.3886082792417
"ENSMUSG00000062037",0,0,0,0,0,0,0,0,0,0,0
"ENSMUSG00000062040",94.6635568670254,102.47188583711,107.260806947414,80.8922026547145,98.8664104783453,128.564113681448,99.4558596767476,71.3138561669692,128.31264261345,89.4468324814738,104.043095554891
"ENSMUSG00000062042",0,0,0,0,0,0,0,0,0,0,0
"ENSMUSG00000062044",46.5909881394339,59.2472222009016,67.175957339307,38.8049424438486,33.7949668678566,39.8421809412592,34.7079297358655,41.0695793832613,28.4825075687932,70.102893159152,134.021330039612
"ENSMUSG00000062054",372.975954136686,360.715191007197,402.179976044418,358.01229030845,407.723089999248,396.453899064027,357.61266499492,327.362223545989,339.333338476779,365.437394295288,378.252348825191
"ENSMUSG00000062061",0,0,0,0,0,0,0,0,0,0,0
"ENSMUSG00000062064",0,0,0,0,0,0,0,0,0,0,0
"ENSMUSG00000062070",4925.614686569,5072.72889907014,5038.52351488051,4534.77062266322,5255.46559031313,5362.7973805422,4724.01223152616,4545.07193748051,4315.71142338331,3888.30141061244,4536.50849548729
"ENSMUSG00000062074",0,0,0,0,0,1.28709198824575,0,0.988611982227345,0,0,0
"ENSMUSG00000062075",136.283953167749,131.680176166076,151.721498870847,129.366018331175,142.167333210927,166.306081654905,132.876728903382,104.669770399851,121.502234687494,144.576156505018,180.966427723603
"ENSMUSG00000062077",98.4986324573706,1.07194749387149,7.10563443056264,10.9216789358859,22.2927389283281,0,1.02871638930736,0,0,8.43343667973974,0
"ENSMUSG00000062078",270.448045791344,161.568893063712,247.444135267675,260.87448169519,314.394523364747,109.350749133053,229.465031340621,202.624188632958,252.045757312236,243.237885496179,204.975791083719
"ENSMUSG00000062082",1.91972180285263,2.6476574437749,0.831091907921812,1.03314121550148,1.32652804096936,0,0.971469005849561,2.77450184948955,0.878346593925908,1.79664016349115,0
"ENSMUSG00000062098",105.906553366954,84.1277740144094,103.047434005534,82.6944336512454,108.246484059094,64.5670878490365,97.7183403911606,122.447565077652,105.501494179047,109.438031425318,109.341427673017
"ENSMUSG00000062101",92.4809324527675,87.5828703396146,80.6493732195659,139.305418153711,87.9126988975101,98.5662520532778,80.5776739680714,97.8096763848559,92.3385906751392,109.220833427061,140.700030496078
"ENSMUSG00000062103",0,0,0,0,0,0,0,0,0,0,0
"ENSMUSG00000062105",0,0,0,0,0,0,0,0,0,0,0
"ENSMUSG00000062110",210.763302543412,238.429046883975,165.695540513808,258.739498063378,207.983735241665,205.509470484385,306.769062483715,261.766778853209,187.648671112796,177.672096542305,165.611891230871
"ENSMUSG00000062115",639.482193290854,374.692940499294,642.609563311389,551.395322428444,386.099425160746,526.727385406026,1036.27630632166,487.886866273687,489.640858869868,414.661292918908,815.428718684697
"ENSMUSG00000062116",202.163844098341,181.342675217883,223.739339942044,209.340449463452,231.788353922961,186.989533537738,231.933631472014,214.034549442785,215.857031459975,218.059166460098,179.083559895019
"ENSMUSG00000062121",0,0,0,0,0,0,0,0,0,0,0
"ENSMUSG00000062124",0,0,0,0,0,0,0,0,0,0,0
"ENSMUSG00000062127",144.808330356796,98.3145134623868,150.999025955598,122.835325910924,276.178223876185,102.100209788821,153.727394636636,145.092476736322,134.41448380984,148.734241325461,142.913235306709
"ENSMUSG00000062128",0,0,0,0,0,0,0,0,0.94676288413655,0,0
"ENSMUSG00000062132",3.44710546688948,0,2.67041146102987,1.08661086440954,2.13394951710234,2.55132641782166,2.04881018438731,3.94170242478792,1.88884916809691,2.81315073909896,0
"ENSMUSG00000062142",0,0,0,0,0,0,0,0,0,0,0
"ENSMUSG00000062148",0,0,0,0,0,0,0,0,0,0,0
"ENSMUSG00000062151",1.37760206512581,1.0814323269561,0,0,1.05192386634714,0,0,0,0,0,0
"ENSMUSG00000062154",0.689939267648385,0,0,0,0,0,0,0,0,0,0
"ENSMUSG00000062157",45.402162628092,36.7579173913957,56.6373719431448,65.4309683290655,115.247613343101,56.8642280003562,66.6291057599848,33.4914292337041,45.2654225102514,58.2293303268827,27.3639436749653
"ENSMUSG00000062162",0,0,0,0,0,0,0,0,0,0,0
"ENSMUSG00000062165",0,0,0,0,0,0,0,0,0,0,0
"ENSMUSG00000062168",1.34617420649507,0,2.67318383208729,0,0,1.30054183258282,0,1.95840566399153,0,0.963286951768008,2.26479876784177
"ENSMUSG00000062169",145.332890687993,137.609307560299,144.322879747023,128.141756968394,152.339542859299,124.575593353715,165.005397346053,113.235979870322,144.886304843488,131.922730237983,106.378713159242
"ENSMUSG00000062170",0,0,1.77742295740989,0,0,0,0,0,0,0,0
"ENSMUSG00000062175",40.6679465282421,17.510881804477,16.7244182553227,12.905870018678,10.871763040718,32.9327990882169,5.71066499519193,9.60932100085924,24.2765463827628,9.38966406514283,4.25709107657702
"ENSMUSG00000062181",0,0,0,0,0,0,0,0,0,0,0
"ENSMUSG00000062184",3.25596080295778,0,0.905634766732919,0,1.08265920320781,0,2.09523385391701,1.0072018108007,0,1.7796983402388,2.33453747393195
"ENSMUSG00000062186",0,0,0,0,0,0,0,0,0,0,0
"ENSMUSG00000062190",109.984961055242,112.550204373808,108.366872699533,114.988888400215,106.634675965944,94.3400797175567,136.215753631967,146.785069728055,122.011413779087,105.208351161701,98.2772899985959
"ENSMUSG00000062198",42.9061513798036,30.1882389926194,44.0517818388615,24.333888527179,27.4984964669629,41.0803507601896,40.9407044186415,32.1546031442429,45.3591663759315,40.4999416571382,37.7918821361488
"ENSMUSG00000062199",0,0,0,0,0,0,0,0,0,0,0
"ENSMUSG00000062200",0,0,0,0,0,0,0,0,0,0,0
"ENSMUSG00000062201",0,0,0,0,0,0,0,0,0,0,0
"ENSMUSG00000062202",191.672954284991,253.300433003143,216.120206325356,341.909398912825,333.563483379701,271.644516367143,174.624817004174,321.973864938846,167.874514302751,361.287916791831,197.947939206061
"ENSMUSG00000062203",1692.82123186464,1932.36293580586,2035.60099263508,2081.00206342414,1653.54792226378,1992.51369894759,1840.05679969404,1903.26259054927,1986.1314722021,1722.88324648386,2061.24986669595
"ENSMUSG00000062204",0,0,0,0,0,0,0,0,0,0,0
"ENSMUSG00000062209",5.40496259960745,2.12042523859554,13.734294074015,7.3942922318366,7.21106033214016,2.50360472171629,12.9783785416881,7.73976323607052,10.1244161839711,6.47203621926759,11.1738853367832
"ENSMUSG00000062210",102.277596916636,127.786208274758,75.4999240632625,104.924596399488,137.276895817547,101.782550926956,108.407616625295,115.600895402251,130.640680062582,127.287739534989,84.5509143044736
"ENSMUSG00000062232",360.892019065778,345.413483846884,387.00072873439,516.658655442764,355.654459860696,261.306890230191,443.06255099379,386.362374840137,327.394896490583,374.141852255615,441.161170110859
"ENSMUSG00000062234",4462.29444345521,4317.78426756946,5123.17400980236,4747.89460666313,3924.91229416578,4990.57936733951,4225.70814195209,5018.23691310872,4214.87399470262,4272.70570385998,4669.79909824896
"ENSMUSG00000062245",0,0,0,0,0,0,0,0,0,0,0
"ENSMUSG00000062248",10.6189249465728,15.1254112018713,13.3275238105016,13.0718522290597,9.70522893901847,14.0977043188675,15.3635393327779,7.7405030131784,2.83961784754177,9.7952816521996,10.5317097937531
"ENSMUSG00000062252",0,0,0,0,0,0,0,0,0,0,0
"ENSMUSG00000062257",0.701999605697412,1.08281957156629,0.871686708830855,0,0,0,0,0,0,0,0
"ENSMUSG00000062270",4520.55307737004,4183.92202242347,4203.0443577335,4134.50969408833,4249.34253931146,3922.47096664669,4516.6801601295,4145.15518284027,4240.11037318566,4405.78591842576,4235.83397865604
"ENSMUSG00000062272",0,0,0,0,0,0,0,0,0,0,0
"ENSMUSG00000062275",0,0,0,0,0,0,0,0,0,0,0
"ENSMUSG00000062278",0,0,0,0,0,0,0,0,0,0,0
"ENSMUSG00000062296",0,0,0.888482933503464,0,0,0,1.02605185711807,0,3.78221491767603,0,0
"ENSMUSG00000062300",1014.55105005638,827.238527823926,1253.27060986614,1036.14438057472,1365.06791752103,1038.77435390944,996.616176011773,982.710882877727,1043.94539695805,1513.19570685062,1017.81122824975
"ENSMUSG00000062309",1.99599406845852,1.07472240975757,5.28120294063172,0,4.28250983290442,0,2.08544084765381,1.96602629056681,5.62868068663427,4.84438279331111,0
"ENSMUSG00000062310",0,0,1.75229732063645,0,0,0,3.11750272818105,0,0,0,0
"ENSMUSG00000062312",624.354892753082,428.106888006343,586.627076375297,499.190152517694,620.068136041945,674.748159517824,532.7499805776,692.488884849275,539.710613959023,792.218856065954,661.8742218905
"ENSMUSG00000062314",0,0,0,0,0,0,0,0,0,0,0
"ENSMUSG00000062327",0,0,0,0,0,0,0,0,0,0,0
"ENSMUSG00000062328",9149.32244320913,12108.6169048966,10591.8764144353,12166.9847123308,9829.37775033695,10682.4638586193,11513.5468026785,9942.4494554323,10510.5806928908,9819.00221121137,10339.6888022489
"ENSMUSG00000062329",5.89740168254425,4.27548874321682,10.5219600704502,17.6949391131188,8.68727196031435,10.4087595681797,4.19471407611008,9.65101258822127,2.76691490038597,7.65985433935989,8.16181646665692
"ENSMUSG00000062342",0,0,0,0,0,0,0,0,0,0,0
"ENSMUSG00000062345",0,0,0,0,2.09965885816433,0,1.05296942326157,0.981802362831719,1.86539966868747,0,4.55977374084979
"ENSMUSG00000062352",337.996725037143,344.262086550726,383.703942409245,349.686703494359,345.069788834339,386.049252806306,360.011937939894,372.669223275634,388.042108813522,437.562363817219,326.868840399725
"ENSMUSG00000062369",0,0,0,0,0,0,0,0,0,0,1.14045445258444
"ENSMUSG00000062372",1.38151237580161,0,0,0,0,2.57486886770363,0,0.987180153302903,0,0,0
"ENSMUSG00000062373",68.627051165562,57.8220977998798,59.8555450558917,73.7481738792698,69.1486504798476,61.649035037279,60.2503007764305,66.5558474793374,67.0993509226443,72.0390775385495,57.6031425818842
"ENSMUSG00000062376",29.0891612311376,36.5403616842123,38.0050609835123,33.4642453601469,27.7134853663275,28.0474358483662,37.2105627197469,33.0908528074259,35.2757860938895,36.2146087610219,31.5241238564093
"ENSMUSG00000062380",4.95179306020231,2.18358517891052,0,1.46548246199978,0.716091610037083,0,0,0,0.632558069951483,1.26538365122375,0
"ENSMUSG00000062382",0,6.4235342984711,8.80291720941595,0,0,0,3.12808295441919,4.85138162900569,8.3553917850564,1.92672286370096,2.3158056319231
"ENSMUSG00000062393",0,1.08064173486522,0,0,0,0,0,0,0,0,0
"ENSMUSG00000062397",294.321652403763,309.870469704361,293.633522217275,324.324928852766,323.501770478844,344.68961295762,320.194423829267,359.476611169574,312.813918842043,333.559895140614,318.906650311468
"ENSMUSG00000062400",0,0,0,0,0,0,0,0,0,0,0
"ENSMUSG00000062410",0,0,0,0,0,0,0,0,0,0,0
"ENSMUSG00000062421",110.405086058377,68.5925419608614,113.911329896416,72.3517737760111,86.7052671289165,79.2780253592688,115.127119251879,75.6055314312069,97.5905914700387,114.51064557858,137.137375045696
"ENSMUSG00000062426",0,0,0,0,0,0,0,0,0,0,0
"ENSMUSG00000062432",0,0,0.887488281766205,1.08595244205314,0,0,1.02689294762596,0,0,0,1.14314466571717
"ENSMUSG00000062433",0,0,0,0,0,0,0,0,0,0,0
"ENSMUSG00000062434",0,0,0,0,0,0,0,0,0,0,0
"ENSMUSG00000062438",0,0,0,0,0,0,0,0,0.94676288413655,0,0
"ENSMUSG00000062444",0.686713202784302,0,0,0,0,1.29163475211942,1.02238531177095,0.991788799024861,0,0,0
"ENSMUSG00000062456",0,0,0,1.0895783501383,0,0,0,0,0,0,0
"ENSMUSG00000062464",0,0,0,0,0,0,0,0,0,0,0
"ENSMUSG00000062478",0,0,0,0,0,0,0,0,0,0,0
"ENSMUSG00000062480",1.37873604178962,2.14228612863287,0,3.27629519906381,0,1.28084385374767,0,3.95971152471795,1.88588545596351,1.88836742989397,5.74010477284309
"ENSMUSG00000062483",0,0,0,0,0,0,0,0,0,0,0
"ENSMUSG00000062488",235.079374265902,142.364819173796,108.171993747373,141.928798450167,131.324521439861,80.0884304237633,88.2925167281342,50.3903001388221,112.699920451797,156.145866692378,154.09603756147
"ENSMUSG00000062497",0,0,0,0,0,0,0,0,0,0,0
"ENSMUSG00000062510",3.42202967128092,4.27850525748774,0,1.09850970755156,4.25512238192432,6.41748669475695,3.09280560177715,1.97786965814162,0.941281165953745,0,0
"ENSMUSG00000062511",19.7548161914631,37.3353220491023,33.2013349506415,24.753351889803,17.7024069958868,19.1717808568044,23.2743815467342,22.1194223845534,22.1272941206394,22.7688930136696,34.9210548179123
"ENSMUSG00000062515",7082.78944836316,6174.3170666711,7403.83320793256,5787.66474093149,7662.17317248527,4987.62781038493,8697.06348852558,5182.15464672694,7102.05662009953,6497.16215312248,6289.2297274489
"ENSMUSG00000062518",0.692659689242729,0,3.65272504493245,1.09244487497491,1.04617732348451,1.27305706093244,0,1.94874045512467,1.86651148721436,1.86219566850781,1.15922052704086
"ENSMUSG00000062519",62.8181172128548,68.4696056208879,75.7347154405581,85.6912963402837,56.3504375889085,53.378241634822,66.8886163483166,93.3347202502592,67.3392345651741,82.9335278104982,67.1689290164243
"ENSMUSG00000062524",9.05425656510064,4.07029187986351,2.02529438837888,2.08572867758264,4.02359434544942,9.69185552008693,3.93757652957982,4.65802254173891,7.96662595256643,3.3043411586002,2.6411095119155
"ENSMUSG00000062526",61.9716435254832,97.7705416228677,40.7265786750401,44.7841686761797,38.1169911484827,57.6461719302742,29.778109799407,40.4175760063233,37.5987696767817,39.6865269117098,40.1165062177527
"ENSMUSG00000062527",0,0,0,0,0,0,0,0,0,0,0
"ENSMUSG00000062528",0,0,0,0,0,0,0,0,0,0,0
"ENSMUSG00000062542",83.0539470329219,118.958383637874,37.9341586888141,187.96889488437,110.949522184367,58.9691011568878,104.767788121259,102.875201826925,73.9807483723432,143.216226771686,131.613428273737
"ENSMUSG00000062545",112.515853792397,155.95770418406,74.4322279354318,69.6849684107871,57.0337191131414,111.075600255433,99.2757278553646,62.145963026605,63.2866457515628,74.8735438903686,37.5772565662871
"ENSMUSG00000062546",0,0,0,0,0,0,0,0,0,0,0
"ENSMUSG00000062551",0,0,0,0,0,0,0,0,0,0,0
"ENSMUSG00000062553",0,0,0,0,1.05891349489021,1.26950367873599,1.02671827575342,0,0,0,0
"ENSMUSG00000062556",0,0,0,0,0,0,0,0,0,0,0
"ENSMUSG00000062563",0,0,1.68724296684827,1.06384844442874,2.06704235159214,3.7020351470965,3.02244486246361,0.92933788214863,3.54566493848673,9.9038695705532,0
"ENSMUSG00000062564",0,0,0,0,0,0,0,0,0,0,0
"ENSMUSG00000062580",560.615379554094,534.799912014981,452.350219321828,431.582464886893,523.59081983598,503.14110510474,530.805736552046,459.029262080679,504.647143130003,487.407267497824,531.070617766697
"ENSMUSG00000062585",2.74454784473514,18.3338735389594,1.76580886815181,1.09056981474038,1.05992814732018,9.03028498480995,0,0,3.75049844589947,4.71752112438729,1.14099634418423
"ENSMUSG00000062590",52.6605575409005,32.2212937903722,48.0393220933687,53.2379091915205,39.6859085662689,53.520079332871,52.4484856520289,77.4808061593988,64.2118338289009,35.2819478098564,59.9984682863133
"ENSMUSG00000062591",4.83485351804598,4.33070664764998,7.0832595666061,3.26673053447396,7.42741995866026,9.02433101656036,4.10760503894189,4.8998074271814,3.75814266986472,0.940442201934893,2.28071342927358
"ENSMUSG00000062593",3.37208193813354,3.21616739634543,0,3.3110825574654,0,7.67809398267061,6.26854539506546,0,0,0,0
"ENSMUSG00000062598",0,0,0,0,0,0,0,0,0,0,0
"ENSMUSG00000062604",369.76083979289,442.666170143053,559.364929923779,430.406156885642,475.154590636871,223.028750402374,688.545689843552,333.626535111153,1294.72478282944,668.725014634585,571.279662286385
"ENSMUSG00000062608",0,0,0,0,0,0,0,0,0,0,0
"ENSMUSG00000062609",309.488616115007,373.393393239763,373.357805529768,500.488883178405,411.527022741449,478.760758749025,579.883316265667,959.700312983376,543.931925859553,426.102689670037,745.464107156039
"ENSMUSG00000062619",88.9074581745392,130.289674099557,91.2096744404887,116.810996560481,93.5185284272489,122.623135879146,124.475971721331,107.201830133465,93.9600963994153,84.9044313935298,93.1545123872507
"ENSMUSG00000062621",0,0,0,0,0,0,0,0,0,0,0
"ENSMUSG00000062624",0,0,0,0,0,0,0,0,0,0,0
"ENSMUSG00000062627",130.837792953753,146.513130226527,165.132309342293,144.369350826535,85.1557655090028,82.5691017678073,179.962642130773,74.2075286880914,123.335338967884,104.056283836221,162.350282068413
"ENSMUSG00000062629",0,0,0,0,0,0,0,0,0,0,0
"ENSMUSG00000062638",0,0,0,0,0,0,0,0,0,0,0
"ENSMUSG00000062646",172.030278913732,180.921388498613,150.8552217041,166.964628309623,173.03748465451,142.993109442415,158.058992906944,163.257785173803,188.337670994108,180.753026172908,191.12275510786
"ENSMUSG00000062647",11277.8766989168,13875.8212954339,13202.6955411155,14727.876988198,12421.7931692504,14283.3646983117,14231.3754344999,14150.0207175196,12549.0610210977,12810.7837379458,12963.2159841542
"ENSMUSG00000062649",0,0,0,0,0,0,0,0,0,0,0
"ENSMUSG00000062651",0,0,0,0,0,0,0,0,0,0,0
"ENSMUSG00000062661",19.2877339938465,9.55311366999543,14.0735644894614,12.1404787095558,8.51646752119663,11.5959337115917,12.5016774972975,11.744304072411,23.2488744596058,10.6411769371616,13.9169362333825
"ENSMUSG00000062683",873.331485526611,1158.42401851336,946.681129769776,1091.4603496609,940.326011817496,956.885202121264,1038.22914172282,1018.22038267211,957.20333567466,887.620149482842,1004.36569788785
"ENSMUSG00000062687",0,0,0,0,0,0,0,0,0,0,0
"ENSMUSG00000062691",75.6905796950687,99.3851207173909,82.6219696817116,101.296215440089,80.7301774558218,97.3920914710177,87.9251690374177,98.742762985722,103.161946497595,98.9535911733011,99.3903136653768
"ENSMUSG00000062694",5.20068812532319,0,0,2.20458886383424,1.07634488838716,0,0,0,0,2.87740910630851,0
"ENSMUSG00000062705",0,0,0,0,0,0,0,0,0,0,0
"ENSMUSG00000062712",0,0,0,0,0,0,0,0,0,0,0
"ENSMUSG00000062713",2.06626404317352,0,0,0,2.10974338375245,0,0,0.986913673045003,0,0,3.43422468077116
"ENSMUSG00000062727",0,0,0,0,0,1.27308981269443,0,0,0,1.88571180982268,0
"ENSMUSG00000062729",404.776812855427,493.60048884353,462.29029598114,483.787167792234,422.940523896041,609.259415954212,484.095665138859,521.239881725118,439.976525762258,516.62422981105,484.383250841358
"ENSMUSG00000062732",0,0,0,0,0,0,0,0,0,0,0
"ENSMUSG00000062737",0,0,0,0,0,0,0,0,0,0,0
"ENSMUSG00000062743",19.2331688269901,26.6809554320016,28.6951429185545,9.79927927134959,10.4422483194523,20.4603918976481,23.4367847716437,12.695268370795,27.8371397554972,13.0702322405204,20.9731750874046
"ENSMUSG00000062751",0,0,0,0,0,0,0,0,0,0,0
"ENSMUSG00000062753",18.1746067229864,29.7007062909671,23.4466944019131,23.7204814655106,27.1313797218107,13.858633139538,20.5249670406524,11.315593829274,21.712004202533,27.375517443286,6.87717555871616
"ENSMUSG00000062757",0,0,0,0,0,0,0,0,0,0,0
"ENSMUSG00000062760",0,0,0,0,0,0,0,0,0,0,0
"ENSMUSG00000062761",140.137352350658,153.478646520951,161.358107274028,146.945366135593,175.639971055327,135.720050151683,149.93529180988,153.305383319368,182.764339592732,156.890529079704,123.557342919051
"ENSMUSG00000062762",1354.98345046766,1311.38715760214,1399.15664105121,1501.8548986387,1500.02313983757,1361.44632757916,1284.84104945825,1556.0168904244,1326.91699782197,1443.8174354481,1303.77791045106
"ENSMUSG00000062773",0,0,0,0,0,0,0,0,0,0,0
"ENSMUSG00000062778",0,0,0,0,0,0,0,0,0,0.936366945291052,0
"ENSMUSG00000062782",0,0,0,0,0,0,0,0,0,0,0
"ENSMUSG00000062783",2.06981780294515,0,0,0,0,0,0,0,0,0,0
"ENSMUSG00000062785",122.992254683043,122.941637248686,200.647104882311,140.098953323493,121.858794718861,178.018235053702,179.690182267253,131.860566035568,133.642497340226,133.32756822889,190.726242558117
"ENSMUSG00000062791",0,0,0,0,0,0,0,0,0,0,0
"ENSMUSG00000062793",0,0,0,0,0,0,0,0,0,0,0
"ENSMUSG00000062794",19.4521718707848,12.0721459685475,15.0489356386452,18.803893935309,11.4084098828817,12.9311285710863,8.42971136973747,15.6262513015264,10.2040127350121,10.5744434089441,21.417384506024
"ENSMUSG00000062797",142.403186860015,179.487527878363,157.644090533188,148.048542364599,138.651315970835,156.585629304772,138.47359665727,166.422683216318,175.23555137165,168.525974439477,145.459703647522
"ENSMUSG00000062814",0,0,0,0,0,0,0,0,0,0,0
"ENSMUSG00000062818",0,0,0,0,0,0,0,0,0,0,0
"ENSMUSG00000062822",587.677640894328,786.269581087699,714.717671813617,659.987860328842,815.471088947927,628.633732662612,661.159507830463,705.282931858215,668.005471113523,770.718024082675,581.695538444136
"ENSMUSG00000062825",13518.0068463155,13795.2206821318,21771.0274088348,15305.5080295987,20391.5450127085,9411.16251464369,13560.2164381219,15413.3623501112,15128.7396748793,18534.7784877127,8809.05593705246
"ENSMUSG00000062826",0,0,0.888711478704946,0,0,0,0,0,0,0,0
"ENSMUSG00000062833",0,1.08064173486522,0,0,0,0,0,0,0,0,0
"ENSMUSG00000062844",0,0,0,0,0,0,0,0,0,0,0
"ENSMUSG00000062859",0.688533850931923,2.1627318200138,0,1.09107120377737,0,0,0,0,0,0,0
"ENSMUSG00000062861",113.252947261622,185.467821894072,296.256340657448,221.149233678272,176.102769756647,230.704286695284,171.752162893334,323.584565481678,127.445930742065,203.554212478686,136.855749182899
"ENSMUSG00000062866",47.2468202794958,45.3463722406913,40.3674521864955,28.7419501656233,34.0751160178226,37.3276502939842,41.1631950279468,38.1651279515051,58.7237777384511,35.5141111957619,30.9601245356476
"ENSMUSG00000062867",593.166162640482,751.217186241907,712.059281377325,670.292405980662,712.531874248887,817.843582890977,672.82577110055,852.103122237718,649.025852682673,646.481868581541,756.024245248437
"ENSMUSG00000062868",0,0,0,0,0,0,0,0,0,0,0
"ENSMUSG00000062873",0,0,0,0,0,0,0,0,0,0,0
"ENSMUSG00000062878",0,0,0,0,0,0,0,0,0,0,0
"ENSMUSG00000062892",0,0,0,0,0,0,0,0,0,0,0
"ENSMUSG00000062901",355.564913542707,374.786593069629,609.420567624929,804.429990326754,663.689270750392,230.164760953799,744.579807824343,400.816383372658,568.151763347973,597.780041542135,520.475645291351
"ENSMUSG00000062905",0,0,0,0,0,0,0,0,0,0,0
"ENSMUSG00000062906",322.322861641409,436.228320800028,336.14836184492,398.421153464734,344.595431249097,530.726034705426,396.439509381718,461.376573457472,357.136872102784,423.636501032964,433.848712812692
"ENSMUSG00000062908",1158.16084621392,1134.02588117194,1237.95655944669,1155.70591391567,1249.29801708236,991.23823193857,1161.66000924206,1142.99147431256,1198.49495870621,1313.84283369617,1062.81626321888
"ENSMUSG00000062914",0,0,0,0,0,0,0,0,0,0,0
"ENSMUSG00000062929",140.397859730368,111.69308346449,202.499576932373,120.139368512155,144.456874364788,84.3282682776971,134.638796230027,133.912074831721,115.385705633127,113.499475604634,86.4992175250701
"ENSMUSG00000062931",71.2699746289179,56.8028827566127,82.6106695311328,154.316032308426,87.9285524872036,34.1073415691668,83.3185558535317,22.8038077588204,23.1127269847784,26.273285355713,108.265428892925
"ENSMUSG00000062937",160.379089117973,186.712194434048,158.315680018713,125.98679298289,140.966072747914,145.368824162223,164.580583373058,112.540557898314,168.841321107084,100.854514495719,169.381044706532
"ENSMUSG00000062939",28.0041578214452,64.1206849956434,7.98355669339348,3.28978983660921,8.4064262785997,39.6930319054403,14.5112856384393,7.85246885799865,13.0659777124915,18.0212161442192,8.00018390637683
"ENSMUSG00000062944",25.0664291895058,27.8790615413179,12.3442219809132,23.0484579538797,26.4175683212144,24.6192323494769,36.9778784712621,19.7634849855349,19.8060690650884,25.5750262012167,20.6224667233584
"ENSMUSG00000062949",120.675027327394,86.8517453965908,116.622239490049,123.339997943887,110.085687763147,48.7299959173873,99.359071770944,121.460689306132,132.869737532509,101.047354011949,112.84830002757
"ENSMUSG00000062952",0,0,0,0,0,0,0,0,0,0,0
"ENSMUSG00000062960",660.572112796153,579.300596094594,536.61300513844,639.313945124095,934.434073320535,746.074645139772,797.833435548646,1119.09311420941,793.237122840853,648.935212934462,842.242964823004
"ENSMUSG00000062961",2.04075620723737,2.19961221627901,6.11889551361192,0,0,1.30220087174247,0,0,0.951275569885857,0.929509130187676,0
"ENSMUSG00000062963",922.945952908775,971.405010030881,834.376578980689,1065.83663157919,810.369104746589,887.672144667859,975.224599711399,941.590983494986,835.476140795191,806.379265723593,849.484655399586
"ENSMUSG00000062980",76.8225730878498,53.1304824249105,71.050791019189,48.509429677453,105.834401962301,43.4887230273543,65.2867347080206,52.9634520877342,76.0306600372235,121.582674262034,67.5938961515882
"ENSMUSG00000062981",220.248880045964,236.368585637646,205.772907170169,180.851018402034,213.711835651774,208.089477392272,206.332228096793,273.655961662434,172.753828903725,171.312609635039,176.526098496458
"ENSMUSG00000062987",0,0,0,0,0,0,0,0,0,0,0
"ENSMUSG00000062991",14.6719282995937,7.20515329122896,7.41594892361548,2.73932087508817,12.3772961222093,2.14387134136983,15.2157578590158,13.2280184885453,11.7418725698407,21.9834346993944,10.5163364090163
"ENSMUSG00000062995",1172.59230918725,1190.56278604457,1040.88156706267,955.488590972245,1135.85019831759,1343.36514017669,1029.09760321245,1578.5721228937,1348.21263906134,1191.06920234668,858.624500902117
"ENSMUSG00000062997",3158.21881034175,4133.24657603343,3560.29403777181,3925.77859929351,3416.90864273936,3745.06665914598,3988.77205978741,3913.43645932759,3588.66688465361,3078.21872135605,3780.0693483301
"ENSMUSG00000063011",10.2848201902991,0,0,2.18470696967266,3.17841351094369,0,10.271961996491,30.3304918722713,0,12.2365381286921,11.4291462764129
"ENSMUSG00000063015",1661.7677518215,1811.57195199523,2034.63205166126,2231.6517298244,1900.54523742174,1762.65437496136,1946.42887127956,2050.28824228518,1903.28520562213,1944.39281594108,1861.15756088131
"ENSMUSG00000063019",38.9314153216786,36.8634603697959,33.7711994594883,39.0163132846033,35.7235304150426,48.425897004716,61.7065763951683,50.3373801815608,31.6363991645278,38.0750143524613,54.2162437459838
"ENSMUSG00000063020",0,0,0,0,0,0,0,0,0,0,0
"ENSMUSG00000063021",0,3.19286671544415,0.875263036904045,0,2.16684020669138,0,0,0,0.91607745250277,1.89515786986648,1.16479637647159
"ENSMUSG00000063047",75.7889783974037,52.3297052544192,26.1732485512425,54.7758915133173,38.5041499924268,71.9916309937953,82.2503421951751,54.4574988290675,57.4353352157171,66.8960904268772,83.1670569163423
"ENSMUSG00000063049",185.223427627151,228.645406098185,222.775374553166,218.309871732784,229.865402699485,149.27141222407,267.264580140286,196.004060741618,274.166291239992,224.224903500142,195.733849489572
"ENSMUSG00000063052",78.1304761360255,161.559827754235,132.925506700687,69.223229383206,85.3329424928761,94.0553209363292,178.23088929228,147.384522516172,115.915078019736,120.769678891918,90.9043795406023
"ENSMUSG00000063058",0,0,0,0,0,0,0,0,0,0,0
"ENSMUSG00000063060",8.24116084730728,8.61485142419424,23.094501024757,11.9872056762207,16.0486283388593,10.1944847118612,12.3097887082798,20.6112351779055,13.1694925454427,13.1871943974079,25.2671243385206
"ENSMUSG00000063063",0.708914604716681,0,0,0,0,0,0,0,0.912404219963838,1.89124132272429,0
"ENSMUSG00000063065",1231.67901707046,902.236874641681,1522.50496647795,1396.90444199629,1518.43240867009,1008.29213332346,1329.21842795932,1272.52715300081,1399.40221870799,1667.27866915045,1186.99510669256
"ENSMUSG00000063077",1277.95348320252,1064.40933460986,1368.72082061499,1453.13116202091,1513.36937550889,659.151854687807,1240.86340702067,1377.37810568922,1336.49365867354,1604.98852594429,1380.3143725106
"ENSMUSG00000063089",0.677745592495092,1.07045628147803,0,2.21369899968797,0,1.29683627085718,0,0,0,0,0
"ENSMUSG00000063106",0,0,0,0,0,0,0,0,0,0,0
"ENSMUSG00000063108",165.253017697966,235.160644220066,72.4828998125866,67.3503199351104,54.434140934806,230.251917099805,79.6768869061093,42.1248686796527,65.551038342737,57.7499171059687,377.24588997851
"ENSMUSG00000063116",0,0,0,0,0,0,0,0,0,0,0
"ENSMUSG00000063120",0,0,0,0,0,0,0,0,0,0,0
"ENSMUSG00000063129",0,0,0,0,0,0,0,0,0,0,0
"ENSMUSG00000063130",18.3347788184703,7.41096634754229,11.3922677683385,14.4358483899614,9.7049299152663,11.6024744114589,11.562728600874,10.6970718545896,20.2752430773003,17.4111720788855,3.51046176854826
"ENSMUSG00000063133",7.44509297705972,6.3743766504941,11.4537686157597,3.29700508231851,11.6594651475096,1.28522909070307,3.08319183271148,0,1.87931566192305,10.4852268627834,8.07705209281634
"ENSMUSG00000063137",0,0,0,0,0,0,0,0,0,0,0
"ENSMUSG00000063142",12.0224211315249,32.8766160108425,11.8675904863767,12.1891356584944,15.6500032830574,5.94682628699885,8.0851987837193,19.6097670828521,9.6403744581538,7.88380272104263,8.9772324266736
"ENSMUSG00000063145",36.7019305420021,39.3384226204956,32.6393348440509,22.403074270736,29.8970343230592,31.1766303093307,37.4679761511154,44.6009453440067,60.4411268428278,34.3290682698382,33.9430329583134
"ENSMUSG00000063146",312.526835788583,255.109170754176,411.251388557131,210.93160035031,711.731270003552,226.591478039087,484.956601169096,367.739071433551,194.768808542324,443.849198631129,194.338400656056
"ENSMUSG00000063157",3585981.77688248,5021305.59733581,4413736.59403061,5989206.85219402,4070846.08182612,5485056.8664771,5225080.8642431,6534890.05525627,5032958.8679638,4418169.61908946,5019375.20873534
"ENSMUSG00000063160",60.3959445540448,62.7712673491785,46.1694644725685,35.8362659394574,65.8998817807482,40.9250394207377,32.7888267705984,47.3911957023214,54.8348578683056,45.1191797645516,45.7013036511453
"ENSMUSG00000063163",0,0,0,0,0,0,0,0,0,0,0
"ENSMUSG00000063172",40.0147868968492,42.5658689913787,35.2576849613858,45.2846719314235,41.0876645809024,49.019529179182,30.5663520531716,49.4966764722456,38.6055711678978,31.7909150077543,25.6220969207548
"ENSMUSG00000063173",0,0,0,0,0,0,0,0,0,0,0
"ENSMUSG00000063176",0,0,0,0,0,0,0,0,0,0,0
"ENSMUSG00000063177",2.01768924573614,4.2548151980537,6.15792133337033,2.2019291598145,8.46649206795684,5.16879284589195,2.05728245337552,0,4.70388017407633,1.90762533494193,2.30374147765612
"ENSMUSG00000063179",161.891331994042,104.607873358341,127.537030770416,122.348633516531,137.210735841844,116.86054102356,121.075435554395,134.560362711995,101.402341551442,110.469040628576,115.35958584747
"ENSMUSG00000063188",0,0,0,0,0,0,0,0,0,0,0
"ENSMUSG00000063193",1.17008218475536,2.57997920477173,4.93390292000809,0,9.6587153222553,2.21187072323046,2.88761954138423,0.800240550856816,2.69510943812966,2.19289652274635,0
"ENSMUSG00000063200",700.477035807569,719.692701639509,656.591797372379,724.632093045127,696.531899133362,807.487887691775,778.073774590356,796.49479406339,647.252008458849,747.121920162777,851.559901297377
"ENSMUSG00000063206",0,0,0,0,0,0,0,0,0,0,0
"ENSMUSG00000063216",0,0,0,0,0,0,0,0,0,0,0
"ENSMUSG00000063221",0,0,0,0,0,0,0,0,0,0,0
"ENSMUSG00000063225",0,0,0,0,0,0,0,0,0,0,0
"ENSMUSG00000063229",12606.6688317351,12652.3121616244,12018.2597045691,12107.456112139,12388.6292161602,13266.6104910948,13138.4972390888,11571.8658321608,9506.78835613667,10150.4804561991,11096.7720101645
"ENSMUSG00000063230",0,0,0,0,0,0,0,0,0,0,0
"ENSMUSG00000063232",0.633739736054685,27.2077857991961,6.54997156183045,7.0889619531317,17.9297068957587,26.0527510152208,2.85067534615518,70.4387607216341,20.9745835468543,29.6716680253373,0
"ENSMUSG00000063234",1.37790928470604,0,0,0,0,1.28446233964244,1.02745018215079,2.94829583775006,0.941816321975121,1.88485803306722,1.14650701584583
"ENSMUSG00000063235",71.5098335022404,51.7785377358792,93.0893112390205,61.2045668911739,71.3057853133242,91.9372675707592,62.591949454835,60.9667391698199,60.3184581048588,52.1803621323751,88.6634732985979
"ENSMUSG00000063236",186.44546706466,234.239203434942,147.007772220586,182.009448327644,199.001010818416,206.714892406764,213.372942703441,177.324333232776,198.685848855631,183.036171928902,189.915019223999
"ENSMUSG00000063239",0,0,0,0,0,0,2.0489558229588,0,0,0,0
"ENSMUSG00000063240",0,0,0,0,0,1.28191223901898,0,0,0,0,0
"ENSMUSG00000063245",4.1884110289497,2.73965842584176,5.06821703113763,6.16156788256966,11.5625287327314,10.4974725995972,0.417385469540915,0.397596461604304,4.98858570530377,11.0460777600321,0
"ENSMUSG00000063251",0,0,0,0,0,0,0,0,0,0,0
"ENSMUSG00000063253",31.7631386646032,37.8657281027461,21.7504942633569,25.914326511482,44.2786868462624,44.384738848594,37.8047309796233,37.2908247788875,26.6837059710964,24.1455269761368,36.0837543138018
"ENSMUSG00000063260",0,0,0,0,0,0,0,0,0,0,0
"ENSMUSG00000063268",911.731621677438,929.02298410712,693.362221480895,976.438898903902,617.117386068416,707.099724838821,782.577517299356,427.149315127488,711.377472037348,1012.42602432704,757.367509610901
"ENSMUSG00000063273",507.109470674662,418.807368860732,345.214255327077,457.301022975349,447.946213825216,394.82214469839,464.656966962223,426.643805480858,519.450200454442,416.309016067558,585.96394115249
"ENSMUSG00000063275",179.47877291774,186.51757807556,232.331630884061,194.489555046114,218.370274614462,136.249552941672,221.42287461975,214.317401323896,232.85755237116,215.003555216227,134.333289056317
"ENSMUSG00000063277",0,0,0,0,0,0,0,0,0,0,0
"ENSMUSG00000063281",225.368306185582,254.118841075012,225.567318352677,256.590105488177,211.328120208996,249.267229795457,228.676266968839,258.568260799475,241.046436462787,233.50708937597,263.199200156459
"ENSMUSG00000063296",11.5726947286513,2.17349901191148,9.75173811054946,2.19727825177807,7.33416723147092,3.84937345565468,4.15637428731555,9.81998434185009,2.7998928235032,2.85448872325491,9.11415289812474
"ENSMUSG00000063297",0.675747121253242,3.27597659031587,2.66782788871201,1.11238193123294,1.05754505228146,0,0,1.9631995223382,1.86376939570602,0,1.15160439027628
"ENSMUSG00000063305",0,0,0,0,0,0,0,0,0,0,0
"ENSMUSG00000063316",2801.82819183335,3749.23198996273,3157.28955777938,3466.24926075091,3270.69498813084,3192.03864530703,3253.46550125317,3220.63540266488,2978.9490487646,2708.66011537209,2938.32748873407
"ENSMUSG00000063317",82.1890943733276,51.7813628561107,108.063781358435,70.9268242050881,73.6971780977331,33.3742718061247,104.180345440948,60.4212443705765,86.0833204151316,74.1292333427366,96.113760451608
"ENSMUSG00000063320",24.2921850984521,31.0177727049768,18.8415359118492,19.1837086937358,30.2004724679279,12.5736225773967,25.3131512363824,11.4551010721137,27.0349566777403,17.8330961443157,32.6407037855997
"ENSMUSG00000063334",158.792915469696,152.000742542067,128.159932707757,147.424421986808,149.873929566739,147.340290444345,155.988848102995,157.903446151528,182.729675448555,169.06026603755,212.897925557054
"ENSMUSG00000063350",0,1.08064173486522,0,0,0,0,0,0,0,0,0
"ENSMUSG00000063354",928.355003939508,126.648039122522,326.196028499059,223.02832819394,211.832929470012,176.358057121413,233.416778060108,154.446338919123,154.61366959896,191.994772931705,229.920994482141
"ENSMUSG00000063358",689.273203093673,762.516966020412,636.069429986847,805.492617816938,640.068019454652,720.478870708493,767.011474533884,858.07937792303,713.404881039079,726.567823327695,825.60941597406
"ENSMUSG00000063362",144.667775705473,126.213392429545,137.456170072125,146.387569058014,119.553582032615,123.92769294873,149.760412576102,131.714405008072,159.680531393064,113.476407751074,190.738455325277
"ENSMUSG00000063364",6.66961983337161,2.11863365356059,2.64680939208751,1.10406629433527,2.1669971739997,2.55794368667463,0,1.95059727729606,3.70054364063605,0.965605733898847,1.17473946850948
"ENSMUSG00000063374",0,0,0,0,0,0,0,0,0,0,0
"ENSMUSG00000063376",0,0,0,0,0,0,0,0,0,0,0
"ENSMUSG00000063380",0,0,0,0,0,0,0,0,0,0,0
"ENSMUSG00000063382",1124.68506901558,1366.01185762643,1298.68482807014,841.198180019802,983.656021905391,997.057005512802,1211.88408510567,1294.30207300578,1044.07612619103,1533.48383512231,1111.96496654916
"ENSMUSG00000063383",8.26480723383513,7.79348918063782,4.51827292582273,5.44358593356009,6.28700510634442,2.54428532604435,3.03898574982724,5.83684547823947,7.42193692020731,2.79259321066198,2.3369566204189
"ENSMUSG00000063386",0,0,0,0,0,0,0,0,0,0,0
"ENSMUSG00000063394",0,0,0,0,0,0,0,0,0,0,0
"ENSMUSG00000063406",257.745366175639,285.206199236546,289.823611200641,320.047404699501,303.121076972345,298.407544784317,281.148807439663,313.116290237754,271.902370457754,278.289610642874,296.276601691285
"ENSMUSG00000063409",0,2.15640475491223,0,0,0,0,0,0,0,0.938485409962803,0
"ENSMUSG00000063410",179.047198439684,187.828400730818,139.774460537723,118.291309433181,136.167895129124,204.220654712194,119.14165315153,172.233284533608,148.886107207046,167.284907944456,168.494782464397
"ENSMUSG00000063412",97.5942639633697,92.9990219102787,141.832410567703,95.4571792252355,174.363291822255,97.639694378607,91.5187702927584,105.495055220636,108.931046077492,78.5186761137534,109.684040662374
"ENSMUSG00000063415",11.7237191728236,16.5903090653804,3.17163616017007,3.88728284354021,4.66870378609222,21.7572078457155,4.57848850656621,3.50824541529548,1.68198048675043,8.12701840471313,0
"ENSMUSG00000063428",163.700703456478,192.575960162322,167.846867326942,169.973649487374,152.668876610463,189.537137608413,228.568621391478,242.251147987578,200.009438678976,229.900197594144,141.771845587111
"ENSMUSG00000063430",8.29321597920368,11.9007980900961,8.88315311224689,17.3952561187355,13.8417930991161,11.5198379636913,12.292895335285,10.8071092884655,6.59494713766842,10.3124527380041,14.8598698361539
"ENSMUSG00000063434",1.37959171912691,6.4654054968682,4.43469550388031,2.17874963972232,7.37094704824539,5.13184762259047,9.18882187130041,1.98941576514956,4.73962168405046,3.74830871677397,1.142517431626
"ENSMUSG00000063439",45.6711181963082,67.5771259728618,85.4912465040833,60.0180861896838,53.8005809817708,51.9888389473608,53.1052154531585,63.8416207753986,43.8220802319395,64.2751519420394,28.5196157090205
"ENSMUSG00000063445",63.5083768792776,69.3565970121504,49.7118060273424,52.7544109141913,60.504037822782,80.5477981986906,50.5718844601672,48.121482780719,41.7991616091277,35.9526850592408,33.520249281891
"ENSMUSG00000063446",0,1.0722677315447,0,0,0,3.85100300594208,1.03106676852554,0,0,0,0
"ENSMUSG00000063447",0,0,0,0,0,0,0,0,0,0,0
"ENSMUSG00000063450",1389.54202344346,1148.74628488657,1859.05175026124,1106.65366768345,1891.73659508434,1230.30104586142,1346.68160969686,2231.55437720046,1989.19510741929,1866.99249771696,1653.44487471228
"ENSMUSG00000063455",32.2217812173051,28.8482811627365,55.7116316442566,63.7242247558038,66.2841844497569,18.432063535575,49.6761879056465,27.5047816904989,25.3820592106797,39.9517194537328,44.9955312197465
"ENSMUSG00000063457",5359.43537192061,7476.03864900395,5893.21999777657,6910.95235760305,6113.08128213849,7015.36051737564,6460.17504673206,6089.25573160419,5802.24537587923,5716.34671053809,5984.91217449408
"ENSMUSG00000063458",30.1843402170827,21.8293046403823,38.2657964989994,38.9680179968345,37.7968351211586,20.6433919478513,21.1931141676699,33.3998551867811,36.9616537450212,43.0105946214537,32.2792832591139
"ENSMUSG00000063478",0,0,0,0,0,0,0,0,0,0,0
"ENSMUSG00000063480",186.657350697379,181.485034667338,151.007805992399,179.356903475603,166.560865551875,178.059615727025,217.557230669625,151.568579352748,167.129780764514,141.767591210949,179.006974894975
"ENSMUSG00000063488",72.3490530261049,78.4794822903706,101.145102155362,80.0370761887863,89.4621866481424,95.6067029738566,93.9550178534138,118.985179426757,110.288366931782,114.071767333104,82.2970843867452
"ENSMUSG00000063506",52.739960064473,94.8489691479179,49.0160880456567,84.8730849577962,59.1402911137668,64.4712265729598,63.3203711877984,29.322234676958,44.0209648214543,45.2412955223329,51.3242866567689
"ENSMUSG00000063507",0,0,0,0,0,0,0,0,0,0,0
"ENSMUSG00000063511",3617.10787898257,4245.76817505101,3912.08653897498,3959.6631191895,4813.66060041551,4539.02015770771,4226.0268200935,5095.08909962149,3977.38910751017,4778.62234683195,4848.3118797544
"ENSMUSG00000063522",0,0,1.73144813722077,0,2.1582235496709,0,0,0,0,0,1.14019112898871
"ENSMUSG00000063524",8614.20695233538,10148.7819846906,7976.94005522327,8933.42072944728,8705.84840929319,10771.8821879456,9063.02327333497,10264.3951286505,7679.94673210962,8334.55447548327,9306.52162039054
"ENSMUSG00000063529",1.36207958107813,3.20446949170285,0.883118050414384,1.09850623446341,2.12272564872986,2.55285155733318,3.10414467278406,0,1.86792649849876,1.91221315519789,0
"ENSMUSG00000063531",3.44587735138864,1.07759369639461,0,5.45692780394776,2.10873491395587,0,1.02773189762302,1.97508433954179,0.93984001479532,3.76781412264779,2.28631974094847
"ENSMUSG00000063535",7.72760908893003,3.04050664585453,5.83700254826693,9.30221560528726,9.33130397108305,10.8496047920767,23.945509079676,8.35067754388355,8.82591807373216,7.15939110331287,8.64537586594007
"ENSMUSG00000063549",0,0,0,0,0,0,0,0,0,0,0
"ENSMUSG00000063550",827.404989439874,633.903762197452,759.943545904559,764.128378425171,875.214529912512,602.070416969279,729.087286905602,697.404394475621,806.418635563382,749.366803363062,873.362026452186
"ENSMUSG00000063558",326.261002331751,255.158819106721,266.440491498369,289.75993469318,360.47471691918,246.69100534443,303.457884754972,161.907139198658,316.844714781082,309.148016589615,264.271632718715
"ENSMUSG00000063564",6.83713260761662,5.41150995128052,2.66031829985996,6.51609292866298,5.31149433960114,8.96430665044301,6.15142291195094,4.94068862132592,1.89184982591242,4.7091979560135,3.4285431824772
"ENSMUSG00000063568",8.07509593593207,9.5851228278642,15.8302061622178,4.40487518234878,7.43278670989449,10.3438650204079,6.19096828457674,8.85649751120839,7.49937638851409,3.82549310277269,6.91681313771273
"ENSMUSG00000063576",1039.1116193804,1170.22030750396,1420.83877665548,1455.69908943995,1251.63069251906,1348.78943501746,1047.48878737706,1318.54741634513,1227.66894340435,1166.0327348749,1070.59728341015
"ENSMUSG00000063582",0,0,0,0,0,0,0,0,0,0,0
"ENSMUSG00000063583",0,0,0,0,0,0,0,0,0,0,0
"ENSMUSG00000063590",0,0,0,0,0,0,0,0,0,0,0
"ENSMUSG00000063594",0,0,0,0,0,1.31225510716756,1.01256429737974,0.981063625972496,0,0,0
"ENSMUSG00000063600",0,0,2.23792436955837,0,0,0.542512406886889,0.778439915634044,0,0,5.38531887852787,0.97952176903288
"ENSMUSG00000063605",63.7769338781825,71.7545713630057,73.5203810374263,82.3966160977435,112.834337438033,86.1469204446812,65.3520807312877,82.7891816176866,76.6896252738134,75.8851350564921,97.1649759719979
"ENSMUSG00000063615",0,0,0,0,0,0,0,0,0,0,0
"ENSMUSG00000063626",3.93411420067184,0,0,1.14649883139373,0,0,0,0,0,0,0
"ENSMUSG00000063632",1.35523830229304,1.09172138383795,0,0,2.11840968221474,0,0,0,0,0,0
"ENSMUSG00000063646",17.8411240066018,183.927508995766,3.56796640473817,5.42735290994146,6.39237089856586,144.714844388902,4.81196890765034,3.97123926320622,10.4772365122862,14.0927383740865,1.64215945218145
"ENSMUSG00000063651",0,0,0,0,0,0,0,0,1.8935257682731,0,0
"ENSMUSG00000063652",17.951019164217,12.9037456855783,15.9739254963935,7.63547312334872,16.9202237908049,10.2088572330831,16.3994180091794,10.8800697680717,21.6755491664942,16.9532084004148,14.8961349288697
"ENSMUSG00000063656",0,0,0,0,0,0,0,0,0,0,0
"ENSMUSG00000063659",574.086781120766,460.184194581407,414.294732342834,377.030237916767,362.67590531184,375.542315649924,545.482769785812,396.037282270784,457.007022854159,479.587398827112,465.208029024086
"ENSMUSG00000063660",0,0,0,0,0,0,0,0,0,0,0
"ENSMUSG00000063661",0,0,0,0,0,0,0,0,0,0,0
"ENSMUSG00000063663",151.869998574046,325.17806621526,103.801341444802,62.1507455465661,199.235203162939,39.9865396961637,327.759450558843,57.3132547129633,415.968039070509,62.4798063800156,203.330729448399
"ENSMUSG00000063672",0,0,0,0,0,0,0,0,0,0,0
"ENSMUSG00000063681",0,0,0,0,0,0,0,0,0,0.936366945291053,0
"ENSMUSG00000063683",0,0,0,1.0895783501383,0,0,0,0,0,0,0
"ENSMUSG00000063687",25.5109589426892,16.2226422945219,31.9792253231001,11.9948065412232,14.8169057875729,25.5667051765437,12.3222861049464,23.6623281371133,16.9495480710828,24.4292477846557,7.99693851798377
"ENSMUSG00000063689",0,1.05624487246084,0,0,2.15046294919459,0,0,0,0,0,0
"ENSMUSG00000063698",9.19253712096701,26.7968033467251,7.29773592516532,11.2175417271987,3.85406911998353,21.7379611668846,14.5583613545389,8.94489493360797,12.7398952837372,14.2283779200828,4.1824622783251
"ENSMUSG00000063704",0,0.878508595845962,7.57650002910489,3.52702116874628,0.860326102339322,0,2.49337895591905,0,1.53446440004649,0.763273030260617,3.70803712858226
"ENSMUSG00000063713",0,0,0.88083213979791,0,1.06035791635693,0,0,0,0,0,0
"ENSMUSG00000063715",0,0,0,0,0,0,0,0,0,0,0
"ENSMUSG00000063727",6.18662032204509,3.21533023552023,8.85586671018601,3.27957084091907,6.3441319686435,2.55865082355521,2.05089476049538,8.90740307805364,7.53537544736766,0.944432482526043,14.9242133945025
"ENSMUSG00000063728",0,0,0,0,0,0,0,0,0,0,0
"ENSMUSG00000063730",0,0,0,0,0,1.28214733145111,0,1.98484921443225,0,0,0
"ENSMUSG00000063760",17.0195727315809,14.1533301333228,25.5021044286207,21.8582392131706,32.7944099171595,10.3276169478761,17.4758118741277,17.6930717423299,19.7587351123956,23.547873282842,16.0702245631752
"ENSMUSG00000063762",0,0,0,0,0,0,0,0,0,0,0
"ENSMUSG00000063764",0,0,0,0,0,0,0,0,0,0,0
"ENSMUSG00000063765",28.0528418192395,25.1618564832529,15.2886021936322,7.38159339485461,17.568525611244,16.7018851295686,27.9438622382303,24.1563437353422,13.6220434369882,4.77011841355579,23.1555434001921
"ENSMUSG00000063767",2.02687170432637,5.43410160978986,0.89379270136584,0,0,1.28924159356684,1.04444956427887,0.984971430008262,0,0.92916436368978,0
"ENSMUSG00000063777",0,0,0,0,0,0,0,0,0,0,0
"ENSMUSG00000063779",0,0,0,0,0,0,0,0,0,0,0
"ENSMUSG00000063780",0,0,0,0,0,0,0,0,0,0,0
"ENSMUSG00000063785",488.386148059679,520.0858507416,517.442802925857,610.613701012752,539.318357811063,491.346166434019,494.17932983055,527.501651190218,608.88524934239,523.868714024349,589.691912289583
"ENSMUSG00000063787",218.75161170576,276.062561944324,269.622550282098,193.41009233995,213.598283399977,241.247737047195,226.557813751386,232.578731554855,173.357531943176,199.37357119084,190.506187084097
"ENSMUSG00000063796",0,0,0,0,0,0,0,0,0,0,0
"ENSMUSG00000063800",240.223689534627,286.391725601483,219.054232349975,217.394733787269,210.948667007097,264.400539797109,229.041233214979,201.266957461638,255.640370272159,244.083341068419,268.316413820067
"ENSMUSG00000063801",96.6095216349699,104.150112401843,87.1671918656406,83.9052171712287,93.7096739206836,87.3326785521775,84.4019935521198,90.1397884609138,82.867294838433,82.2026978407648,80.8896382933872
"ENSMUSG00000063802",382.010151092897,374.644996566739,358.347541208473,339.876665782099,322.479216380781,409.360610936048,412.374841205276,357.554063805782,273.539516194367,323.461819801041,327.873861269534
"ENSMUSG00000063804",0,0,0,0,0,0,0,0,0,0,0
"ENSMUSG00000063808",384.03260897625,178.891886718959,207.902988637707,212.576394190639,205.787677405642,277.923616247949,179.826681389103,225.238644507664,368.895416335449,206.740342173707,229.420667409919
"ENSMUSG00000063810",119.423197457021,103.384883400994,130.136237298464,119.803131657199,101.544844563593,90.0987625170237,106.287001406447,97.3113018015903,134.660080808145,106.370798179986,89.7984890404816
"ENSMUSG00000063820",3.43409314080353,6.68814330380198,5.25249361043113,3.8458999263933,2.78218255866371,12.0543258668634,6.35937289383719,2.29392443871926,6.56548393159344,4.19304681565771,6.96858692299057
"ENSMUSG00000063821",2.86755174722654,0,1.04561532424542,0,1.28950950075459,0,0,0,0,0,0
"ENSMUSG00000063823",0,0,0,0,0,0,0,0,0,0,0
"ENSMUSG00000063827",0,0,0,0,0,0,0,0,0,0,0
"ENSMUSG00000063838",81.8333802752111,108.183506594135,113.167166071375,127.614466084623,159.938099013348,73.8700558374037,133.296137099286,143.362721784005,92.5715293354756,131.552397149576,111.42104307049
"ENSMUSG00000063842",0,0,0,0,0,0,0,0,0,0,0
"ENSMUSG00000063844",0,0,0,0,0,0,0,0,0,0,0
"ENSMUSG00000063846",0,0,0,0,0,0,0,0,0,0,0
"ENSMUSG00000063849",82.4406494064703,60.710799894432,151.066507519981,106.049255848791,87.5407606930049,237.328178767666,100.978661690759,184.677963275538,200.104210777281,117.292358290988,157.491451562611
"ENSMUSG00000063851",62.7517877861518,17.032599726611,38.8498941274678,24.1578118547869,102.76589017091,10.199994007272,24.9207479192608,6.81778729876864,22.3526622785815,29.800114362295,10.4593915707474
"ENSMUSG00000063856",5160.3478625736,7524.65170783284,5676.35332414614,5431.08916542007,4901.97734825701,6254.27633322763,6089.45423636479,5964.44098785972,5199.69165913705,5089.60205182653,5138.79870519991
"ENSMUSG00000063867",0,3.19654274130913,1.7661671940706,0,1.05632293148803,1.28287478069316,2.04724276908254,1.9833366642779,2.82951963017309,0.947493006263297,4.60018548854039
"ENSMUSG00000063870",6153.21255935097,4576.17064289445,7049.47214320347,4728.20976166303,6249.97192488216,4677.88354985854,3610.1910403228,3644.34391819289,6595.83305134159,5456.00617802815,6368.07442991225
"ENSMUSG00000063873",287.383171997156,309.368553503386,235.623354011204,328.615114180174,232.91127055095,325.413709611973,260.399558090015,474.967654950145,232.068575764845,246.051984939297,357.028213061238
"ENSMUSG00000063881",0,0,0,0,0,0,0,0,0,0,0
"ENSMUSG00000063882",682.124436864307,839.365313083564,742.839127358457,605.289542859005,627.928538117202,721.001236497589,728.592844567023,733.08368381636,621.793826667955,606.442711237283,651.761056817977
"ENSMUSG00000063884",390.751486668664,395.063761904731,318.637653935312,323.530324663006,297.782288871717,319.691113218141,470.548820000558,299.405387011001,387.888441402536,314.63614991626,455.352079451751
"ENSMUSG00000063887",0.685196231612165,0,0,1.09761085140317,1.05086080254669,2.56762597863148,0,0.986189915724426,0.937934782087126,0.948501613964003,2.28351191244794
"ENSMUSG00000063888",728.753943617432,672.320643386447,597.950036616015,705.015225780262,609.947581743278,708.855323071499,629.575087685802,598.75333381383,700.748985943102,575.878137243886,876.42759790674
"ENSMUSG00000063889",126.336188904264,82.9299054133458,164.240732275417,144.043762984264,221.81094515622,121.695940514421,171.125963043259,241.533188274279,156.445614724385,118.067505857983,54.7703481732534
"ENSMUSG00000063894",55.2304349303035,27.8680916111546,39.3993930877179,45.4375352184455,24.519032736605,8.31157229969536,43.4081281728785,31.9802985481681,50.6231637498255,19.3486616666566,41.083039910395
"ENSMUSG00000063895",0,0,0,0,0,0,0,0,0,0,4.56181781033775
"ENSMUSG00000063897",534.12437793877,616.116671149877,598.63636601562,572.795190399793,498.712910999556,473.964824010792,596.559472122158,544.199096369844,467.134024144638,588.188022855768,523.486679363792
"ENSMUSG00000063900",0,0,0,0,0,0,0,0,0,0,0
"ENSMUSG00000063903",2.0189106489453,4.27858506905026,0,0,1.06322109372745,0,0,0,0,0.958658465853835,0
"ENSMUSG00000063904",1195.61704143001,1206.25474546908,935.040134641822,1095.89758498465,948.709630102163,1133.57711129363,1145.68949035807,961.048082347971,946.622605676472,922.155609850508,1294.03287138618
"ENSMUSG00000063905",0,0,0,0,0,0,0,0,0,0,0
"ENSMUSG00000063919",0,0,0,0,0,0,0,0,0,0,0
"ENSMUSG00000063929",0,0,0,0,0,0,0,0,0,0,0
"ENSMUSG00000063931",931.647381241858,786.831006329115,892.405947462142,924.372268516276,909.977824427775,860.194837014198,912.441144252722,880.157526259409,857.488854749944,914.170524067024,612.415711418116
"ENSMUSG00000063932",0,0,0,0,0,0,0,0,0,0,0
"ENSMUSG00000063935",0,0,0,0,0,0,0,0,0,0,1.14045445258444
"ENSMUSG00000063952",492.597457762092,468.521774164289,419.64940361201,568.805440531647,586.831410607541,445.827691420103,673.392525556547,600.76676981881,522.033752460242,699.921803463345,546.449907610104
"ENSMUSG00000063953",0,0,0,5.4478917506915,0,0,0,0,0,0,0
"ENSMUSG00000063954",680.698410029802,905.334643604893,685.645113543105,601.303611802954,625.649250802855,685.523181680248,896.375319692081,762.916131095701,787.539150649116,708.9863349858,546.302371517838
"ENSMUSG00000063971",0,0,0,0,0,0,0,0.992606609936369,0,0,0
"ENSMUSG00000063972",45.8220284637723,15.9612676677746,36.0582878037861,43.313838086325,24.0955313708693,30.4533434661955,25.3700096047508,35.4651830918385,34.6596249637988,20.5451814090136,26.166976831681
"ENSMUSG00000063975",12.5736382144443,0,0,0,0,0,0.71457914516819,2.00494891684186,1.27002605732429,1.95741620429301,0
"ENSMUSG00000063994",0,0,0,0,0,0,0,0,0,0,0
"ENSMUSG00000063998",0,0,0,0,0,0,0,0,0,0,0
"ENSMUSG00000064006",0,0,0,0,0,0,0,0,0,0,0
"ENSMUSG00000064010",0,0,0,0,0,0,0,0.99260660993637,0,0,0
"ENSMUSG00000064016",0.679648163175494,0,0.886693925191215,0,4.27719066146942,0,0,0,0,0,0
"ENSMUSG00000064023",9.08132528784119,33.9178206092967,2.53892582694672,4.22980277205113,10.201727074595,26.1445829984042,7.93303178355006,2.41107738290421,4.51195055559309,14.3855868877611,8.84343241223283
"ENSMUSG00000064030",117.513463590043,187.724073006727,143.708659167415,167.207272989863,217.903284649204,185.971788674085,183.472329486914,153.023107446472,159.367997290335,228.116238127685,218.988312494319
"ENSMUSG00000064036",0,0,0,0,0,0,0,0,0.934036480425917,0.945179818399782,2.29042966753393
"ENSMUSG00000064037",177.073138134175,210.076453599407,144.627727009339,160.580291447243,158.247371258077,223.909178248276,188.959114173971,161.478182937383,188.671529476759,180.300225077778,165.413610374263
"ENSMUSG00000064039",1.37987853529677,0,0,0,0,0,0,0,0,0,0
"ENSMUSG00000064044",0,0,0,0,0,0,0,0,0,0,0
"ENSMUSG00000064057",0,0,0,0,1.05095675570363,0,0,0,0,0,0
"ENSMUSG00000064061",81.1956793524802,21.6664817217406,21.6520816456795,18.6586908856177,25.4518478194509,42.6384657018701,23.6714240600868,20.5051869686164,18.4003988096184,14.8241904313313,54.7534463131287
"ENSMUSG00000064063",0,0,0,0,0,0,0,0,0,0,0
"ENSMUSG00000064065",20.8801113008785,23.4071499076747,17.0223226684826,31.5745751985658,13.9875536214306,12.4124788353151,19.3364232228833,8.00326675759021,15.8009186320659,10.155823773402,12.0523360470384
"ENSMUSG00000064068",387.116130758952,406.493672413366,390.744592441558,378.354857556446,445.143731854314,402.304159340222,378.231864153573,492.658292308944,389.341951282043,433.05092447721,412.6660056452
"ENSMUSG00000064080",403.503973974264,311.178701337301,401.640263843186,294.602680684485,510.262795648152,299.768019821904,241.823088374615,380.75481417207,432.988778237206,290.511489764531,342.887481371727
"ENSMUSG00000064084",0,0,0,0,0,0,0,0,0,0,0
"ENSMUSG00000064090",150.638796754211,72.1107574394194,50.4587637239296,42.9696958687574,92.9188398819272,71.3027949903261,30.5509514323864,53.0504610212027,50.4665084378768,52.8063893544315,40.1444968296126
"ENSMUSG00000064105",306.975378125763,226.126631517316,305.861443248819,311.342513411061,482.992834842245,186.65071409499,240.92188104587,269.064078698471,268.796749989381,406.346421848153,237.577145442317
"ENSMUSG00000064109",3.99830273012746,6.79981168585704,0.829181514838326,3.56699427844356,0,6.45586923464641,1.26026122891063,2.71741371443457,0,4.16660393825591,1.09895796642996
"ENSMUSG00000064110",0,0,0,0,0,0,0,0,0,0,0
"ENSMUSG00000064115",0,0,0,0,0,1.27250760123504,0,0.987599543380728,0,1.89613939364549,0
"ENSMUSG00000064120",2921.93165010695,3423.27065478162,2630.68964284292,4476.40131071112,2754.86219438583,4218.51940790403,2776.56946105321,3642.46459928587,3734.30041071552,2612.19014419835,3920.56967989933
"ENSMUSG00000064121",0.691925071013523,0,0.886160904489643,0,0,0,0,0,0,0,0
"ENSMUSG00000064125",2.0745203230403,1.08324214378456,2.66665638851833,1.08446149978286,1.06269997561397,3.83241302269599,0,1.96924311002369,0,0,2.28153485083993
"ENSMUSG00000064127",526.476549309601,481.166000076101,585.39131032765,461.954734048255,446.88492356701,374.547204484176,554.701284420213,468.286279231518,499.665617242331,393.87553044176,441.825974296495
"ENSMUSG00000064128",129.259446145359,127.170154337554,99.1100582275615,103.413584960236,63.7764572613629,133.144693083594,78.812467456611,68.1172590342539,103.449681502389,97.2447808756063,116.516411504395
"ENSMUSG00000064129",0,0,0,0,0,0,0,0,0,0,0
"ENSMUSG00000064137",1789.00189416474,2289.89224625734,2867.11418203624,3673.6436738817,2357.64457175999,1702.50649513524,3364.82949711753,2076.33168926469,2032.79956894096,2680.92766383482,2116.84494438055
"ENSMUSG00000064138",48.0604014613612,44.7703047952677,39.0880096161729,43.6426461235313,31.5025942011428,33.2802757609153,62.8173621053012,40.9410348672385,44.5704557151294,29.1002420550255,57.8513735888051
"ENSMUSG00000064140",1.48610228286534,0,2.12401225419639,0,0.843862622349457,1.0207157472901,0.827613008009486,4.25670563636314,0.747300162822528,0,0
"ENSMUSG00000064141",17.2323000304188,22.6202800188303,29.2591110001246,22.9265022337964,17.9532351287362,30.7224716922295,34.8974559009556,34.5832931680948,35.7820387536041,21.666338893351,32.034605140205
"ENSMUSG00000064145",533.653474913762,610.263121221305,698.804425241063,716.261969335523,658.095400819733,511.677565547631,567.197651354621,687.137213596064,538.841118534652,664.749667155011,682.236271579409
"ENSMUSG00000064147",5.18603807211361,0,1.35772827497898,2.48844088422233,3.24609465077204,3.91668556026127,9.07667219762444,1.05023572059497,2.8817800527934,1.00024383643553,2.43816363826567
"ENSMUSG00000064156",34161.2635266487,33497.7918438689,58439.9329705228,21668.4468083045,78015.160319809,6588.48860088427,36719.3018332656,17869.5981354907,36293.2387824439,24642.5409996638,6981.72970242447
"ENSMUSG00000064158",1.3675092536786,2.14715798014978,0.884695636195349,0,0,0,2.06353628197868,2.95732202725942,0,6.64646483335272,1.1472996349604
"ENSMUSG00000064165",0,0,0,0,0,0,0,0,0,0,0
"ENSMUSG00000064177",2.27731283869227,1.74921590594831,0,0,0,1.12112812406643,0.904373057663594,0.81551985069244,1.49458512987526,2.41663308722314,0.991156557514937
"ENSMUSG00000064179",10.7211169428274,2.62291923607992,12.7982067130399,3.84688547461192,7.57465217911207,0,1.93644852238851,0,0.820185636564985,1.66818027361326,0
"ENSMUSG00000064181",1838.51545676835,1713.23558216544,2424.81304392603,2468.14697429832,2862.68941411967,1881.45823130814,2096.78570178604,2623.39280422079,2928.52501869556,2274.58410549118,1708.86214892953
"ENSMUSG00000064194",0,0,0,0,0,0,0,0,0,0,0
"ENSMUSG00000064201",0,0,0,0,83.0255837005871,0,0,0,0,0,0
"ENSMUSG00000064202",3.0886995270932,3.88942549402852,7.22944400260368,5.96095297103849,4.71046773361905,9.93342006594054,10.3137020952141,3.55706572563402,9.47166210179966,1.12738254587211,7.85188568182322
"ENSMUSG00000064210",404.837985355437,279.262932263905,323.935494305949,328.554408316392,313.327092886619,278.286144684471,279.676033863737,264.143714254771,280.484563369637,294.602788596398,433.900205401399
"ENSMUSG00000064213",0,0,0,0,0,0,0,0,0,0,0
"ENSMUSG00000064215",1871.76753963756,2136.5478257538,1775.53978756489,2137.29015384458,1878.213656411,2069.05201988031,2002.75294246577,1722.57609144794,1848.76986335859,1732.93332656928,1593.90412079696
"ENSMUSG00000064223",0,0,0,0,0,0,0,0,0,0,0
"ENSMUSG00000064224",17.8237647384387,8.51839480087103,18.5011782361213,2.21863815815975,19.9420596858923,7.79965437869381,18.2843160261198,2.95987142662526,13.1461442239294,13.1015475646761,5.83278966364136
"ENSMUSG00000064225",15.6405208325675,8.62959205473406,10.6238518260785,5.44015567020839,18.0706792921979,8.98183024317601,19.5561033883065,12.8184624447705,14.1434908965846,8.52677410291426,5.72246306399859
"ENSMUSG00000064232",0,0,0,0,0,0,0,0,0,0,0
"ENSMUSG00000064246",541.416326549921,127.168763235743,218.929904877127,153.414781349792,502.630726206456,81.2028693787048,229.365219712808,133.318637805438,97.3943623001736,166.203598045793,152.772233680602
"ENSMUSG00000064247",11.5909779322637,21.1038376519945,4.08645664303496,0,2.45982853299531,2.95143103134628,3.94549243818216,3.76189973579588,2.88513098563534,4.34688918190313,4.40248737960395
"ENSMUSG00000064252",0,0,0,0,0,0,0,0,0,0,0
"ENSMUSG00000064254",76.0318528330785,82.4715480900464,94.465628906025,89.9154744254837,76.7977450130298,102.876867698441,81.4155387476921,83.3111876730267,96.5331035982788,108.433841928013,86.2685093727669
"ENSMUSG00000064259",0,0,0,0,0,0,0,0,0,0,0
"ENSMUSG00000064262",112.098728470577,299.32473035502,65.268577560863,46.7129243031726,60.6762249245666,118.36901173543,72.2460511753247,74.7032614792489,84.1920003189798,142.273706073535,103.28639728131
"ENSMUSG00000064264",25.2878453168767,15.4560979572299,18.4693000319718,30.8764416771059,11.9965332782748,19.0505750256515,42.9329869427225,18.3414451570499,20.7485873383178,27.9083458198712,29.3674006545135
"ENSMUSG00000064267",198.436870973034,255.066623059234,21.5154168167433,14.5725201376258,25.8940872509048,179.88201033253,10.6375774610126,20.3582558285775,23.5505583286273,41.544535537604,16.1722934178199
"ENSMUSG00000064272",0,1.0677986078412,0,0,2.13461478683106,0,1.02091671261756,0,0,0,0
"ENSMUSG00000064280",1.4293530937371,3.49496846155853,1.71117900859759,4.93411313708071,12.4410847447656,7.03993226759706,4.3433198804825,3.78771001872311,1.9661204625331,8.96456396899536,2.20203639989158
"ENSMUSG00000064284",190.03922672204,193.317776682291,220.962233282882,217.247015617111,225.846183171191,205.670694923582,223.246940914262,184.504339353482,212.329277791591,227.516830826895,227.269598239748
"ENSMUSG00000064288",9.49326923414123,6.47427039091953,4.43699194886835,6.62671708352159,10.9859475611564,2.56003637624732,7.16074957455501,3.90625770175038,4.65730805495906,4.53941237526523,1.17380846710901
"ENSMUSG00000064289",1037.72042737175,839.734595456804,1319.27807809428,833.745343889048,1543.45737887085,871.20582693356,1580.27706846349,984.419869652562,847.129211390202,1104.36795503881,682.586442404746
"ENSMUSG00000064293",0,0,0,0,0,0,0,0,0,0,0
"ENSMUSG00000064294",244.344844444061,378.738088915217,482.555837891479,394.419451024922,571.712002433534,299.449086534273,370.236578663026,271.755238021356,250.741685055427,270.386224976111,279.601992286202
"ENSMUSG00000064302",525.198209148751,169.724494878332,210.224720001932,340.633304751309,360.791526989607,161.109275041349,408.242688625209,310.029761633767,419.957879967501,200.033755659154,646.784385222479
"ENSMUSG00000064307",27.6994918598195,36.2546938183213,33.4938652687877,53.2939440314504,36.3304802515132,57.118566331208,47.6620566142835,35.7596060230135,48.5127942347352,36.9438261555247,33.8096380252966
"ENSMUSG00000064308",0,0,0,0,0,0,0,0,0.94676288413655,0,0
"ENSMUSG00000064310",0,0,0,0,0,0,0,0,0,0,0
"ENSMUSG00000064325",1.37994529959997,0,0,1.08763596588873,1.05278269735231,0,0,0,0,0,0
"ENSMUSG00000064326",58.030518814104,58.7479846101861,79.1662822146757,73.5203731385633,60.1707571617981,75.9405591850657,95.2544015880975,75.350713609123,64.1415812745767,61.1164228286382,64.6716968297614
"ENSMUSG00000064329",0,0,0,0,0,0,0,0,0,0,0
"ENSMUSG00000064330",0,0,0,0,0,0,0,0,0,0,0
"ENSMUSG00000064333",0,0,0,0,0,0,0,0,0,0,0
"ENSMUSG00000064341",31478.8241563432,37232.4258775845,38985.9219386747,43531.5620743649,47741.5887035306,40785.2408108011,46780.3652485262,48809.6607112244,46010.6457161132,41008.6443189269,39531.4665010869
"ENSMUSG00000064345",20419.3433183985,22855.3738492383,27090.8042869025,29300.0895716724,31145.2146869626,28457.3374347053,31056.7957021129,36758.7686464684,31494.1045526541,28347.0742175856,29727.8345969434
"ENSMUSG00000064351",148081.205718763,187190.434287205,195473.946425081,230417.743768773,182986.66312092,198609.259245536,215750.701156629,237770.705212419,236613.913734285,203035.611782567,200258.706069362
"ENSMUSG00000064354",63270.3815374853,75320.9449055429,81599.4364631067,90515.4902398501,84400.9934344496,81299.2597604592,75123.9825329634,91747.7523550957,92490.4458160592,67594.0855458805,67028.7863493849
"ENSMUSG00000064356",13555.0383343295,14026.3906400493,17205.6788414639,19755.161025817,20019.9219365073,18824.3670736093,17704.5407293015,22531.0536311747,22149.5942825852,18328.3167049232,20957.6266489483
"ENSMUSG00000064357",63503.800831323,78848.4467796473,86783.1052471325,99967.7899275564,88663.4798167428,91305.133040824,92674.2700285774,102246.434180234,100344.166305425,91933.2434750148,88974.7149538857
"ENSMUSG00000064358",66750.8264158629,78444.8189035269,89843.9826717919,101399.216998402,90062.436055729,85928.1822366872,91919.4060319798,103906.346852037,101269.83892286,90551.9249792413,83280.0748293051
"ENSMUSG00000064360",3226.93935453088,3462.37135293038,3447.9535909292,4209.54615603011,4802.951471077,3815.0479214157,4255.77034718596,4799.19527441186,4275.77848470803,3734.1172032278,3034.61298492354
"ENSMUSG00000064363",30330.6696880678,36162.6536836533,37255.2580467523,48504.9002083792,44074.6465272919,47571.4995131474,42750.5136399733,52891.2137581713,49463.7107980921,40646.9050585653,40412.180227374
"ENSMUSG00000064367",14147.2008559286,15300.9134410462,18175.0837494522,20061.5278138061,19779.7225898995,19342.1694972013,19839.4489757274,23130.8532479451,23185.8749078269,19369.4642421691,21743.1103587781
"ENSMUSG00000064368",518.777265522822,624.714206207235,632.727205316038,928.678797366311,597.929456708455,684.076471606897,805.355967864799,1210.96793210149,983.130665702534,621.989694158197,762.803520219524
"ENSMUSG00000064370",60486.5926429866,73599.4134032601,82605.6281974297,95954.7841474238,89591.540567779,92401.8106364591,93312.0895837397,103323.131871436,101671.402082052,91485.5056151905,93118.8536766294
"ENSMUSG00000064373",9157.92230341447,8993.37727751942,11145.1436726085,11225.3568416389,8399.86381334351,7901.55444168122,11248.9355421491,10856.9913780865,13924.0690956029,9904.65080359651,9789.68937420361
"ENSMUSG00000065947",3209.34480992888,2992.31832887111,3510.31782794433,4424.10271121989,4583.2419018209,4430.01255831092,4358.48589006902,5471.79666651241,5288.81720653016,3701.57508471692,4560.8635059587
"ENSMUSG00000065952",2.51601000230046,3.04406930721362,4.20536120847579,4.92613491581274,2.07601225503489,0,1.00172358786445,4.65386606353346,0.88454062739296,2.76108191187774,3.36970160867428
"ENSMUSG00000065954",284.549038915926,383.768216273413,187.808341744524,401.360290941746,226.687001511997,197.340931324347,342.637497819243,381.089703266923,317.919895069257,379.531922577205,323.760760247641
"ENSMUSG00000065968",0,0,0,0,0,0,0,0,0,0,0
"ENSMUSG00000065979",455.55160535229,429.859036169183,436.035474979399,414.976085273377,509.660627891586,501.803163835028,379.832669801483,476.603464378879,429.10227881246,463.981607066827,399.817248585996
"ENSMUSG00000065987",23.6113618190173,58.9130305172521,9.23168911737129,3.41052757166868,9.9837692033585,81.9675714246871,10.9186475591745,23.4770599203541,9.51985384307815,32.7309134054256,3.60755128343059
"ENSMUSG00000065990",622.565452102023,694.382780027222,659.343057871636,635.444555935239,511.466793612176,604.546408558451,677.122759563811,659.068215972997,611.949900830878,618.555956150441,661.351714856498
"ENSMUSG00000065999",0,0.761353072177145,0.6171246821025,0,0,0.870170880469608,0,1.33133882319342,1.90358469751012,0.635732271260158,22.5074267666595
"ENSMUSG00000066000",25.2116667335654,22.2713981475464,18.2784518581105,26.3840716564419,28.3672121414734,24.0727946444322,25.253062452316,34.7576052755448,23.1881172119495,34.7624282922303,30.1463672529617
"ENSMUSG00000066007",0,0,0,0,0,0.330989743551002,0,0,0,0,4.41694206330115
"ENSMUSG00000066009",1.98951108929917,7.71769307772421,2.1823359203152,2.54782180090437,2.5257749616077,6.07300707517616,2.45759396328721,0.238396209339651,2.27074581945728,8.69690715828311,0
"ENSMUSG00000066026",195.739383778613,216.469948366477,302.056681667279,347.659836872644,313.251389837934,263.81281844074,294.805494883452,313.158409265812,180.743076111926,338.135658146869,195.630698972108
"ENSMUSG00000066027",0,0,0,0,0,0,0,0,0,0,0
"ENSMUSG00000066030",0,0,0,0,0,0,0,0,0,0,0
"ENSMUSG00000066031",0.689939267648385,0,0,0,0,0,0,0,0,0,0
"ENSMUSG00000066036",3415.75323178208,3276.19479692079,2952.47451962318,3560.91685702612,3510.72888555475,3693.09151249653,2902.0115491591,4053.89193298762,3124.95848142014,3306.00437958962,3726.95328285195
"ENSMUSG00000066037",627.489624715404,617.819973613447,490.385454169303,478.925154477497,644.226984757411,677.683901215677,590.689926533801,567.623939002672,580.859484080426,560.176846667047,532.04926094823
"ENSMUSG00000066042",42.5689628783562,58.6559618056299,47.0516503669773,26.8836924805768,36.9474646705176,49.87577390312,49.1972443421858,54.0054379115537,33.4646317127489,41.588651181078,57.1826834665024
"ENSMUSG00000066043",358.044751936443,235.298774254429,270.002846930832,247.354472451039,249.472294843345,247.161066349119,290.398982901538,266.439688897178,294.815704602858,260.068401362998,424.192493821511
"ENSMUSG00000066058",1.27825521610687,1.12820001235042,1.86002340587041,1.15751189128639,2.26541468719429,2.41895383161803,0,2.05221241524015,1.75799761086399,0,5.43422828010365
"ENSMUSG00000066061",0,0,0,0,0,0,0,0,0,0.936366945291052,0
"ENSMUSG00000066071",0,0,0.885024752866764,0,1.05653422830571,0,0,0.986151796816355,2.81342408402846,1.89090125357269,6.87865824992411
"ENSMUSG00000066072",0.691497427165233,7.60545862981722,3.47086260194648,10.7319409208884,2.13760827554501,7.53462380010684,1.04121625870599,3.99801100469425,2.85363372185112,3.82770268518032,12.3660352762378
"ENSMUSG00000066090",0,0,0,0,0,2.32721789812448,0,0,0,1.03156670318561,0
"ENSMUSG00000066097",0,0,0,0,0,0,0,0,0,0,0
"ENSMUSG00000066100",0,0,0,0,0,0,0,0,0,0,0
"ENSMUSG00000066101",0,0,0,0,0,0,0,0,0,0,0
"ENSMUSG00000066107",0,0,0,0,0,0,0,0,0,0,0
"ENSMUSG00000066108",0,1.07940012720752,0,0,0,3.86002511818764,0,5.94280050365855,7.57106826391992,0,0
"ENSMUSG00000066113",23.91204250317,28.2832580724855,23.2095401763172,18.013343232775,67.6157245759265,71.7868955389023,29.4346570963913,22.1822598579449,25.3587045371861,54.1733961951259,28.3415301456517
"ENSMUSG00000066122",0,0,0,0,0,0,0,0,0,0,0
"ENSMUSG00000066129",0,0,0,2.17961419187533,0,0,1.02507608427632,0.989441379513089,0,0,3.42958542975048
"ENSMUSG00000066137",0,0,0,0,0,0,0,0,0,0,0
"ENSMUSG00000066141",0,0,0,0,0,0,0,0,0,0,0
"ENSMUSG00000066148",411.896003666278,328.299155909048,370.180728543688,352.033621443564,510.837843608093,265.37115784269,336.029605849038,324.278798062335,474.824296934837,384.593067697451,365.711322432927
"ENSMUSG00000066149",172.197121526289,197.884922768155,200.978272333178,160.271270556873,241.875879812741,213.896506440195,237.094488664151,195.39483246625,166.898941631427,189.270045943091,185.481358114661
"ENSMUSG00000066150",1315.75570606112,1222.43968092785,1441.06188467389,1713.97305736164,1834.18165884914,880.960362277292,1320.22550006244,1376.43425379879,1865.72713849415,1619.5612422405,1178.79027858605
"ENSMUSG00000066151",1202.6316807037,1220.37279516208,1301.78379194942,1208.17532069275,1508.97310817386,1398.53757877757,1171.71555065075,1320.78146707439,1323.75094879698,1369.20696600452,1053.04448134328
"ENSMUSG00000066152",193.514133353615,170.263475965515,197.443035783761,172.302654178099,243.282224492185,218.007906086362,217.126500791495,168.871013846485,202.219658498512,238.913543088578,145.580096140652
"ENSMUSG00000066153",0,0,0,0,2.10191351140727,0,0,0,0,0,0
"ENSMUSG00000066154",1.34021977794281,1.07082989538471,3.55132485537457,0,7.53391454281905,1.30189798786456,0,0,0,0,0
"ENSMUSG00000066189",0,0,0,0,0,0,0,0,0,0,0
"ENSMUSG00000066191",13.2310172040706,8.30979319908524,5.61116183265864,1.14308103633693,18.323452687352,11.0525953531045,5.38391859271254,7.24143258504143,7.96363941958456,9.86753405927938,15.3262870631003
"ENSMUSG00000066196",2.7174312207109,3.56832090991471,1.46001126311185,1.08174826026414,4.3653939923039,6.39936321509718,6.10121045881583,4.05913738495241,3.88677277523472,18.5573632777577,4.52223858680588
"ENSMUSG00000066197",0,0,0,0,0,0,0,0,0,0,0
"ENSMUSG00000066224",0,0,0,0,0,0,0,0.99260660993637,0,0,0
"ENSMUSG00000066232",1461.6665714111,1420.16925642172,1602.4982266558,1852.72223716377,1562.70921964209,1335.44220022809,1549.01708115974,1890.58038641741,1781.597018355,1563.51773742221,1640.43813045346
"ENSMUSG00000066233",69.4963380837911,64.558745201641,62.144832545022,90.2684174023127,75.5164857196574,131.429585890238,91.515158735331,127.096987922863,113.507935833466,85.9963848589646,82.3365860058313
"ENSMUSG00000066235",140.952964423261,182.695426809936,131.871730681346,219.602326580188,124.664335273998,231.622285749696,182.418415830916,174.799371517053,255.460874051217,248.661424995902,146.471409061465
"ENSMUSG00000066239",0,0,0,0,0,0,0,0,0,0,0
"ENSMUSG00000066240",0,0,0,0,0,0,0,0,0,0,0
"ENSMUSG00000066241",0,0,0,0,0,0,0,0,0,0,0
"ENSMUSG00000066242",0,0,0,0,0,0,0,0,0,0,0
"ENSMUSG00000066257",0,0,0,0,0,0,0,0,0,0,0
"ENSMUSG00000066258",125.341580995127,171.825371112375,108.919255265918,106.521621775189,119.39376146008,142.84984977462,96.6843980140582,70.9089862558289,115.262979922076,120.502696777612,111.279681496548
"ENSMUSG00000066262",0,0,0,0,0,0,0,0,0,0,0
"ENSMUSG00000066263",0,0,0,0,0,0,0,0,0,0,0
"ENSMUSG00000066268",0,0,0,0,0,0,0,0,0,0,0
"ENSMUSG00000066269",0,0,0,0,0,0,0,0,0,0,0
"ENSMUSG00000066272",0,0,0,0,0,0,0,0,0,0,0
"ENSMUSG00000066273",0,0,0,0,0,0,0,0,0,0,0
"ENSMUSG00000066278",561.742635440809,481.563389072719,540.262170643083,463.753417391365,540.115994292599,434.328498354636,588.891231890304,653.616528169499,457.061370275209,644.260656834755,665.708285321182
"ENSMUSG00000066279",0.683811030239777,0,0.885047523837887,0,2.12205734832693,0,0,0,0,1.87932873868743,0
"ENSMUSG00000066306",2341.62548351839,2346.35310024631,2041.94907729859,2407.91254025389,2000.37891857979,2742.48599307292,2095.80681017375,2797.51652823386,2222.21574807867,2661.65001460915,2083.46924263439
"ENSMUSG00000066319",27.5180505089536,10.1358663983923,66.4300739962868,41.3415400347959,18.741721648728,25.7421223832005,16.2980033407682,15.3009914703566,8.40548616750181,11.6866364005508,12.2225651665379
"ENSMUSG00000066324",153.490551180146,107.329925050415,140.462800522503,127.377003067767,99.0266065804112,64.3770680180185,140.29641120951,95.1486731158142,129.02041015918,104.958491283921,125.406710266494
"ENSMUSG00000066357",1029.63717953747,946.224425145837,963.472478545251,816.25170188207,891.882085111628,961.767306960226,870.167876191684,843.57518183892,990.419674046092,888.39817484273,1067.68601700244
"ENSMUSG00000066359",0,0,0,0,0,0,0,0,0,0,0
"ENSMUSG00000066361",63.4430062419631,38.5365700084136,42.5434107188649,45.8535995302777,32.7360606507285,57.5326222391714,58.2441616744486,22.8391050171381,46.2952625917372,32.0293355541745,63.1504348953321
"ENSMUSG00000066363",137.131915410284,140.782019698417,52.3075418481764,149.616181517855,131.882568271702,107.490350738222,103.494858761219,223.810686349533,113.125559091908,235.616346079658,120.302701212363
"ENSMUSG00000066364",0,3.22116454929292,0,0,11.6245771505376,0,1.03090537671352,0,2.81009801455764,0,2.2931010496207
"ENSMUSG00000066366",12.5824151247733,52.9470106487208,7.68514446161007,13.7510152322567,0,40.6233697814807,21.1462037190844,0,2.43410906630779,0.969546293013818,15.7031226394257
"ENSMUSG00000066368",0,0,0,0,0,0,0,0,0,0,0
"ENSMUSG00000066372",0,0,0,0,0,0,0,0,0,0,0
"ENSMUSG00000066378",0,0,0,0,0,0,0,0,0,0,0
"ENSMUSG00000066382",0,0,0,0,0,0,0,0,0,0,0
"ENSMUSG00000066383",0.716857976487369,0.730403930252002,0,2.426064242051,0,0,1.14998475529417,1.05921586139876,1.01094369376854,0,0
"ENSMUSG00000066392",0,0,0,0,0,0,0,0,0,0,0
"ENSMUSG00000066406",254.588972407034,225.102600543314,182.778924201951,241.435881810995,222.089758186485,122.817880281834,141.747948047564,92.1768900293686,359.181063609308,138.25671938898,239.566371220478
"ENSMUSG00000066415",392.146755254359,352.50776734845,452.956580853867,382.660145106882,404.208929123985,346.751013135734,444.919375872699,469.484802301503,356.445810056043,438.032980871864,414.955806767416
"ENSMUSG00000066438",24.7084567018032,34.4568766634703,38.045884451383,25.1174643100414,45.416406880088,86.4349116072521,47.1014386714533,39.5473643073686,23.6095116564519,26.3332181487514,68.5819000749569
"ENSMUSG00000066440",474.360664119463,494.370823274843,594.141986953029,654.023473531104,537.837331139489,538.462950009614,491.611380125135,605.345826409728,504.830352592816,616.323772185087,460.140667902197
"ENSMUSG00000066441",520.176031379097,562.862867306084,685.314516443629,457.658916223932,911.017842561951,574.997779045942,912.326952601157,503.532809144818,425.214937289595,509.512625675801,395.341176672722
"ENSMUSG00000066442",134.132895679912,120.885507534394,123.064655958857,107.499779410031,170.870661719942,88.6121436521107,107.311679621152,100.321281301092,112.228753975525,68.7857387853307,82.3434999242192
"ENSMUSG00000066456",26.7618704028296,40.4752324962933,29.3508026093874,29.9519707382546,28.5615671777845,35.2348254091619,22.0197796612134,26.2838321128493,27.1006663811645,13.6280961700186,15.7608061564254
"ENSMUSG00000066463",0,0,0,0,0,0,0,0,0,0,0
"ENSMUSG00000066500",0,0,0,0,0,0,0,0,0,0,0
"ENSMUSG00000066510",0,0,0,0,0,0,0,0,0,0,0
"ENSMUSG00000066512",0,0,0,0,0,0,0,0,0,0,0
"ENSMUSG00000066513",0,0,0,0,0,0,0,0,0,0,0
"ENSMUSG00000066515",0,0,0,0,0,0,0,0,0,0,0
"ENSMUSG00000066516",2.02348746025786,0,0,1.09303350013327,1.05484873792179,1.27779561090572,0,0,0,2.84344597734342,1.14828170738881
"ENSMUSG00000066537",2.71440030969209,2.19485553214766,2.66551929616647,2.19106982361057,7.3113612700286,0,1.03525087868659,0,3.70923441127882,7.56308610239697,1.14369109068456
"ENSMUSG00000066551",1463.33860299247,1652.33382748211,1650.61751218233,1535.81621418519,1855.78193926212,1374.64617751504,1717.42532438845,1400.82057121873,1763.67883519039,1692.78670412281,1485.05971872673
"ENSMUSG00000066568",721.093749587845,572.121711497414,770.307239324789,617.930948810498,893.791603517756,597.919752583532,658.175890542372,643.451065848672,775.275285245664,764.918845873176,710.991408396302
"ENSMUSG00000066571",456.186789735311,534.950555668447,642.988861472882,561.16550180771,715.154227335673,454.205091682907,566.670678230716,725.618615730883,592.2362951634,609.080806596519,513.460307200258
"ENSMUSG00000066583",0,0,0,0,0,0,0,0,0.94676288413655,0,0
"ENSMUSG00000066584",1.33365306415708,4.28220644700527,4.40206719402771,5.53540915093088,6.57564509017239,1.2860180469013,11.4502914745889,2.91359551032215,3.70537406050753,4.63811969374391,11.73824258335
"ENSMUSG00000066586",0,0,0,0,0,0,0,0,0,0,0
"ENSMUSG00000066595",76.2240653745502,78.1824383857835,75.7859317562377,72.3523745841757,75.9849475199179,91.1983017557096,97.6316523369954,77.1949525267417,81.3431730715462,69.17128421465,76.5815364574352
"ENSMUSG00000066607",6.12445095520773,4.29567333536113,8.85395788065703,7.64361730192821,12.8181944715289,11.5162717514851,7.20992252666615,5.88891131733654,10.3296962807138,9.49181333443892,17.237791410332
"ENSMUSG00000066613",112.095963880034,171.780094496504,149.086960705464,149.320376032036,174.615939188419,148.739913672891,171.090783233024,308.711932822124,224.137893155265,233.957437661752,193.750903476906
"ENSMUSG00000066621",951.060448728715,1045.79005183591,1062.52147231034,1152.99692581825,790.521167886939,1366.41908517679,874.789650967014,1008.97059246772,1021.79485400676,867.011162631231,1053.9402152324
"ENSMUSG00000066637",96.6922723691543,116.015211272873,117.37156884779,161.654400438617,98.6862815699807,136.788621928064,128.179502368786,125.828185156147,127.767266037014,123.036011489439,95.1772413210731
"ENSMUSG00000066640",114.080614166523,110.950388950432,128.609654868411,145.09312376805,106.88069512425,126.475776728942,106.69777702988,134.109278178869,134.716657400735,150.163134206649,102.389350943146
"ENSMUSG00000066643",141.569988940045,115.967434260633,170.007448741049,85.2457577260942,114.666719598535,103.689282823969,117.835789539008,113.326033630006,136.07903823067,113.405382000694,124.304185150135
"ENSMUSG00000066652",0.685168320414483,0,0,0,0,0,1.03227784974295,0,0.946151763864488,0,0
"ENSMUSG00000066671",0,0,0,0,0,0,0,0,0,0,0
"ENSMUSG00000066672",0,0,0,0,0,0,0,0,0,0,0
"ENSMUSG00000066677",37.5026759803293,52.7278260632865,4.44619297165528,5.44552645931969,12.6465880887017,38.1950982593909,9.19477388921097,7.93026438079854,7.54182784808208,15.0384142850502,11.4750906919566
"ENSMUSG00000066682",3.80166396572766,5.94700847965605,25.0196279056982,7.12374131268829,7.96034243290017,5.96512012812459,4.81093741784528,1.83236068562061,8.77110940661913,6.21240291891192,4.29912000111604
"ENSMUSG00000066684",5.38820199450278,2.12863223229075,5.30875199207375,1.10482317813449,4.26771385839427,16.6819033195528,1.03414656002283,1.96728613533694,5.65463685976185,1.90670243597492,0
"ENSMUSG00000066687",232.892714256122,1126.76691651021,1419.55401053026,1297.8140344122,1054.33950783617,636.742558227235,1383.74371487613,1182.0540278091,574.561547292582,1433.13262865164,590.185483804525
"ENSMUSG00000066688",0,0,0,0,0,0,0,0,0,0,0
"ENSMUSG00000066704",53.3712232059841,4.28384795727218,77.2161028733288,29.421443012796,63.3446315314953,3.82587739932087,23.4651715503495,2.98169550135443,51.0575888499601,34.7808662069945,18.3666165946842
"ENSMUSG00000066705",1.4008955020826,4.38840407184054,3.60898986779057,2.19259439534709,5.48523794277714,8.7904083374563,3.06452661983057,2.91709876437951,9.37023971848462,4.43089683363742,3.47347423433615
"ENSMUSG00000066720",5.39017266247545,4.26427681720788,2.65454819509093,4.38548286642788,2.15904109276165,2.54298419774193,5.16599722830035,4.88283350097231,0.934304421702249,1.91249170221915,4.63923629844741
"ENSMUSG00000066721",0,5.41353202049496,0,1.07941568639157,2.12020318933821,1.29731164141584,1.01976097416482,0,0.938723182726984,0,0
"ENSMUSG00000066735",123.515677004661,139.529266510711,135.926635208527,128.741492539779,112.396852261073,108.609180194503,174.851518848736,114.025573862438,111.892567886054,118.533641073575,129.673989411072
"ENSMUSG00000066747",0,0,0,0,0,0,0,0,0,0,0
"ENSMUSG00000066748",0,0,0,0,0,0,0,0,0,0,0
"ENSMUSG00000066749",0,0,0,0,0,0,0,0,0,0,0
"ENSMUSG00000066750",0,0,0,0,0,0,0,0,0,0,0
"ENSMUSG00000066755",0,0,0,0,0,0,0,0,0,0,0
"ENSMUSG00000066756",0,0,0,0,1.05095675570363,0,0,0,0,0,0
"ENSMUSG00000066760",0.584164371990731,0.920199301732768,1.30447769261669,0,0,1.09761042611292,0,1.68819654133711,0,2.81507814983777,0.98459482509634
"ENSMUSG00000066772",0,0,0,0,0,0,0,0,0,0,0
"ENSMUSG00000066797",0,1.08064173486522,0,0,0,0,0,0,0,0,0
"ENSMUSG00000066798",49.2880151536947,43.2699527414513,49.0178503798293,47.3238677459072,30.0059061777023,36.1188624454024,45.773075951515,28.2809740377296,37.0350463328365,46.603126331534,59.3539013570619
"ENSMUSG00000066800",149.720444259506,219.026523647248,103.735045965519,106.371014535122,345.54270186606,107.993002085932,107.409348328407,201.932773827401,221.354675941034,148.185412377522,149.882291416357
"ENSMUSG00000066803",0,0,0,0,0,0,0,0,0,0,0
"ENSMUSG00000066804",0,0,0,0,0,0,0,0,0,0,0
"ENSMUSG00000066810",0,0,0,0,0,0,0,0,0,0,0
"ENSMUSG00000066820",0.687333091661111,0,0,0,0,0,1.02836244688848,0,0,0,0
"ENSMUSG00000066828",0,0,0,0,0,0,0,0,0,0,0
"ENSMUSG00000066829",139.93699441499,191.726583100179,151.135281090429,94.2307131331315,61.9795781963315,212.245670599172,170.447204848632,129.697495991341,81.3625541965641,90.0162039930225,189.723478079967
"ENSMUSG00000066838",70.628320695377,82.5592002070463,127.462141817783,82.1151704400474,107.988061083031,117.501569244792,110.177934234979,88.816184484577,86.3482252814334,99.4890885184364,76.9544851843415
"ENSMUSG00000066839",333.015725960688,358.003668222401,267.827466550271,388.92926850979,273.035965256442,435.586496077454,361.272045955243,412.54207193099,321.168877557827,303.417024260988,354.157946074568
"ENSMUSG00000066842",24.8139836154251,6.43712706480582,30.2709062501469,21.3349995477793,166.39085862494,6.52130264363897,18.7843272394298,12.6515793900759,25.7031883616445,13.5750195978193,23.3525266348518
"ENSMUSG00000066850",0,0,0,0,0,0,0,0,0,0,0
"ENSMUSG00000066861",122.990414184837,76.736080021208,52.5068460047806,63.7764004736372,78.5348018279111,75.4004953058061,72.3566863498165,45.615735952513,71.0464811731488,55.2707816670414,106.827342018988
"ENSMUSG00000066867",0,1.0666346795198,0,0,0,0,0,0,0.942963000434169,0.945437797315029,2.297913423735
"ENSMUSG00000066877",63.1205174123449,50.3473546325488,47.3419385103369,49.073707567953,59.6478506210655,33.0459908237855,124.632100138872,97.3099493292946,56.3970412836769,65.9665820641319,113.407660127879
"ENSMUSG00000066878",402.104349794025,324.364752552675,271.462811666121,0,254.416615579589,404.340389852672,357.060138951319,287.922803391796,404.04459186141,611.191383450108,454.784580974798
"ENSMUSG00000066880",305.848604809253,230.649887517341,274.874782054433,295.464034979263,267.027577328565,282.096865954419,221.698793224655,240.497836536266,278.278375886851,251.188758589979,285.287643868878
"ENSMUSG00000066892",160.920200064282,171.493466677307,174.119073582842,155.960266942095,158.058347957719,151.611939688231,169.971499889126,144.801008866139,168.898727276319,174.87809961676,137.75886653178
"ENSMUSG00000066894",150.518358095955,164.2832494413,233.451867676893,176.340064645223,245.777893624118,169.16604594312,193.604886200969,152.331938371294,167.672531079814,241.9800125844,124.646659947898
"ENSMUSG00000066896",0,0,0.884562969333351,0,0,0,0,0,0,0,1.14580306670062
"ENSMUSG00000066897",0,0,0,0,0,0,0,0,0,0,0
"ENSMUSG00000066899",0,0,0,0,0,0,0,0,0,0,0
"ENSMUSG00000066900",981.017342556874,1030.05029938802,1192.39711537729,1166.83888590115,1083.55562084825,1163.4285413845,1157.45703099384,1148.0526746782,1074.63386257169,1212.79565599406,970.551299608815
"ENSMUSG00000066905",0,0,0,0,0,0,0,0,0,0,0
"ENSMUSG00000066936",0,0,0,0,0,0,0,0,0,0,0
"ENSMUSG00000066938",0,0,0,0,0,0,0,0,0,1.87273389058211,0
"ENSMUSG00000066952",12.2755744490108,12.8837549923382,21.3257233206735,13.063625676018,13.8370977771967,4.24619640147827,0.517856925529191,1.87239709653141,0.892483248784601,3.53497142737745,0
"ENSMUSG00000066964",0,0,0,0,0,0,0,0,0,0,0
"ENSMUSG00000066975",3.71261411626996,1.13128791365943,1.87109803802524,1.01108196669497,1.14840673907962,1.17710789653878,2.86327100996416,1.02940339647437,1.97018988641984,0,1.23277100592285
"ENSMUSG00000066979",369.660897411576,374.720756471132,320.961502717074,370.186777114254,305.094155397389,435.717318260252,391.941091953282,295.436136198228,362.535464781754,308.851577923005,387.981650655868
"ENSMUSG00000067001",0.667995035221619,0,0,0,0,0,2.07929117372409,0,0,1.90603549221546,0
"ENSMUSG00000067006",443.53045744526,332.512510305238,354.394053775716,400.301576930279,490.932590726828,358.933675790041,291.267679383833,336.191201153298,426.575874785326,420.281667029058,414.708908326365
"ENSMUSG00000067010",0,0,0,0,0,0,0,0,0,0,0
"ENSMUSG00000067028",0,0,0,0,0,0,0,0,0,0,0
"ENSMUSG00000067049",6.82582850709324,1.07307822815612,0.884242249335573,7.66865529986855,2.11250883164455,1.29110260607847,1.02466332771969,4.95774773587956,8.50911000411234,0.943357533352449,0
"ENSMUSG00000067064",0,0,0,0,0,0,0,0,0,0,0
"ENSMUSG00000067071",260.535131078033,315.55658621556,296.222691580395,339.315912620568,222.484441611837,296.269431748717,312.913377580351,261.959874879711,288.511086599673,288.155255071074,283.578073440113
"ENSMUSG00000067081",3.14254962205106,0,0,0,1.3844102812678,0,0,0,0,0,0
"ENSMUSG00000067085",0,0,0,0,0,0,0,0,0,0,0
"ENSMUSG00000067122",0,0,0,0,0,0,0,0,0,0,0
"ENSMUSG00000067144",0,1.08064173486522,0,0,0,0,0,0,0,0,0
"ENSMUSG00000067148",878.597103815942,773.289332889784,854.674493064213,697.681786106002,633.463342315905,659.801641288433,641.793888584049,721.829206213213,751.190312982007,681.690254722471,688.624644503515
"ENSMUSG00000067149",6452.48180714086,10211.1798055566,5120.88689286331,3159.14584494641,4422.85087514264,6745.66510901308,2975.48193788558,2846.3197861674,4949.90227463699,3765.2700488918,693.790454590452
"ENSMUSG00000067150",535.072626292338,481.639725890124,459.008776857124,470.856161352945,530.461339983716,479.09020695333,475.185448801522,596.615510322693,528.480675012838,555.739561684223,672.49441210943
"ENSMUSG00000067158",6.93986897406412,9.75824615121966,4.45152912439032,3.25469920219937,8.51283210488168,8.94135981240168,4.08748224311531,3.9385863270533,1.88934310493901,2.79851732453973,4.56664427254737
"ENSMUSG00000067173",0,0,0,0,0,0,0,0,0,0,0
"ENSMUSG00000067186",0,0,0,0,0,0,0,0,0,0,0
"ENSMUSG00000067194",423.034512988333,399.646768922934,390.017507762918,379.249612304313,374.432625586548,454.608763947377,399.810823826088,393.684027735781,351.717308760221,323.000816024212,419.673479220278
"ENSMUSG00000067199",65.2988425980814,56.6511793534775,81.6155946156487,99.4170431183189,95.7015478764048,96.5641292972074,79.5022065156573,63.7296262434837,75.5901875630017,89.7245802503247,60.4035989061471
"ENSMUSG00000067201",3.20120685415027,5.12966657366255,8.38079047891271,2.09101203434082,15.9505439396684,1.21765635956139,2.97094246507612,10.0109555497652,3.52629374778553,0.909998201494146,4.31925703472326
"ENSMUSG00000067206",0,0,0,0,0,0,0,0,0,0,0
"ENSMUSG00000067212",3964.82528862762,4151.30897513731,4446.18455153433,3773.36559806898,2949.45068690499,3157.89693159292,4637.67313538742,2357.24404097339,4411.95017160743,3999.91100133834,4257.28276124069
"ENSMUSG00000067215",0,0,0,0,1.05220533879419,0,0,0.98543556141387,0.937622391679452,5.70747287019263,0
"ENSMUSG00000067219",1.79234541392612,2.82463719461304,0,1.9201521216923,0,3.35575946490153,0,0,11.139059660464,0,3.0077062615249
"ENSMUSG00000067220",2.02713032159111,1.0956869695069,0,0,2.0785423966563,3.85485867481916,0,0,0,0.951302864227112,0
"ENSMUSG00000067225",0,0,0,0,0,0,0,0,0,0,0
"ENSMUSG00000067229",0,0,0,0,0,0,0,0,0,0,0
"ENSMUSG00000067231",0,0,0,0,1.05095675570363,0,0,0,0,0,0
"ENSMUSG00000067235",150.677260090721,211.698379485426,80.7640956368835,24.0091867164775,25.7229020861218,24.1980055612426,197.145929835893,13.7241518622969,142.77945719687,17.9456441372742,81.7041183919935
"ENSMUSG00000067242",0,1.68159358302144,10.2865431734087,0.378270779113019,1.43067808980598,0.441274922766359,0.719458259727474,0.668488438934339,1.58787659730729,10.7783269440137,13.6403981716784
"ENSMUSG00000067261",1.36943818572163,0,0.879402276348423,1.0917967092726,1.06762137284212,0,1.02123306821674,0,0,0.939679397150335,0
"ENSMUSG00000067262",0,0,0,0,0,0,0,0,0,0,0
"ENSMUSG00000067274",15663.2809321391,20971.5503956812,18732.2546954978,21975.520116785,17562.5749979015,21818.9384180846,19319.0688482028,19362.0883562929,19431.5156537485,16917.5642230196,21257.7953880996
"ENSMUSG00000067276",22.0419056419583,15.051854887407,12.4093274546656,10.9303692525698,9.52093402774266,7.6478055462689,15.4490375777877,7.89192324088984,15.9524518733822,5.67297030641773,11.4662223401511
"ENSMUSG00000067279",137.513940905826,28.8273222114573,60.1850241579564,18.6034921447063,43.4725703807214,22.9058591450008,27.7804116155545,10.8521311039014,27.1827586162011,32.333384395825,13.8238277519574
"ENSMUSG00000067285",0.661445350785549,1.07424720095156,0.881383756790826,0,2.20005029346179,2.59155643213396,0,0,0,0,0
"ENSMUSG00000067288",827.104561084352,1156.71882272988,928.988110268428,888.649821417028,739.027641430357,906.627854978506,866.386787950124,1016.85845237874,973.52416578783,775.366831426438,736.792946487741
"ENSMUSG00000067292",0,0,0,0,0,0,0,0,0,0,0
"ENSMUSG00000067297",2.04369441093798,3.26934358971836,6.21021102299248,6.56018755830985,10.4866266644871,3.85003994149111,8.22153594125895,0,2.79540479912427,6.60534440620702,6.90244750996519
"ENSMUSG00000067299",0,0,0,0,0,0,0,0,0,0,0
"ENSMUSG00000067336",76.9685500081459,40.0023492116165,83.3666515580431,40.4888900977273,35.8304042201741,34.4823474161072,64.0990169161854,44.317105312449,65.5799236190687,43.5217366752131,67.3641216601703
"ENSMUSG00000067338",0,0,0,0,0,3.86314841427484,2.0397209206003,0,0,0,0
"ENSMUSG00000067341",12.3008597728338,22.4136669728055,1.76810772683387,2.19554762480894,3.1823274754755,11.5609715297347,0,3.95792152012356,2.82461928845721,8.57220406165444,0
"ENSMUSG00000067360",0,0,0,0,0,0,0,0,0,0,0
"ENSMUSG00000067365",400.438607054393,436.195782320296,400.885708628145,396.909997678853,392.33398679736,409.253256187211,471.519692870775,454.147108297408,401.377685575272,386.83828478723,410.663617159799
"ENSMUSG00000067367",508.765386116757,383.326322274938,508.827639635654,332.6872083026,292.488795319368,465.578968169353,397.786343081535,476.871438137596,358.493751045702,241.823989540891,525.050963813543
"ENSMUSG00000067369",112.72706150202,88.4849096979469,97.2374585840147,75.0908048503661,80.8214110085111,83.9832637055549,90.4490527083986,104.318810089958,73.0419517746241,86.5531069882116,77.5063432406345
"ENSMUSG00000067370",134.624635696777,130.680987238546,183.116698333746,176.672764152648,124.177272632339,195.996508505107,153.150404453954,145.218212356309,167.277434187779,162.22493077068,182.748375065943
"ENSMUSG00000067377",15.8701237296673,14.1018352738908,16.7213430821739,4.45093706921548,18.8611683792056,12.9250454291006,18.0244924464817,17.4684930224358,18.4130454695726,24.3682653145944,9.10697516325802
"ENSMUSG00000067399",0,0,0,0,0,0,0,0,0,0,0
"ENSMUSG00000067424",43.3526606854468,44.1014734793105,53.6136056005511,48.6743463283711,25.6253232372735,23.9173241496354,37.9037357492234,57.1505712310168,54.8271398291576,35.5438583446691,67.4380813164309
"ENSMUSG00000067430",22.920436053401,19.750378613829,28.3699914294139,26.456794153184,17.7237780405506,16.7502162937278,25.1076300098859,16.5920143098548,30.5986006358325,34.4116431130221,27.3092331967319
"ENSMUSG00000067438",0,0,0,0,0,0,0,0,0,0,0
"ENSMUSG00000067441",0,0,0,0,0,0,0,0,0,0,0
"ENSMUSG00000067455",4.09149039415088,4.33605976588245,1.78297115591738,0,2.20730934918178,9.00139595891837,1.02767580357128,8.82956065879787,0.935751745992187,0.912064009038441,0
"ENSMUSG00000067513",0,0,0,0,0,0,0,0,0,0,0
"ENSMUSG00000067519",0,0,0,0,0,0,0,0,0,0,0
"ENSMUSG00000067522",0,0,0,0,0,0,0,0,0,0,0
"ENSMUSG00000067524",0,0,0,0,0,0,0,0,0,0,0
"ENSMUSG00000067525",0,0,0,0,0,0,0,0,0,0,0
"ENSMUSG00000067526",0,0,0,0,0,0,0,0,0,0,0
"ENSMUSG00000067528",0,0,0,0,0,0,0,0,0,0,0
"ENSMUSG00000067529",0,0,0,0,0,0,0,0,0,0,0
"ENSMUSG00000067541",0,0,0,0,0,0,0,0,0,0,0
"ENSMUSG00000067543",0,0,0,0,0,0,0,0,0,0,0
"ENSMUSG00000067545",0,0,0,0,0,0,0,0,0,0.936366945291053,0
"ENSMUSG00000067561",0,0,0,0,0,0,0,0,0,0,0
"ENSMUSG00000067562",0,0,0,0,0,0,0,0,0,0,0
"ENSMUSG00000067567",175.97057360034,65.6653114017503,132.297339610869,43.9821392836188,57.5355800538048,51.1737179944125,64.9211354145974,199.476664685182,141.767890265166,311.042152313109,193.945262448007
"ENSMUSG00000067571",0,2.54913571118099,0,2.62401653842073,0,0,0,0,0,1.31861113135731,0
"ENSMUSG00000067578",0,0,0,0,0,0,0,0,0,0,0
"ENSMUSG00000067586",14.2882487037121,15.019380846749,9.71021007827793,3.2877961368292,13.7272122589931,31.0338547140164,5.12958877706566,7.91327825280041,11.3251329074861,9.4554559985789,9.16219870981324
"ENSMUSG00000067591",3.3919324838239,5.51864371623711,0,1.09580488963983,1.05009357491983,0,0,0.971258359949361,0.922341976113495,0.946329045320057,1.17302865403028
"ENSMUSG00000067594",1.37403806256948,5.39515600041509,0.885896213447951,2.18271768007866,34.859689257778,6.43716568324222,18.447371539832,6.928787756531,6.61512446953755,0,5.71446137028715
"ENSMUSG00000067597",0,0,0,0,2.10191351140727,0,0,0,0,0,0
"ENSMUSG00000067599",2.02221057697141,5.26858841383353,3.57999694663194,2.23806288567889,3.16610617369854,7.82626162472369,1.05971299297872,1.96305784106427,6.93410014065227,4.87750756407545,4.64449912199368
"ENSMUSG00000067604",0,0,0,0,0,0,0,0,0,0,0
"ENSMUSG00000067610",5.30933699394595,3.25962075428862,0.881614095642855,0,1.0492148664343,1.28892334278223,1.05214240489574,0,2.75844422934109,0.968966904830644,5.73643108639741
"ENSMUSG00000067613",1.37361671117492,2.15502364928306,0,0,1.05863349194185,0,0,0,0,0.936526941678953,0
"ENSMUSG00000067614",0,0,0,0,0,0,0,0,0,0,1.14045445258444
"ENSMUSG00000067615",0,0,0,0,0,0,0,0,0,0,0
"ENSMUSG00000067616",0,0,0.976382415375538,0,6.94980562425572,0,0,2.15935692451544,0,4.4289938866277,12.8145683637271
"ENSMUSG00000067627",0,0,0,0,0,0,0,0,0,0,0
"ENSMUSG00000067629",96.6301362767133,60.4928030629878,21.0848492899936,98.0773737435457,156.356112174841,87.6745274840058,42.6227616185386,67.0214124410585,129.115249040506,99.9409716405975,79.8115063261238
"ENSMUSG00000067642",52.7683372332044,40.001385523044,103.261871661573,501.406598345373,34.0699701740231,108.303083484872,116.29984531407,50.2788670457874,118.659260758363,58.3735464689099,30.2478484682539
"ENSMUSG00000067649",0,0,0,0,0,0,0,0,0,0,0
"ENSMUSG00000067653",742.166009601889,98.114837058885,98.6850037583916,229.518383678832,87.1208245190737,111.472078350429,73.5982891394388,62.2509574699871,83.1608757505285,132.270824535493,104.550131718882
"ENSMUSG00000067656",0,0,0,0,0,0,0,0,0,0,0
"ENSMUSG00000067679",0,0,0,0,0,0,0,0,0,0,0
"ENSMUSG00000067684",0,0,0,0,0,0,0,0,0,0,0
"ENSMUSG00000067698",0,0,0,0,0,0,0,0,0,0,0
"ENSMUSG00000067700",0,0,0,0,0,0,0,0,0,0,0
"ENSMUSG00000067702",0,0,0,0,0,0,0,0,0,0,0
"ENSMUSG00000067704",0,0,0,0,0,0,0,0,0.94676288413655,0,0
"ENSMUSG00000067713",486.23739884277,532.419419010551,523.636385212948,545.124614637556,548.639013268486,512.484573865787,554.664426259148,554.921586397609,461.486990287981,493.995383137027,550.508021383528
"ENSMUSG00000067714",2.20190843508268,23.3056017984115,10.6807046959549,6.99972096702407,2.56897656481945,13.6449266818756,4.12384353223425,3.15522870877941,1.51095941123317,7.57389574044191,0.920440577163567
"ENSMUSG00000067722",163.989156129615,211.607908926143,151.159788177121,195.029420732045,152.92350227622,183.211866141135,225.291338205013,137.474854323688,177.288191010185,166.278785935348,246.740265126777
"ENSMUSG00000067724",0,0,0,1.0895783501383,0,0,0,0,0,0,0
"ENSMUSG00000067750",0,0,0,0,0,0,0,0,0,0,0
"ENSMUSG00000067764",0,0,0,0,0,0,0,0,0,0,0
"ENSMUSG00000067767",0,0,0,0,0,0,0,0,0,0,0
"ENSMUSG00000067768",62.6671278249873,21.5324908817504,18.4751328689925,15.8263886328365,2.52262219199782,11.2774475931326,13.8456037170754,20.6349748423842,2.82068945736114,9.94305912469357,1.10092873584865
"ENSMUSG00000067771",1.38522160536931,0,0.8878461535516,0,2.12299361022181,0,0,1.96704385723759,0.943064154374048,0,1.14072740761454
"ENSMUSG00000067773",0,0,0,0,0,0,0,0,0,0,0
"ENSMUSG00000067780",0,0,2.64146127751171,1.10289142239979,0,0,1.04283563591314,0,0.927452041583287,0,0
"ENSMUSG00000067786",11.6677612475599,1.29536566816248,30.2392348830577,26.3586091804065,0,7.08190137644711,5.5744471363883,0.758477612078813,16.8636858520094,0,2.4897272380342
"ENSMUSG00000067787",89.2548638792497,71.7022486531972,83.9838437197158,72.2952068832513,81.5843909464373,71.9590483236938,91.8113245310347,51.8090100407548,75.5228732570553,62.0186458846845,119.434171264334
"ENSMUSG00000067795",0,0,2.14788224948858,0,0,1.06081245541257,0,0,0,0,0
"ENSMUSG00000067813",92.8750018390846,150.035799656866,189.328603799574,147.115420591685,152.227874861794,160.190714204485,200.513328946373,183.276549547931,116.64153920453,157.759705174635,120.358271734024
"ENSMUSG00000067818",549.675688600988,671.806088211048,581.023649521787,534.083408204717,510.832227889817,296.314439313131,580.218956038303,473.104225984293,562.877441343834,419.501820527111,349.725320379181
"ENSMUSG00000067825",119.695727350775,125.371038357409,148.229831069624,104.361788575553,109.602193318857,75.1642878178747,129.007366940606,120.328163485507,116.269454888137,116.255327439857,113.871177922235
"ENSMUSG00000067847",106.897177795499,127.485608701487,105.731688896646,114.378707004272,99.2090069321888,111.500025067406,92.1812359966672,130.620988347385,86.135074708767,81.9241738183967,84.2536783500249
"ENSMUSG00000067848",0,0,0,0,0,0,0,0,0,0,0
"ENSMUSG00000067851",1809.88406831916,1504.25406040101,1676.69203757229,1764.669463841,1393.99827102429,1200.45146477397,1663.86455124443,1556.708512845,1761.61116551866,1392.99342742979,1641.84865902334
"ENSMUSG00000067855",1.33327424648865,3.23372256676169,0,0,1.05226012029074,17.9935806522786,0,0,0,1.93565583812294,0
"ENSMUSG00000067860",0,0,0,0,0,0,0,0,0,0,0
"ENSMUSG00000067872",0.689540270875205,0,0,0,0,1.28253686233981,0,0,0.944605519801504,2.81577364533539,0
"ENSMUSG00000067873",723.23591802028,847.0098125955,710.948595219243,804.738591859864,849.479434394846,912.571604057519,890.002184579187,854.781100022629,760.265697006523,779.243427133403,891.045689089632
"ENSMUSG00000067878",5.06958487656151,6.20968285143796,10.0070000341425,6.20883374529926,7.79994284146626,9.69203765665489,4.91374317214149,6.41990832497283,5.22829852284998,1.78881808257877,9.58264535125193
"ENSMUSG00000067879",0,0,0,0,0,0,0,0,0,0,0
"ENSMUSG00000067882",0,0,0,0,0,0,0,0,0,0,0
"ENSMUSG00000067889",556.433388724548,275.791925914786,609.213328594974,546.709429103952,988.953653825066,589.928770436646,408.154460504602,874.309560383775,556.211446759885,710.370323654877,1078.49085424336
"ENSMUSG00000067909",0,0,0,0,0,0,0,0,0,0,0
"ENSMUSG00000067916",44.8917324202164,50.2844451706918,24.5212931074456,42.4620596631975,34.4898962563175,39.3839160793032,38.4559845358697,29.171590026507,50.208605275811,32.5088946831363,54.5801535981486
"ENSMUSG00000067919",0,0,0,0,0,0,0,2.97234978245461,1.88492322917823,0.942371470247798,0
"ENSMUSG00000067925",124.573676012938,103.267549045901,104.692839156096,97.2633318992299,116.192023654257,119.684519269727,154.637341266191,128.829209856841,107.770977174247,104.963254954161,123.464680012557
"ENSMUSG00000067928",43.4048241593354,35.5594592117185,39.4423663256541,24.9891486086882,40.8091666765676,49.8161458073156,47.7153410027766,35.1892212164514,64.0444824996642,39.0742330853333,38.6400466289856
"ENSMUSG00000067929",4.91621538772511,8.60466336393766,0,8.67582160589419,5.47344892566847,6.37955607938232,4.0787280685442,9.87959914900366,10.3656387735778,8.92324651902931,13.9309646308983
"ENSMUSG00000067931",100.890020062496,112.280564076454,128.297317817514,81.0997618296137,92.4530703753233,120.581080049745,140.216568918556,108.232306904134,104.935853942328,88.5514788834111,109.936446439019
"ENSMUSG00000067941",2.74318867753412,0,0,0,1.06244475202559,0,0,0,2.82654656451196,0,0
"ENSMUSG00000067942",125.553547077817,118.69191967393,72.7565668822814,107.930835318225,98.7492942751339,115.394352404398,139.66307153064,102.404510760037,122.574194351254,92.9939250619896,86.7622153234866
"ENSMUSG00000067951",0,0,0,0,0,0,0,0,0,0,0
"ENSMUSG00000067971",0,0,0,0,0,0,0,0,0,0,0
"ENSMUSG00000067995",142.647071934153,156.672879691415,150.440543049478,147.733905952479,142.164200614894,172.744419997285,121.548291494196,137.90831419203,143.796419793674,126.426197559863,164.546600749002
"ENSMUSG00000067996",0,0,0,0,0,0,0,0,0,0,0
"ENSMUSG00000067998",0,0,0,0,0,0,0,0,0,0,0
"ENSMUSG00000068008",3.44681801333482,1.0821395327367,0,0,0,0,1.02649961070206,5.91406603460912,0,6.58402020901901,0
"ENSMUSG00000068009",0,1.51369217173205,0,0,0,0,0,0,0,1.33696562501467,0
"ENSMUSG00000068011",0,0,0,0,0,0,0,0,0,0.936468594289175,2.28066132387631
"ENSMUSG00000068015",275.900001589236,244.28022585894,250.441779015239,178.900682760755,308.677934024121,221.994409925872,218.52548281698,233.046024402706,290.847454231786,314.216645835769,248.873263413945
"ENSMUSG00000068036",1017.79786736524,691.005550384205,1144.60704466447,957.49890557007,1025.63673250462,697.718271408586,942.200293945655,1119.9294292739,1005.48627135656,1174.9174943478,969.703141258614
"ENSMUSG00000068037",2.71555746323848,6.42359313256848,25.0776544733236,2.87153210679688,1.04215710375667,0,1.34507818161148,0.325476932893148,2.74343626404693,8.0187496651301,7.48416587366877
"ENSMUSG00000068039",2277.41877351982,2325.89550445936,2207.89303143505,2539.12991929311,2337.60150135716,2678.54098301909,2838.90246444273,2368.46304617367,2296.18233821559,2278.87249130657,2439.67212605431
"ENSMUSG00000068040",729.836323239091,782.452836088724,708.611750493288,810.363441128795,682.17258518648,714.535516054868,703.587177298061,796.177203304266,720.950847076167,657.992116628986,651.205547997622
"ENSMUSG00000068048",0,0,0,0,0,0,0,0,0,0,0
"ENSMUSG00000068067",0,0,0,0,0,0,0,0,0,0,0
"ENSMUSG00000068068",0,0,0,0,0,0,0,0,0,0,0
"ENSMUSG00000068071",0,0,0,0,0,0,0,0,0,0,0
"ENSMUSG00000068073",0,0,0,0,0,0,0,0,0,0,0
"ENSMUSG00000068074",0,0,0,0,0,0,0,0,0,0,0
"ENSMUSG00000068075",0,0,0,0,0,0,0,0,0,0,0
"ENSMUSG00000068078",0,0,0,0,0,0,0,0,0,0,0
"ENSMUSG00000068079",41.9787672925908,30.8105635670584,90.6470419119153,44.1183636908065,48.9377071601977,42.5077417957603,57.2502928680764,42.1143937724877,35.3707874705368,53.1162729412171,48.6675697068484
"ENSMUSG00000068082",0,0,0,0,0,0,0,0,0,0,0
"ENSMUSG00000068083",0,0,0,0,0,0,0,0.991964020911102,0.947376192105439,0,0
"ENSMUSG00000068085",8.25558243831094,0,12.3840963521098,4.36344115349545,7.3918134610214,0,3.07334126547472,0,0.942659433789057,4.70508808331259,1.14160497518173
"ENSMUSG00000068086",1.86636363612743,0,2.40876370618281,0,0,0,0.928804284469844,0,5.63378782302608,0,1.03796034587137
"ENSMUSG00000068099",0,0,0,0,0,0,0,0,0,0,0
"ENSMUSG00000068101",4.60942976155119,4.07841533144753,6.12936905540427,9.52431064847235,2.45623822920045,14.6780985143505,3.42959378766215,3.969624084854,0,0.734974513671986,4.03383343502376
"ENSMUSG00000068105",10.2622477558311,38.8320161117367,0.838025759602864,1.2209637387924,2.06065745949338,40.7761094282708,0,0,1.91308000958441,3.66415518938711,0
"ENSMUSG00000068113",0.688868362713432,0,0.890093056898703,0,0,0,0,0,0,0,0
"ENSMUSG00000068114",55.8825120428273,64.0443851957203,42.7325126840995,47.0635359257342,45.3318089712993,54.1557614956115,44.1354204204679,25.3641301137372,48.3899568360466,44.6955422088711,54.8730968010812
"ENSMUSG00000068115",132.503499424623,82.5743791049919,141.057547734691,100.407180152417,155.83816353957,89.9957414362966,124.24620687845,95.8099021853271,124.438346431206,72.3065876737983,92.3699147737922
"ENSMUSG00000068117",0,0,0.88934423113013,0,0,0,0,0.991900388185885,0,0,0
"ENSMUSG00000068122",0,0,0,0,0,0,0,0.992606609936369,0,0,0
"ENSMUSG00000068129",8.66735312343809,12.7279736913427,2.64932342339627,1.10610234085789,4.35032981553438,7.67861385472309,1.04848196174429,0.974668353464301,1.84853535629176,1.93113434878935,0
"ENSMUSG00000068130",23.4104641585094,14.4845483524739,18.0077351859258,9.79640591869121,16.7018183894,19.1467242966992,16.2697026373191,22.441567498656,29.7273555435735,13.9709961823063,20.9291712585724
"ENSMUSG00000068134",59.1494043464669,68.6058558859213,86.5436496121472,59.8007943744366,35.366674714373,51.322649400744,48.9067698280555,59.0385811707638,49.939782449924,47.1248472146916,61.2949125964039
"ENSMUSG00000068149",0,0,0,0,0,0,0,0,0,0,0
"ENSMUSG00000068154",3.40794144242616,6.5852333890368,0,0,0,9.11742568184428,0,0.978565474061734,0,0.931682652662527,0
"ENSMUSG00000068167",0,0,0,0,0,0,0,0,0,0,0
"ENSMUSG00000068173",0,0,0,0,0,0,0,0,0,0,0
"ENSMUSG00000068181",0,0,0,0,0,0,0,0,0,0,0
"ENSMUSG00000068182",0,0,0,0,0,0,0,0,0,0,0
"ENSMUSG00000068184",219.957414382696,264.888712205309,183.539437509012,230.160893656888,177.558642164183,242.686824080247,305.83737285693,185.86055924986,302.729641556875,140.993042234241,153.525166116369
"ENSMUSG00000068196",8.95724549026042,9.71303914628576,12.453629510266,11.9682431740016,5.32429375985186,5.10466490787306,11.240240517555,10.8601684204255,11.3477052549023,6.54910333188059,9.16439832881482
"ENSMUSG00000068205",75.5450537922813,76.2825051964969,106.146390128924,88.8131664440104,92.2694836959182,83.1629935016443,110.182293052911,103.067582484236,84.5474501047864,82.0923462559712,48.7967372972589
"ENSMUSG00000068206",712.316573875213,815.875579935724,838.51489996893,861.37393799962,854.402014835872,873.594932730963,823.829678110702,968.992310073579,846.508366400049,939.170308228359,849.528269666187
"ENSMUSG00000068218",0,0,0,0,0,0,0,0,0,0,0
"ENSMUSG00000068219",0,0,0,0,0,0,0,0,0,0,0
"ENSMUSG00000068220",703.83290556822,514.109210893536,666.897049793129,334.797728594231,596.867388303514,330.747319904852,484.07421687352,356.613094001378,574.33851788125,278.144729033339,371.439948581597
"ENSMUSG00000068227",66.4546862340663,106.617731799614,50.523753561043,43.6794504122196,25.4530654194119,127.239601224233,56.279732130033,21.7390868213889,53.8727280769706,53.5180597064998,37.7819500420293
"ENSMUSG00000068231",0,0,0,0,0,0,0,0,0,0,0
"ENSMUSG00000068232",0,0,0.888711478704945,0,0,0,0,0,0,0,0
"ENSMUSG00000068234",0,0,0,0,0,0,0,0,0,0,0
"ENSMUSG00000068245",219.501598026743,122.00765915337,173.266124725747,140.978471303035,162.855728241831,99.9327532348673,123.596768805698,90.1339236555446,171.683535212253,209.090305146101,139.330981659341
"ENSMUSG00000068246",40.1234503188221,32.7627261339096,28.6025965050379,21.977288477213,30.2998615692381,13.5889150293213,62.56412997739,11.2827470637665,22.4527091068171,25.3154817366438,28.4191800154386
"ENSMUSG00000068250",50.5670648258963,51.6334456509249,32.0003266861745,24.8961729497314,43.4095907888081,59.4008922291667,38.0055186111276,42.5131088655322,43.1089902562964,36.8156226814428,25.6006488885596
"ENSMUSG00000068252",0.882515288980995,0,1.72002006676632,0,0.682288648282904,1.65688264094104,0,0,1.82305748559549,0,0
"ENSMUSG00000068259",0,0,0,0,0,0,0,0,0,0,0
"ENSMUSG00000068263",0.682784355889607,2.17605655821227,0,0,1.0561173762176,0,0,0,0.944437389128303,3.74986497622163,0
"ENSMUSG00000068264",108.915049805123,112.916297964279,224.235108803601,195.816365487295,133.910079651283,179.779694952135,196.599736506305,165.945328483265,146.990919339654,176.703929520283,222.848606221473
"ENSMUSG00000068267",2877.80216950464,2990.93216597589,3294.48814892116,3588.56618155836,2791.50419352356,3386.36729452617,3215.18802501339,3272.04087320812,3319.64849496985,3292.26834007822,3795.76512111439
"ENSMUSG00000068270",145.36915648794,84.4686279870604,122.062638809603,95.6144162676457,122.38566304745,80.34276307425,129.975386887204,135.241249145775,141.569465653049,117.243123351839,131.691927015499
"ENSMUSG00000068284",150.415936352999,70.9766000459811,127.422995979084,253.031876015004,67.315937744512,43.6500510716451,526.197921545503,283.503129321107,246.090546328041,151.146405262891,127.156804231775
"ENSMUSG00000068289",0,0,0,0,0,0,0,0,0,0,0
"ENSMUSG00000068290",1993.76055856207,2593.64715026341,2174.84157688677,2454.41477303117,2269.64461399386,2195.94806042441,2517.07028479373,2482.9041170062,2174.92018615609,2219.74188161584,2133.59154001126
"ENSMUSG00000068299",5.96759269357775,9.52256233360688,3.93716734555298,4.95833291286525,8.55496266735362,9.31617272003254,3.70243494656256,12.5611453156918,10.9692451919624,7.73795758930657,18.584937814323
"ENSMUSG00000068302",0,0,0,2.1791567002766,0,0,0,0,0,0,0
"ENSMUSG00000068323",0,0,0,1.10274881633711,7.16584422577701,1.30233966304407,1.97985479867294,13.0204645515354,1.91516833670118,3.79223320877227,0
"ENSMUSG00000068327",0,0,0,0,0,0,0,0,0,0.936366945291053,0
"ENSMUSG00000068328",2302.68505772774,2707.94725807434,2582.1822090067,2946.6185491245,2409.4062124805,3057.91300685131,2607.28278867321,3106.26888960002,2640.23178666111,2600.7641442391,2755.31396165687
"ENSMUSG00000068329",459.126559234464,588.807469470542,482.699425441657,546.906694827224,433.518253765337,595.813597286983,503.917775047933,601.182334235078,468.577807327587,601.474974989791,427.574844287527
"ENSMUSG00000068335",495.877191486584,569.100202126515,532.203383513264,676.761003082621,424.413625181779,621.228599053106,659.615892719479,619.970971455861,528.628109196385,660.380974271016,638.524728446048
"ENSMUSG00000068341",0,0,0,0,0,0,0,0,0,0,0
"ENSMUSG00000068349",0,1.08064173486522,0,0,0,0,0,0,0,0,0
"ENSMUSG00000068373",1.63238070150612,0,0,0,0,0,0,0,0,1.10461751833532,0.81720591257824
"ENSMUSG00000068391",162.761623459897,193.442316826401,183.086747940757,207.266938498212,190.015161118847,192.096002736246,187.273964520615,187.420347616593,169.267284477719,170.165972547917,174.807533231941
"ENSMUSG00000068392",0.689939267648385,0,0,0,0,0,0,0,0,0,0
"ENSMUSG00000068394",135.504126104104,128.310908333156,120.721971320652,104.615191566207,112.680100658209,139.716784428442,106.284444184924,118.160252637843,130.581601561511,113.317857204491,147.381670922731
"ENSMUSG00000068399",0,0,0,0,0,0,0,0,0,0,0
"ENSMUSG00000068407",0,0,0,0,0,0,0,0,0.94676288413655,0,0
"ENSMUSG00000068417",6.91702672392181,9.5704391248044,3.54170183842315,4.36195664164245,2.11727937926927,0,4.08714684125509,7.91858105006288,5.64134486332025,1.89368485436286,1.15235058777858
"ENSMUSG00000068428",1.35433033390519,0,0,0,0,0,0,0,0,0.951429524478689,1.14357235598467
"ENSMUSG00000068431",0,0,0,0,0,0,0,0,0,0,0
"ENSMUSG00000068437",0,0,0,0,0,0,0,0,0,0,0
"ENSMUSG00000068452",2.75149460372261,1.08330652776013,0.888979277414163,2.18884543047122,4.23332700034424,5.09126902222659,3.07471763297672,4.97534365543264,0.951343613877636,2.81544430900614,4.49816295903678
"ENSMUSG00000068457",0,0,0,0,0,0,0,0,0,0,0
"ENSMUSG00000068506",0,0,0,0,0,0,0,0,0,0,0
"ENSMUSG00000068522",0,0,0.88039390373751,0,3.22046145383939,1.28935211219598,1.04644065397989,0.973532420479667,2.78570891928531,0,0
"ENSMUSG00000068523",361.036514119965,352.053674431267,395.774405648236,366.905784012907,333.210750418466,348.709760212596,380.706966136424,359.963063442363,328.28448317532,333.279775697909,290.868909746721
"ENSMUSG00000068535",0,0,0,0,0,0,0,0,0,0,0
"ENSMUSG00000068536",0,0,0,0,0,0,0,0,0,0,0
"ENSMUSG00000068547",0,0,0,0,1.05070422174749,0,0,0,0.932705212207904,0.950708251906523,0
"ENSMUSG00000068551",213.57282939596,316.930672399949,294.813816842975,420.479766625549,264.551735098197,435.001742424995,276.444633031112,357.687160692895,348.194380787059,282.111169993209,337.041920470907
"ENSMUSG00000068566",113.037487767021,100.972719257345,116.44833149907,89.2560594096243,156.47176930203,96.9434599064713,148.621837502611,167.400978370128,147.2640905116,93.9751824865788,88.3550479428484
"ENSMUSG00000068574",0,0,0,0,0,0,0,0,0,0,0
"ENSMUSG00000068580",276.296843213528,281.276127849701,285.98570804668,292.710793273866,301.451186153109,303.861385385079,300.107722630951,272.13663244279,278.439759121838,274.231301472389,329.961303912569
"ENSMUSG00000068587",23.5707000908572,3.76714003660478,21.858508255981,3.80806413553174,36.9924378189783,4.46326054592799,7.23742631688803,9.10967292232728,4.51577745654315,16.5467685852386,24.1685293713468
"ENSMUSG00000068600",0,0,0,0,0,0,0,0,0,0,0
"ENSMUSG00000068606",82.2052954623834,92.9371117351783,62.3201152460789,83.7464845298173,35.2687613120539,98.0168613421635,126.122051725039,45.7935533428758,142.4847565097,350.62971089442,39.9554276539699
"ENSMUSG00000068614",13.0993335941317,3.20864491314263,4.43083461687973,2.18565936099087,2.11539503291306,2.55928580080068,0,0,0.944416796715383,0.944635563946083,0
"ENSMUSG00000068615",0,0,0,0,0,0,0,0,0,0,0
"ENSMUSG00000068617",4.52858132100993,0.997054241070027,5.70322919056661,0,4.58387275783295,1.35669127783054,2.19266335136467,0.91290265125499,2.61222020401461,0,1.03238685961184
"ENSMUSG00000068647",0,0,0,0,0,0,0,0,0,0,0
"ENSMUSG00000068663",276.045658620836,260.935639050996,261.528318665756,287.727214106043,280.164994050593,270.41841847891,282.405546962749,285.538435526889,262.58704018644,244.221534286537,294.334435394639
"ENSMUSG00000068686",0.322463762040842,0.523436442181369,2.37116557938153,6.98153213037877,0.533298609765563,0,2.14143335434218,2.11549526985894,0,11.5585065804981,0
"ENSMUSG00000068696",0,1.08064173486522,0,0,0,0,0,0,0,0,0
"ENSMUSG00000068697",647.512927308251,11.7774744991671,7.93023257424271,85.3590265673107,97.3613803859778,10.3114970054597,3.07895415967742,0,0,63.4098412034014,2.28983322808626
"ENSMUSG00000068699",451.138740547543,72.6382766707143,135.815540555217,187.432621825232,374.06121108787,74.3147365265051,73.454713476068,117.988967741629,80.1753223253972,98.6386355566913,136.439914375644
"ENSMUSG00000068732",59.6541483569203,64.3913029619612,64.0666587869769,72.3528363785484,85.6546703337893,56.0181269551463,76.8730163725482,80.4624071021566,68.5964714832843,70.3174738142329,85.4445452837931
"ENSMUSG00000068735",37.0809675277989,73.0670159262339,61.2781003099648,51.8182902863804,69.5769749440991,80.4253805188436,32.9608030574958,46.2028547413143,46.5269143900007,38.2325363120085,38.6340976360105
"ENSMUSG00000068739",4200.30475848466,4154.54651983989,5146.70856758613,5012.94599205253,4111.5571230472,4330.55475133192,4666.39700250185,4499.82187205869,4197.18798293679,4294.47874006887,4370.57034520968
"ENSMUSG00000068740",3304.83172117084,1951.34494286559,2802.51753583941,1973.41751593937,3324.69445377013,2293.89119968736,2602.70316990737,2490.44445230356,2238.24223182524,2878.85187003249,3126.16019649153
"ENSMUSG00000068742",95.2343104627078,55.157668468768,109.140765555089,162.167081982199,94.4786130539216,118.144498693832,104.449973802333,75.7977007761602,132.0445582826,86.2345285054038,171.298821002422
"ENSMUSG00000068744",171.704155955574,96.5412787415876,165.632264870202,113.523588929718,210.040551256299,112.392644736964,83.0056811388796,112.744434909467,68.3369255166757,135.81348205742,71.0880103070561
"ENSMUSG00000068745",0,1.07673328538231,0.881844843696931,4.37057281331532,0,0,0,0,0,1.88885392847526,0
"ENSMUSG00000068747",3638.35458834396,3694.7013320125,4453.85581865823,5019.41295187799,3345.61395788159,3183.30241451753,3666.30961774166,3714.67239314843,4917.48980275236,3904.77058669147,5316.56879200246
"ENSMUSG00000068748",5.52486437764256,13.2671018332298,13.4820424260866,4.44474542175927,23.2691410078352,31.7017273552847,4.21134089775115,25.8560427161945,9.45647088081261,24.967950805087,23.3225978292219
"ENSMUSG00000068749",772.731354149535,662.639904576484,730.447685473929,671.016284325314,764.541282006073,639.504810472351,757.206674727783,610.64170757805,713.503385655522,601.808835704791,606.678451115733
"ENSMUSG00000068758",83.3380632235515,136.00786449826,69.2748804412973,93.8294797766019,91.9883687992585,104.587798876447,109.310084978914,70.7912088638709,89.0579189219367,82.5803283886681,71.0917294425657
"ENSMUSG00000068762",14.5027480522596,11.0939571503474,25.6345735650565,12.5281770556183,10.1655936670287,15.842786460727,12.5976914288475,21.1161746489102,9.83033945688766,9.08556295281608,17.1205221221902
"ENSMUSG00000068794",17.2223291425534,18.436012731292,57.7646633740558,40.3645463196569,32.7409637551411,37.1080484896252,30.8382519704617,37.4272589181905,29.1518864747092,24.4347060189088,60.5127831163172
"ENSMUSG00000068798",728.739452913587,726.634745458386,718.212976663568,709.775611190266,686.742782800027,738.121379061009,770.073187757145,749.165753859797,720.012324281084,730.485896355157,649.555169093591
"ENSMUSG00000068806",0,0,0,0,0,0,0,0,0,0,0
"ENSMUSG00000068808",0,0,0,0,0,0,0,0,0,0,0
"ENSMUSG00000068809",0,0,0,0,0,0,0,0,0,0,0
"ENSMUSG00000068814",0,0,0,0,0,0,0,0,0,0,0
"ENSMUSG00000068815",0,0,0,0,0,0,0,0,0,0,0
"ENSMUSG00000068816",0,0,0,0,0,0,0,0,0,0,0
"ENSMUSG00000068817",0,0,0,0,0,0,0,0,0,0,0
"ENSMUSG00000068818",0,0,0,0,0,0,0,0,0,0,0
"ENSMUSG00000068819",0,0,0,0,0,0,0,0,0,0,0
"ENSMUSG00000068823",3962.84464594032,3646.04338463819,3896.15797796029,3971.94172845594,3636.77758233548,3694.92783205457,3642.05679194142,3723.26801733672,3790.7516068547,3716.48715747069,3957.20075509623
"ENSMUSG00000068824",0,0,0,0,0,0,0,0,0,0,0
"ENSMUSG00000068854",21.6489688809914,17.1205516588254,21.0936925998411,14.4030031581017,31.6913492876261,22.083239322239,35.574720934325,18.3568307741151,22.1416455386382,12.2948067743479,23.3677871024961
"ENSMUSG00000068855",4.62593047461503,2.14542874885376,1.76438415650098,0,0,1.296073370882,6.33203101549811,3.90579301737135,4.65675402640622,2.86667593400358,2.349617265084
"ENSMUSG00000068856",389.590811244757,373.368470778867,344.924730401936,313.714701876197,343.350380114656,386.810658317042,338.876489169638,327.569525437896,390.929339316078,348.126310546928,355.129564088531
"ENSMUSG00000068859",0,0,0,0,0,0,0,0,0,0,0
"ENSMUSG00000068860",1.37276533073386,1.0798040143364,0,1.09141986619961,0,0,0,0,0.939684015721407,1.88966504641036,2.28721257966341
"ENSMUSG00000068874",550.292404542009,535.364541952324,594.738163247622,637.4910816649,429.614378904573,620.208869374968,545.54778830395,607.988017822366,769.650670287899,580.131556113563,662.668300333022
"ENSMUSG00000068876",2494.8677162855,2729.31871307499,2928.46183462008,2526.23872495938,2735.92410659324,2937.21374486716,2628.31541217895,3527.31500830299,2909.61514491429,2705.07105948701,3219.63501691829
"ENSMUSG00000068877",2.26370586050774,3.58679326570576,0.793935446509571,6.11688821979473,8.53723547586385,11.6428494200885,2.28500536642141,5.32786228038311,0.848626329836312,1.05240520883838,0
"ENSMUSG00000068879",0,0,0,0,0,0,0,0,0,0,0
"ENSMUSG00000068882",1464.59756069271,1587.2435706256,1348.07771199253,1277.71518461776,1367.50365449059,1335.52183872188,1557.51700400886,1361.07655398499,1449.03381473018,1272.83011754643,1543.93518608978
"ENSMUSG00000068885",0,0,0,0,0,0,0,0,0,0,0
"ENSMUSG00000068887",0,0,0,0,2.10191351140727,0,0,0,0,0,0
"ENSMUSG00000068888",0,0,0,0,7.56735108204508,0,0,0,0.920407665564137,0,0
"ENSMUSG00000068889",0,0,0,0,2.10191351140727,0,0,0,0,0,0
"ENSMUSG00000068890",0,0,0,0,20.1052909157285,0,1.01749125373891,0,0,0,0
"ENSMUSG00000068917",600.649928044977,664.376899670346,715.079114321676,665.7761228724,618.137305883199,771.055294731054,665.982552038212,1000.14536470402,824.680371784162,717.322140710387,562.760899559537
"ENSMUSG00000068921",613.070240904315,676.392643343024,615.503746257876,550.884491671782,559.526087389116,645.217652730801,664.775090236316,686.969776644671,603.154423585475,573.422736279014,643.634003551802
"ENSMUSG00000068922",152.279061040756,154.09480338292,162.538813692706,147.099689716447,147.030685571834,166.866163725154,153.178296411661,145.235220197379,162.325229255802,163.35219976942,146.891880349609
"ENSMUSG00000068923",5.68706982711269,23.6483654611044,5.42518356754023,3.88830822697725,4.15455595614704,6.75807000578065,5.91096718219172,7.7803978499168,7.42364443215262,31.8647211711543,16.1262571654801
"ENSMUSG00000068940",0,0,0,0,0,0,0,0,0,0,0
"ENSMUSG00000068947",0,0,0,0,0,0,0,0,0,0,0
"ENSMUSG00000068950",0,0,0,0,0,0,0,0,0,0,0
"ENSMUSG00000068959",38.2124612967711,23.8923834831844,36.343118928054,23.0390306407252,28.3418804507388,19.2451733129529,25.9514261800915,34.420465298938,31.8103512772059,27.4936614251115,23.8942145419177
"ENSMUSG00000068962",4.79545813195375,3.22370671493626,5.31067442833902,3.28060877717833,0,2.57969461023429,4.09095224254324,0.992817931755248,0.946942988278748,4.70357965901293,1.14462319552454
"ENSMUSG00000068966",115.476666185844,116.514607467165,135.384426563991,145.137542414673,137.397007527495,118.776349066566,151.647221765192,105.567451270093,114.154013795828,152.273181288686,138.143069069847
"ENSMUSG00000068999",0,0,0,0,0,0,0,0,0,0,0
"ENSMUSG00000069020",142.662725713982,128.913767635744,145.774329619525,135.311054447166,139.1600896786,118.516157264149,128.260812284374,120.504867141897,120.500907175967,139.072630139096,174.290349103164
"ENSMUSG00000069036",0,0,0,0,0,0,0,0,0,0,0
"ENSMUSG00000069038",0,0,0,0,0,0,0,0,0,0,0
"ENSMUSG00000069041",0.674968019414587,2.16728194742328,0,0,1.0577962103857,0,0,0,0.931836308788926,0.963506158011606,0
"ENSMUSG00000069044",0,0,0,0,0,0,0,0,0,0,0
"ENSMUSG00000069045",0,0,0,0,0,0,0,0,0,0,0
"ENSMUSG00000069049",0,0,0,0,0,0,0,0,0,0,0
"ENSMUSG00000069053",0,0,0,0,0,0,0,0,0,0,0
"ENSMUSG00000069072",0,0,0,0,0,0,0,0,0,0,0
"ENSMUSG00000069080",0,0,0,0,0,0,0,0,0,0,0
"ENSMUSG00000069085",0,0,0,0,0,0,0,0,0,0,0
"ENSMUSG00000069089",279.228855364085,254.318307303395,209.804772833162,243.846739195918,230.745842887693,240.033222931271,182.149483814667,228.805226577136,292.467489282435,235.619509498338,271.784677897108
"ENSMUSG00000069094",114.469284681278,139.606706296827,104.99232698593,106.294630219028,92.3332547332827,105.801136019552,130.329813539591,126.212257277096,108.171239209198,140.018083180421,88.4466575392451
"ENSMUSG00000069114",149.659136029375,138.064351975063,209.047685947802,152.799410677921,224.282292161151,73.4776931142298,196.073072521527,124.58344780597,102.187984806539,168.841101881572,102.779958099507
"ENSMUSG00000069117",2130.52414320013,2931.36589755492,2401.59101995754,5767.25510277112,5072.29813335496,5717.01912835308,2326.67170018678,5318.07404966054,2434.74266386387,4539.20334204942,2531.18408842276
"ENSMUSG00000069118",0,0,0,0,0,0,0,0,0,0,0
"ENSMUSG00000069132",0,0,0,0,0,0,0,0,0,0,0
"ENSMUSG00000069135",163.429640497363,158.624096022134,204.772584447777,156.400441148447,159.095253913924,141.420050725579,212.990670079065,161.121785955663,163.876578333491,181.562931152079,220.211529819935
"ENSMUSG00000069170",106.593549494365,122.090926961853,183.565072812877,180.639178864657,130.649063802181,91.4177007731217,118.065539044471,93.8175623816501,171.016378095573,159.536443488608,94.4950299553959
"ENSMUSG00000069171",6.04192130699221,13.3325424673886,3.12223399236785,1.91913504178384,7.48901567904375,6.78728117397189,6.32602872297886,0.867504396986354,1.66272476203276,6.67654713218447,8.05661381123478
"ENSMUSG00000069184",10.8616279176564,19.9537565955463,23.2035718421546,18.6389804412918,21.8296615043249,26.9950180965367,17.5426124069598,13.6530902609074,16.6611738908592,20.8075200480948,19.6108334359528
"ENSMUSG00000069189",0,0,0,0,0,0,0,0,0,0,0
"ENSMUSG00000069206",73.2661015147873,66.041601023809,132.658867522565,90.3260509773278,111.233617734668,56.6088494714864,80.3592109754073,102.173041236956,100.758443233413,94.4863940795483,109.259842134076
"ENSMUSG00000069208",189.396315796689,185.339220995565,164.030904048087,157.915774111318,169.141021112348,149.738689850311,154.352942020805,170.596238724846,189.575963580825,166.636357143005,189.429175104914
"ENSMUSG00000069227",1.38227428665587,3.24733078036851,3.53669459644451,4.35000267616913,6.33748769917389,3.85892535929917,3.05407216616798,0.989730010842914,1.89532448849749,6.54359266820412,2.29263970662681
"ENSMUSG00000069237",495.242606731477,491.027758692936,493.564468056707,538.752608269946,476.893721184356,438.013342089156,522.761551940295,624.335632433223,577.945111087611,461.222290832452,544.842996763625
"ENSMUSG00000069248",0,0,0.881881849780995,0,1.03584278103059,0,0,0,0,0.957386858790577,0
"ENSMUSG00000069255",131.709821723562,153.534964567343,169.755998856479,189.991819153152,169.033977382826,140.921810630939,142.526683937397,235.705035233701,158.422806354294,145.310590246492,170.464556884361
"ENSMUSG00000069258",0,0,0,0,0,0,0,0,0,0,0
"ENSMUSG00000069259",0,0,0,0,0,0,0,0,0,0,0
"ENSMUSG00000069265",1.97343698939996,3.22771564257445,0,0,3.27094393925686,1.29721638193981,0,0.980349905128759,4.63825524593587,0,2.36513548390706
"ENSMUSG00000069266",2.03507443572316,7.55174368770124,0.887213731165127,3.31266906543879,1.09836614968436,2.55950365863085,0,2.92908363684296,0.931267783273641,2.72308066174207,2.34712841893394
"ENSMUSG00000069267",3.98589620391328,1.08246442607097,0.890210445980057,5.63898325829145,0,0,0,0,0,0,0
"ENSMUSG00000069268",0,0,0,0,0,0,0,0,0,0,0
"ENSMUSG00000069270",0,0,1.75345660736597,0,0,0,0,0,0,0.94916526484235,0
"ENSMUSG00000069272",2.62053463844387,4.28774171559266,2.64465443825688,0,8.72963262166267,0,3.1615860745014,0.975896209377175,0,1.90877388107552,0
"ENSMUSG00000069273",4.58225392562774,2.13329053039406,0,0,1.08093068035896,5.14420673301382,5.26848321711743,5.83147420841022,0.919667073194849,5.77843619395043,2.34596181176866
"ENSMUSG00000069274",0,0,0,1.09615816234821,0,0,0,0,0,2.71518422922339,1.17281959886028
"ENSMUSG00000069280",0,0,0,0,0,0,0,0,0,0,0
"ENSMUSG00000069289",0,0,0,0,0,0,0,0,0,0,0
"ENSMUSG00000069292",0,0,0,0,0,0,0,0,0,0,0
"ENSMUSG00000069294",0,0,0,0,0,0,0,0,0,0,0
"ENSMUSG00000069295",0,0,0,0,0,0,0,0,0,0,0
"ENSMUSG00000069296",0,0,0,0,0,0,0,0,0,0,0
"ENSMUSG00000069297",0,0,0,0,0,0,0,0,0,0,0
"ENSMUSG00000069299",0,0,0,0,0,0,0,0,0,0,0
"ENSMUSG00000069300",1.33274007240377,0,0,0,0,1.29718719688834,1.06291443256463,0.978886865421547,0,0,0
"ENSMUSG00000069301",0,1.08064173486522,0,0,0,0,0,0,0,0,0
"ENSMUSG00000069302",0,0,0,0,0,0,5.122389557397,0,0,0,0
"ENSMUSG00000069306",9.48336662969452,19.5390841818133,5.35626434908001,3.31961344437256,0,16.7398518074469,6.17452868018922,7.83899519922016,4.67734719896656,6.39322205453666,3.54250611533552
"ENSMUSG00000069307",77.3100184777682,134.442660027469,102.675422670155,173.618291538684,203.78402177208,50.9305261940388,128.326244254546,81.5306642417615,86.1753346205941,59.8267194358602,64.2651459029644
"ENSMUSG00000069308",1.97749911829804,0,5.32398692541517,0,2.21445435733258,3.86134214570641,0,5.81573457823479,0.927294169612665,0,1.18169589466482
"ENSMUSG00000069309",0,0,0,0,0,3.84573671705694,0,0,0,0,0
"ENSMUSG00000069310",0.662581458635449,0,1.7769972343155,0,0,1.30261512048576,0,0,0.9315117354583,1.95095279010871,0
"ENSMUSG00000069324",0,0,0,0,0,0,0,0,0,0,0
"ENSMUSG00000069355",0,0,0,0,0,0,0,0,0,0,0
"ENSMUSG00000069372",0.698728657244394,0,0.877532272952046,0,0,0,0,0,0,0,0
"ENSMUSG00000069378",0.685517404092492,1.08604764931308,0.881557314896848,0,2.11371144988736,2.58315037708088,0,1.97516802291294,0.946530584852389,0,3.42729981624525
"ENSMUSG00000069385",0,0,0,0,0,0,0,0,0,0,0
"ENSMUSG00000069390",2.72479399168279,0,0,0,1.05638720472476,0,0,0,0,0,3.44745094801868
"ENSMUSG00000069421",0,0,0,0,0,0,0,0,0,0,0
"ENSMUSG00000069430",0,0,0,0,0,0,0,0,0,0,0
"ENSMUSG00000069441",0.687206831380117,0,0,0,3.15361904441416,0,0,0,0,0,2.28943441787806
"ENSMUSG00000069456",1.93060639988216,1.52547375700928,9.63985661129023,3.12952989489775,2.25990710359838,0,4.39227149008192,5.63246731607689,10.4798853538346,6.75843998059083,1.6347244615152
"ENSMUSG00000069475",0,0,0,0,0,0,0,0,0,0,0
"ENSMUSG00000069476",0,0,0,0,0,0,0,0,0,0,0
"ENSMUSG00000069495",343.569992710883,347.118442575651,400.467963953029,325.028429909106,379.647871765409,293.928569004943,339.785349994037,366.617789559082,269.200975272619,335.524984101927,358.103591005042
"ENSMUSG00000069515",22.623138108706,115.349519221467,15.8477190863986,6.61585844052199,20.5586823163118,112.312777318888,9.40882473557292,18.4666809778556,13.8324483823842,46.2929299379219,18.7555599429434
"ENSMUSG00000069516",696.351667478295,1135.29966246396,314.394619219995,525.527863734074,452.14809989512,1197.94581898907,212.881801807042,352.364664918394,342.599949659471,528.174666782029,313.133758930027
"ENSMUSG00000069518",0,0,0,0,0,0,0,0,0,0,0
"ENSMUSG00000069520",213.231295840849,283.870478812366,213.047150435363,260.633748292148,218.653680254443,160.700071925125,258.506322070025,253.590263919781,305.729712017143,224.041642668085,303.240109120019
"ENSMUSG00000069539",910.286601636087,709.549542965925,1046.48442675826,858.980815173327,944.109574127639,800.34643006961,929.80581496298,920.043497201687,939.583010049114,997.516146530174,975.216167245848
"ENSMUSG00000069565",693.475980918906,798.446465339529,768.699358335243,815.731342955735,664.999373139223,837.124657875302,756.203288042884,903.913545181262,732.983521141752,929.598942923055,697.67795942478
"ENSMUSG00000069581",3.43614159258642,3.24110751430276,9.73491923439735,3.27250372358412,1.05573212464606,5.17148810186512,9.21630533156762,3.94983092885306,8.50155460189628,5.63056541164152,5.70163589831259
"ENSMUSG00000069582",0,0,0,0,0,0,0,0,0,0,0
"ENSMUSG00000069583",0,0,0,0,0,0,0,0,0,0,0
"ENSMUSG00000069584",0,0,0,0,0,0,0,0,0,0,0
"ENSMUSG00000069588",0,0,0,0,0,0,0,0,0,0,0
"ENSMUSG00000069601",279.347951581483,223.722020737463,300.279978173778,305.025559360745,325.44974797008,149.204643624677,346.078172236461,217.406037564491,305.415973040391,276.307450667671,287.144468293112
"ENSMUSG00000069607",21.7673120530435,18.1275488098009,21.1962490653346,0,15.9437059001086,34.5528558921792,9.29624342451801,24.6427031088209,46.8277890525574,23.9067395558005,39.2719248299885
"ENSMUSG00000069609",2.04007891063858,5.32019854455855,0,0,0,0,0,0,0,2.86229969778649,1.15329184629294
"ENSMUSG00000069631",163.699202920903,125.66159456908,130.404082489321,117.356532261489,112.549543409033,138.450563168015,107.056520642661,146.020854127582,135.169072275879,105.154744314615,135.747085560803
"ENSMUSG00000069633",132.823355591911,188.674426363818,159.865941597299,165.782763684717,144.512831251102,183.843392531263,199.473301715416,204.140540162682,182.39452688053,172.898025502369,145.681525506823
"ENSMUSG00000069662",278.284499381025,272.180223085824,238.430332335629,221.889766895051,307.994020288858,378.156390990588,297.845786873333,298.396451288935,213.034025327612,259.643320043836,266.706518048765
"ENSMUSG00000069668",0,0,0,0,0,0,0,0,0,0,0
"ENSMUSG00000069670",0,0,0,0,0,0,0,1.12472940354451,2.85184811490296,0,2.00480963810029
"ENSMUSG00000069678",102.981972604665,104.199365458982,113.902705854853,106.395072264368,125.094522807236,138.209837478914,140.69296000731,117.689650565629,108.082249479415,129.563039493523,93.4876615612221
"ENSMUSG00000069706",0,0,0,0,0,0,0,0,0,0,0
"ENSMUSG00000069707",0,0,0,0,0,0,0,0,0,0,0
"ENSMUSG00000069708",0,0,0,0,0,0,0,0,0,0,0
"ENSMUSG00000069712",2.05265430129786,1.07941703128154,3.54741603190037,0,0,0,1.03894314356021,0,0.937214946473498,0,1.14923332733354
"ENSMUSG00000069717",0,0,0,0,0,0,0,0,0,0,0
"ENSMUSG00000069718",0,0,0,0,0,0,0,0,0,0,0
"ENSMUSG00000069720",0,0,0,0,0,0,0,0,0,0,0
"ENSMUSG00000069722",0,0,0,0,0,0,0,0,0,0,0
"ENSMUSG00000069727",42.7675980955221,36.6375593660026,40.3842296080206,39.0790559642444,29.3746053850145,38.2446286655268,29.3434568959888,48.8223847628426,41.7345571633262,30.6646179721552,35.311182076361
"ENSMUSG00000069729",893.46343197068,863.119073545601,1028.74834724779,1097.1913729442,1085.4744382143,839.513694766958,909.272779626777,985.775184888496,1012.78105610808,1080.95730397647,885.946565027224
"ENSMUSG00000069733",0.672633627903634,0,0,1.1176112191757,0,0,0,0,0,0,0
"ENSMUSG00000069743",23.7227208329091,25.2025120255642,27.0353666380496,14.5756012171666,9.71603531948602,18.3580336493686,16.9309933538,23.927046657838,30.1216877212659,16.4384123432231,28.6305792893726
"ENSMUSG00000069744",1146.89946785809,1300.12625762963,1182.61664035335,1191.58960967755,1174.89324414683,1396.95396101737,1350.04074784758,1205.96982512287,1155.84924368162,977.861077358169,1324.6033526246
"ENSMUSG00000069763",5.22846990811309,5.34297903838894,4.38469487961079,3.32506105216615,6.54364087844179,2.60087628669569,3.15031943153168,3.85263668205834,1.83931521098073,5.73316692517137,4.67471724399107
"ENSMUSG00000069769",279.113257261749,282.84013983389,361.802421108981,391.760663640114,266.794202463744,251.973705472329,305.857191418699,281.532506734578,309.777019663534,343.434595503691,308.888953976959
"ENSMUSG00000069785",0,1.06026974106413,0,0,0,0,0,0,0.932307710189454,0.969155336024228,0
"ENSMUSG00000069792",209.82739812517,78.2717795447003,95.2324936920891,75.6758167323121,120.347075024553,59.7801173764138,104.698494140998,54.1677085324015,64.8172984988016,187.118965566686,122.208752856584
"ENSMUSG00000069793",89.6657340966213,36.1428984615585,82.5685579642274,58.2434895533099,56.2978400180452,30.8873823326315,57.2416067008032,28.445914739078,82.9856318410048,49.3820644370128,62.4712422841331
"ENSMUSG00000069804",0,0,0,0,2.10666141213254,0,1.02150495768471,0,0,0.943296698588873,1.13281222425301
"ENSMUSG00000069805",1.37158349538709,1.06781950576385,3.53734017934754,1.09334603192434,2.112351987822,0,1.02350296233487,0.990620172131632,0,0.945948812800848,2.29755387721088
"ENSMUSG00000069806",13.5605188051919,14.9672177329309,9.70083207658423,7.68303634127632,12.7429227055942,16.7572167423674,11.323354746345,13.7791193107607,17.8446763763191,8.56376092480189,11.4997979339718
"ENSMUSG00000069808",36.3451071915524,25.6923758925401,44.1695081150909,13.5110385204849,15.9946604743693,26.2019987298169,17.9240236418775,31.3879939715938,22.4590288910541,21.2197593350703,23.5516889784931
"ENSMUSG00000069814",0.68296517269514,0,0,0,0,0,0,0,0.956430747910803,0,0
"ENSMUSG00000069816",0,0,0,0,0,0,0,0,0,0,0
"ENSMUSG00000069818",0,0,0,0,0,0,0,0,0,0,0
"ENSMUSG00000069823",0,0,0,0,0,0,0,0,0,0,0
"ENSMUSG00000069824",0,0,0,0,0,0,0,0,0,0,0
"ENSMUSG00000069825",2.68691161322653,0,0,4.40772279621114,0,0,4.16182914856835,0,0,0,0
"ENSMUSG00000069830",11.0266263375746,3.24260261831206,7.9929876934545,3.27668999939746,0,7.69258420441464,4.10367462335725,1.98332248267279,7.55252669049447,0,4.5682896124161
"ENSMUSG00000069833",9445.66959780577,4294.74908424601,9410.79049810852,4778.35668540658,7450.66103787672,2602.30204326997,6323.13363174003,2529.49296802164,7734.27754986559,5493.60200637683,6781.74142016187
"ENSMUSG00000069835",13.4658790358704,27.4441662624722,14.9760122205488,13.1931047852429,18.2521906240371,8.91974380866931,26.9722616255868,10.7714386506511,26.9280336500503,23.1451061125765,14.0083431908055
"ENSMUSG00000069844",64.4012615534634,60.7146216658013,51.2075085974949,47.4971616467557,48.2801686501252,76.1501105708488,64.8739965585028,47.8957388921549,67.7758086680332,67.3250399708838,77.4882739217351
"ENSMUSG00000069855",0,0,0,0,0,0,0,0,0,0,0
"ENSMUSG00000069867",0,1.10602614048151,0,0,0,3.64864138389201,0.967973147812969,1.01157781085526,1.93356784397646,0.980708072984599,0
"ENSMUSG00000069873",0,0,0,0,0,1.28763620345576,0,0,0,0,1.13538475921077
"ENSMUSG00000069874",242.092035465274,189.362513795079,160.204953441665,240.130082682425,144.710674387426,155.895362995256,195.489926807658,69.8763757401828,240.48305386621,370.759143167892,142.068139975816
"ENSMUSG00000069892",51.5044251656583,87.8362226255426,51.900258986671,4.76667169082376,12.8521624258001,6.99873646044642,35.7609997989401,10.469372155573,47.440838147018,8.81243818424106,10.5489279794092
"ENSMUSG00000069893",21.7390316336384,33.7293444208435,16.825717813573,14.2672720002619,10.4552532004531,8.97904429869664,13.5153963130913,0,11.1796643992147,11.4025504893862,12.4980187160582
"ENSMUSG00000069895",187.069031370698,160.021889984187,187.712241421481,208.256623068748,189.08753748839,157.662331124961,184.272351345914,201.395395118248,169.121807533256,209.014744672895,223.44957751148
"ENSMUSG00000069899",0,0,0,0,0,0,0,0,1.84047527462043,5.78014265309848,0
"ENSMUSG00000069910",76.188671566898,74.4113524187471,81.5668048080754,50.3469252529815,57.8517284381014,67.822297775703,105.140857962562,54.3166902253862,58.2307624961702,57.7474452482469,75.4205509962603
"ENSMUSG00000069911",0,0,0,2.1791567002766,0,0,0,0,0,0,0
"ENSMUSG00000069917",1274.00659571751,1588.75879739918,1825.03898545031,2047.75030845983,1370.50258131631,1479.07296989811,2214.28138238335,1509.59036137152,2115.05812292841,1985.98154319754,927.11891364259
"ENSMUSG00000069919",1608.05190865209,2197.87231980798,2375.97216768676,2698.43782455895,1946.03628472867,2093.34857239902,3029.23876045787,2254.53293783412,3102.45777447906,2787.79841076107,1169.88594246085
"ENSMUSG00000069920",19.5026897722418,15.058578924482,11.5479017579011,10.6902101708067,13.8270241422927,53.0391862706984,7.55225589132976,8.06325208079384,33.8889007688387,12.3565011845103,17.702401267217
"ENSMUSG00000069922",0,0,0,0,0,0,0,0,0,0,0
"ENSMUSG00000069971",0,0,0,0,1.05095675570364,0,0,0,0,0,0
"ENSMUSG00000069998",0,0,0,0,0,0,0,0,0,0,0
"ENSMUSG00000070000",60.0737579961991,171.771187971731,112.989290343139,23.2177866942136,20.1295129030092,214.846717481437,20.7052420073379,69.6778302853493,30.6984443064256,112.452617098303,27.2534649761268
"ENSMUSG00000070002",518.758405211142,473.475277771262,581.141266722949,564.698950363234,803.988804373134,469.488045118756,537.160245615905,576.445313268823,454.607265805145,684.443650993787,504.499053917364
"ENSMUSG00000070003",850.743833645879,683.462220863323,776.936620815251,773.439673975541,760.029484285997,932.849998340698,696.940874874965,696.884785845061,697.09123788438,850.360096243432,808.022009678416
"ENSMUSG00000070023",0,0,0,0,0,0,0,0,0,0,0
"ENSMUSG00000070031",246.154371054791,266.638794992747,204.081855308477,162.440031568958,163.747613931164,242.781554635971,183.659255884983,95.1109000375551,194.222753695321,177.896833051472,152.827046085487
"ENSMUSG00000070034",212.898435076197,349.285249038935,102.737325885265,115.769975370926,130.024567815912,266.109685548546,150.577460096137,65.3291585570962,151.725125540722,189.791411638079,113.62206350206
"ENSMUSG00000070044",49.6123947835658,56.2182811353296,49.0388942116879,36.245490129048,56.789034750991,56.6363214193071,39.0859730326071,46.7588011944167,42.0308365721851,34.0185072600425,46.6058129657794
"ENSMUSG00000070047",1781.07280017878,2725.94127674592,3051.19722737402,2574.70894938125,3119.91896090996,2385.77666031765,2149.40314801956,1994.30603412332,2334.84959897564,2945.12685716012,1872.72377050214
"ENSMUSG00000070056",522.941041660218,566.711089118804,615.284721448408,710.92897794399,745.528436142796,667.150649667151,607.753234134537,944.803252105849,869.717375071136,699.788636001391,947.518032221314
"ENSMUSG00000070280",0,0,0,0,0,0,3.28989823177753,0.554404553649644,0.52785146762118,0,0
"ENSMUSG00000070283",176.132127082238,166.470291060967,199.311040848725,156.430330303822,158.385324042868,177.496861461671,162.151351112413,189.072351611039,178.756314933662,118.236946864225,209.093148065428
"ENSMUSG00000070284",547.235451622566,581.12952350439,347.420267621144,514.785872032616,247.008914752669,649.46705137145,504.945477534056,450.318002828329,437.208745320415,332.171990920826,739.973366100656
"ENSMUSG00000070287",2.02550075514151,1.07733583013523,0.881565456687429,3.29854064541069,3.164753519571,0,1.04180251686422,1.9516644547793,0,1.91097906098973,0
"ENSMUSG00000070291",2.03817753980222,2.20699084705967,0.889602777473381,0,0,3.84513811407866,2.05627229015981,0.975081655605351,0,4.7017533082009,2.28921139882049
"ENSMUSG00000070298",0,0,0,0,0,0,0,0,0,0,0
"ENSMUSG00000070304",0,1.05767187296375,0,0,0,0,0,0,0,0.956702381991444,0
"ENSMUSG00000070305",58.3237487554376,27.9090044348621,47.1045158854076,13.9360671798755,47.3250835748544,29.015316761182,34.0649673060243,22.0412519681311,26.4700534431311,47.3932596966137,26.8506351030385
"ENSMUSG00000070306",10.6831248264639,6.57199648054735,8.24181840379748,10.6684335058392,6.15490773051584,8.04402187037278,1.63601134416415,1.51279533757251,7.28138496908136,3.24904070680963,2.89828093869497
"ENSMUSG00000070311",0,0,0,0,0,0,0,0,0,0,0
"ENSMUSG00000070313",0,0,0,0,0,0,0,0,0,0,0
"ENSMUSG00000070319",1712.93261627869,1748.4106565653,1464.8898983817,1666.16523453214,1485.92631071734,1677.32234616194,1633.36605261244,1484.19199448179,1492.89031266261,1469.9930077237,1919.46216796918
"ENSMUSG00000070323",5.99572338983804,3.63303024304723,9.49644002549885,4.27657646888348,6.17325789352531,3.73805440202452,5.05341319065865,5.74558248171027,8.19569486737588,3.19741500512468,6.69104330266735
"ENSMUSG00000070324",0,0,0,0,0,0,0,0,0,0,0
"ENSMUSG00000070327",5675.42828749591,3965.52371742321,4082.13306359551,4641.98226650021,2893.18600135187,4864.32072110152,3029.28083581675,2864.77115064536,4449.53023015401,3943.6502268899,6390.22425777384
"ENSMUSG00000070330",0,0,0.891636758543475,0,0,0,0,0,0.943656746631232,0,0
"ENSMUSG00000070331",0,0,0,1.08481141867189,3.17357978883382,1.2814350700558,0,0,0,0.934692287946854,0
"ENSMUSG00000070332",2.06873963870706,1.08150567684825,0,0,0,0,1.02419302537314,0,0,0,0
"ENSMUSG00000070334",0,0,0,0,0,0,0,0,0,0,0
"ENSMUSG00000070335",0,0,0,0,0,0,0,0,0,0,0
"ENSMUSG00000070336",0.677498948645189,1.09450176170752,6.21786885874318,2.20143884918826,3.12776301563735,2.57088561346005,1.0417728124551,3.91304888426406,3.71846011139432,3.81669772656169,12.5234183981815
"ENSMUSG00000070337",4.15833825818646,2.16826311617649,4.44030439894409,9.76724451305438,4.23597890998523,2.5669191026769,4.08476950334331,0,1.88905609149776,0.932065434426101,3.41567423422167
"ENSMUSG00000070345",2.0617374508607,1.0826482196972,4.42230972615352,0,0,2.56610137411893,2.04911123972154,0,0.943351141337657,0.940182623608493,1.14666339761669
"ENSMUSG00000070348",40.3462695416626,55.9894896175839,34.4385761625443,40.4625941619302,68.0439467156402,42.5787924510604,85.4799417690164,42.0993421933278,34.680732297718,26.5293754542902,35.4925451357293
"ENSMUSG00000070354",47.6377577707405,137.174330376869,23.6578589976537,34.2243174550251,110.717875588085,72.660789085824,71.6997848526265,25.3843312192888,72.4062916725341,42.6126749254179,60.1768113113208
"ENSMUSG00000070360",0,0,0,0,0,0,0,0,0,0,0
"ENSMUSG00000070366",283.969427644047,504.139661529373,331.351131288756,495.098966461892,261.783475500465,524.58325558255,126.456381989642,400.161474856588,368.764352815558,265.459476672267,277.757305133665
"ENSMUSG00000070368",2.10933782140506,4.32461609183922,0.889324554243775,3.26580311588606,2.23482373100706,2.52528755635165,1.01056122973291,2.91606373599674,1.8688151739082,2.65900610326924,4.73534431516164
"ENSMUSG00000070369",4.13550936848045,1.07883830037901,3.54835832972202,0,0,1.28776807097495,3.06563243604159,3.96696975749422,5.68472604064556,3.74762133213479,2.28557622970566
"ENSMUSG00000070371",46.6916734909116,41.9062032612534,49.8437788103424,78.4959626285485,53.2984867354888,42.5179103949954,54.2485752560463,59.0391728716267,56.1768950650484,59.5450575537736,46.6627196489614
"ENSMUSG00000070372",464.574427204873,377.688622095258,390.632010487962,438.083068090036,409.287942644862,415.307310540899,405.637925147809,364.5148485325,484.664836326137,428.665068530435,475.821629177148
"ENSMUSG00000070374",0,0,0,0,0,0,0,0,0,0,0
"ENSMUSG00000070375",0,0,0,0,0,0,0,0,0,0,0
"ENSMUSG00000070377",0,0,0,0,0,0,0,0,0,0,0
"ENSMUSG00000070378",0,0,0,0,0,0,0,0,0,0,0
"ENSMUSG00000070379",0,0,0,0,0,0,0,0,0,0,0
"ENSMUSG00000070380",0,0,0,0,0,0,0,0,0,0,0
"ENSMUSG00000070382",0,0,0,0,0,0,0,0,0,0,0
"ENSMUSG00000070383",0,0,0,0,0,0,0,0,0,0,0
"ENSMUSG00000070385",254.184216638135,18.0229708169892,7.54661966068854,36.9554725205808,15.3816197083618,2.3107841882702,5.85845489184939,0,0,26.5809312161074,3.21820143999716
"ENSMUSG00000070388",0.682350678131979,0,2.65043879616667,1.09441428260017,0,1.28784870125298,1.02303620144695,0,0.944853179705622,0.942654125402274,3.43731281084599
"ENSMUSG00000070390",15.2569281418412,27.6647729656722,41.7791069279158,9.64873760617599,15.8090147907305,15.8154312667295,19.8068833747052,17.3711088201806,15.04280013177,20.7869615767209,16.9480554941377
"ENSMUSG00000070394",405.722144394873,448.242540887138,441.308784742543,375.665997381311,319.539847499239,404.644116876888,383.611141391053,371.120734644468,368.393461520916,308.325934752335,346.521176992692
"ENSMUSG00000070407",39.2737424703611,41.0203623804818,38.0339083857437,52.1689693060926,39.1867578899167,43.7470402013447,30.93172102455,50.4452802809519,56.6621593581476,60.7770818732016,38.8215530211346
"ENSMUSG00000070417",0,0,0,0,0,0,0,0,0,0,0
"ENSMUSG00000070419",1.35609075157247,2.198371773265,9.8151836581949,9.89846589085137,3.13604177748005,0,4.14915028290801,1.9506370762567,9.28266725903188,10.4457010765681,3.4322427994661
"ENSMUSG00000070420",234.522332677497,277.048735143051,264.904115899005,285.777920458883,332.52381070467,321.013149502729,267.81768702869,302.648878753422,237.807683073939,280.224628024658,312.528292302748
"ENSMUSG00000070421",0,0,0,0,0,0,0,0,0,0,0
"ENSMUSG00000070423",6.16183607327664,5.35333738691317,1.76908217097724,2.19232727259754,6.36009838387689,3.82583120562537,6.19183800142482,6.89318544242595,7.48780333709879,11.4163418773935,6.90109577722574
"ENSMUSG00000070424",8.85693621271884,3.90206740870974,1.60071312786352,1.98032453223753,3.85323450902309,2.33540593533923,0.932113264404453,4.43770468540055,6.35460419633441,1.71432540498426,3.11178005663205
"ENSMUSG00000070425",101.06688740239,149.018820026624,133.058963553085,133.191099266167,108.083616711979,158.184928998669,132.24797294491,109.042011161639,141.519510952715,140.547026006244,154.945905264501
"ENSMUSG00000070426",426.26437535711,544.523853877302,394.689292731785,479.125600069155,356.411173985177,481.555188406581,412.208173364507,518.739953215164,415.704837928134,374.81115453713,479.000414547728
"ENSMUSG00000070427",70.5172300653925,74.4790660647023,58.7439763094917,70.6267408881298,66.2348888698866,73.9800118827664,62.3795883699573,62.4677229582675,92.1756572722707,52.066068049238,77.4511413533068
"ENSMUSG00000070436",682.131061204501,735.620895507408,887.077464752818,291.926943207839,1052.60175111262,1150.68870765651,410.017089606823,596.852169748675,737.639927374385,705.923358312132,797.925532912106
"ENSMUSG00000070438",0,0,0,0,0,0,0,0,0,0,0
"ENSMUSG00000070448",0,0,0,0,0,0,0,0,0,0,0
"ENSMUSG00000070458",0,0,0,0,0,0,0,0,0,0,0
"ENSMUSG00000070460",0,0,0,0,0,0,0,0,0,0,0
"ENSMUSG00000070462",393.958207922333,415.616408220747,485.379496653186,365.553557712844,495.592378590509,451.21020253529,601.898239317497,452.995609354598,268.716174145869,461.273954485459,290.940121029796
"ENSMUSG00000070464",0,0,0,0,0,0,0,0,0,0,0
"ENSMUSG00000070469",5.03160730446746,2.45471651324218,3.88217101668394,3.46513945769695,9.38293401642558,5.92534698075848,5.11041228445129,7.75646378010511,529.616464228171,6.48381556010259,2.59258376547211
"ENSMUSG00000070471",1.36500061710173,6.52956150660829,0.887635715653431,1.09586660586953,2.10647412385934,1.2814570435029,4.14000722005274,1.95975598744367,0.933411225420597,1.89381281554042,2.28811866292604
"ENSMUSG00000070473",1296.15084243186,923.270341953263,1795.9520012474,1175.70972517102,1372.93721244879,847.767775849134,1347.45257953276,1143.4641321139,1147.64717216669,1792.2448097015,857.363988368633
"ENSMUSG00000070476",10.2695949589682,8.62847294725142,13.2498659116381,6.55724517322596,8.4637370513354,6.47163717684384,8.21724053050151,12.7890229724239,11.294827413182,6.6030905829314,9.13481280678008
"ENSMUSG00000070493",3079.95728990007,3174.20120434418,3555.40984217317,2861.88768634348,2761.55452190305,3102.69070212685,3526.7316098755,3159.64763188204,2750.57106794416,2922.70400074067,2928.60213555654
"ENSMUSG00000070495",0,0,0.888711478704946,0,0,0,0,0,0,0,0
"ENSMUSG00000070498",0.690443472421638,0,0,0,1.05645469115371,0,2.04708464454517,2.96553436707558,0.946006361314727,0.936524261770848,2.2802953705435
"ENSMUSG00000070501",26.9596167776015,11.6136912979214,1.57140844597084,0.975733871332809,0,5.69094315980874,1.84563104683066,2.14570853524591,0.821006045594536,0,2.03170834853593
"ENSMUSG00000070504",0.689939267648385,0,0,0,0,0,0,0,0,0,0
"ENSMUSG00000070509",152.576890832581,140.636338305495,136.873211996352,149.218689978689,200.710346532602,137.620102572062,164.362369452323,166.224331604377,105.668392972231,143.845472327471,147.180780434653
"ENSMUSG00000070520",206.169921074263,257.488248291203,213.544389178174,216.791461409962,174.237664316296,238.227041715651,289.22242373559,220.513457509417,226.639086501286,249.044220511055,197.450203014613
"ENSMUSG00000070524",0.682432489401992,1.08363727922253,3.53241092630037,1.08784581290228,1.05657641365985,5.16137099064416,1.02780634499474,2.9599945353863,0.943700348433288,0.945973105391415,0
"ENSMUSG00000070526",0,0,0.873020648857031,0,2.12521718505123,0,0,0.981176967769551,0,0.953726145950908,0
"ENSMUSG00000070527",4.82394037059383,11.8539339062089,9.76488832803398,5.44131498877574,15.9247411455605,2.55771473970523,17.3923385286475,5.92675851780725,5.66674065962552,3.75718920054923,13.741547554444
"ENSMUSG00000070529",0,0,0,0,0,0,0,0,0,0,0
"ENSMUSG00000070530",0,0,0,0,0,0,0,0,0,0,0
"ENSMUSG00000070531",0,0,0,0,0,0,0,0,0,0,0
"ENSMUSG00000070532",0,1.08064173486522,0,0,0,0,0,0,0,0,0
"ENSMUSG00000070533",0,0,0,0,0,0,0,0,0,0,0
"ENSMUSG00000070544",1769.79569115603,1701.0676186656,1437.66757650546,1335.40975220056,1688.60149821992,1679.8204530439,1619.73881295003,1410.44708038939,1425.13494059141,1453.90327929602,1677.27767724496
"ENSMUSG00000070546",0,0,0,0,0,0,0,0,0,0,0
"ENSMUSG00000070547",0,0,0,0,0,0.740449671594076,0,0,0,0,11.8465514421605
"ENSMUSG00000070550",0,0,0,0,0,0,0,0,0,0,0
"ENSMUSG00000070551",0,0,0,0,0,0,0,0,0,0,0
"ENSMUSG00000070552",0,0,0,0,0,0,0,0,0,0,0
"ENSMUSG00000070563",0,0,0,0,0,0,0,0,0,0,0
"ENSMUSG00000070564",2.01711899875656,1.10685352699736,0,0,0,3.80554401393757,0,1.94669797819249,0,3.86695952896939,0
"ENSMUSG00000070565",91.310688048962,58.4485966144875,107.545881074181,77.5965034625982,47.4849758484055,25.9084444352969,69.3171121906082,53.6816292757213,84.9426017925451,74.6616854129637,82.7553431688534
"ENSMUSG00000070568",0.762599445241783,0.589911574208531,0,0,1.74178298430047,0,0,0,0,0,0
"ENSMUSG00000070570",3.42915030050989,4.31891547438072,5.31031899907647,5.45604067098724,2.11496773904822,5.16583793633454,2.04957704238352,3.94724999551923,0.94409508350744,1.87903720631162,1.14142469490408
"ENSMUSG00000070576",17.1736796637724,1.08699642838853,5.32653058405243,7.58047240104002,14.8505086192546,6.41045690521534,7.15683390623234,9.8937994251532,8.53498974008006,10.3038925529509,11.3990779868494
"ENSMUSG00000070577",2.04588666093798,1.07499647499502,1.76423299589018,0,3.16924394584112,1.29238503787559,1.02599148592075,0,0,0.943654855210962,2.28494931501628
"ENSMUSG00000070583",20.5175011750399,21.5263572578489,15.0460908196168,7.67481088302161,23.2651284231103,30.649301982551,24.8436984469541,32.4496055619752,31.7919411364448,33.2640151618465,22.9194647653418
"ENSMUSG00000070594",1.35697588225921,0,1.78603351538852,1.10158125019606,0,0,0,0,0,0,1.14153645743
"ENSMUSG00000070601",0,0,0,1.0895783501383,0,0,0,0,0,0,0
"ENSMUSG00000070604",31.8040686555773,27.7402894286293,49.3001843294265,73.0247249129855,69.0903351690596,14.0476177037352,26.1026938084763,40.847525309565,38.7680882331912,70.2168418876393,20.7792411386704
"ENSMUSG00000070605",2.76242390499329,17.8928601618842,17.2786223629512,10.8926283740442,5.22295982134433,2.54024102428856,6.07458655162249,7.77476943140996,5.57989860505537,3.71562364287188,4.63639336796868
"ENSMUSG00000070609",0,0,0,0,1.05103278893384,1.28181950363584,0,0,0,0,0
"ENSMUSG00000070616",0,0,0,0,0,0,0,0,0,0,0
"ENSMUSG00000070617",0,0,0,0,0,0,0,0,0,0,0
"ENSMUSG00000070618",0,0,0,0,0,0,0,0,0,0,0
"ENSMUSG00000070619",0,0,0,0,0,0,0,0,0,0,0
"ENSMUSG00000070637",0.669613420971435,0,0,0,0,0,2.1081152115007,0,0.927963048114911,0,1.16523481732073
"ENSMUSG00000070639",200.728014413198,144.790579986882,184.427263125636,175.277316885227,169.98978906716,111.919834133682,196.384156035065,178.805898615889,210.587658067188,181.780296360259,245.225119564531
"ENSMUSG00000070643",246.859037218321,352.529893234107,369.717892899371,543.950478395985,282.173165041045,319.99531530072,315.063446627664,371.079894215646,358.932408246685,546.597975547744,396.139729377706
"ENSMUSG00000070644",1.53667519554259,0,0,0,2.37565296498838,1.43538849160515,0,0,0,0.664393735502691,0
"ENSMUSG00000070645",0,0,0,0,0,0,0,0,0,0,0
"ENSMUSG00000070661",0,0,0,0,0,0,0,0,0,0,0
"ENSMUSG00000070677",0,0,0,0,0,0,0,0,0,0,0
"ENSMUSG00000070683",0,0,0,0,0,0,0,0,0,0.936304807445484,1.1405301388162
"ENSMUSG00000070686",0,0,0,0,0,0,0,0,0,0,0
"ENSMUSG00000070687",11.6335411460075,4.30465315826445,9.71578558229218,2.18705772453725,17.9841420666076,6.46133135719966,5.13483478662278,15.7574605660925,13.1770760963731,7.55774895068843,10.2914559265699
"ENSMUSG00000070690",0,0,0,0,0,0,0,0,0,0,0
"ENSMUSG00000070691",19.1510871244675,50.3152593928247,27.7277565178641,31.5346302750497,21.4531373631081,37.4525166691002,30.1078103124771,26.1075623396256,19.1603952268051,24.8814016228557,21.942860193975
"ENSMUSG00000070695",0,0,0,0,0,0,0,0,0,0,0
"ENSMUSG00000070697",619.739016371053,623.630562702367,644.75167031943,734.754938990839,642.462678197464,627.498580832842,674.823813230926,633.220989641042,686.247728880936,653.914835504236,579.718623430748
"ENSMUSG00000070699",192.254327552923,183.144389610795,157.019662340739,172.544923953564,177.124143157501,170.837396844672,213.685904257362,166.749569169929,143.993448547014,155.474753764677,176.975866949592
"ENSMUSG00000070702",4379571.84992047,5723036.93209831,5426253.49241658,6805398.02522409,4894959.57760939,6456473.7629945,5765803.43539597,7367590.89491908,5863991.73069621,5690772.95267361,6279358.53197538
"ENSMUSG00000070704",0,0,0,0,0,0,0,0,0,0,0
"ENSMUSG00000070705",15.0767641687467,14.9164691412322,25.4106075965276,31.0562605927031,30.1512160892766,39.9345482474688,18.8945720500192,30.1489547919096,24.8904356827374,38.6292133408488,23.3706018371455
"ENSMUSG00000070708",0,0,0,0,0,1.26952632305154,2.06894610924382,0,0,0,0
"ENSMUSG00000070709",38.9932932529019,79.7170656964664,50.3374418155787,60.2113288370135,40.9555490417992,52.2821832772519,67.5005873584882,51.9072913516885,56.5761012078262,60.0483006283928,41.5090730252059
"ENSMUSG00000070719",0,0,0,0,0,0,0,0,3.78240868418882,0,2.28370868810392
"ENSMUSG00000070720",5.39732025899676,5.45241071632884,4.36919307597231,4.34943157123405,13.8445495035607,7.81696287655027,5.09330844945735,8.79308064324326,6.62417897959948,8.53536834103904,6.92589933660549
"ENSMUSG00000070730",788.143997799139,678.567842282469,667.412208849176,798.476794572084,581.003473757864,718.314897219658,682.055762601279,700.248154976705,604.330820306297,622.229898453975,585.734131773166
"ENSMUSG00000070732",3.41435448477186,3.28521906847214,0,1.09929504627484,0,0,0,0,0.935613185299281,0,0
"ENSMUSG00000070733",522.220652806816,531.58078600444,551.136376695826,444.043461167838,499.585994332694,471.151633637967,525.07068261148,604.234039213987,589.482654049843,461.490803717519,551.803917150069
"ENSMUSG00000070737",43.3628425996571,46.020164848681,55.5924609206483,38.3977318903878,52.6291493143757,48.4284005317142,27.8959672202275,62.237175447898,35.8260395048332,25.4453457386433,39.8402091016561
"ENSMUSG00000070738",960.433215622085,936.828869932082,883.262327229717,1046.36121056733,1072.94180718156,1091.19739860526,885.786657909668,908.092117997608,998.351791619984,998.799099923256,1006.18237812511
"ENSMUSG00000070777",5.2855270128866,3.92796935710888,6.84569920781365,4.31638275954037,4.20561922895367,5.09083090386789,0.891867978153447,1.72513923133316,1.09839061994976,0.546086537838359,0
"ENSMUSG00000070780",1258.50146970286,1136.45432344273,1663.21376375718,1626.4028918414,1489.59002399059,1096.94828594927,1756.68703572228,1497.87979625372,1259.45952817085,1366.43763217504,1612.96982801097
"ENSMUSG00000070796",0,0,0,0,0,0,0,0,0,0,0
"ENSMUSG00000070797",0,0,0,0,0,0,0,0,0,0,0
"ENSMUSG00000070798",3.4292739365839,3.23585555428986,1.77399606722548,0,2.11754847603425,3.83648559037482,0,0.985039043771152,6.55557329669216,0.952361754675975,4.59084375603623
"ENSMUSG00000070799",0,0,0,0,0,0,0,0,0,0,0
"ENSMUSG00000070802",4.83176489156891,14.0384997883397,1.77430464712873,2.17672057653972,5.29179958710161,8.98189004699265,4.09081645832126,10.8729122288869,2.83509840100487,8.43840146855605,4.56912641351455
"ENSMUSG00000070803",946.705546549178,733.403469834141,961.153702111422,884.105922634706,519.630184335316,745.510956889755,726.454857726828,800.577073258614,1016.89472799516,1195.690340081,1089.47380428273
"ENSMUSG00000070806",4.0614959706116,4.29013328072928,0,2.19386683554262,4.22743196903881,1.28410110913215,1.0321852387944,0,4.67715574922773,0.948836766572016,1.14487843976321
"ENSMUSG00000070808",296.254134288298,310.376593717155,245.123723525841,311.1269326635,291.195456465542,382.109595040494,215.947701063475,370.323274233973,292.908368656148,330.821526524564,304.142938264425
"ENSMUSG00000070810",0,0,0,0,0,0,0,0,0,0,0
"ENSMUSG00000070811",0,0,0,0,0,0,0,0,0,0,0
"ENSMUSG00000070814",203.974050759623,161.115234726117,109.513068743701,78.0260036023555,105.226792762842,104.922932535506,79.2978327237636,92.8717058335392,102.366103836871,99.0665271681299,145.508258957811
"ENSMUSG00000070815",0,0,0,0,0,0,0,0,0,0,0
"ENSMUSG00000070816",0,0,0,0,0,0,0,0,0,0,0
"ENSMUSG00000070817",0,0,0,0,0,0,0,0,0,0,0
"ENSMUSG00000070820",0,0,0,0,0,0,0,0,0,0,0
"ENSMUSG00000070821",0,0,0,0,0,0,0,0,0,0,0
"ENSMUSG00000070822",31.2784570771749,29.7279288070024,59.7536028825768,36.3463364562995,49.105004666619,50.4000086152878,34.0259327678621,47.14608689419,89.3371831063765,66.8740559654174,22.7930443983182
"ENSMUSG00000070828",0,0,0,0,0,0,0,0,0,0,0
"ENSMUSG00000070837",1.72761701174114,1.94496548658231,0.745275755615867,0.925099469593931,4.46687222392688,3.2429935998282,0,0.835580144862868,0,5.10311185868781,1.94528090472313
"ENSMUSG00000070841",0,0,0,0,0,0,0,0,0,0,0
"ENSMUSG00000070844",0,0,0,0,0,0,0,0,0,0,0
"ENSMUSG00000070847",0,0,4.04331504407204,0,0,0.909640548805738,0,0,1.04390646594598,1.05219780699082,0
"ENSMUSG00000070852",0,0,0,0,0,0,0,0,0,0,0
"ENSMUSG00000070853",0,0,0,0,0,0,0,0,0,0,0
"ENSMUSG00000070855",0,0,0,0,0,0,0,0,0,0,0
"ENSMUSG00000070856",0,0,0,0,0,0,0,0,0,0,0
"ENSMUSG00000070857",0,0,0,0,0,0,0,0,0,0,0
"ENSMUSG00000070858",4.17549579751377,6.7974987121157,9.15618857531135,6.24277678008089,5.75072710252349,4.9234108428409,8.85155693312996,5.42058757213601,10.31363042972,7.19834489317072,4.30540825897284
"ENSMUSG00000070866",1.36245279830614,0,0,2.18456469285779,0,0,1.02983255691057,0,0,0.941076655600463,0
"ENSMUSG00000070867",20.0129114245281,11.8928784408479,12.4259395974337,13.0612227013249,32.9785484727473,14.1032429221967,13.3196088105375,24.5668455630386,16.0147666153304,17.8252370301829,11.4309568374173
"ENSMUSG00000070868",0,0,4.24941694388219,0,2.95339662837136,0,1.93256211468136,0,3.36161046354757,0,0
"ENSMUSG00000070870",0,0,0,0,0,0,0,0,0,0,0
"ENSMUSG00000070871",41.6601674728599,26.2142929276746,33.4351118651812,38.710029374244,46.1384694537837,38.7293196403148,32.8359230033563,28.6689513349238,27.6830668692994,51.3079134232047,41.3148587968584
"ENSMUSG00000070873",34.360041101533,44.7242361046556,48.6626858877585,36.1020600029181,22.2431195230537,37.0180943158309,29.6893107134163,50.5327525301781,41.4371952061712,26.5480955735715,25.3620040251785
"ENSMUSG00000070875",0,0,0,0,0,0,0,0,0,0,0
"ENSMUSG00000070877",0,2.13632070378722,1.77329704287956,2.19715800722059,2.16382653516187,1.27338037512092,1.03467129202835,0.977916347559634,3.74327006984727,0,0
"ENSMUSG00000070880",2.97254974511654,2.79364152647784,0,0.946701579243669,0.91320526950325,2.21963242042723,1.77728542674344,0.857843438115579,3.26649784920273,10.2978992154834,1.98263649678363
"ENSMUSG00000070883",27.9312099219659,37.6479715878809,30.4797069870718,19.731906317167,12.511113690799,19.2148316115537,29.8688022365298,28.2651754703337,25.9930369850228,16.0374453253368,20.680295060435
"ENSMUSG00000070890",0,0,0,0,0,0,0,0,0,0,0
"ENSMUSG00000070891",3.9652045023582,11.7930740226273,4.41577685546201,1.10969711703543,4.38338881639627,10.3246056355996,7.29739830564472,14.5302661579983,7.37111429411079,8.38146286334015,12.9269523606673
"ENSMUSG00000070902",0,0,0,0,0,0,0,0,0,0,0
"ENSMUSG00000070904",0,0,0,0,0,0,0,0,0,0,0
"ENSMUSG00000070923",463.331373602005,336.675294839063,433.611837328739,418.701764985419,443.838801293343,356.106113824918,337.877428512138,438.67099029459,413.318724682954,473.016882994379,322.3365279996
"ENSMUSG00000070933",1.31439677943357,0,1.75855391166101,1.10863675799342,1.07545012430309,2.57935883136868,0,1.94267228947636,0,0.969267046471586,0
"ENSMUSG00000070934",980.788637128815,1073.11157235519,949.926372773831,1117.72783087434,957.692839577421,1215.6164927071,1057.15831464329,1005.25208821688,967.684863305393,899.281977407099,1151.43148142415
"ENSMUSG00000070939",444.344906773274,463.446455079736,483.328107214753,522.334915139208,440.309499522911,491.948044652737,488.646249057134,510.369068099697,506.100076344624,460.24055381817,630.980761138202
"ENSMUSG00000070942",143.25151361764,74.7243268972852,88.4682204000838,93.8188681445875,172.360980761039,67.8574257835456,92.3621379167489,83.1732894093518,201.723946099457,110.327454064206,96.9218071453716
"ENSMUSG00000070943",0,0,0,0,0,0,0,0,0,0,0
"ENSMUSG00000070953",167.875164028601,183.951500756602,197.115294549901,206.139258493067,191.518750447809,201.343359033111,211.881679133355,194.38218553058,205.432905611773,170.363815401659,374.392771875605
"ENSMUSG00000070972",158.623676003148,193.922565667498,155.692378480606,131.655133793496,136.776308701147,160.141620621733,204.032060562988,130.854665660018,129.448439841518,204.798337585268,176.50675455419
"ENSMUSG00000070979",0,0,0,0,0,0,0,0,0,0,0
"ENSMUSG00000070980",0.687671860965546,0,3.55048595238966,0,0,0,1.02728980627924,0,0.942484602328796,0.942291442137679,0
"ENSMUSG00000070983",0,0,0,0,0,0,0,0,0,0,0
"ENSMUSG00000070985",0,0,0,0,0,0,0,0,0,0,0
"ENSMUSG00000070990",0,0,0,0,0,0,0,0,0,0,0
"ENSMUSG00000070999",0,0,0,0,0,0,0,0,0,1.8727338905821,0
"ENSMUSG00000071000",0,0,0,0,0,0,0,0,0,0,0
"ENSMUSG00000071001",16.8786451538548,9.70606547583449,19.501116484695,14.3600894301769,23.4732825313806,14.0363968493806,16.5552962586618,14.4259288834111,10.137989281112,13.6960082395019,23.4872541611893
"ENSMUSG00000071005",0,0,0,0,0,3.84573671705694,0,0,0,0,0
"ENSMUSG00000071014",296.485522444585,371.839586576512,257.606359615802,319.329635159161,301.868081451777,365.934357525754,276.66426056522,345.847225068412,309.76864422397,282.97316682604,290.74762028086
"ENSMUSG00000071015",0,0,0,0,0,0,0,0,0,0,0
"ENSMUSG00000071019",8.01679910288111,2.20761898802121,7.9877725748994,1.10815021715105,9.32883118009178,0,9.46179748002483,6.81247111396443,8.30556422687073,4.82032508211221,7.97973734086091
"ENSMUSG00000071036",0,0,0,0,0,0,1.04229822216796,1.94543113398312,0,0.939178134679846,0
"ENSMUSG00000071037",38.6169488341517,35.4075764408103,42.357292675675,23.1150424969273,31.7923103309256,28.1543935615665,27.0397513187688,42.1338312144064,39.1166212545277,33.5284708715589,27.5670061060026
"ENSMUSG00000071042",64.2898182323439,100.585392256638,11.9047291145876,96.8078694282715,197.018449534202,196.41696731497,84.4470189784608,191.185424276505,77.3001701773635,201.218422196826,59.3355286562322
"ENSMUSG00000071047",0.689939267648385,0,0,0,0,0,0,0,0,0,0
"ENSMUSG00000071054",2206.28686300128,2104.42697692096,1719.37339337039,2110.45262402324,1808.43762383223,2204.92077009305,2204.82183113804,2099.15470692079,1972.2144607913,2281.62664282948,2417.53652482812
"ENSMUSG00000071064",368.607016997765,264.690144741991,285.513576475273,302.797521451763,307.124016941598,248.197768071846,252.152378110378,231.962784746588,502.522920612444,293.502761267276,424.539970885466
"ENSMUSG00000071065",0,0,0,0,0,0,0,0,0,0,0
"ENSMUSG00000071068",7.44584262066402,27.2660923744346,0,0,0,22.3518340824706,0,1.8980719650852,0.904395710257637,4.54760389316894,0
"ENSMUSG00000071072",432.35737090224,376.504124582426,436.071479101506,429.478595499535,433.486707082683,413.941377310152,398.81734572304,381.881454191891,419.544875029383,387.796016574202,494.718344253784
"ENSMUSG00000071073",6.52742445122661,4.11231849339054,11.9019660200497,1.04253600085228,5.90354396807963,8.5511362108885,5.89342956126394,8.43949638563656,7.65387317425469,12.6639317224825,13.1613646646025
"ENSMUSG00000071074",1568.12731814684,1647.73234742256,1865.22223819302,2045.085104097,1838.80227235218,1744.36779295005,1802.59009409789,2052.12616582472,1762.89435024122,1885.47969647876,1614.97739507341
"ENSMUSG00000071076",10378.9060372618,9453.79245039523,14904.6266384482,13127.127980447,10986.2355718322,11094.3801585677,11912.0767873224,12564.9224413493,8832.51831289368,14513.9552745248,10643.1190630029
"ENSMUSG00000071078",154.537375042998,243.535980816083,182.602405910513,178.945396647414,210.766532945469,163.618314141925,156.51285948985,153.783467042645,171.23843138399,110.38945105161,271.465724854975
"ENSMUSG00000071089",0,0,0,0,0,0,0,0,0,0,0
"ENSMUSG00000071103",7.12769401492892,28.7314632915986,10.1756041993321,10.8129521080188,14.9589851427545,12.5647156161691,12.1439169451051,12.9747931369767,23.1566203097931,11.1453439223018,8.10846780617129
"ENSMUSG00000071104",0,0,0,0,0,0,0,0,0,0,0
"ENSMUSG00000071112",2.05386866410993,5.30927666846264,3.49503410217339,5.72518305897861,3.28705339592071,5.10380558634476,1.03121663934848,4.77452664001551,2.73612868244524,1.84316032364343,2.37642538693187
"ENSMUSG00000071113",0,0,0.884658458366506,1.09038243548202,0,0,0,0,0,1.87992638600599,0
"ENSMUSG00000071138",0,0,0,1.09613387149064,0,2.55869111248226,0,0,1.88597753749066,0,0
"ENSMUSG00000071147",0,0,0,0,0,0,0,0,0,0,0
"ENSMUSG00000071149",0,0,0,0,0,0,0,0,0,0,0
"ENSMUSG00000071150",0,0,0,0,0,0,0,0,0,0,0
"ENSMUSG00000071158",0,0,0,0,0,0,0,0,0.94676288413655,0,0
"ENSMUSG00000071165",0,0,0,0,0,0,0,0,0,0,0
"ENSMUSG00000071169",0,0,0,0,0,0,0,0,0,0,0
"ENSMUSG00000071172",492.434640909828,528.567660380518,394.528986991758,433.68008306334,417.028143328932,482.278797076956,374.82966665826,327.620186567795,313.688687250696,383.515755243583,534.397334562357
"ENSMUSG00000071176",125.667645932159,116.704932330245,101.638404043008,74.7993444187334,104.450091845532,118.716381064282,117.213959951957,102.659111462403,90.9581619128072,110.841987931681,98.6986224484484
"ENSMUSG00000071177",2.06323315455543,4.29424216329954,0.887338872352269,0,0,0,0,0.995072265954363,1.89433262183167,0.944264982941261,0
"ENSMUSG00000071178",44.616456463811,180.088305031057,23.9191943196805,21.8828706757677,0,129.606137445769,42.9941785587718,0,36.87110529479,18.8571307882928,21.8094562099208
"ENSMUSG00000071179",0,0,0,0,0,0,0,0,0,0,0
"ENSMUSG00000071180",41.9714810010755,34.5747598193545,31.9882696089413,30.5030982765638,39.0102529122625,29.4790570357049,24.5833632369741,32.7505471653789,28.3981426285759,20.8995237884147,29.6468632735157
"ENSMUSG00000071185",0,0,0,0,0,0,0,0,0,0,0
"ENSMUSG00000071192",22.4651724197356,51.1096785238893,24.546993639566,27.875534862854,22.1048855840742,42.1606217147218,28.3885058120079,30.9936658023294,16.7205575813141,23.1023497782825,15.8117277206642
"ENSMUSG00000071195",0,0,0,0,0,0,0,0,0,0,0
"ENSMUSG00000071202",0.686264696196153,1.07896536966236,2.64939288700899,0,3.17150735324277,2.58131256581753,1.02499037124262,0,0,0,0
"ENSMUSG00000071203",52.8617851091771,65.1409606133313,70.1701915544991,45.9253323064613,30.4431438179031,55.0929018227323,43.2632189294689,24.6657320023968,38.490108919523,38.6427475406034,33.1225485444286
"ENSMUSG00000071226",170.065993089889,242.334970801831,215.621976203075,258.023495369505,288.54450163648,198.200676635932,262.168100864005,315.867650842209,278.107348841485,391.953120928562,253.454863550713
"ENSMUSG00000071229",1.38461717540706,1.07994842311949,0,1.09480838593256,0,2.53808386179722,1.02148786024175,0.965786541100352,0,0,2.3570341895381
"ENSMUSG00000071230",2.66051105000852,1.06493050209898,1.76729061252532,1.10821498939051,3.22157625411059,3.87595669567589,0,2.94762646850063,0.932998089045641,1.94036907756329,0
"ENSMUSG00000071234",0.680974223555127,0,0,0,0,3.83912201447288,0,0.983643949417419,0,0.958987919089091,0
"ENSMUSG00000071235",0,0,0,0,0,0,0,0,0,0,0
"ENSMUSG00000071252",50.8484552076063,80.1159600396597,43.5712420982894,47.3753784510574,37.3589290909229,40.9748192114998,51.5152307548312,77.8201462636008,66.70587379202,60.5555669615776,52.6538231989683
"ENSMUSG00000071253",474.632242668233,636.278971817351,528.97261419872,690.230063390779,625.701500421533,445.403879564037,629.095219417608,832.964575145051,834.603061867299,878.190755029452,831.00977952225
"ENSMUSG00000071256",74.174987713807,73.3907756959376,58.5845193886713,39.1905553130092,64.9284109356454,72.9864146105025,59.4668143963547,38.4012399183586,72.6129867522404,47.9405378532717,78.978559759041
"ENSMUSG00000071262",0,0,0,0,0,0,0,0,0,0,0
"ENSMUSG00000071266",164.973916572416,151.292011597832,177.40596283952,214.961478093224,140.864146580411,195.207772971041,181.139852539912,258.864567020038,229.875620480592,182.275846903687,211.084407274285
"ENSMUSG00000071267",103.48847852189,106.403040409874,86.8027225049014,92.7662899523535,78.3107622805425,88.7507866031948,88.0643389158693,88.2237607908752,100.478130882651,100.457253268153,94.6535652603746
"ENSMUSG00000071275",0,0,0,0,0,0,0,0,0,0,0
"ENSMUSG00000071276",0,0,0,0,0,0,0,0,0,0,0
"ENSMUSG00000071281",54.2728205014959,41.8912199670843,64.2618796390396,40.9401128174907,69.3679715962246,30.7643061125577,48.0530043347493,62.4827247237024,49.7884051607305,31.2528422224193,40.3268426755072
"ENSMUSG00000071291",57.1919343098006,40.143339017735,60.508958421583,43.958733989918,57.6821269311515,51.5456072018619,39.1984295898392,48.0109308480516,35.5578589763547,39.6658819128654,40.0755410434366
"ENSMUSG00000071302",60.1781255966419,93.3640979302454,121.108528648903,33.0089360469748,115.560929270751,84.0783532821554,52.0362674652593,66.0677527053617,70.5117580367461,99.661469130873,94.8911499500113
"ENSMUSG00000071311",15.6887728791564,18.296490491746,22.9351267575578,20.7983401250955,21.175014117315,20.722460780452,6.17266366202016,23.5861403469248,15.9769566042305,16.0968810590533,17.150957463608
"ENSMUSG00000071317",12.1193121971762,5.42107268639305,8.8346461241028,7.72572116707513,7.35843612981518,1.28568614434684,1.04635585165093,1.9533786144386,7.42567885602311,2.88021061006838,3.42423022681796
"ENSMUSG00000071322",0,0,0,0,0,0,0,0,0,0.936366945291052,0
"ENSMUSG00000071324",7.15440898513199,9.40152795032456,1.40939768585491,6.91876861602184,1.6760090192556,13.2273737326001,4.86607995096569,3.93765869864925,6.75868021354058,28.166993465882,12.7185669143998
"ENSMUSG00000071337",113.698695623758,125.845032077585,100.704713692979,97.5729189643207,104.302139379504,117.954279675209,126.067662956184,131.101678156785,147.832356348365,73.0378535614243,126.939072628036
"ENSMUSG00000071340",0,0,0,0,0,0,0,0,0,0,0
"ENSMUSG00000071341",0,0,3.55484591481978,0,0,0,0,0,0,0,0
"ENSMUSG00000071342",2.65346603332057,0,0.885079122550638,3.33945294942345,0,0,0,0,0,1.91432854812693,0
"ENSMUSG00000071347",82.3294554286705,66.5677305865409,92.0345316727107,112.521458240622,77.5327949066629,80.806669429703,79.0575191815367,111.18918194903,85.5562643745088,97.4515830289395,111.260805672884
"ENSMUSG00000071350",101.40208434082,78.2005333159698,76.2730879393472,69.118908163819,52.7438156022886,72.7943780468013,80.2480199502955,56.3118972790465,74.9154328509763,73.3937791988763,156.058372121275
"ENSMUSG00000071356",0,0,0,0,0,0,0,0,0,0,0
"ENSMUSG00000071359",111.163598077576,87.1893483777448,119.397260047752,122.400655552358,101.458166412169,88.7930175996125,146.791284085976,122.082951205993,107.128964651454,129.63074442632,88.0785375861383
"ENSMUSG00000071361",0,0,0,0,0,0,0,0,0,0,0
"ENSMUSG00000071369",566.455150662001,537.209263101327,480.90161348087,470.325353344363,609.42611322755,501.782256475153,504.890623912934,572.522212548553,578.184188111834,622.575833216604,441.968720953618
"ENSMUSG00000071379",43.1748301495082,57.4248121459169,36.8198367012995,64.0665519746311,51.2250826626338,49.3401599383207,50.891873865115,35.2124879330695,46.6217392347661,50.0873705372451,58.974304963671
"ENSMUSG00000071392",0.689939267648385,0,0,0,0,0,0,0,0,0,0
"ENSMUSG00000071398",0.689939267648385,0,0,0,0,0,0,0,0,0,0
"ENSMUSG00000071415",7403.51280435583,10226.8055611722,8730.07290320025,9903.82297785073,8473.01003626227,10048.844101645,9293.33568034301,9375.51413020034,9211.87057309364,8158.35334325476,9460.55348054588
"ENSMUSG00000071424",0,0,0,0,0,0,0,0,0,0,0
"ENSMUSG00000071428",0,0,0,0,0,0,0,0,0,0,0
"ENSMUSG00000071451",40.0810505262755,44.3286595396796,29.2841364665314,33.3858175177246,51.5429572541702,19.7643058083351,42.5470480055923,25.1471206406518,31.973472472669,35.3906666221896,38.7119971356014
"ENSMUSG00000071452",0,0,0,0,0,0,0,0,0,0,0
"ENSMUSG00000071454",550.038610729215,744.351147164602,1219.1394523561,899.423896004308,546.292708026408,761.770183532583,636.470777044295,778.074967753186,640.606846778527,740.438377838792,741.105827296552
"ENSMUSG00000071470",4.00931038005094,3.24306608582546,7.0560475739438,8.85952633588092,5.26158903209257,24.450828645505,4.20126031247322,1.94838958900818,4.6228130545504,6.76394413253254,1.14489166766556
"ENSMUSG00000071471",0,0,0,0,0,0,0,0,0,0,0
"ENSMUSG00000071477",469.513999774821,561.933053903147,558.3167986128,586.694428285825,644.002789561804,643.296664391514,571.838160193877,568.131106462089,590.046117387392,628.849966333332,561.012602609591
"ENSMUSG00000071478",33.316332928522,65.2011962926782,23.7338693149536,59.7981492400728,55.4923683320794,7.74602465175421,22.0678566395471,2.91932193021314,27.6006711676092,0.951659510048053,17.5471853806586
"ENSMUSG00000071481",0,0,0,0,0,0,0,0,0,0,0
"ENSMUSG00000071489",2.06129713683945,0,1.77297743644717,2.18862184587718,0,2.57786837985516,0,0.98380447137457,0,0,2.29403842224432
"ENSMUSG00000071490",0,0,0,0,0,0,0,0,0,0,0
"ENSMUSG00000071491",0,0,0,0,0,0,0,0,0,0,0
"ENSMUSG00000071493",0,0,0,0,0,0,0,0,0,0,0
"ENSMUSG00000071494",0,0,0,0,0,0,0,0,0,0,0
"ENSMUSG00000071497",170.962025350731,177.863640050903,173.152704200731,216.253915673871,190.901635514482,180.717633943029,186.373354350737,185.119378993331,184.72328956219,168.690351789798,179.340068863417
"ENSMUSG00000071506",54.6404571825387,71.4610804567439,55.46151687202,62.6799819189079,63.6402150058144,67.862197136854,58.75193261819,65.2545867372887,53.6569009047091,65.6152905013434,61.00274198034
"ENSMUSG00000071510",0,0,0,0,0,0,0,0,0,0,0
"ENSMUSG00000071516",5.25031308323811,1.07382602850701,0.883106294044205,1.11250553513478,1.0931286619196,1.29698759391251,1.0557207479231,3.91046968874874,0.924286448789985,0,0
"ENSMUSG00000071517",0,0,0,0,0,0,0,0,0,0,0
"ENSMUSG00000071519",0,0,0,0,0,0,0,0,0,0,0
"ENSMUSG00000071521",0,0,0,0,0,0,0,0,0,0,0
"ENSMUSG00000071522",0,0,0,0,0,0,0,0,0,0,0
"ENSMUSG00000071528",87.6222869913449,83.2094135846221,79.9840330834451,70.8225927589895,68.3121891207363,67.9413486680059,68.6400200691198,86.3567750644641,66.2734018895585,76.7820895138663,69.5677216076508
"ENSMUSG00000071531",1.00878190732895,7.26831751339262,1.95727465799077,0.797551883686337,15.6834329351264,0.928773629515902,2.99805286362285,2.88049129393042,1.38113580046243,2.06254184857778,1.68525577266322
"ENSMUSG00000071533",603.988326844979,597.548947340839,593.248635282162,558.788338055356,597.062705577008,519.26313324689,757.597502541655,725.80286635416,566.574693100535,705.868260712316,474.68680150213
"ENSMUSG00000071537",5.57130168831204,1.60842515648651,4.41555788874734,1.20759814392322,1.19070776384834,3.30957022897461,1.56086439585855,1.45964083816474,7.16622349485367,2.63217354588493,1.28125803060111
"ENSMUSG00000071540",111.485430609487,7.55312547248545,2.66187520998413,18.522671079652,24.2938575166626,6.4269085403646,2.04294957833628,0,0,8.4210550421982,1.14228984056552
"ENSMUSG00000071547",46.8493611465542,50.4060632694522,31.1811960146123,46.1314612668697,46.3695021948997,55.6130849086689,38.258177194992,48.5966851963783,36.1181441910432,47.7751207696896,22.1371312155087
"ENSMUSG00000071550",0,0,0,0,2.10656763463014,0,0,0.990413604879926,0,0,0
"ENSMUSG00000071551",0,0,0,0,0,0,2.09504247088688,1.94210330094798,0,0,1.1401251887225
"ENSMUSG00000071552",16.1971383868243,28.6741254842072,7.04445440301972,2.20094416506202,6.3595595418838,15.4518181010748,4.11576610225764,3.95463229030282,7.51963482218707,12.4244973971091,3.46320501005271
"ENSMUSG00000071553",0.689939267648385,0,0,0,0,0,0,0,0,0,0
"ENSMUSG00000071561",4.80419820613483,1.0749635775519,3.53616722263372,1.1022236298281,12.1050319333472,1.27517651975127,3.05728458928383,0,0.926349033434846,1.80280039333316,8.21506975278248
"ENSMUSG00000071562",1.13745929436235,0,0.954058686152009,0,4.7504585450544,0,0,0,0,0,0
"ENSMUSG00000071573",16.9852714125052,8.15072736417783,8.42428317335824,12.5155166502375,17.1587454943066,6.0630717506198,8.83880226753439,2.81240654921867,3.56348975613915,10.870312985165,18.8040149931976
"ENSMUSG00000071586",0,0,0,0,0,0,0,0,0,0,0
"ENSMUSG00000071604",84.4912552844684,122.558978524915,131.769737899823,153.111293538492,156.683255177538,129.084534764513,87.6913214003084,268.551836888003,117.403882466561,161.11913915646,104.122965699957
"ENSMUSG00000071613",0,0,0,0,0,0,0,0,0,0,0
"ENSMUSG00000071629",0,0,0,0,0,0,0,0,0,0,0
"ENSMUSG00000071632",69.6718385779225,54.6946039486994,56.8575197287755,87.5925755034755,45.753934677408,62.5544757500166,54.0612196925096,77.9490578038101,79.9779055644157,55.4676032413877,61.074081288056
"ENSMUSG00000071633",0,0,0,0,0,0,0,0,0,0,0
"ENSMUSG00000071636",0,0,0,0,0,0,1.0244779114794,0,0,0,0
"ENSMUSG00000071637",2359.07589295056,1152.65474685814,1370.67986700694,5057.06109741404,3405.42757746278,2079.01512261312,1434.48517422676,3083.26396055201,1772.28813910844,2357.04029098321,2474.61044991886
"ENSMUSG00000071644",6953.08189880149,8977.03370119259,7685.09463548426,9128.38249875347,8156.22258416188,7951.95188550313,8576.06782682432,8053.55827393342,7886.98684985554,7344.16755908378,7672.06393183776
"ENSMUSG00000071645",397.996848781067,454.82900821518,327.740747664664,368.607541176574,432.966278108492,427.378512679863,452.100321955729,364.880535150494,416.21036483751,421.558911098899,517.862823131758
"ENSMUSG00000071646",2094.35520878651,1868.44291272258,1770.3613262379,1561.29769210016,1780.17806313665,1834.84797206168,1733.53118514348,1582.27055182506,1932.70360032934,1945.73526302673,2064.38145243106
"ENSMUSG00000071647",816.60885137132,817.040365058387,912.163115028112,762.696587654254,825.782471179995,828.660774324114,693.326729382352,799.488576099842,900.811485868529,820.352354507695,947.999996332602
"ENSMUSG00000071648",29.9595286861358,45.1841228787984,37.1417389884134,21.8526057834368,38.1927395676811,18.0394750231131,30.8356162140351,37.4567800638959,22.61453841584,30.2561510816571,27.4798031751165
"ENSMUSG00000071649",756.029116164993,757.47745027947,837.765976992624,790.365293737664,667.868228495821,856.634558820357,862.345507027428,830.37295473257,666.353271525007,851.388094868245,797.773928924036
"ENSMUSG00000071650",3372.03509062705,3318.85012816008,3026.50556405595,3222.52088033008,3129.00763123551,3530.2832276225,3171.15238776173,3843.44509039521,3010.95739855548,2998.61111103134,3444.01092444086
"ENSMUSG00000071652",546.712068602959,490.907290407893,497.442122868228,483.089222060375,494.649073675343,541.792633376318,517.746039895046,458.548510654063,493.092128699006,578.906661510021,662.683613654304
"ENSMUSG00000071653",131.651695647362,150.209723605774,99.5299554923931,115.040909791633,91.2318494589061,172.810579920482,120.265534556377,74.3088649773046,132.34859745352,92.1552350871235,132.170342862833
"ENSMUSG00000071654",173.260489206778,175.1479066517,173.894921360519,196.693533060313,185.070752907449,160.740460231428,167.47905249892,168.342399228478,183.334751939851,185.581882045641,126.461598665138
"ENSMUSG00000071655",1595.7238375718,1715.3619750035,1897.43972397527,1884.81132348336,1774.98853842122,1639.71361284244,1814.43603067647,1779.59264058325,1602.21543744184,1813.31292585894,1420.110478977
"ENSMUSG00000071656",26.5222144723385,3.22270011756071,15.8468504162774,6.57530122899761,13.8415673103443,14.2346393534928,15.5097439629521,11.7028213221547,19.5989456662716,1.90801775411334,32.114053847816
"ENSMUSG00000071657",2294.72794726839,3168.41953599767,2702.95025000824,2888.98845939451,2463.0731866614,3327.8847803614,2761.2456578604,2682.95227207429,2278.40849700922,2290.43825026731,2133.75514198592
"ENSMUSG00000071658",0,0,0,0,1.06676150355218,1.26291989664986,0,0,0,0,0
"ENSMUSG00000071659",3550.19013611739,3500.50109221399,3354.79984216682,3077.91691676376,3203.27283285335,3272.31216778539,3414.11346758666,3269.08957142991,3398.38734072958,3275.34685522367,3575.13476301817
"ENSMUSG00000071660",119.545593472373,76.3081852541704,96.3111160229997,93.9380923781843,86.6255445900805,95.4386211972596,105.34542110348,76.3740885066663,115.733034430986,81.0334954080723,120.806525902708
"ENSMUSG00000071661",21.2101373778887,19.393682611175,23.8742984325727,18.5820300345075,17.9434688351846,29.7500823972856,32.7756822624471,11.8689720521518,29.2967406889009,25.3828452037408,14.8483125713018
"ENSMUSG00000071662",237.545935443016,306.485797541559,207.90689849035,277.481604474556,263.88638207331,208.896411276319,251.025162496875,239.600696141065,249.454130847286,206.456719707643,218.116315790139
"ENSMUSG00000071665",0,0,0,0,0,0,0,0,0,0,0
"ENSMUSG00000071669",106.859084880636,91.6276131186505,84.1339207786469,89.4257055510776,90.6616547642341,109.152156643403,59.2015565301179,123.759299782742,109.520485521574,90.6171399020391,92.0961745871539
"ENSMUSG00000071679",0,0,0,0,0,0,0,0,0,0,0
"ENSMUSG00000071686",0,0,0,0,0,0,0,0,0,0,0
"ENSMUSG00000071691",3.78662582367684,2.37573669594091,1.95338803344278,3.51716733370605,1.16247476210613,4.23689995957658,4.52576390066597,10.5272137474792,3.81157103786391,3.03246875094463,3.77959691926407
"ENSMUSG00000071708",56.2938905161879,82.5379537580144,22.0701905793088,18.8075057873155,47.200140416478,42.4945300454798,25.242480694965,22.4252566661966,17.5967878143225,35.6546653764223,33.0029585956458
"ENSMUSG00000071711",317.835643281447,468.678578584829,615.550810718692,317.642163093801,412.745902377493,465.021025079035,431.249197000598,702.327808109375,255.207044885538,422.453298181563,318.579507957488
"ENSMUSG00000071713",646.847134913645,737.690018938566,479.989546325437,552.150504659852,316.079969854384,1127.42131210057,495.291778018582,632.985902824134,952.834407229592,904.714892870333,1204.04448491539
"ENSMUSG00000071714",86.7161302330917,127.626767138425,78.2390589466816,53.6693749719338,131.853926465646,197.404067461561,57.0482854522764,71.1010575910937,68.0140407187725,118.218117789939,69.7830883212252
"ENSMUSG00000071715",51.1112132129258,145.169406755989,34.4188514084626,47.088767190478,39.1604660884896,95.7635248206898,29.8051077743984,43.3252783796053,40.4702427923648,49.1926217491822,35.4670369456678
"ENSMUSG00000071716",18.4396406218065,51.5615633815171,4.42170079647542,4.38401665664751,14.7959163983876,24.3773826373238,13.4004009320472,8.87091357955523,9.38378301237533,19.9263689607268,11.4646421979817
"ENSMUSG00000071719",0,0,0,0,1.05855734456885,0,0,0.985479556512449,0,0,0
"ENSMUSG00000071722",3.38677242908278,3.1857329531516,7.05181249023431,3.29780968682998,7.42107619871705,2.56929631279258,4.11157479920266,0.989178082099249,3.76071545415741,2.86325169099922,2.30933147785476
"ENSMUSG00000071723",23.2506734558791,8.15482191505286,30.0368259536447,19.5580855019987,26.5960746124201,14.8638196627966,3.69918625174816,28.6178552661913,12.8910344283789,41.0154278571587,9.08699533918932
"ENSMUSG00000071724",5.70935113957644,12.933870344149,16.2847211863746,4.00691087770499,3.91409262456783,3.54360827974164,1.88724059466787,6.33010565574543,4.33332422991935,6.05016777012608,7.36210997804206
"ENSMUSG00000071726",0,0,0,0,0,0,0,0,0,0,0
"ENSMUSG00000071738",0,0,0,0,0,0,0,0,0,0,0
"ENSMUSG00000071745",0,0,0,0,0,0,0,0,0,0,0
"ENSMUSG00000071748",61.0634958021127,57.4593138890534,71.3340728072414,61.7301230711405,73.121772135738,55.3039001910902,55.8319067391184,68.5569823558491,47.3700209248948,55.9046393614914,61.2118530318279
"ENSMUSG00000071749",0,0,0,0,0,0,0,0,0,0,0
"ENSMUSG00000071757",226.658874090751,178.209163092723,189.598425817483,260.557569335812,218.430602043395,172.815315499509,168.793523653385,192.869779512452,171.113480753424,178.970606241627,144.869876578911
"ENSMUSG00000071764",0,0,0,0,0,0,0,0,0,0,0
"ENSMUSG00000071766",0,0,0,0,0,0,0,0,0,0,0
"ENSMUSG00000071767",0,0,0,0,0,0,0,0,0,0,0
"ENSMUSG00000071769",0,0,0,0,0,0,0,0,0,0,0
"ENSMUSG00000071770",0,0,0,0,0,0,0,0,0,0,0
"ENSMUSG00000071771",0,0,0,0,0,0,0,0,0,0,0
"ENSMUSG00000071773",0,0,0,0,0,0,0,0,0,0,0
"ENSMUSG00000071788",0,0,0,0,0,0,0,0,0,0,0
"ENSMUSG00000071815",0,0,0,0,0,0,0,0,0,0,0
"ENSMUSG00000071816",0,0,0,0,0,0,0,0,0,0,0
"ENSMUSG00000071847",72.3142291331961,24.8471722181218,50.5557684509994,32.6887655787001,35.0445088835484,43.6747803417438,39.9412939269376,23.6266278367319,53.7584176254172,23.4525127679739,56.0031546871707
"ENSMUSG00000071855",43.2457324498335,21.5544914601873,25.5824543778052,24.6880317668897,39.7188385632765,17.3233157088399,28.5883285992339,25.6502837722875,26.91362168273,51.9902278380852,16.5044604222479
"ENSMUSG00000071856",205.254725360586,121.179708275678,168.679679138164,124.885512513597,116.134694848802,184.792947176789,123.060947807602,130.034761677691,156.283191201793,124.136003397185,189.339490531503
"ENSMUSG00000071858",0,1.09441415177628,0,0,8.70489376652941,1.25188371747259,0,0,0.924585164944658,0,0
"ENSMUSG00000071862",0,0,0,0,0,0,2.06424059038832,0,0,0,2.26401980691853
"ENSMUSG00000071866",8385.3556273978,9536.25590178102,9445.38620739645,9427.7985149612,8857.47083979492,9411.6585357089,10099.3353399339,8929.97521762937,8217.04474772845,8113.86120125663,9536.56198246246
"ENSMUSG00000071890",0,0,0,0,0,0,0,0,0,0,0
"ENSMUSG00000071893",0,0,0,0,1.04333055025145,0,0,0,0,0,1.14879058341294
"ENSMUSG00000071909",0,0,0,0,0,0,0,0,0,0,0
"ENSMUSG00000071937",0,0,0,0,0,0,0,0,0,0,0
"ENSMUSG00000071984",44.3899154248623,19.7663847311287,45.8939472687322,69.123184626289,68.537134713134,26.1655228325829,32.2580967683407,70.635366828363,31.6774554741184,21.4509373801032,60.2896733029699
"ENSMUSG00000072049",0,0,0,0,0,0,0,0,0,0,0
"ENSMUSG00000072066",0,1.13690186662498,0.934979379781877,2.36003710763103,0.77397000423589,1.34865087139342,1.09343454819367,0,0,0.944631660731792,0
"ENSMUSG00000072082",70.8648732473815,89.631070409341,65.5538708592084,71.9672496571539,112.993156957054,119.99195308534,59.3294761165855,85.0336099749683,69.0279832761929,121.834504421669,76.443652973238
"ENSMUSG00000072100",0,0,0,0,0,0,0,0,0,0,0
"ENSMUSG00000072115",7.92853866295569,2.11313623062691,7.91265555035977,5.52267480016618,2.16627695364416,8.97696168214745,1.04402285195625,7.791777009098,8.31625225224176,5.77464338406267,8.22050519067352
"ENSMUSG00000072145",0,0,0,0,0,0,0,0,0,0,0
"ENSMUSG00000072188",0,0,0,0,0,0,1.01884499478282,0,0,1.88308772659693,0
"ENSMUSG00000072214",37.7478037147675,29.6318069001085,32.9101695327417,26.8827246331576,65.8787031680037,21.3044650865334,36.8148672352598,32.9269347149872,32.2073322679696,24.8079670881715,25.7139042824729
"ENSMUSG00000072235",466.156959764936,664.397016970654,427.134925977809,321.211831638188,586.451365133028,453.612757078273,453.98334507001,471.119407114899,387.534409174491,346.103438047812,283.758712531005
"ENSMUSG00000072244",54.2960076874376,73.4899744660638,40.424029304623,33.389609266741,47.3144334837464,67.7588785729096,84.0547062066018,43.7475422003687,56.9180411464661,64.4700912854785,76.2508866346046
"ENSMUSG00000072249",0,0,0,0,0,0,0,0,0,0,0
"ENSMUSG00000072258",232.357639811474,365.267226425812,382.673161284124,555.410328137043,274.952817612385,291.56307213172,187.123695919957,297.121417384674,370.9313519997,371.003262228178,405.678098733364
"ENSMUSG00000072259",0,0,0,0,0,0,0,0,0,0,0
"ENSMUSG00000072294",0.489011714790644,1.51970136842848,0,0,0,0,0,0.706219871026782,3.72815853549055,0,1.63356755825189
"ENSMUSG00000072295",0,0,0,0,0,0,0,0,0,0,0
"ENSMUSG00000072419",2.05967347436245,0,0.881641321890272,1.08810262803699,0,0,0,0,0,0.944620848012954,1.1467208096597
"ENSMUSG00000072423",0,0,0,0,0,0,0,0,0,0,0
"ENSMUSG00000072437",4.02143188496522,3.28609591171451,0.876649545369459,4.33778938229229,1.07151093030462,0,0,7.86417545457861,0.948527065815991,3.79173766489353,3.45580796020907
"ENSMUSG00000072473",0,0,0,0,0,0,0,0,0,0,0
"ENSMUSG00000072476",0.688704563430803,0,0.886896260200178,0,0,1.28437128079712,1.02644616353815,0,0,0,0
"ENSMUSG00000072479",0,0,0,0,0,0,0,0,0,0,0
"ENSMUSG00000072487",0,0,0,0,0,0,0,0,0,0,0
"ENSMUSG00000072494",20.9055843972988,14.188751107106,12.9109110291416,3.28931992126849,8.52101779528246,6.5404220179111,24.3272384541706,16.6723540611255,16.0621534871889,7.47938378818949,31.7697889033098
"ENSMUSG00000072501",409.324490598728,510.335609701427,456.42018010871,443.751005022671,348.690688340654,354.737807062154,463.77065872635,436.889055495476,474.807295153115,429.05159566613,517.891935992674
"ENSMUSG00000072511",0,0,0,0,0,0,0,0,0,0,0
"ENSMUSG00000072553",13.6439555700057,19.3355965029224,6.13735054355504,5.63592918692624,22.9589487877905,15.5174833855575,18.3893720699638,9.15527846796216,14.0048705415906,9.95593244665141,18.2058699109331
"ENSMUSG00000072568",457.843432954392,397.287355437972,514.285111606256,489.76467580829,358.337410660592,424.77001248474,537.201263321838,461.971364377837,365.801818634273,440.89359099822,592.335057114468
"ENSMUSG00000072571",0.84333812284164,1.33920878428205,0,0,0.668003831267148,1.62003040542986,0.649079126330489,1.21463482392993,76.3749895166465,0,1.43866350817573
"ENSMUSG00000072572",4.10688994067331,5.35807900663962,0.88442800894215,9.84400318586222,3.1911446162763,5.12683039610403,4.11096697772891,2.94877839243639,5.6334436667572,5.69081053296301,6.8943599463432
"ENSMUSG00000072575",0,0,0,0,0,0,0,0,0,0,0
"ENSMUSG00000072582",105.491968952731,130.990855449974,62.4820271811079,80.3706952275509,66.3478617107545,121.487524677882,106.7063957979,114.831354025978,114.551691062592,70.3534392703453,117.592783607473
"ENSMUSG00000072584",0,0,0,0,0,0,0,0,0,0,0
"ENSMUSG00000072595",0,0,0,0,0,0,0,0,0,0,0
"ENSMUSG00000072596",5.8967216335132,5.31007370994163,5.27100205612083,2.21900166909097,5.38329478873101,7.73886941825335,2.09906509363257,4.84929182373148,9.25065270993939,5.79069555579003,2.33669082122126
"ENSMUSG00000072598",0,0,0,0,0,0,0,0,0,0,0
"ENSMUSG00000072601",0,0,0,0,0,0,0,0,0,0,0
"ENSMUSG00000072605",0,0,0,0,0,0,0,0,0,0,0
"ENSMUSG00000072620",250.887858781225,337.859490579908,93.8166057845273,160.172708438785,146.726362222129,199.293127912012,170.793902247083,52.1381543943484,122.495484147332,194.2191155767,140.875567058166
"ENSMUSG00000072623",55.3744644997256,54.863412982178,29.2009243211001,35.1035052168205,47.5851860242373,45.957553913583,33.1539936092749,63.8689434924676,44.836343275989,31.415346944045,61.8985751051383
"ENSMUSG00000072624",3.42560843221623,1.31074988895795,1.07897251679085,0,0,0,1.25975883373806,0.457790228018187,1.14162249545475,0,0
"ENSMUSG00000072625",0,0,0,0,0,0,0,0,0,0,0
"ENSMUSG00000072640",15.8042439073799,18.6923782746549,18.4104845422869,12.1950912433688,10.7895964355763,11.7390974282174,18.7632907305995,20.1995205933788,11.0764670425066,15.3869486542402,10.7259614256409
"ENSMUSG00000072647",33.8910178732862,39.8588391197796,31.9645651142646,29.4047676191912,34.9036199256101,17.9100941548117,41.9028737438944,29.7041256039445,26.4612702271588,35.6184833347989,27.4633292774642
"ENSMUSG00000072662",0.685002198932023,2.14013663376678,0,0,1.0596580041309,6.42072748746202,0,0.987941461488099,0,0.94742390281961,0
"ENSMUSG00000072663",2.86182768777462,6.46219812514249,10.2825263189557,7.40747702223772,8.04219373299511,2.16801155039649,2.63636976349049,0.825952043795014,2.78440355946154,1.60270812318254,2.70310376928561
"ENSMUSG00000072664",0,0,0,0,0,0,0,0,0,0,0
"ENSMUSG00000072675",0,0,0,0,0,0,1.0244779114794,0,0,0,0
"ENSMUSG00000072676",265.03560853697,374.651451270203,307.939323143531,82.4422815345375,129.694227246646,293.961521897586,368.18118121101,333.729431423667,285.687869106793,199.559173968958,343.084690951544
"ENSMUSG00000072693",0,0,0,0,1.08784359220388,0,0,0,0,0.904616411792746,0
"ENSMUSG00000072694",34.9181378920119,32.5477165088062,25.5777405093233,15.2229838564002,35.2145496143057,54.6771011771925,42.4284002871735,31.0764632238581,25.2295756488653,30.5273891571492,21.95073188864
"ENSMUSG00000072704",67.2631032599202,56.4595739288577,62.16311985819,69.5610269734307,77.1692844317485,85.4296490434958,79.9021787738399,83.3008309429082,52.7235615562072,65.4840273023334,73.7328338713181
"ENSMUSG00000072707",0,0,0,0,0,0,0,0,0,0,0
"ENSMUSG00000072708",0,0,0,0,0,0,0,0,0,0,0
"ENSMUSG00000072709",0,0,0,0,0,0,0,0,0,0,0
"ENSMUSG00000072718",0,0,0,0,0,2.56382447803796,0,0,0,0,0
"ENSMUSG00000072720",270.085078280749,8.67967361849385,12.4373527025978,42.3577671759462,91.0446182530228,7.71350257707441,10.2183240437446,10.8561230291473,6.62174182749918,26.1189119195665,4.55567811190443
"ENSMUSG00000072722",0,0,0,0,0,0,0,0,0,0,0
"ENSMUSG00000072726",0,0,0,0,0,0,0,0,0,0,0
"ENSMUSG00000072738",5.59064726730626,10.9428881917698,5.36532518931106,0,0,14.0105395144532,12.1010355477181,7.01358586200362,15.3395080733444,3.63038660529487,0
"ENSMUSG00000072739",0,0,0,0,0,0,0,0,0,0,0
"ENSMUSG00000072754",0.689939267648385,0,0,0,0,0,0,0,0,0,0
"ENSMUSG00000072762",71.1044526710976,53.6230970854517,55.6699135986109,88.1364260342458,58.1198415480329,86.6419149951452,17.2200919140181,58.1146360808578,38.529834535829,75.506155397442,10.128513963582
"ENSMUSG00000072763",27.6499806657306,22.2718312574246,23.4220505949845,9.76976318829547,28.2714497708918,34.3899264925154,15.1698186926409,16.5935460189623,14.8628977284492,19.4748103856561,16.3985521797171
"ENSMUSG00000072770",131.655485566933,172.975532660248,153.048700063431,177.161983129253,162.416420072221,174.752303277026,136.874651877701,173.360936206035,158.134557487908,192.16922970736,128.356123695602
"ENSMUSG00000072772",339.566051041133,334.251127526646,372.122096163332,356.210219740725,356.743630322342,311.00262689634,374.809266282557,369.19543387311,347.319858646504,310.460370670107,261.615034177753
"ENSMUSG00000072774",18.6665207977745,11.0684815812668,14.1815871951089,19.9581022958937,23.6609546648836,20.7730849019493,11.6332865392931,12.6645173442492,17.5614674900124,7.71663293319093,14.612106613785
"ENSMUSG00000072778",0,0,0.888711478704946,0,0,0,0,0,0,0,0
"ENSMUSG00000072780",0,0,0,0,0,0,0,0,0,0,0
"ENSMUSG00000072791",0,0,0,0,0,0,0,0,0,0,0
"ENSMUSG00000072812",89.5600724139192,34.8173524956605,120.836224477018,81.0009720114399,105.574957636285,32.3241863318844,45.9069608014154,121.413826245084,112.633198782083,73.8093911706132,144.690850539425
"ENSMUSG00000072821",0,0,0,0,0,0,0,0,0,0,0
"ENSMUSG00000072822",0,0,0,0,0,0,0,0,0,0,0
"ENSMUSG00000072825",1522.64274429659,1520.46795013527,1603.11509278206,1932.42299593867,1610.95450822463,1554.86346075599,1417.88301116857,1681.11576816471,1543.2830723165,1661.76358741822,1737.18016127864
"ENSMUSG00000072845",0,1.07429314255436,0.879752288422352,0,1.05298712843483,0,1.03899263512202,0,0,0,1.14048394510283
"ENSMUSG00000072849",0,18.2543405136329,0.885298656736169,0,0,21.8649020495336,0,4.96036145683782,0,22.640516619745,0
"ENSMUSG00000072872",104.090550588215,82.9235093776608,106.737249277683,87.8415445528898,201.761339262072,72.8888432176182,110.25643418142,100.519846250634,115.183854908602,91.8579509975976,101.663424151894
"ENSMUSG00000072875",3.38985885868764,1.09730461818353,6.09838139269143,2.17877589059354,1.06668358976263,1.30695319094617,4.06682195325255,0.986182694512366,0.950149406334479,2.80520942968503,0
"ENSMUSG00000072878",0,1.08064173486522,0,0,0,0,0,0,0,0,0
"ENSMUSG00000072888",0,0,0,0,0,0,0,0,0,0,0
"ENSMUSG00000072889",426.992018694951,324.765612803932,378.021510450497,358.757287788215,348.785507407222,266.450911996919,335.719965262924,263.66313760312,369.044613343332,342.3583357422,448.583683297134
"ENSMUSG00000072905",0,0,0,0,0,0,0,0,0,0,0
"ENSMUSG00000072915",25.3296368054589,18.9892377408644,18.5858563911546,24.7481160421631,54.2139088628839,63.0665060269323,35.3443564990935,22.3709737112013,27.5821720695475,28.4940363757779,44.172484509376
"ENSMUSG00000072919",9.32680249003978,15.6160727420438,6.44302336915883,15.4136633768016,6.74304662812739,23.2252532843629,5.63029689189087,7.19303821703269,4.27598751586637,1.72942173003845,6.27605348156006
"ENSMUSG00000072923",0,0,0,0,0,0,0,0,0,0,0
"ENSMUSG00000072930",0,0,0,0,0,0,0,0,0,0,0
"ENSMUSG00000072931",0,0,0,0,0,0,0,0,0,0,0
"ENSMUSG00000072934",0,0,0,0,0,0,0,0,0,0,0
"ENSMUSG00000072941",78.1783721435782,80.6864273667852,73.0933488428555,64.5069104473263,86.0918061571328,92.757841292711,86.7844313820486,63.9055555532802,46.021530777866,66.0333529868398,69.8949840108989
"ENSMUSG00000072944",0,0,0,0,1.06018025637718,0,0,0,3.75410442949721,0,0
"ENSMUSG00000072945",0,0,0,0,0,0,0,0,0,0,0
"ENSMUSG00000072946",358.318458936642,224.735846825317,172.27127747983,272.546640836854,281.670618552211,259.87877640087,280.579674994952,224.269808654373,292.900268826518,161.134980825443,204.315393415565
"ENSMUSG00000072949",2070.46566766231,2506.29967223467,5416.17119920621,3767.67059629251,3815.032980705,2119.33705617874,4878.96423287988,2602.04321940466,4031.11962865457,5180.26354362812,2188.88329994085
"ENSMUSG00000072955",4.2443315716861,12.9632766153119,9.7724910376218,6.53523970581217,14.3766069441874,7.68884932665929,4.99574824076237,10.6487293415975,8.5179588851225,1.78294758870813,5.84648903913981
"ENSMUSG00000072964",23.326591411442,94.3959203994476,43.3033358620347,21.3680271465137,30.042262136406,44.9766943414982,22.4976699898496,25.2926238239498,28.0331996525938,62.4091447732041,30.3391293040362
"ENSMUSG00000072966",6.88898412125056,5.41350789162204,4.44229219362986,7.64366592309047,9.45464796629329,11.5261309743971,8.21018440496016,7.911126470855,7.53031583626366,8.46661947958235,9.14406623164394
"ENSMUSG00000072968",1.97984446880697,0,0,2.2357798529931,0,1.29078091717762,0,0,0.92713108761978,0,2.35707957721305
"ENSMUSG00000072969",56.3202757099956,44.6851537501045,35.6621276608558,34.9723583321956,58.9517081246533,35.7097528363109,48.2832638622473,55.884120225468,50.3842634241213,43.3773613849681,47.2471242600079
"ENSMUSG00000072972",26.2939280154845,18.6972888345125,26.6081565042321,22.0583476895797,22.8408285735928,15.4890468452308,22.0136474262629,17.5900278879952,24.1384018704387,17.2060919162997,18.1058382502466
"ENSMUSG00000072974",20.2595090010748,12.093501471405,24.8474549180308,15.4208668609025,18.7223582353515,30.9371444575412,20.9048145344493,22.4732365952892,24.1338629586794,13.3606707192025,21.5832614454997
"ENSMUSG00000072980",2.69381522907043,1.07795694775051,2.65026820854728,3.29842776364743,9.55029668105409,2.5695991578587,5.17746623047507,2.928952508181,10.2212566326809,8.6140876959001,2.3138755678876
"ENSMUSG00000072983",0,0,0,0,0,0,0,0,0,0,0
"ENSMUSG00000072995",0,0,0,0,0,0,0,0,0,0,0
"ENSMUSG00000073001",0,0,0,0,0,0,0,0,0,0,0
"ENSMUSG00000073002",28.7875618895562,33.1586225385431,33.9508552715948,22.9483724371913,26.307710683811,45.6467350387251,26.9692409234817,18.5229662136821,24.8395485734672,25.9071397125033,22.4265999309529
"ENSMUSG00000073006",0,0,0,0,0,0,0,0,0,0,0
"ENSMUSG00000073007",0,0,0,0,0,0,0,0,0,0,0
"ENSMUSG00000073008",4.00864556874273,15.4473089420771,1.77353159015691,0,0,3.8790503352236,0,0.972339447097549,0,1.92317571998387,1.13925695843869
"ENSMUSG00000073010",0,0,0.896242988020987,2.16998119496845,2.09306324443072,0,0,0,0,0,0
"ENSMUSG00000073012",0,0,0,0,0,0,0,0,0,0,0
"ENSMUSG00000073016",21.6469944744877,7.54670016321855,20.3043701253473,14.3101325025199,10.5475602974762,11.5873101330069,17.6640127994301,15.6811584030395,22.3860546057013,8.60491892990859,25.1705480417709
"ENSMUSG00000073027",0,0,0,0,0,0,0,0,0,0,0
"ENSMUSG00000073028",3.09024961063474,0.985334038466585,0,0,1.01814022584101,3.58322085369932,0,0,1.71217731967509,0,0
"ENSMUSG00000073043",0,1.08228039223165,0.887365899849726,0,0,0,0,0,0,0,0
"ENSMUSG00000073062",236.804457339858,218.676524868538,259.839623813474,224.759330422382,249.681007672309,215.735071173909,270.539168090933,257.251184643358,257.837750960198,277.914767611502,212.435687283428
"ENSMUSG00000073063",0.663319789078217,0,0.881566971788655,1.10828753491232,0,0,2.11218522100473,0,0,0,0
"ENSMUSG00000073069",0,0,0,0,0,0,0,0,0,0,0
"ENSMUSG00000073077",3.88783279836369,10.2836286329503,15.3551897739932,17.3155464033942,19.9252534446342,1.960104185663,5.71616241672331,23.531647568279,13.4268866679208,36.3971494433166,7.10777830045668
"ENSMUSG00000073079",39.6568045213504,54.0237439392692,58.9493668182379,88.1725691935038,129.288881234399,62.3123208640001,101.85934156355,85.3203042855042,66.8280992441401,76.716459361397,79.8779943685106
"ENSMUSG00000073085",0,0,0,0,0,0,0,0,0,0,0
"ENSMUSG00000073094",0,0,0,0,0,0,0,0,0,0,0
"ENSMUSG00000073096",55.7551432180003,44.0665558295088,50.7333474821044,63.9837270883357,69.2353478924643,93.0414431702434,48.6620135671662,59.3080726874542,86.8292179174776,71.064731453492,45.6481131101995
"ENSMUSG00000073102",1.38215269266985,0,0.887209930348154,0,0,2.56231729385789,0,0,0.947361728593537,0,0
"ENSMUSG00000073110",0,0,0,0,0,0,0,0,0,0,0
"ENSMUSG00000073111",0,0,0,0,0,0,0,0,0,0,0
"ENSMUSG00000073116",0,0,0,0,0,0,0,0,0,0,0
"ENSMUSG00000073117",0,0,0,0,0,0,0,0,0,0,0
"ENSMUSG00000073119",0,0,0,0,0,0,0,0,0,0,0
"ENSMUSG00000073125",30.2737917894645,17.6300629847422,8.94812935554259,7.6650755349556,4.23790699906283,1.30323228865265,14.4142008225226,13.7311579352995,7.43744317163684,21.3138803070478,6.87684331319011
"ENSMUSG00000073130",3.39973463748749,6.59560807287914,17.6063131476452,9.66347067634122,3.72326281990499,11.2611457123268,8.87783210766295,13.5202335917935,5.72628055405202,8.04769245276361,10.5744866343934
"ENSMUSG00000073131",20.175087266902,28.4103390554481,30.5535050647566,33.5686932257696,29.5013130035263,25.9244542278319,27.3546185026303,29.654402046417,24.1024371104015,18.0305704157437,29.3174824543894
"ENSMUSG00000073139",114.70534935844,125.951317616325,137.705726039014,135.392811628075,146.81532560055,173.895614152533,148.615073440426,187.387691534352,131.752027230593,143.112601808731,150.744120959923
"ENSMUSG00000073155",34.4803001969826,49.7702237199629,51.163313069665,40.5725272562891,40.1642306187727,45.2221070327461,31.1210536151157,54.469725761178,36.1822716428476,44.9606056768723,40.2318908821822
"ENSMUSG00000073158",21.0514625459782,21.1745901444438,31.5796206591534,18.8062901026406,30.1948921452633,18.0432673717499,27.2078833297474,13.6228739979164,23.114918858901,22.2501240829038,25.713729526641
"ENSMUSG00000073176",12.9986825306791,11.9134283989443,12.4187984233872,17.536291789779,13.6515885786591,19.2098453819187,12.4011229204453,15.7523296399802,15.9121663872303,6.63863931711166,9.14307761278883
"ENSMUSG00000073177",0,0,0,0,0,0,0,0,0,0,0
"ENSMUSG00000073197",52.8934013460897,43.2050297221465,59.9256182898712,42.5775629230262,50.4130522098083,47.2407782764442,47.4940692263524,29.2692330387606,50.1495810081966,30.9259386960835,40.9357238511454
"ENSMUSG00000073207",0.673926499044705,0,4.40981516500342,0,0,1.28179734187832,0,0,0,0.961381150989781,1.14597747419198
"ENSMUSG00000073208",0,0,0,0,0,0,0,0,0,0,1.14045445258444
"ENSMUSG00000073209",0,0,0,0,0,0,0,0,0,0,0
"ENSMUSG00000073234",0,1.08064173486522,0.888711478704946,0,0,0,0,0,0,0,0
"ENSMUSG00000073243",1.37987853529677,0,0,0,0,0,0,0,0,0,0
"ENSMUSG00000073257",0,0,0,0,0,0,0,0,0,0,0
"ENSMUSG00000073267",0,0,0,0,0,0,0,0,0,0,0
"ENSMUSG00000073290",0,0,0,0,0,0,0,0,0,0,0
"ENSMUSG00000073291",0,0,0,0,0,0,0,0,0,0,0
"ENSMUSG00000073293",0,3.18013622029775,0,0,1.07059363983267,0,1.0400329328892,1.93706873358316,0,0,3.45648192091919
"ENSMUSG00000073294",0,0,0,0,0,0,0,0,0,0,0
"ENSMUSG00000073295",2.0013634933974,1.08488988208669,5.35495097780435,1.11799408093483,0,0,0,0.992108447021768,1.89394323636102,0,0
"ENSMUSG00000073375",14.9304996343577,1.07265201733681,0,1.09551975034206,4.23159568018624,0,0,0,0,2.84268239846073,0
"ENSMUSG00000073380",0,0,0,0,0,0,0,0,0,0,0
"ENSMUSG00000073386",0,0,0,0,0,0,0,0,0,0,0
"ENSMUSG00000073396",0,0,0,0,0,0,0,0,0,0,0
"ENSMUSG00000073399",0,0,0,0,0,0,0,0,0,0,0
"ENSMUSG00000073400",3.40541280323683,1.07471799209958,5.30908456269537,3.28826652544305,4.22889415609455,0,9.22087191484508,1.98453609781769,0,0.94219910457725,3.43831220983258
"ENSMUSG00000073402",47.0835255253059,45.2104289396704,45.1804873017134,69.7777965635246,94.742594884745,112.76351567407,63.7129418056278,76.8236429919007,54.6353117431975,107.764630997195,51.5930243311927
"ENSMUSG00000073406",173.143618293421,155.652289667127,106.462251192918,256.988956484399,205.62995653383,239.725596211253,157.900856274395,190.497378212319,125.879933459432,282.543382336553,124.617001687037
"ENSMUSG00000073407",0,0,0,0,0,0,0,0,0,0,0
"ENSMUSG00000073408",0,1.08064173486522,0,0,0,0,0,0,0,0,0
"ENSMUSG00000073409",1094.41257909155,1513.51581585296,700.614832952607,1437.32510011351,1430.74226878357,1771.75216280465,1191.72535175837,1079.561308706,1108.74751803521,1793.27184799391,930.307080810892
"ENSMUSG00000073411",9838.83746797847,11863.376619648,8786.92291368474,8310.44798867192,8632.18423754439,9520.74035286467,11214.708732405,6609.2437423395,10338.6040619279,9431.79386251012,9527.76719377621
"ENSMUSG00000073412",27.0788992969246,35.8881616835079,23.2535719826446,28.5093522507364,14.2682449086526,22.8066237735441,14.1762327197724,16.6784728973723,18.7154993437184,14.2973743864681,8.18277202211716
"ENSMUSG00000073413",9.85155844835622,25.6790637794317,29.0421474924709,26.5131760352486,32.8722246054988,41.2423955054962,36.737709286474,31.7210616065855,30.347979084971,18.1471936311276,49.1191802605574
"ENSMUSG00000073414",1.32913611206202,1.05012458333206,0.869101500135388,0,1.05529767231505,1.25172629496241,0,0,0,5.24425772723097,1.13441349303941
"ENSMUSG00000073418",6226.46231949447,4659.94844833393,4648.65315699874,9893.74417039639,6254.12642309884,12172.7052384407,9409.02671331312,5561.70317752194,7989.31831912213,7150.39248183601,12562.0230501041
"ENSMUSG00000073421",2259.62675475547,3354.75153823642,2222.82266058479,2215.62093681602,2384.72029253371,2695.92424876747,1707.17387603928,1854.97620205665,1970.65761131873,2203.05240033635,1618.62508508623
"ENSMUSG00000073422",621.767022574422,704.902264945992,776.863696701338,843.167992654463,769.973180109827,818.54450285954,652.630520038152,813.216423695339,660.463308348634,740.942241107274,620.417367214313
"ENSMUSG00000073423",132.225502734216,149.494352864149,148.775760873329,113.597482604411,158.252970921266,180.456361370697,171.787985854886,158.456635923252,141.530123365538,165.631027896821,153.91752347067
"ENSMUSG00000073424",0,0,0,1.08866582194153,3.15551302759948,0,0,0,0,0,0
"ENSMUSG00000073427",36.0749854425414,66.4767384902369,16.3866928399414,25.5707534549446,6.71123003408927,31.045331868967,40.9952625874055,36.2809166053659,23.3177336836226,16.0793560759798,56.553783385686
"ENSMUSG00000073433",0,0,0,0,3.18864182198628,1.28771209695734,0,0.977050574270323,0,0,0
"ENSMUSG00000073434",178.658335344796,211.142720956354,193.606119877691,313.193168131955,142.373430317755,281.270673258854,184.731082180885,201.469690046279,244.381152301405,307.263182317052,205.567534780286
"ENSMUSG00000073435",255.740299573015,258.159689181035,348.590130153886,320.139865780178,273.374812993214,346.579146843779,279.580491397922,303.467077654251,271.852247509993,279.064848053313,224.546489232025
"ENSMUSG00000073436",106.811015965685,115.714105986983,96.895711556533,106.355767158296,84.7297166888054,196.460639023307,104.47681011859,143.882799731947,104.030552380396,82.3205272520535,218.956427205881
"ENSMUSG00000073457",0,0,0,0,0,0,0,0,0,0,0
"ENSMUSG00000073458",0,0,0,0,0,0,0,0,0,0,0
"ENSMUSG00000073460",8.82610584354355,8.41944601875029,5.69801862718746,8.03653071250799,5.81233031815633,8.25250832817744,4.71600112340312,9.0941886809415,4.33045006956504,3.462378292306,24.4699545901488
"ENSMUSG00000073468",335.8609636295,397.549047662348,415.562469990962,427.927701083045,559.963171677046,344.074193479862,477.507529091571,457.670304310188,464.601762295653,583.065700945495,278.214628602547
"ENSMUSG00000073471",402.272993054108,414.538698153232,365.163879850444,432.158036549108,363.090778363088,370.553974095139,361.026098680801,408.512680494501,387.864865562826,362.547658288224,464.870249274025
"ENSMUSG00000073481",2318.6567351319,2890.07069045614,2344.46147985227,2915.82772401717,2106.8448232528,2619.27266178574,2704.45255155912,3178.82615271037,2465.43589393544,2477.47312753753,2090.25740174422
"ENSMUSG00000073489",139.980945403129,129.614029006497,104.922377518169,108.729543413356,115.489148047575,119.61571348242,94.4542665777828,80.3249875094693,116.29513269971,112.086287920025,73.0209184214201
"ENSMUSG00000073490",149.946560719783,180.138841700992,140.636015144655,195.456418537567,165.802169074144,181.260506992144,88.5577312804793,118.062907620902,204.868553496075,153.75216624529,147.810142192731
"ENSMUSG00000073491",25.2273702607705,28.9494598023928,2.22562885969887,9.88981791002461,9.23578845544596,26.2478757295992,25.2757686438973,1.85850498555562,10.6024835806773,7.06060755817317,54.9205092463757
"ENSMUSG00000073492",0.669428963217425,1.07438585103495,0,0,0,1.3022786927157,0,0.987814881766421,0.937850219453798,2.90776193318309,0
"ENSMUSG00000073494",0,0,0,0,0,0,0,0,0,0,2.28090890516888
"ENSMUSG00000073514",0,0,0,0,0,0,0,0,0,0,0
"ENSMUSG00000073530",0,0,2.66143340911325,0,1.05281311478786,0,0,0,0,0,0
"ENSMUSG00000073542",127.878091874032,93.2398025574373,134.845415534759,122.699958100907,118.450233861531,150.220602663564,116.633068158562,114.433969777319,159.510847250027,146.645222822677,109.515587545022
"ENSMUSG00000073551",0,0,0,0,0,0,0,0,0,0,0
"ENSMUSG00000073555",49.5761136762426,51.4113640685025,35.3895076433672,78.5406955894321,57.3122707474407,56.7892716256047,58.8672137759445,53.6166531071366,74.0415522235895,117.405765204087,34.0747100332076
"ENSMUSG00000073557",89.9279105177386,64.9820835794765,107.216698519534,68.3376449347639,77.128769182976,64.8422281270131,127.237477232978,97.2922257587165,96.0661232241973,68.5333252170509,76.9004451246894
"ENSMUSG00000073563",401.706893142998,334.922149139182,386.146284269219,409.049404251426,425.973582722725,355.552479303948,402.507528213035,319.395120605178,392.432268678381,392.827097511061,346.635145287772
"ENSMUSG00000073565",9.49558428144011,8.52850967702409,11.464558418248,3.29493549474793,6.34617914709948,7.73069981507013,12.3184727758326,0.990226046666009,5.65424637812679,3.80164362065994,9.20661612553666
"ENSMUSG00000073568",0.653321127318528,0,0,0,1.0722238386661,1.28302026963263,4.18083668205597,0,0,0,1.15607406196796
"ENSMUSG00000073572",0,0,0,0,0,0,0,0,0,0,0
"ENSMUSG00000073573",0,0,0,0,0,0,0,0,0,0,0
"ENSMUSG00000073574",0,0,0,0,0,0,0,0,0,0,0
"ENSMUSG00000073591",15.0924672979233,17.3398642881483,21.1497168872374,17.6468840474655,27.2300550037613,32.8903742933744,39.094252758664,14.0950609328555,19.7409871923761,24.1531668769387,10.8863220279149
"ENSMUSG00000073598",0.667807826425914,0,0,0,0,0,1.05842955412931,0,0,0,0
"ENSMUSG00000073599",50.5992497728568,50.6493294971254,55.4062910616964,41.6527452288547,52.7472260404702,55.6533049459532,72.7486115471396,66.7491599104497,56.005415544666,60.8866995187073,45.9432291463404
"ENSMUSG00000073600",22.7130659743435,19.6123702374547,13.3162276325606,9.76023631377587,19.0384280334217,10.2863059415801,16.3654201949781,5.93494512745637,9.48943759609083,19.6041413787647,9.09061235574104
"ENSMUSG00000073601",0,0,0,0,0,0,0,0.975302277846992,0,0,1.16068900245537
"ENSMUSG00000073602",0,0,0,0,0,0,0,0,0,0,0
"ENSMUSG00000073608",0,0,0,0,0,0,0,0,0,0,0
"ENSMUSG00000073609",133.360318191096,143.846327225562,106.597687295845,152.926659659869,128.37890415965,156.92107903926,113.330730333432,154.721144025523,120.108628037326,148.360927603179,172.27293494784
"ENSMUSG00000073616",255.394275786025,299.618095072436,266.702774428612,275.596372857909,256.318859507875,237.37499773901,285.71215345669,259.484042938891,226.383894962059,217.51010735236,210.116711236197
"ENSMUSG00000073633",37.2541232015478,42.4867221065285,42.2564750498058,62.9976743052509,49.0381269761183,47.5412614962899,56.3414755134847,51.9100101465277,51.1817831102369,44.4017414304757,53.21413079349
"ENSMUSG00000073639",6937.65525162101,8381.82672014721,6064.59798453568,8008.23193781165,6253.35683365757,7835.76582344322,7433.58451226532,8794.34447871174,9584.73982717805,5766.5813085556,7799.74172529804
"ENSMUSG00000073643",157.737325398597,123.200306366032,211.63973488702,168.771443796683,164.600849197894,133.122606788939,183.578788458579,136.273171521422,134.359564352296,189.293752803098,127.661765151689
"ENSMUSG00000073650",1.72878107657322,2.59771645122859,3.58923716959715,3.69121365722254,2.67281208872609,0,2.59846580213889,2.00804745045338,2.38731166372703,2.38314026912991,2.89107435974026
"ENSMUSG00000073658",0,0,0,0,0,0,0,0,0,0,0
"ENSMUSG00000073664",72.1673997274699,48.2036958301427,104.692862178938,47.6071150647119,51.5006285794773,59.5842213611096,70.7441509910812,71.0419014175918,66.7620809988556,62.2004850092087,87.8386101639827
"ENSMUSG00000073676",113.83922250327,144.37406264066,168.351516785247,159.94095667854,167.950888678275,191.713279336646,116.159261883734,188.150877348736,154.355137117297,106.921673464521,148.918368867479
"ENSMUSG00000073678",10.0870368887737,7.73988438229825,9.76690337497183,5.52009099071806,3.09957331266318,9.05592488260173,10.5059565911514,10.7380007910817,11.1247729907732,9.56666739062416,9.0279345275832
"ENSMUSG00000073680",13.8404101369569,18.1601008978896,9.64320555952635,7.68172752854525,11.8507802615435,11.6360932074981,12.5115184353611,13.6366077319834,6.51818900489679,11.5990612206082,22.0327379720379
"ENSMUSG00000073682",0,0,0,0,0,0,0,0,0,0,0
"ENSMUSG00000073684",94.8779139313562,117.641894729087,93.6829667376729,91.5290592811569,114.990412457604,111.990054326384,100.744528338512,95.4093152891478,97.5127601186918,112.204282982271,81.4669598432682
"ENSMUSG00000073700",580.835923923028,527.632474403333,649.555035596983,1176.96408855855,724.565080024663,424.95405827145,542.796042874037,849.913681667355,687.250114234351,872.623522184046,564.708857562222
"ENSMUSG00000073702",4423.3408057728,5416.04075376932,4779.16067488386,5089.55911687543,4325.48496421392,5060.38037677626,4703.79623755413,5107.06466265258,4839.11646338194,4075.90010623332,5167.23980428119
"ENSMUSG00000073705",14.5097191099956,20.0450974122936,15.2827697779803,5.47492897725729,14.1889844499271,19.1339815736527,12.9670248172545,9.54473826631763,15.2180453397809,35.3442259086905,4.81165447750057
"ENSMUSG00000073721",0,0,0,0,0,0,0,0,0,0,0
"ENSMUSG00000073722",0.689939267648385,0,0,0,0,0,0,0,0,0,0
"ENSMUSG00000073723",0,0,0,0,0,0,0,0,0,0,0
"ENSMUSG00000073724",0,0,0,0,0,0,0,0,0,0.936366945291052,0
"ENSMUSG00000073725",512.961595711821,556.502717722825,663.443593616096,636.655818188996,657.560675528925,477.262257513746,590.405924319156,751.63337561682,682.307854864526,717.055444058335,506.030406734849
"ENSMUSG00000073730",0,0,0,0,0,0,0,0,0,0,0
"ENSMUSG00000073733",0.675972606192837,0,0.881429704032687,0,1.06350240482849,3.87980757447731,3.09595071535861,5.90018007013536,0.938650893190685,1.90799294708394,0
"ENSMUSG00000073735",0,0,0,0,0,0,0,0,0,0,0
"ENSMUSG00000073747",0,0,0,0,0,0,0,0,0,0,0
"ENSMUSG00000073755",99.6635719174719,74.8585731436756,82.1904414070984,66.858343716227,113.890403110491,88.1769092834329,96.0125836158162,105.383784643651,113.965718053336,116.390683549828,108.579044112418
"ENSMUSG00000073758",62.3325205740095,54.625260404924,101.976825766683,73.7115558309638,94.9178354268532,49.6441057357993,71.7304243446153,60.7383168145657,81.1797304184595,89.1891563963681,61.2417277533268
"ENSMUSG00000073764",0.689939267648385,0,0,0,0,0,0,0,0,0,0
"ENSMUSG00000073768",0,0,0,0,0,0,0,0,0,0,0
"ENSMUSG00000073769",0,1.08064173486522,0,0,0,0,0,0,0,0,0
"ENSMUSG00000073771",9.86490362524345,6.43264083423162,3.02733445621877,4.6879620376734,54.8949304370343,8.81971221802008,0.882117767865306,5.90698764861375,7.25504333728097,9.76457422301918,12.7886743481556
"ENSMUSG00000073774",0,0,0,0,0,0,0,0,0,1.85615267088916,1.15064225993708
"ENSMUSG00000073775",253.261293847114,261.629653822726,198.803009439291,251.668172283906,184.589296821407,307.280673682377,289.704045284424,267.285920105692,268.943671240733,252.929811225564,310.743883091783
"ENSMUSG00000073785",0,0,0,0,0,0,0,0,0,0,0
"ENSMUSG00000073786",0,0,0,0,0,0,0,0,0,0,0
"ENSMUSG00000073791",24.771305495567,10.830597162982,8.74193603422402,12.8126602763057,5.02656378226718,17.2813620480749,10.2637308696158,13.9450104529632,16.4835405889757,11.1079740040352,21.9254383127858
"ENSMUSG00000073792",41.0312738453591,51.3102429616027,50.5002927123068,38.8801275305184,45.1469167649858,45.0121479365011,36.9373902148912,57.7092433408159,55.2217696744369,52.4299113605528,69.2226846577375
"ENSMUSG00000073794",0,0,0,0,0,0,0,0,0,0,0
"ENSMUSG00000073795",0,0,0,0,0,1.28191223901898,0,0,0,0,0
"ENSMUSG00000073802",5.22609143976815,14.9642089852048,8.79032196850134,13.2884776089051,7.61659957499128,7.74602465175421,13.6610541101958,3.89242924028419,5.52013423352184,7.61327608038443,11.6981235871057
"ENSMUSG00000073804",0,0,0,0,0,0,0,2.59575827073614,0,0.716125249180651,0
"ENSMUSG00000073805",0,0,0,0,0,0,0,0,0,0,0
"ENSMUSG00000073811",0,0,0,0,0,0,0,0,0,0,0
"ENSMUSG00000073830",0,0,0,0,3.1528702671109,0,0,0,0,0,0
"ENSMUSG00000073834",0,0,1.76235977938188,0,0,6.46434476567604,0,0,0,0,0
"ENSMUSG00000073838",993.38567843273,1129.69026783902,836.820817957387,931.105283823028,920.251390325136,1155.89310084161,969.535120408133,1023.55155446189,971.899133716491,927.230147973191,815.934789235144
"ENSMUSG00000073842",18.6932390299685,64.2759247850888,11.2922405756218,105.644410422644,159.524553098513,31.617542309113,7.192896875651,20.7169296360746,2.71207745211827,49.372168010124,1.13687511805224
"ENSMUSG00000073856",12.4039705096736,10.3618389713326,7.00905878220162,6.8412687948206,8.09069964445308,8.00961440902806,8.94438839612712,6.49343615350909,33.2308759097598,10.2375860566362,5.67868501999998
"ENSMUSG00000073888",3.0140776577184,1.94039078845759,7.74990015192113,2.99822525888645,3.9129754019565,52.0775357735403,0.949676752930767,67.2248502094112,4.1856753736964,23.1679984563356,3.15341967524271
"ENSMUSG00000073889",503.994060190121,672.195537873888,578.270190154063,577.174618578002,535.288395289594,842.37903741996,622.217074883315,842.530783783017,513.576287853074,665.3917860128,606.516774297124
"ENSMUSG00000073893",0,0,0,0,0,0,0,0,0,0,0
"ENSMUSG00000073894",1.37045769576064,2.17677308879866,2.61814230280755,0,1.05728934792799,2.60022820809991,4.04821360969963,1.93615734061849,4.73164264504875,7.61505081472743,5.81174545683568
"ENSMUSG00000073896",0,0,0,0,0,0,0,0,0,0,0
"ENSMUSG00000073897",0,0,0,0,0,0,0,0,0,0,0
"ENSMUSG00000073898",0,0,0,0,0,0,0,0,0,0,0
"ENSMUSG00000073899",2.74582629172778,0,0,0,0,3.86524782303718,0,0,0,0,0
"ENSMUSG00000073900",0,0,0,0,0,0,0,0,0,0,0
"ENSMUSG00000073901",0,0,0,0,0,0,0,0,0,0,0
"ENSMUSG00000073906",0,0,0,0,0,0,0,0,0,0,0
"ENSMUSG00000073907",0,2.16128346973044,0,0,0,0,0,0,0,0,0
"ENSMUSG00000073909",0.680437917023779,2.14159042904146,1.76672366932545,0,1.06387473075827,2.55360178466576,1.03888333532669,0,0.932004392780256,0.957755063268173,0
"ENSMUSG00000073910",22.3052712805143,20.1601819621944,36.9692803348631,23.0950544854425,33.0301800436168,21.8127272938494,33.0708612021576,22.5810923860846,26.1398578517475,25.9422683979191,26.6250057047789
"ENSMUSG00000073913",0,0,0,0,0,0,0,0,0,0,0
"ENSMUSG00000073914",0,0,0,0,0,0,0,0,0,0,0
"ENSMUSG00000073915",0,0,0,0,0,0,0,0,0,0,0
"ENSMUSG00000073916",0,0,0,0,0,0,0,0,0,0,0
"ENSMUSG00000073917",0,0,0,0,0,0,0,0,0,0,0
"ENSMUSG00000073920",0,0,0,0,0,0,0,0,0,0,0
"ENSMUSG00000073922",0,0,0,0,0,0,0,0,0,0,0
"ENSMUSG00000073923",0,0,0,0,0,0,0,0,0,0,0
"ENSMUSG00000073924",0,0,0,0,0,0,0,0,0,0,0
"ENSMUSG00000073925",0,0,0,0,0,0,0,0,0,0,0
"ENSMUSG00000073926",0,0,0,0,0,0,0,0,0,0,0
"ENSMUSG00000073927",0,0,0,0,0,0,0,0,0,0,0
"ENSMUSG00000073928",0,0,0,0,0,0,0,0,0,0,0
"ENSMUSG00000073931",0,0,0,0,0,0,0,0,0,0,0
"ENSMUSG00000073932",0,0,0,0,0,0,0,0,0,0,0
"ENSMUSG00000073937",0,0,0,0,0,0,0,0,0,0,0
"ENSMUSG00000073938",0,0,0,0,0,0,0,0,0,0,0
"ENSMUSG00000073940",521.627923024084,634.249684028867,739.358740106942,730.134713450592,467.413394892131,471.809738796734,1013.58120265769,702.595614642181,1033.83420699193,772.166847108025,348.622361016196
"ENSMUSG00000073943",0,0,0,0,0,0,0,0,0,0,0
"ENSMUSG00000073944",0,0,0,0,0,0,0,0,0,0,0
"ENSMUSG00000073945",0,0,0,0,0,0,0,0,0,0,0
"ENSMUSG00000073946",0,0,0,0,0,0,0,0,0,0,0
"ENSMUSG00000073947",0,0,0,0,0,0,0,0,0,0,0
"ENSMUSG00000073948",0,0,0,0,0,0,0,0,0,0,0
"ENSMUSG00000073949",0,0,0,0,0,0,0,0,0,0,0
"ENSMUSG00000073950",0,0,0,0,0,0,0,0,0,0,0
"ENSMUSG00000073951",0,0,0,0,0,0,0,0,0,0,0
"ENSMUSG00000073952",0,0,0,0,0,0,0,0,0,0,0
"ENSMUSG00000073953",0,0,0,0,0,0,0,0,0,0,0
"ENSMUSG00000073954",0,0,0,0,0,0,0,0,0,0,0
"ENSMUSG00000073955",0,0,0,0,0,0,0,0,0,0,0
"ENSMUSG00000073956",0,0,0,0,0,0,0,0,0,0,0
"ENSMUSG00000073959",0,0,0,0,0,0,0,0,0,0,0
"ENSMUSG00000073960",0,0,0,0,0,0,0,0,0,0,0
"ENSMUSG00000073961",0,0,0,0,0,0,0,0,0,0,0
"ENSMUSG00000073962",0,0,0,0,0,0,0,0,0,0,0
"ENSMUSG00000073963",0,0,0,0,0,0,0,0,0,0,0
"ENSMUSG00000073964",0,0,0,0,0,0,0,0,0,0,0
"ENSMUSG00000073965",0,0,0,0,0,0,0,0,0,0,0
"ENSMUSG00000073966",0,0,0,0,1.05205193938536,0,0,0,0,0,1.13926724208706
"ENSMUSG00000073967",0,0,0,0,0,0,0,0,0,0,0
"ENSMUSG00000073968",160.920690247651,173.700765713219,180.616736266637,139.110906600099,188.17648463126,168.462753324781,218.557499221376,186.642355268654,219.685929642112,193.80006544844,194.084863836856
"ENSMUSG00000073969",0,0,0,0,0,0,0,0,0,0,0
"ENSMUSG00000073970",0,0,0,0,0,0,0,0,0,0,0
"ENSMUSG00000073971",0,0,0,0,0,0,0,0,0,0,0
"ENSMUSG00000073972",0,0,0,0,0,0,0,0,0,0,0
"ENSMUSG00000073973",0,0,0,0,0,0,0,0,0,0,0
"ENSMUSG00000073974",0,0,0,0,0,0,0,0,0,0,0
"ENSMUSG00000073975",0.685275316552711,0,0,0,1.06348647572465,0,0,0.987588018092455,0,0,0
"ENSMUSG00000073977",0,0,0,0,0,0,0,0,0,0,0
"ENSMUSG00000073978",0,0,0,0,0,0,0,0,0,0,0
"ENSMUSG00000073979",0,0,0,0,0,0,0,0,0,0,0
"ENSMUSG00000073982",294.916042279648,368.76436395282,332.571284011631,292.362268474622,274.9980349738,284.844301409008,298.30112163092,240.757784301226,296.34298707104,360.215343467897,299.200254162139
"ENSMUSG00000073987",185.910091834576,242.564449357127,188.623174044909,275.973172137629,190.588191818245,165.505001571471,209.062796949075,183.078805553778,257.150932123566,186.633908427804,188.27849394624
"ENSMUSG00000073988",208.995620071629,257.577770871449,232.668254020327,308.867805903158,363.859004300354,241.286222436723,347.761532309443,299.366299878375,393.109038247633,290.535579762415,226.111095796587
"ENSMUSG00000073991",0,0,0,0,0,0,0,0,0,0,0
"ENSMUSG00000073997",0,0,0,0,0,0,0,0,0,0,0
"ENSMUSG00000073998",0,0,0,1.0895783501383,0,0,0,0,0,0,0
"ENSMUSG00000074001",53.0501804809686,4.33215792698362,3.54835067405473,16.2993850687949,28.6396506314386,1.28509212219029,1.02557615580218,4.92323394131615,17.9218422969955,6.57219370683794,11.4047325460094
"ENSMUSG00000074003",0,0,0,0,0,0,1.0244779114794,0,0,0,0
"ENSMUSG00000074004",0.678474319998715,4.33251624649442,4.42002193361152,5.43971155907402,0,5.15606138292079,2.05905022501529,2.96861405453891,1.89188991955791,2.84798529606483,6.849874603911
"ENSMUSG00000074006",25.2024780038186,63.8331061957013,33.5452692900166,30.831909669298,34.9193592573248,29.3059040328469,40.6687179348779,40.6225057981385,16.6578910147649,40.3623487360804,81.8317926297901
"ENSMUSG00000074011",0,0,0,0,0,0,0,0,0,0,0
"ENSMUSG00000074028",0.684747193695273,4.31590699138111,2.65377568796576,1.09309954432136,3.16942250302566,1.29440427457783,3.07573252081639,0.988100997804874,1.88962410378306,0,7.99473469712899
"ENSMUSG00000074030",274.553583684117,316.058016609064,244.590297426862,309.538680569024,257.443707641642,274.309058357748,319.207851486032,280.77233345543,309.92174651937,340.947698221566,345.219238222751
"ENSMUSG00000074037",0,0,0,0,0,0,1.0244779114794,0,0,0,0
"ENSMUSG00000074059",0,0,0,0,0,0,0,0,0,0,0
"ENSMUSG00000074060",0,3.80967984684499,0,0,0.794229765509368,0,0,2.23542629942178,0,0,0
"ENSMUSG00000074061",0,0,0,0,0,0,0,0,0,0,0
"ENSMUSG00000074062",0,0,0,0,0,0,0,0,0,0,0
"ENSMUSG00000074063",642.957648147923,521.476217081121,1221.22041770471,753.954873205482,1025.21405785052,673.396553905874,770.600232326798,802.281974722462,746.118365982824,726.857841880397,701.508355783333
"ENSMUSG00000074064",360.229189651864,421.864476367228,462.50928188556,523.856654933543,354.479667746327,439.186811716253,412.38398973683,427.050798968587,513.788702021957,482.844479424511,399.081902164523
"ENSMUSG00000074071",8.08082009456159,31.6504836334602,0.891323785352047,1.10386443498195,0,15.5303294570523,1.03873602373739,1.98399595185341,0.921889833383664,8.61426054334867,1.15680646525969
"ENSMUSG00000074088",233.315751384497,215.131166215675,206.370513186471,228.346646453506,161.966332412811,227.452091119348,161.890992732264,174.147159365587,237.36681251083,160.673533591073,253.929470862895
"ENSMUSG00000074093",27.4454354163962,32.1735084522955,32.6330709467208,36.7648513009877,20.9492055684611,39.4380487298129,33.5515022683367,33.4928042669497,28.1875876826894,23.5251814133184,32.5709654034391
"ENSMUSG00000074102",457.069582208613,325.713028648968,390.211300394375,360.03893610494,395.479887134021,344.37960370645,441.746652451471,319.261872436888,379.48322453062,452.207184818965,434.568033384289
"ENSMUSG00000074109",0.669056777809812,0,0,0,0,0,0,0,0,0.965592676004409,0
"ENSMUSG00000074111",0,0,0,0,1.05095675570363,0,0,0,0,0,0
"ENSMUSG00000074115",29.0518722199162,12.7938670521244,27.4638763978606,34.3876811289514,62.3135451701335,17.8906319776494,278.481655692309,81.4218486708775,10.1699406605257,45.2766505945613,176.034114946334
"ENSMUSG00000074121",14.2270911649348,51.805724602793,11.1244551947051,97.858647188726,54.112171990274,41.8347067262107,13.9301382073547,65.9683188893584,31.6105041014381,51.7355302938297,14.0064188301654
"ENSMUSG00000074123",0,0,0,0,0,0,0,0,0,0,0
"ENSMUSG00000074127",39.4995971805864,99.825818682832,25.6315923692812,163.164362001446,35.2706902913367,125.894093462058,42.011138799533,79.8597464435148,143.793553546719,46.266095804142,69.6597762233987
"ENSMUSG00000074129",13433.4283180658,18252.3084733308,15644.6437977605,16106.4929807664,14749.2893257154,15959.2831081582,16193.3851684984,13851.2376909694,14479.3842873914,14197.2542350394,15283.3196291688
"ENSMUSG00000074139",0,0,0,0,0,0,0,0,0,0,0
"ENSMUSG00000074141",84.5648026643492,350.572763201774,25.7684331280176,28.9541241328615,24.4416520800385,277.558882783331,14.3679230103851,39.5379138827839,15.1371449581746,136.404381074011,16.0201117871976
"ENSMUSG00000074151",199.599596565152,455.802649834511,110.624529645716,144.50306389561,123.540373195081,242.075271882805,201.063286153241,76.7136201263459,158.211650423522,285.739686697878,136.632739279935
"ENSMUSG00000074155",0,0,0,0,0,0,0,0,0,0,0
"ENSMUSG00000074156",0,0,0,0,0,0,0,0,0,0,0
"ENSMUSG00000074158",20.0244077964612,16.6812899866459,9.88923650699,14.1008473357418,15.7136811078944,20.3873758043659,5.05181895753179,19.5414651525755,13.9283543886086,10.1981519612986,27.0760668083602
"ENSMUSG00000074165",108.319826989256,157.0346383646,123.080992273549,121.279197851871,202.695740992064,115.612634250388,196.149090870813,110.023841100252,125.45599887438,241.104454962213,92.6991267410685
"ENSMUSG00000074166",51.6634781324819,40.0025107297359,35.9720431759059,51.096494064334,42.9599590294112,66.2718123947243,56.7366842733515,50.7111442739805,43.5958886293935,68.897314064713,56.2906165583068
"ENSMUSG00000074170",883.496840296637,1209.69497383429,1516.08381235017,2077.80042155711,1061.20128166052,1022.90513477402,1195.70172623347,1780.77190112874,1445.2479333028,1701.17761569508,1530.82751754414
"ENSMUSG00000074179",0.689939267648385,0,0,0,0,0,0,0,0,0,0
"ENSMUSG00000074182",157.053524635959,134.592173475657,128.056516605064,150.997330728236,186.164390076736,142.161869872178,125.402163607602,88.0734189407051,147.272594341091,116.830347255391,120.951232774343
"ENSMUSG00000074183",0,0,0.885950688524446,0,0,1.28590692040203,0,0,0,0,0
"ENSMUSG00000074194",88.5238955860695,101.182000934894,111.634087724923,78.7774133356633,77.0592224367063,121.544551494531,115.292591303032,104.712177028374,109.032430999877,84.0857458014049,116.799240374095
"ENSMUSG00000074195",0,0,0,1.08979301525567,0,1.27231929349741,2.06399775718071,0,0,0,0
"ENSMUSG00000074199",0,0,0,0,20.1768050764871,0,1.87314548740831,0,3.3587577756596,0,9.23133587976526
"ENSMUSG00000074203",1.96574340936688,3.19069915160964,1.74542815939792,0,2.15578285471373,6.45714119629552,2.0859404591107,0,0,0.955768770969069,1.157206713666
"ENSMUSG00000074206",1.77597238680814,1.4075575518786,1.23002630025384,2.90776846119502,2.20146953774508,1.78074880836997,1.36249404304634,2.05980054381008,2.47510817440265,5.18607328512581,0
"ENSMUSG00000074207",425.097351132052,150.9233351695,256.717031069923,219.629917448183,167.640895536673,167.016155976665,300.30113652818,118.147996550315,455.986888332846,178.714361638771,464.346790342408
"ENSMUSG00000074210",6.54043479220201,9.54904563685573,2.6365195928405,11.0124339307132,1.07806217069126,7.71707526901914,7.35630284078338,13.5472094360915,0,11.5262034460571,15.0956315773128
"ENSMUSG00000074211",52.7511567921586,43.7559552466225,35.5013493571028,42.2996618194106,38.4634336120318,51.2085365532541,42.9122502888847,47.5057234956592,49.0105738171547,53.3021846325412,61.7516616189405
"ENSMUSG00000074212",148.956708353823,191.737740811921,170.928972175657,196.345783249326,175.231673386743,129.125491258657,190.288821285857,176.977951474619,183.249720807478,149.317395103216,137.539645847338
"ENSMUSG00000074215",2.01279455237146,1.07781556420309,0.88638725761744,1.11532693432939,3.31460436913031,5.11423876602143,3.10520620927257,4.82630204041387,4.60339835918408,2.76628903276502,8.1718372774872
"ENSMUSG00000074217",4.68091042995971,11.6266246067621,5.80898290286556,18.4903283084587,0,4.80653460849677,1.93984824824824,0.610227259689005,4.06112112213173,1.79696978919765,3.12963732199258
"ENSMUSG00000074218",15.601993861941,6.49806663846458,13.3599004755109,8.73573852597257,11.0869583279938,0,6.01009252968442,10.6757195622812,3.79535487322356,7.8398649796534,1.17226150470351
"ENSMUSG00000074220",4.5341486531533,5.3779274466758,3.67696689126713,3.64293203530154,3.49847908755307,5.33870686747069,1.7137210489859,25.2275388898159,5.4676313750862,3.14301185200663,1.89780742818906
"ENSMUSG00000074221",58.8899464944897,37.9628866281565,89.1353242204845,50.7398427953062,49.9786456183234,24.7196313731297,146.277584243185,75.1207280929092,53.1439008057573,43.7121218847099,104.374211240014
"ENSMUSG00000074227",3462.26332192978,3349.90919576682,4311.27318130814,4614.89972637825,4233.23735747861,3574.36299720905,4726.32428773713,4282.42997739781,3850.43779289782,5069.13394274838,3669.59064374305
"ENSMUSG00000074238",255.389086831034,252.175922164106,228.509040993214,234.753941073385,242.671297707116,250.851273879194,246.762529324407,256.471391286487,256.71838086469,260.776181001328,257.442990522508
"ENSMUSG00000074240",0,1.18594288078627,0,0.879742083753459,0,1.44670291134946,0,0,0,0,0
"ENSMUSG00000074247",114.627065833789,131.754983351357,117.156781360945,101.486502255053,114.384447343073,113.452172551368,121.170170793987,120.26819458504,89.1345776564948,115.376037753405,120.993528309937
"ENSMUSG00000074248",0,0,0,0,0,0,0,0,0,0,0
"ENSMUSG00000074254",0,0,0,0,0,0,0,0,0,0,0
"ENSMUSG00000074259",0,0.94440462968974,0,0.970040799337971,0,0,0,0,1.21683955097242,0,0
"ENSMUSG00000074261",0,1.06064860818115,0,2.19124108662813,0,1.27537187050107,0,0,0,0,1.16146977676394
"ENSMUSG00000074264",200.587838052999,244.032654147039,144.963557775766,305.820361166887,356.473707800084,271.609628049082,191.122581281375,180.618586534732,185.634841641363,276.01844895966,140.771283723654
"ENSMUSG00000074268",0,0,0,0,0,0,0,0,0.94676288413655,0,0
"ENSMUSG00000074269",14.2411830703121,36.3667875843453,14.9935423717249,14.2628342809873,15.9532984170458,21.8900403922255,56.6950262522667,27.5002822723022,5.62555877807082,19.0571784711606,23.0037214181264
"ENSMUSG00000074272",861.712570335849,734.33464309145,995.397395658556,822.129367252622,719.242273086452,738.981604688665,790.285271765105,793.190410926358,986.181938183494,813.945483807933,1197.78029292208
"ENSMUSG00000074277",229.241792202347,312.566957038088,351.852447398304,295.318941319909,286.106627732983,270.876759841662,339.093727286489,297.280593771523,276.135007967195,349.43473333204,217.224178086673
"ENSMUSG00000074282",39.4341927147728,49.0965891266135,41.4475127304403,48.1114391595689,36.8486122337536,45.2969371179924,35.8087353662357,53.4089360937306,44.3888636528254,43.2751399661612,37.6601524682044
"ENSMUSG00000074283",37.7363789637897,20.5016158478258,35.8530761891581,35.6687521403323,34.8813227831765,27.0908528214942,18.517988908208,29.8034641325329,34.0739162486572,34.9468192842296,27.5288454325996
"ENSMUSG00000074291",0,0,0,0,0,0,0,0,0,0,0
"ENSMUSG00000074300",0,0,0,0,0,0,0,0,0,0,0
"ENSMUSG00000074302",0,0,0,0,0,0,0,0,0,0,0
"ENSMUSG00000074305",79.1850026832032,75.0179173818953,86.9457624981337,70.1403573711453,114.666439758543,23.6464736851132,54.0937009608438,64.3164491570081,91.1077429653701,49.3701965664762,72.4447110842474
"ENSMUSG00000074311",0,0,0,0,0,0,0,0,0,0,0
"ENSMUSG00000074322",0,0,0,0,0,0,0,0,0,0,0
"ENSMUSG00000074336",0,0,0,0,0,0,1.0244779114794,0,0,0,0
"ENSMUSG00000074340",59.9863747412393,69.4072636687912,79.1236250250966,75.8775146144423,78.5908942169794,103.646578382356,90.9856712073805,80.1578376500399,92.0502108679329,66.5759048399666,109.024165271828
"ENSMUSG00000074342",11.3229404289447,9.52462793018021,7.05674581182848,7.72303741903393,10.9095990407833,3.82491234927164,14.585589930101,9.72187794811772,10.1482269094729,9.52577059066398,3.53222292607427
"ENSMUSG00000074344",0,0,1.76014781717312,1.096051492389,0,0,0,0.981635593968735,0,0,3.4729234977221
"ENSMUSG00000074345",0,0,0,0,0,0,0,0,0.926230139208479,0.957124403759385,0
"ENSMUSG00000074358",156.763102692123,188.342983675841,147.856023002943,105.262391397674,147.981776696281,185.449599845938,149.13407666782,222.483526310277,158.865278529013,233.001143359689,225.288541088003
"ENSMUSG00000074359",0,0,0,0,0,0,0,0,0,0,0
"ENSMUSG00000074361",1.42967696188407,0,27.8920115316519,13.9317187919998,23.0900804682265,26.3877750802019,14.1230661267245,4.81560288274634,8.79541207573581,6.48569208950686,3.58344347770397
"ENSMUSG00000074364",617.68240210079,526.151371314398,565.686682183228,450.592300410996,697.760885879541,469.77560272212,556.394458771606,546.628460985466,571.043858165313,535.372824832044,443.621884113128
"ENSMUSG00000074365",0,0,0,0,0,0,0,0,0,0.936366945291052,0
"ENSMUSG00000074366",0,0,0,0,0,0,0,0,0,0,0
"ENSMUSG00000074369",0,0,0,0,0,0,0,0,0,0,0
"ENSMUSG00000074375",0,0,0,0,0,0,0,0,0,0,0
"ENSMUSG00000074377",0,0,0,0,0,0,0,0,0,0,0
"ENSMUSG00000074378",0,0,0,0,0,0,0,0,0,0,0
"ENSMUSG00000074384",27.5840701174027,21.4971963662063,20.2703911451008,28.7142478329422,30.7005979059706,8.97329676320479,18.8282728974575,17.5772183488027,17.6258766246576,22.149398766451,18.3563189210321
"ENSMUSG00000074397",0,4.97406715129756,0.817567849293384,2.03175628080678,0,0,2.59493525350461,0,0,0,0
"ENSMUSG00000074403",6.65159841270523,4.33535744429747,16.9354824577491,24.843041677981,0,0,0,3.95031755879182,0,0,0
"ENSMUSG00000074405",285.966943497771,237.702401729392,246.735332430309,254.300974687105,287.652722360719,378.686746487027,271.936402349655,318.607601902901,305.802923701886,303.067220590843,276.760357781488
"ENSMUSG00000074406",323.572388777917,319.335070991336,436.941736732102,420.823301405252,388.43484199221,395.403862239982,395.993052649031,405.032277669882,310.412032195387,413.068672955103,374.912804452349
"ENSMUSG00000074417",2.07410864034834,4.29739840094378,1.77473024114223,0,0,0,0,1.98770887701111,0,0,2.29011601961445
"ENSMUSG00000074419",1.23237667356398,1.22703824128288,1.01235508767452,1.24739285832138,0,2.16891532768793,0,0.887211197258315,0,0,0
"ENSMUSG00000074424",0,0,0,0,0,0,0,0,0,0,0
"ENSMUSG00000074433",0,0,0,0,0,0,0,0,0,0,0
"ENSMUSG00000074434",0,0,0,0,0,0,0,0,0,0,0
"ENSMUSG00000074435",0,0,0,0,0,0,0,0,0,0,0
"ENSMUSG00000074437",0,0,0,0,0,0,0,0,0,0,0
"ENSMUSG00000074439",0,0,0,0,0,0,0,0,0,0,0
"ENSMUSG00000074440",0,0,0,0,0,0,0,0,0,0,0
"ENSMUSG00000074441",0,0,0,0,0,0,0,0,0,0,0
"ENSMUSG00000074443",0,0,0,0,0,0,0,0,0,0,0
"ENSMUSG00000074444",0,0,0,0,0,0,0,0,0,0,0
"ENSMUSG00000074445",0,1.08064173486522,0,0,0,0,0,0,0,0,0
"ENSMUSG00000074446",0,0,0,0,0,0,0,0,0,0,0
"ENSMUSG00000074447",0,0,0,0,0,0,0,0,0,0,0
"ENSMUSG00000074448",0,0,0,0,0,0,0,0,0,0,0
"ENSMUSG00000074449",0,0,0,0,1.04540312102761,0,1.02992038236893,0,0,0,0
"ENSMUSG00000074452",0,0,0,0,0,0,0,0,0,0,0
"ENSMUSG00000074454",0,0,0,0,0,0,0,0,0,0,0
"ENSMUSG00000074457",147.001604788767,140.176743535372,124.518933874187,156.80254360183,138.949954657365,122.324937564063,141.511932332223,143.49900616656,127.959784096291,166.968028493268,170.690169952963
"ENSMUSG00000074472",7.54543803483168,21.9051130079928,30.4390448497852,14.2214158327674,18.6182243666669,20.0491063093034,13.4334916163981,25.5955669392877,11.2353406638479,11.4128164235697,28.5615485770928
"ENSMUSG00000074473",0,0,0,0,0,0,0,0,0,0,0
"ENSMUSG00000074476",8.06155776760182,7.99474957446995,10.4186992485655,10.0241241439217,1.7822081316131,18.2157739680999,12.55757331306,8.93312387648415,7.44757045883146,3.9925100848051,2.8816362411284
"ENSMUSG00000074480",39.0980527418568,31.3830931833815,21.2473635326863,27.1712631272507,30.7330321008554,30.781609658911,25.5518447154811,28.600164792673,27.4403214740211,31.1157425933535,22.9081825943366
"ENSMUSG00000074483",0.689939267648385,0,0,0,0,0,0,0,0,0,0
"ENSMUSG00000074486",0,0,0,0,0,0,0,0,0,0,0
"ENSMUSG00000074489",90.7906296521059,218.67248154054,161.977207058919,110.331702167335,131.142183679698,56.0694808726026,199.65981935784,71.445363456431,128.890781292223,81.0002226860819,111.47115104829
"ENSMUSG00000074491",0.677102114371238,0,0,0,0,0,0,0,0,1.90823898130691,0
"ENSMUSG00000074500",9.1630815023424,15.9713885226319,7.78503089411305,4.03252523284237,15.1620164629731,2.82967142530794,8.40496676367406,4.26953108965636,8.77732136593013,12.0081003862318,5.01146204511847
"ENSMUSG00000074502",0,0,0,0,0,0,0,0,0,0,0
"ENSMUSG00000074505",2.75342134259222,3.25416851175655,4.43910062609804,7.64658368656099,3.15378621683289,0,3.0917595381433,0.986744665774402,9.4003236250655,5.6480089844256,3.41625225033813
"ENSMUSG00000074513",196.392303862885,149.255363987014,175.424033167755,160.255531256529,153.358096704409,141.800469424906,211.190922627821,146.938997096057,166.355865929592,199.461987489104,240.780666617546
"ENSMUSG00000074519",30.601877737174,18.4644507976353,19.9511340252499,20.2864488925105,12.8316657232385,8.64430794053113,31.6220837765265,21.9116463311939,28.4874164281854,14.4250099320141,168.657662951705
"ENSMUSG00000074521",0,0,0,0,0,0,0,0,0,0,0
"ENSMUSG00000074527",3.43995348019206,0,3.60107284973481,0,0,0,1.03780014115422,1.9491509669814,0,0.905427778438364,3.52175537502995
"ENSMUSG00000074529",1.64882141158631,3.77930450371236,1.03602368407798,1.68024858557607,3.76737507787109,1.49440113282708,0.3886196934456,2.25917887819666,0,1.04080739565966,2.72546557143996
"ENSMUSG00000074564",0,0,0,0,0,0,0,0,0,0,0
"ENSMUSG00000074569",0,0,0,0,0,0,0,0,0,0,0
"ENSMUSG00000074570",1.50078390160858,6.08194679098949,1.93322049413144,1.02595476410969,0.994443588402194,0,0,1.07966567282628,2.67196151142567,1.69274004142719,1.24721494481209
"ENSMUSG00000074575",0,0,0,0,0,0,1.0244779114794,0,0,0,0
"ENSMUSG00000074576",174.247947778761,144.639112000551,131.587154282418,175.233774910145,142.025845970123,179.316876502691,175.583320524383,163.022641481828,180.353239949105,220.186676305331,168.424047430243
"ENSMUSG00000074577",32.5082245279303,30.3258379999998,21.354055323556,21.7122024711906,37.268377548308,30.6317450834662,18.4058191192665,28.5669319322258,33.0630783558327,30.8603702671202,22.8556299735876
"ENSMUSG00000074579",9.89515146369322,2.3001092990019,1.84366249454894,0,3.01055350960424,3.17110178357613,2.87304228792884,7.19889906905103,0.125940267959158,0,3.0433989119137
"ENSMUSG00000074582",1569.96524869288,1551.0750402377,1503.16691692471,1872.98501018867,1490.11381719254,1420.09363889651,1739.81177172183,1891.23159747743,1572.83132512454,1438.9738143386,2046.2302538605
"ENSMUSG00000074591",0,0,0,0,1.05095675570364,0,0,0,0,0,0
"ENSMUSG00000074593",0,0,0,0,0,0,0,0,0,0,0
"ENSMUSG00000074594",0,0,0,0,0,0,0,0,0,0,0
"ENSMUSG00000074595",0,0,0,0,0,0,0,0,0,0,0
"ENSMUSG00000074596",0,0,0,0,0,0,0,0,0,0,0
"ENSMUSG00000074604",18.8988889250433,28.3034920160405,19.8537852119179,8.09522608250289,15.8728120007941,23.6692134999438,14.3624745398421,4.47093075821469,13.5740516247602,2.65271662525956,12.9111245619771
"ENSMUSG00000074607",26.0188977048908,24.2467578583438,3.16243777631885,1.55397848995655,1.51319397271615,11.0162587308848,13.2596774600064,7.0507981123899,3.37383359547588,19.6560464790094,20.7622830696298
"ENSMUSG00000074619",0.671512906831273,1.0650723524334,0,1.11072648352894,0,0,0,0.989612592650564,0,0,1.16976967102374
"ENSMUSG00000074622",162.895375812134,236.180577799284,246.363215606342,184.086933231734,378.550082833032,207.147042858982,323.815899855824,190.590869695364,165.972474084617,210.44265349206,153.185941149666
"ENSMUSG00000074623",0.722498081519757,5.53780359783621,7.28679556293376,2.23343989514633,4.50003602302012,2.62768981811903,2.05624577977957,1.57958347293725,0.95013136112738,2.70633149190224,4.77709382659951
"ENSMUSG00000074625",12.4346359098095,6.52294398668848,13.275378575086,2.18036671099069,45.5148879296537,1.29000893905597,5.11106646808878,6.85971673532524,8.50099427165621,24.2956688190074,11.430933445649
"ENSMUSG00000074627",4.14856365137966,1.07830157488113,3.54973905655587,1.08944462701474,1.05454945203514,0,2.04917304185899,5.93773356438133,1.8857082281395,4.69659267071098,2.28560364126032
"ENSMUSG00000074628",0,0,0.803423100712362,0,0,1.36473947362467,0,1.03134075161203,0,0,0
"ENSMUSG00000074634",369.696814220586,302.563920133857,351.498057603257,497.839385954477,222.070440071917,229.549785011406,256.039617424588,348.378137865437,489.23996054945,215.821533800231,394.357207654221
"ENSMUSG00000074637",0,0,0,0,1.06135381039403,0,0,1.97437786038102,0.942633289404772,0,0
"ENSMUSG00000074639",0,0,0,0,0,0,0,0,0,0,0
"ENSMUSG00000074643",379.40234459926,415.363931811591,378.761062476124,328.956626626847,547.0325072269,442.532201534318,500.612961222994,395.71769393792,487.086145772896,487.8712714025,402.746025212739
"ENSMUSG00000074646",7.24985606461135,13.6943660649256,3.55250495109524,8.85927279922914,3.6966826782788,10.4093295786572,7.44257770366256,13.2949047392854,3.24288353243552,9.59580886055036,7.37960909635405
"ENSMUSG00000074647",0,0,0,0,1.05973565588777,0,1.02268812024558,0,1.88112609073563,0,0
"ENSMUSG00000074649",25.5277529029902,29.177326841361,36.4371706269028,23.9707237030426,21.0191351140727,21.7925080633226,43.0280722821348,23.8225586384729,29.3496494082331,27.1546414134405,21.6686345991043
"ENSMUSG00000074651",0,0,0,0,0,0,0,0,0,0,0
"ENSMUSG00000074652",6.20673944095603,1.08345104663238,4.44243127420774,3.25856711477222,2.11903525165546,3.85017874427007,3.06650581538179,2.96594707058273,1.89387157027818,1.86897257220218,5.70239914373969
"ENSMUSG00000074653",0,0,0,0,0,0,0,0,0,0,0
"ENSMUSG00000074655",0,0,0,0,0,0,0,0,0,0,0
"ENSMUSG00000074656",2514.16122263949,2907.99090552815,2568.73467748554,3103.71238116988,2774.2542606993,3136.38908731868,3034.68291065517,2677.80753380492,2247.03185887829,2309.53402633099,2919.99454162098
"ENSMUSG00000074657",69.0367989026037,64.8073373376601,74.4950045744595,41.3873960715958,65.4661106396988,81.1034313343616,59.2602475889548,73.2235115027853,46.3646659189729,54.2828364087109,77.5745996680303
"ENSMUSG00000074665",0,0,0,0,0,0,0,0,0,0,0
"ENSMUSG00000074671",5.44036355703599,16.0996683357185,10.611154646346,7.65857938418147,8.50223618058297,11.5755138542272,7.19466315710379,7.88338990029465,7.5322267501758,10.411891797719,18.3644551445406
"ENSMUSG00000074673",0,0,0,0,0,0,0,0,0.94676288413655,0,0
"ENSMUSG00000074676",15.083919869425,16.1153509749278,7.99301703707592,16.3724257511195,15.0201453025568,17.8016179370862,10.2619951276345,12.7398403501494,1.87870914198876,10.3819602286456,5.75696719531982
"ENSMUSG00000074677",6.11945021978843,4.25042605686861,0,3.24146577087269,5.22267324103769,9.01717607942665,2.05734410339738,7.79391479671532,2.03306307064711,4.58863867450069,2.29157443768398
"ENSMUSG00000074678",0,1.08064173486522,0,0,0,0,0,0,0,0,0
"ENSMUSG00000074679",0,0,0,0,0,0,0,0,0,0,0
"ENSMUSG00000074680",0,0,0,0,0,0,0,0,0,0,0
"ENSMUSG00000074681",0,0,0,0,0,0,0,0,0,0,0
"ENSMUSG00000074682",36.0750466655011,36.8906036022958,51.3151866929754,31.4469679741297,41.6385135178082,25.6977226423295,39.9009788035394,28.5638592161655,42.5691443913078,66.8266152499559,36.6924573777842
"ENSMUSG00000074695",0,0,0,0,0,0,0,0,0,0,0
"ENSMUSG00000074698",617.763176574724,614.560113855384,421.790433009652,483.972511543376,484.686545466212,607.68505437041,591.851377635762,509.544068729395,544.969436498031,513.573563589358,789.08596929767
"ENSMUSG00000074704",0,0,0,0,0,0,0,0,0,1.8727338905821,0
"ENSMUSG00000074715",1464.32709225866,1221.89818138189,1683.14709208084,2476.19275914346,578.401237412274,1048.74306807056,1459.98270205778,1258.04792221447,1476.00919494245,1776.58247865298,2169.43151198561
"ENSMUSG00000074720",0,0,0,0,0,0,0,0,0,0,0
"ENSMUSG00000074731",0,0,0,0,2.10751672613288,5.12231897840099,0,0,0,1.86969836215575,0
"ENSMUSG00000074733",58.9524914757846,216.488395730555,93.1326588113292,78.064384921279,68.0350447370797,129.187701919803,61.9091125010444,90.1124332546484,208.3471405384,101.479992713272,101.193753739732
"ENSMUSG00000074734",0,0,0,0,0,0,0,0,0,0,0
"ENSMUSG00000074735",0,4.32256693946089,0,0,0,0,0,0,0,0,0
"ENSMUSG00000074736",0.274137593630867,0,0,0,6.50699755722244,0,0,0.403481505459552,0,0,0
"ENSMUSG00000074738",9.96980876107168,5.41683576219371,7.8656756904576,4.36389656362203,13.8047591698633,5.21107803269002,11.3524666677635,2.95087844293178,10.3610934694806,9.60803802193701,9.16816601824476
"ENSMUSG00000074743",71.4988093724149,61.5234184197099,68.3378247045624,77.3662105611005,134.895421833699,97.49286490761,62.4329873118314,107.505490990859,91.6143180513393,65.6460853002201,69.7737056399614
"ENSMUSG00000074746",594.816343923547,452.940871724623,613.660152575092,509.098867225634,525.050368637916,386.15599109381,586.853566142748,504.70987945278,604.084155095503,523.628608019995,616.727398395845
"ENSMUSG00000074748",134.019944903193,138.180117476224,164.829450826636,132.641214734928,163.205141219105,152.371007894378,183.962063305854,137.513166051023,120.820671821443,149.962574235328,156.677584575497
"ENSMUSG00000074749",325.087297826151,326.333819909994,339.509323174304,397.143462904071,333.139153796397,284.801039433438,309.841740231778,354.65224747076,435.896311835397,411.059414394822,370.360740700889
"ENSMUSG00000074754",75.3536525161148,84.3904123932492,63.2402799404334,66.4444190764384,59.352177536674,44.9677319735543,63.515720251651,76.4679902835787,61.8573696708367,62.0912508657701,49.3783231271064
"ENSMUSG00000074764",0,0,0,0,0,0,0,0,0,0,0
"ENSMUSG00000074766",24.4694916535359,20.3360905976686,21.167803913868,15.3066526219903,22.1085951998096,11.8468518790368,13.2826291336482,6.93386342545938,20.7784448393675,8.47050323256842,18.2931971394213
"ENSMUSG00000074768",0,0,0,0,0,0,0,0,0,0,0
"ENSMUSG00000074771",12.7708370799127,3.14395360262462,24.0270673497326,16.7200697664032,10.2263132970926,8.00968235979575,7.15801757097361,12.0945102452928,3.26033374197681,6.55967771573792,3.36554449045202
"ENSMUSG00000074780",0,0,0,0,0,1.28191223901898,0,0,0,0,0
"ENSMUSG00000074781",263.06024717275,281.445989912002,309.560823912218,300.115402522841,334.340074689545,296.639698449685,266.564195849939,263.823332505454,303.796420745949,263.256757988702,276.411137387384
"ENSMUSG00000074785",47.0100236753504,65.7749427783626,19.1911629765775,18.8227051072214,20.8725666265458,35.4665093772744,11.5289957821259,22.2278521531466,64.9486816382699,25.9876553658247,22.648134987735
"ENSMUSG00000074793",59.3103096672204,74.6316059649163,95.9545102401211,83.0002482085747,101.043446496713,80.0670814016732,91.4549200878081,180.315251381937,141.876244872754,170.420847361639,187.654463790453
"ENSMUSG00000074794",710.339678658217,375.267623516784,617.182466800908,946.251171659747,696.65130465203,322.757312634305,425.373389969307,454.176884389826,521.645765905076,353.482672752788,602.364000320725
"ENSMUSG00000074796",5.67436034907585,8.892627975131,6.4830278847693,6.97825040768909,4.82553792783433,5.89906164321594,7.48378422821862,19.3043238621229,6.05371563269352,14.5696668971318,4.17207730045701
"ENSMUSG00000074797",241.774401269063,224.766617592678,206.953327294689,198.626241684343,164.230914913654,216.905290864515,228.364352837211,158.333638375007,216.357703960243,180.976730592542,293.261598390629
"ENSMUSG00000074802",8.60949388387566,10.5455074669294,122.603220688704,351.52586497115,117.387662499628,15.7638275900467,119.164507161006,9.34936025120076,109.630360441648,10.9995267540921,11.9087189549366
"ENSMUSG00000074811",146.638423532644,180.926427368935,149.329040850994,131.432042275467,146.74003425693,162.512526616894,164.668316365285,172.329324656341,150.142818189528,199.231541541978,154.149294568649
"ENSMUSG00000074812",0,0,0,0,0,0,0,0,0,0,0
"ENSMUSG00000074817",4.04668492795059,9.903364020796,4.43860615631359,9.92117404121262,5.18623247393991,18.0662661397889,1.04600849980358,5.86298843402917,6.49508968798302,3.82363727657793,4.53884443877209
"ENSMUSG00000074818",21.2046583808422,20.1220627898394,19.8426629413153,14.1146991110979,31.1252029308941,29.6543841783829,24.708929155896,20.1324177304961,12.2846112947153,6.08039437605286,20.1700733008207
"ENSMUSG00000074824",6.81700284844592,4.32693704130343,7.97498737524417,8.80428982694954,17.9441324000808,2.56380281481108,0,7.86085582207826,6.53870596096468,15.2830577533446,2.28838686591644
"ENSMUSG00000074825",742.628008815794,619.603562179665,677.862421151783,941.089075999143,576.451669501711,752.078647584526,639.642552577626,734.151491346983,729.246404502445,956.041905345872,966.130014197092
"ENSMUSG00000074826",0.681915065691814,1.08401494147061,0.89148557795869,0,4.41461869836356,6.42956854208455,2.05535160714256,2.94318688626596,1.87150349198437,3.64825603615376,0
"ENSMUSG00000074829",299.38596109662,354.39357188659,322.354992545707,332.837655293078,338.935919836564,350.683153128839,278.918855244687,349.696793748283,319.972645993954,302.43540285028,367.973733642286
"ENSMUSG00000074832",0,0,7.12160100764259,2.26477114109028,0,0,2.0170019528018,0.118750935141947,0,0,2.32552831241115
"ENSMUSG00000074837",0,0,0,0,0,0,0,0,0,0,0
"ENSMUSG00000074847",0,0,0,0,0,0,0,0.992606609936369,0,0,0
"ENSMUSG00000074849",0.689939267648385,0,0,0,0,0,0,0,0,0,0
"ENSMUSG00000074852",6.20526466295268,9.6812040727297,9.75433150168685,5.45741090701651,13.7277737535665,8.95981848778774,13.3194423672682,7.92242826189602,4.71602150706964,20.6890879613252,6.87118623470582
"ENSMUSG00000074862",5.26023297065092,6.39338872066183,0.878340812897568,5.53815618638987,2.1782295538895,11.6177216544693,7.3415560794682,4.86011670815617,4.5935090055855,5.71128791992212,8.19348522366454
"ENSMUSG00000074863",15.5841043409047,34.9440204559832,18.6680019839648,11.9728760406571,15.9099693417867,19.3765955648221,5.96296042643879,7.40361358198496,10.123960574258,20.5013419064082,9.70884940995952
"ENSMUSG00000074865",6.61968210117056,10.5895694582403,6.16005718555593,26.1678336252699,1.0999089936066,0.893383822524545,3.04133168998522,18.7092465260363,1.30754060565958,1.20659571829992,22.935264081642
"ENSMUSG00000074867",11.4538360794603,36.5158038743434,28.3006292509005,7.02675530484575,11.5175834990937,9.36454196325334,8.40810478871853,6.267649533849,13.7230008768097,9.40718743246005,10.6145052740634
"ENSMUSG00000074870",0,0,0,0,0,0,0,0,0,0,0
"ENSMUSG00000074871",0,0,0,0,0,0,0,0,0,0,0
"ENSMUSG00000074872",0,0,0,0,0,0,0,0,0,0,0
"ENSMUSG00000074874",4.09185631687266,3.37974673034038,6.52908750978224,7.59467680997917,4.81296930574449,4.16147677748543,2.87367028976913,4.54574854804972,8.48750127078786,8.57638593051765,5.53229242609222
"ENSMUSG00000074881",0,0,0,0,0,0,0,0.985576141203468,0.936571899864296,0.953307821322384,0
"ENSMUSG00000074882",0,0,0,0,0,0,0,0,0,0,0
"ENSMUSG00000074884",1816.72359984459,2002.96798178172,1670.26985668971,1662.28149248021,1510.95752421184,1905.54224928574,1911.03572049529,2018.31783798876,1613.83169357826,1741.70808751709,1525.74388079002
"ENSMUSG00000074886",456.194452790166,619.500540346166,356.2295921386,372.634217812329,409.124784633083,670.873179186816,355.197490028098,460.48401914921,424.603483579222,563.136892746542,495.987254073216
"ENSMUSG00000074890",206.684408827788,199.48431695195,268.17624523033,307.85062760896,246.063338586116,274.130504098302,284.31198244623,272.549413182635,198.234232250609,292.947086843173,259.177494042794
"ENSMUSG00000074892",3.41352048519878,3.20747464938078,2.65113824333894,0,4.23650081448484,0,3.08398304096967,0,0.940297395176126,2.84880808272202,2.30041010244713
"ENSMUSG00000074895",0,0,0,0,0,0,0,0,0,0,0
"ENSMUSG00000074896",570.134809574095,348.174385147367,288.775000701699,349.923081005042,308.383673688037,221.442465022399,283.178203940628,126.20438456403,377.706004318573,428.687937715733,387.481789633462
"ENSMUSG00000074899",118.614550925213,109.461823980928,181.538183315397,142.222626659503,213.429883583958,167.629264455155,155.157831940236,172.675447283988,185.421688226972,220.842550225841,190.589447978788
"ENSMUSG00000074909",165.618185380626,138.501810910622,159.065865884182,123.04030479524,132.428100506108,145.327335403791,163.350051997993,133.98434864213,159.883197791671,168.07137081388,160.719803963142
"ENSMUSG00000074913",0,0,0,0,0,0,0,0,0,0,0
"ENSMUSG00000074916",74.0029846405057,89.4311399684631,89.312723784257,70.7172812444943,64.7918968087046,93.3508684793359,78.9612494675331,79.3984149245609,82.2856285918099,92.266358034387,87.9430541384189
"ENSMUSG00000074918",30.2417270878113,33.9680851813676,36.8925411121363,32.0266251494387,24.8162039693049,30.9860926192908,30.5016451866348,40.6998880693529,35.1229982567416,38.7025616132912,33.7369416977828
"ENSMUSG00000074922",124.891018385768,153.323691224546,138.468717385512,138.987904145771,131.689424729045,159.553502945614,158.482990273619,144.736882136986,177.657191951247,138.004162279204,135.608600007391
"ENSMUSG00000074923",376.122424921625,301.287661037342,244.189380443879,281.757674607758,166.738629113551,379.369389836683,218.149923877948,297.303396163549,226.880936643895,192.350577153425,483.728975887029
"ENSMUSG00000074925",62.3425879970967,27.383615747138,28.0072443213526,56.3608439631624,17.5332180840716,20.9414335273764,37.656485727089,14.2902163398885,42.5415044827699,24.1669682722032,30.3413915015145
"ENSMUSG00000074928",0,0,0,0,0,0,0,0,0,0,0
"ENSMUSG00000074934",2.00952486301943,4.28241828396711,0,0,0,5.16741011830464,0,0,0,0.966012631721323,0
"ENSMUSG00000074939",0,0,0,0,0,0,0,0,0,0,0
"ENSMUSG00000074945",0.679353463894322,0,1.81081982155857,0,0,0,0,0.994039970546119,1.88484286330627,0,0
"ENSMUSG00000074946",0,0,0,0,0,0,0,0,0,0,0
"ENSMUSG00000074947",0.689939267648385,0,0,0,0,0,0,0,0,0,0
"ENSMUSG00000074952",0,0,0,0,0,0,0,0,0,0,0
"ENSMUSG00000074955",0,0,0,0,0,0,0,0,0,0,0
"ENSMUSG00000074965",0,0,0,0,0,0,0,0,0,0,0
"ENSMUSG00000074966",0,0,0,0,0,0,0,0,0,0,0
"ENSMUSG00000074968",18.9518112122159,1.09922916499982,9.77283938176891,3.31162133163565,7.3061793888619,6.4553763076485,7.34241608233789,2.93805816860657,10.2383801524707,0,9.08767911768006
"ENSMUSG00000074971",9.48464681711517,8.57497430629151,13.2067634104412,10.9679387375218,21.3761439096626,6.4536602679423,10.3592583341246,21.4117786639529,12.1081192308504,13.3981961944881,17.2535834933252
"ENSMUSG00000074991",0,0,0,0,0,0,0,0,0,0,0
"ENSMUSG00000074994",391.708440634744,368.534344911839,523.565104091871,474.986139795,483.18981236365,282.008282845234,535.230828023184,387.114566851921,412.015375444077,455.319036174148,405.322460599818
"ENSMUSG00000074995",0,0,0,0,0,0,0,0,0,0,0
"ENSMUSG00000074996",0,0,0,0,0,0,0,0,0,0,0
"ENSMUSG00000074997",0,0,0.888711478704946,0,0,0,0,0,0,0,0
"ENSMUSG00000075000",248.557009138057,261.398346785975,218.826472029883,306.501577716273,309.272593485977,361.828353905174,270.341440272526,262.51087687244,279.993283712024,232.59270905809,254.383346179878
"ENSMUSG00000075002",0,0,0,0,0,0,0,0,0,0,0
"ENSMUSG00000075006",0,0,0.888711478704945,0,0,0,0,0,0,0,0
"ENSMUSG00000075012",24.4634705117908,27.2824439946835,22.9481673987155,17.3052029490946,25.5563242678703,9.04951450740306,38.7999823571349,15.7742323491769,22.7657249441422,20.6760949079517,16.007782647048
"ENSMUSG00000075014",0,1.10638705532981,1.79838924130918,0,0,0,2.04793854017852,0.974535829245602,0,0.921591621074102,1.13988823018798
"ENSMUSG00000075015",0,0,0.87747573638832,1.10352998557191,0,0,0,0,0,0,0
"ENSMUSG00000075023",2.08095602991337,0,0.887017422838456,1.08786132555526,2.10902297035144,2.54627153481018,0,0,0,0.937877165568895,0
"ENSMUSG00000075028",17.5737933475516,58.5518544603612,9.17474652954874,33.786772930869,42.1130476658312,35.3338197930867,20.8546113663631,24.2881557417281,29.3327296028126,31.6530828003414,22.2131633183743
"ENSMUSG00000075031",4.60134969364729,4.27726265329213,2.64872848534175,2.20808420618459,1.10443875978943,1.28133914675678,1.04637496220904,0,0.920924078218746,0.945437967121752,0
"ENSMUSG00000075033",22.0244680544257,61.2646311872254,7.08682396899889,6.55064838194081,6.33422754207957,39.7961021575839,11.2592309914933,4.95355497871983,7.55432827318869,29.1606852221032,6.86973459821163
"ENSMUSG00000075040",189.738074927025,180.540935399862,209.081667683393,196.03265637695,164.859175004437,206.137236335976,179.414766365096,116.695128224907,162.247919160619,153.150789231208,190.963965607723
"ENSMUSG00000075044",0,0,0,0,0,0,1.04683210233226,0.97141035740371,0,0,0
"ENSMUSG00000075045",0,0,0,0,0,0,0,0,0,0,0
"ENSMUSG00000075046",0,0,0,0,0,0,0,0,0,0,0
"ENSMUSG00000075054",186.55780389468,140.867703714575,114.786733859843,151.525551380074,136.721998342602,139.111867945707,114.534707458311,120.886617303671,128.348964247323,114.133496897824,176.791043097824
"ENSMUSG00000075061",0,0,0,0,0,0,0,0,0,0,0
"ENSMUSG00000075062",0,0,0,0,0,0,0,0,0,0,0
"ENSMUSG00000075063",0,0,0,0,0,0,0,0,0,0,0
"ENSMUSG00000075064",0,0,0,0,0,0,0,0,0,0,0
"ENSMUSG00000075065",0,0,0,0,0,0,0,0,0,0,0
"ENSMUSG00000075066",0,0,0,0,0,0,0,0,0,0,0
"ENSMUSG00000075067",0,0,0,0,0,0,0,0,0,0,0
"ENSMUSG00000075068",0,0,0,0,0,0,0,0,0,0,0
"ENSMUSG00000075069",0,0,0,0,0,0,0,0,0,0,0
"ENSMUSG00000075072",0,0,0,0,0,0,0,0,0,0,0
"ENSMUSG00000075073",0,0,0,0,0,0,0,0,0,0,0
"ENSMUSG00000075074",0,0,0,0,0,0,0,0,0,0,0
"ENSMUSG00000075075",0,0,0,0,0,0,0,0,0,0,0
"ENSMUSG00000075078",0,0,0,0,0,0,0,0,0,0,0
"ENSMUSG00000075079",0,0,0,0,0,0,0,0,0,0,0
"ENSMUSG00000075081",0,0,0,0,0,0,0,0,0,0,0
"ENSMUSG00000075084",0,0,0,0,0,0,0,0,0,0,0
"ENSMUSG00000075085",0,0,0,0,0,0,0,0,0,0,0
"ENSMUSG00000075086",0,0,0,0,0,0,0,0,0,0,0
"ENSMUSG00000075088",0,0,0,0,0,0,0,0,0,0,0
"ENSMUSG00000075090",0,0,0,0,0,0,0,0,0,0,0
"ENSMUSG00000075091",0,0,0,0,0,0,0,0,0,0,0
"ENSMUSG00000075092",0,0,0,0,0,0,0,0,0,0,0
"ENSMUSG00000075093",0,0,0,0,0,0,0,0,0,0,0
"ENSMUSG00000075094",0,0,0,0,0,0,0,0,0,0,0
"ENSMUSG00000075095",0,0,0,0,0,0,0,0,0,0,0
"ENSMUSG00000075097",0,0,0,0,0,0,0,0,0,0,0
"ENSMUSG00000075099",0,0,0,0,0,0,0,0,0,0,0
"ENSMUSG00000075100",0,0,0,0,0,0,0,0,0,0,0
"ENSMUSG00000075101",0,0,0,0,0,0,0,0,0,0,0
"ENSMUSG00000075102",0,0,0,0,0,0,0,0,0,0,0
"ENSMUSG00000075104",0,0,0,0,0,0,0,0,0,0,0
"ENSMUSG00000075105",0,0,0,0,0,0,0,0,0,0,0
"ENSMUSG00000075107",0,0,0,0,0,0,0,0,0,0,0
"ENSMUSG00000075110",0,0,0,0,0,0,0,0,0,0,0
"ENSMUSG00000075111",0,0,0,0,0,0,0,0,0,0,0
"ENSMUSG00000075112",0,0,0,0,0,0,0,0,0,0,0
"ENSMUSG00000075113",0,0,0,0,0,0,0,0,0,0,0
"ENSMUSG00000075114",0,0,0,0,0,0,0,0,0,0,0
"ENSMUSG00000075115",0,0,0,0,0,0,0,0,0,0,0
"ENSMUSG00000075117",0,0,0,0,0,0,0,0,0,0,0
"ENSMUSG00000075119",0,0,0,0,0,0,0,0,0,0,0
"ENSMUSG00000075120",0,0,0,0,0,0,0,0,0,0,0
"ENSMUSG00000075121",0,0,0,0,0,0,0,0,0,0,0
"ENSMUSG00000075122",2.4778729013816,6.97009808080152,3.25663959025582,0,0.981009545639091,9.37800267670806,1.94242059053025,3.60126360727368,1.51841020073997,2.67601472018968,8.21901709285519
"ENSMUSG00000075125",0,0,0,0,0,0,0,0,0,0,0
"ENSMUSG00000075126",0,0,0,0,0,0,0,0,0,0,0
"ENSMUSG00000075127",0,0,0,0,0,0,0,0,0,0,0
"ENSMUSG00000075128",0,0,0,0,0,0,0,0,0,0,0
"ENSMUSG00000075132",0,0,0,0,0,0,0,0,0,0,0
"ENSMUSG00000075133",0,0,0,0,0,0,0,0,0,0,0
"ENSMUSG00000075136",0,0,0,0,0,0,0,0,0,0,0
"ENSMUSG00000075137",0,0,0,0,0,0,0,0,0,0,0
"ENSMUSG00000075139",0,0,0,0,0,0,0,0,0,0,0
"ENSMUSG00000075140",0,0,0,0,0,0,0,0,0,0,0
"ENSMUSG00000075141",0,0,0,0,0,0,0,0,0,0,0
"ENSMUSG00000075142",0,0,0,0,0,0,0,0,0,0,0
"ENSMUSG00000075143",0,0,0,0,0,0,0,0,0,0,0
"ENSMUSG00000075144",0,0,0,0,0,0,0,0,0,0,0
"ENSMUSG00000075145",0,0,0,0,0,0,0,0,0,0,0
"ENSMUSG00000075146",0,0,0,0,0,0,0,0,0,0,0
"ENSMUSG00000075148",0,0,0,0,0,0,0,0,0,0,0
"ENSMUSG00000075149",0,0,0,0,0,0,0,0,0,0,0
"ENSMUSG00000075150",0,0,0,0,0,0,0,0,0,0,0
"ENSMUSG00000075151",0,0,0,0,0,0,0,0,0,0,0
"ENSMUSG00000075153",0,0,0,0,0,0,0,0,0,0,0
"ENSMUSG00000075155",0,0,0,0,0,0,0,0,0,0,0
"ENSMUSG00000075156",0,0,0,0,0,0,0,0,0,0,0
"ENSMUSG00000075158",0,0,0,0,0,0,0,0,0,0,0
"ENSMUSG00000075159",0,0,0,0,0,0,0,0,0,0,0
"ENSMUSG00000075160",0,0,0,0,0,0,0,0,0,0,0
"ENSMUSG00000075161",0,0,0,0,0,0,0,0,0,0,0
"ENSMUSG00000075163",0,0,0,0,0,0,0,0,0,0,0
"ENSMUSG00000075164",0,0,0,0,0,0,0,0,0,0,0
"ENSMUSG00000075165",0,0,0,0,0,0,0,0,0,0,0
"ENSMUSG00000075166",0,0,0,0,0,0,0,0,0,0,0
"ENSMUSG00000075167",0,0,0,0,0,0,0,0,0,0,0
"ENSMUSG00000075168",0,0,0,0,0,0,0,0,0,0,0
"ENSMUSG00000075169",0,0,0,0,0,0,0,0,0,0,0
"ENSMUSG00000075170",0,0,0,0,0,0,0,0,0,0,0
"ENSMUSG00000075171",0,0,0,0,0,0,0,0,0,0,0
"ENSMUSG00000075172",0,0,0,0,0,0,0,0,0,0,0
"ENSMUSG00000075174",0,0,0,0,0,0,0,0,0,0,0
"ENSMUSG00000075175",0,0,0,0,0,0,0,0,0,0,0
"ENSMUSG00000075176",0,0,0,0,0,0,0,0,0,0,0
"ENSMUSG00000075179",0,0,0,0,0,0,0,0,0,0,0
"ENSMUSG00000075181",0,0,0,0,0,0,0,0,0,0,0
"ENSMUSG00000075185",0,0,0,0,0,0,0,0,0,0,0
"ENSMUSG00000075186",0,0,0,0,0,0,0,0,0,0,0
"ENSMUSG00000075187",0,0,0,0,0,0,0,0,0,0,0
"ENSMUSG00000075188",0,0,0,0,0,0,0,0,0,0,0
"ENSMUSG00000075189",0,0,0,0,0,0,0,0,0,0,0
"ENSMUSG00000075190",0,0,0,0,0,0,0,0,0,0,0
"ENSMUSG00000075192",0,0,0,0,0,0,0,0,0,0,0
"ENSMUSG00000075193",0,0,0,0,0,0,0,0,0,0,0
"ENSMUSG00000075194",0,0,0,0,0,0,0,0,0,0,0
"ENSMUSG00000075195",0,0,0,0,0,0,0,0,0,0,0
"ENSMUSG00000075196",0,0,0,0,0,0,0,0,0,0,0
"ENSMUSG00000075197",0,0,0,0,0,0,0,0,0,0,0
"ENSMUSG00000075198",0,0,0,0,0,0,0,0,0,0,0
"ENSMUSG00000075199",0,0,0,0,0,0,0,0,0,0,0
"ENSMUSG00000075200",0,0,0,0,0,0,0,0,0,0,0
"ENSMUSG00000075201",0,0,0,0,0,0,0,0,0,0,0
"ENSMUSG00000075202",0,0,0,0,0,0,0,0,0,0,0
"ENSMUSG00000075203",0,0,0,0,0,0,0,0,0,0,0
"ENSMUSG00000075204",0,0,0,0,0,0,0,0,0,0,0
"ENSMUSG00000075205",0,0,0,0,0,0,0,0,0,0,0
"ENSMUSG00000075206",0,0,0,0,0,0,0,0,0,0,0
"ENSMUSG00000075208",0,0,0,0,0,0,0,0,0,0,0
"ENSMUSG00000075209",0,0,0,0,0,0,0,0,0,0,0
"ENSMUSG00000075210",0,0,0,0,0,0,0,0,0,0,0
"ENSMUSG00000075211",0,0,0,0,0,0,0,0,0,0,0
"ENSMUSG00000075212",0,0,0,0,0,0,0,0,0,0,0
"ENSMUSG00000075214",0,0,0,0,0,0,0,0,0,0,0
"ENSMUSG00000075215",0,0,0,0,0,0,0,0,0,0,0
"ENSMUSG00000075217",0,0,0,0,0,0,1.0244779114794,0,0,0,0
"ENSMUSG00000075218",0,0,0,0,0,0,0,0,0,0,0
"ENSMUSG00000075219",0,0,0,0,0,0,0,0,0,0,0
"ENSMUSG00000075220",0,0,0,0,0,0,0,0,0,0,0
"ENSMUSG00000075221",0,0,0,0,0,0,0,0,0,0,0
"ENSMUSG00000075222",0,0,0,0,0,0,0,0,0,0,0
"ENSMUSG00000075223",0,0,0,0,0,0,0,0,0,0,0
"ENSMUSG00000075224",0,0,0,0,0,0,0,0,0,0,0
"ENSMUSG00000075225",12.8988364709786,5.41346510474126,1.4005108148844,2.48392348647832,16.2343711427654,12.1313837054296,1.39864767773042,14.1666827628723,3.88097203137791,17.7670556170368,14.6567647960529
"ENSMUSG00000075227",323.780893336347,325.21248478958,300.577695384514,341.125421603947,257.148869800453,344.58484986334,328.098072384261,294.124082760727,313.04989968514,344.832715678362,339.472129790801
"ENSMUSG00000075229",68.8308568821878,84.3013166722315,79.6615008093781,100.497529281859,110.556157094568,111.057838946141,106.110057967868,82.4559661725442,83.1794053253942,80.2879098716156,88.3037759380524
"ENSMUSG00000075232",602.814647597169,518.022165664865,533.792762319329,561.659053687605,506.495545332645,560.583754035434,547.943103992007,534.102383304494,506.127654731124,533.670817628532,614.757385163502
"ENSMUSG00000075249",0,0,0,0,0,0,0,0,0,0,0
"ENSMUSG00000075254",147.44908372994,137.473034275678,170.983016688234,206.514849651332,193.017891331267,119.491822421789,108.478441465501,79.2275419382738,49.7542744570672,199.570587858591,200.502113840022
"ENSMUSG00000075256",0.224787300655878,6.09151484854515,0.582372701295756,0,0,7.15726853380679,0,5.39221198638053,0,0.622074257590572,0.376225531678791
"ENSMUSG00000075266",7.05713481718736,3.24549179415087,0.889689190674688,4.36310817960322,5.49436768569886,0,7.11642455939308,9.72996567053221,6.59641524032505,0.881153260097231,4.66611552763608
"ENSMUSG00000075267",1.31022676807611,0.775054795378981,0,0,0,0,0,0,0,0.687479572555248,0
"ENSMUSG00000075269",0,0,0,0,0,1.25290071402421,0,0,0,0,1.16686222974204
"ENSMUSG00000075270",2.83358047958693,3.51539845165326,1.45122398734777,2.13876673091002,0,0,2.50607822056389,0,0,0.766549465343302,3.19158878285952
"ENSMUSG00000075271",42.2379373481161,35.9022475771472,23.9428707632031,30.703291780818,34.5690324392307,43.8020274311824,25.8866913316609,26.5686913757073,36.5732503082153,40.7330174810254,37.4841156078054
"ENSMUSG00000075272",0.67881437997943,5.43221331919625,1.77104364456412,3.29179242237372,3.14016757171942,6.45114832109251,5.1788951766521,4.92167291796149,1.87589275581041,0.947473978838659,0
"ENSMUSG00000075273",60.5407610223955,70.7084934094461,77.9809895058828,64.7109497666367,70.1784093024455,72.2819414797372,76.6561423675743,63.0044136530638,90.1036016894845,89.0236181718606,65.8044129798589
"ENSMUSG00000075284",183.064942662017,491.918919526147,190.472138721291,400.832288891929,433.880297571569,210.963806987848,204.651486176677,287.787044940651,265.972570865207,230.837700687712,179.438038339897
"ENSMUSG00000075289",53.8882121315143,140.67702017505,33.8311629758782,53.1841589315536,42.6305779559333,84.1247852724252,40.909793036161,46.319294078925,58.5832805162767,56.1251295470277,41.1759134572916
"ENSMUSG00000075296",53.6024032491691,41.0353501217473,34.4919869116075,32.7370643585407,40.2070517680428,33.5946897748547,64.6491407436457,36.4038461194241,38.607357691575,30.1210612535628,50.214159923554
"ENSMUSG00000075297",0,2.19052384545469,0.879051656841206,1.11189110575084,0,2.59282570249206,0,0,4.57543661442944,0,0
"ENSMUSG00000075302",0,9.15917428876081,0,0,0,0,0,0.338785406328156,0,0,1.182706766498
"ENSMUSG00000075304",0,0,0,0,0,0,0,0,0,0,0
"ENSMUSG00000075307",131.426003473116,4.31469884772965,13.2796744236417,20.8030973135571,72.6495941602727,7.66061644644026,4.13669121482052,0,7.47765528518633,9.48490596196837,2.28409166224148
"ENSMUSG00000075316",0,0,0,0,0,0,0,0,0,0,0
"ENSMUSG00000075318",2.88234922846474,1.85240433170271,0.757209129123249,0.932388912333338,2.68588562291204,0,0.879421478948116,0.840633386525255,1.59994777824241,1.60713783781637,0.972763950238898
"ENSMUSG00000075324",5.52407032354325,0,1.77368519666932,1.09013590321804,0,1.28142401709436,4.09021549320365,4.95448688870657,0,1.87659894284779,1.14352742481285
"ENSMUSG00000075327",108.03279404572,139.346133957096,210.047358435399,176.477503973749,188.734149208169,123.456574200291,193.775408562629,179.24394425745,143.296116399393,206.776035369372,143.917752569946
"ENSMUSG00000075330",0.689939267648385,0,0,0,0,0,0,0,0,0,0
"ENSMUSG00000075334",0,0,0,0,0,0,0,0,0,0,0
"ENSMUSG00000075370",0,1.06743823681507,0,1.10305570660293,0,0,0,0,0,0,0
"ENSMUSG00000075376",66.5145979594803,60.8013841859753,72.1666949033149,49.4449514921198,29.0678991118992,19.58879230481,68.8393579017153,19.741464620487,61.402993797763,41.8662126568612,44.5492397913788
"ENSMUSG00000075377",0,0,0,0,0,0,0,0,0,0,0
"ENSMUSG00000075378",0,0,0,0,0,0,0,0,0,0,0
"ENSMUSG00000075379",0,0,0,0,0,0,0,0,0,0,0
"ENSMUSG00000075380",0,0,0,0,0,0,0,0,0,0,0
"ENSMUSG00000075382",0,0,0,0,0,0,0,0,0,0,0
"ENSMUSG00000075383",0,0,0,0,0,0,0,0,0,0,0
"ENSMUSG00000075384",0,0,0,0,0,0,0,0,0,0,0
"ENSMUSG00000075387",0,0,0,0,0,0,0,0,0,0,0
"ENSMUSG00000075394",6.3297132007156,3.47976292383995,4.29457019943978,11.4591677602571,2.59180557860764,2.07974590111022,2.50423140104168,5.57041923970387,6.74025294973144,3.99182442528787,0.930800106161262
"ENSMUSG00000075395",0,0,0,0,0,0,0,0,0,0,0
"ENSMUSG00000075402",0,0,0,0,0,0,0,0,0,0,0
"ENSMUSG00000075408",0,0,0,0,1.05095675570363,0,0,0,0,0,0
"ENSMUSG00000075410",20.2733819568345,3.03784274770489,5.99591661128496,0.621344305593186,1.25231025363812,0,1.16844009689239,8.80514569471117,9.44829111911294,3.07217790796065,16.4945617707462
"ENSMUSG00000075415",916.125943291139,805.690633032214,851.145152231448,857.597361820923,916.945852076475,900.664980557661,844.840343289387,753.146576561963,807.468533861615,869.248069154741,795.043527312716
"ENSMUSG00000075419",410.127810195906,465.212369340729,383.061097518056,416.818987722015,392.556035077605,410.25205864664,513.63380953209,479.284544886976,568.035607356086,438.452159988256,424.643009632271
"ENSMUSG00000075420",0,0,0,0,0,0,0,0,0,0,0
"ENSMUSG00000075425",0,0,0,0,2.10191351140727,0,0,0,0,0,0
"ENSMUSG00000075467",166.645324859818,167.671240705962,178.488145985271,174.684669857032,160.373872199613,146.774705649876,138.542914917681,134.315719667468,147.859337052698,132.186388509967,145.924846838502
"ENSMUSG00000075470",75.1880951659347,62.746591286428,72.2441358447886,70.7168470216222,45.9774511729877,44.6882996358524,100.161356047392,45.6654569375051,53.7346455034711,48.9526978600001,62.7392976680847
"ENSMUSG00000075478",1.37530081077698,0,0,0,0,2.57302147564722,2.05357924504914,1.98023314561406,0,0,0
"ENSMUSG00000075486",242.496370716432,257.60786351156,225.682551406486,243.698173309907,233.405732681179,215.389391187088,233.257066571332,252.872087986027,217.178521308677,193.457330005428,193.102226463803
"ENSMUSG00000075502",20.5073866979691,14.081283288392,17.7053874690869,13.0857802823163,14.8175650728263,7.70481877678347,15.4459713077445,18.7193861125277,17.8872791254705,28.3320970238441,14.835134392463
"ENSMUSG00000075510",0,0,0,1.0895783501383,0,0,0,0,0,0,0
"ENSMUSG00000075520",0,0,0,0,0,0,0,0,0,0,0
"ENSMUSG00000075524",0,0,0,0,0,0,0,0,0,0,0
"ENSMUSG00000075528",362.111740117151,429.881209262542,330.193707581767,408.415748709637,362.230517818096,479.091373225955,418.177362247512,452.835383835252,343.937269961148,340.599365813995,432.973201800192
"ENSMUSG00000075543",0,0,0,0,0,0,0,0,0,0,0
"ENSMUSG00000075551",0,0,0,0,0,0,0,0,0,0,0
"ENSMUSG00000075552",0,0,0,0,0,0,0,0,0,0,0
"ENSMUSG00000075566",0,0,0,0,0,0,0,0,0,0,0
"ENSMUSG00000075567",0,0,0,0,0,0,0,0,0,0,0
"ENSMUSG00000075569",8.52048386684256,24.7563557820648,10.150560351419,21.4545169801279,10.2171442445679,5.91903576887871,5.95146380665379,4.96018002253612,17.5074452758326,18.6936423377575,5.97595251142742
"ENSMUSG00000075570",0,0,0,0,0,0,0,0,0,0,0
"ENSMUSG00000075571",0,0,0.922992349050616,0,0,0,1.03359591269059,0,0,0.89363584099206,0
"ENSMUSG00000075572",0,0,0,0,0,0,0,0,0,0,0
"ENSMUSG00000075573",0,0,0,0,0,0,0,0,0,0,0
"ENSMUSG00000075574",0,0,0,0,0,0,0,0,0,0,0
"ENSMUSG00000075588",33.9020511373782,19.4794636411848,26.4834673346018,23.930294723211,45.6592480702033,108.180739435189,22.6064397898929,53.2699588370841,17.9428543876429,55.9301879723579,22.8733264824353
"ENSMUSG00000075590",357.399012762466,277.795504040995,250.70989627776,279.943029823197,310.69023405622,399.536822783156,280.934505686332,212.743353434259,263.270544763712,292.658745735564,424.62849223008
"ENSMUSG00000075592",57.5747554497751,47.7371767536981,53.2619321849965,34.7686472496378,58.1851604008414,48.9224778666223,44.986121442088,45.3364438358417,44.3959961549467,49.4741605586747,56.9206769929307
"ENSMUSG00000075593",2.70804801534977,1.07321762752634,0,1.09613541957039,5.28160627135716,0,1.02429672490859,0.996504145484816,3.79524029638101,3.77863014976393,0
"ENSMUSG00000075595",163.161926566182,161.376901748748,168.979094155195,214.509884602377,165.480220286873,161.338301009318,150.917622082117,252.259394378518,202.564360716284,173.297246314141,193.205205709928
"ENSMUSG00000075598",0,0,0,0,0,0,0,0,0,0,0
"ENSMUSG00000075600",146.321938523113,146.4856539398,120.71838006494,131.469474927301,126.091730941362,160.852141869649,118.7093784163,133.790472036993,121.696674641047,147.633943950895,157.155210784537
"ENSMUSG00000075602",590.174372989,549.160720056564,349.900196092719,488.266291515103,476.136449356037,536.418921039883,520.047993014081,210.786733163858,633.129226448978,454.018386849281,520.206264275119
"ENSMUSG00000075604",0,0,0,1.0895783501383,0,0,0,0,0,0,0
"ENSMUSG00000075605",0,0,0,0,0,0,0,0,0,0,0
"ENSMUSG00000075610",0,0,0,0,0,0,0,0,0,0,0
"ENSMUSG00000075700",417.788684007214,418.598691221414,425.073021781117,416.918536878121,390.437794082446,376.129109223091,408.038450987017,427.999769269236,386.286231586125,402.717923936137,428.73811408414
"ENSMUSG00000075701",815.376476391679,953.461279079927,700.453311787612,897.349427208369,769.465629058286,1041.55684911677,1244.31003725445,905.60424913349,763.761885622783,737.42605423293,874.407361465933
"ENSMUSG00000075702",116.679050450244,113.286519915491,127.468206796843,100.352241402332,134.060590425053,121.340285917542,147.916730549826,124.090408411438,118.690440979644,96.9884282407948,127.224426444661
"ENSMUSG00000075703",88.5269712797031,86.3253113536133,93.4282979469464,76.9828460864062,73.5121491484161,68.2747029322238,103.492980010983,80.3830343921379,71.6110889144745,92.3846904838172,95.7904578869204
"ENSMUSG00000075704",232.543902962331,222.650186112804,220.493287251136,239.638713854936,245.679162406801,227.664376764356,229.500629505645,261.735663205965,218.762287425184,237.672217268529,256.07387365693
"ENSMUSG00000075705",1835.63552523108,2018.36159298754,2118.04412447471,2175.61706260968,1906.67469289583,1800.60732599478,2106.3163707893,1715.77265347399,2079.58300131052,1905.61123966477,2125.7786605869
"ENSMUSG00000075706",5076.79225511148,4645.6710667481,5607.51188078951,5428.66742581492,5176.4338079695,4840.68271940957,5616.93939219932,4738.45616553404,5195.11686908061,5402.96927580633,4568.4394260568
"ENSMUSG00000075707",0.895512602088861,0,1.15817463021186,0,1.39858096385095,0,0,0,0,0,4.05313499998264
"ENSMUSG00000076430",1.36253184090978,0,0.885253918109886,1.09964267741726,4.25065995581934,0,0,0,2.80809566537288,0,1.14924072705951
"ENSMUSG00000076431",513.417462600469,188.63451985458,534.610031288358,222.306016185599,854.927554177846,123.109802579094,471.234049264254,258.173255815269,179.239217694056,343.16463341348,159.318391164104
"ENSMUSG00000076432",781.184516293999,669.103138307482,632.475466750558,813.747144630202,812.616232774038,757.645204174798,719.342332168035,855.569698327012,732.69934500739,732.119723952032,688.685402830499
"ENSMUSG00000076433",7.56077263663447,8.60624214534795,5.31512371714043,7.6407000123503,9.52169743020526,3.85587870922726,10.2338751510858,4.94382158577287,3.77728678050602,3.76152338224078,1.14465623418597
"ENSMUSG00000076434",12708.1260447444,23498.8652974289,20684.9813977524,24000.6039207643,17191.3900964117,20955.5086575726,19046.7937258606,21197.2575377465,22682.1490176502,17153.073043078,19567.4812808813
"ENSMUSG00000076435",113.153184202364,130.472031299745,82.2757181811335,79.713070999968,167.948625056489,139.537875301554,103.453800182946,102.752975862968,88.7736806354663,138.141504661752,108.496632597116
"ENSMUSG00000076436",0,0,0,0,0,1.28157779546155,1.02474526164607,0,0,0,0
"ENSMUSG00000076437",39.8312624954895,53.711719293945,62.9069401879109,56.3225326868847,45.5775240852501,43.4243854293411,46.8555471920411,36.6274483616771,51.6222003576107,39.9494015618904,28.1840658979061
"ENSMUSG00000076438",0.686964432015803,0,0,0,0,0,1.02891431786935,0,0,0,0
"ENSMUSG00000076439",0,0,0,0,0,0,0,0,0,0,0
"ENSMUSG00000076441",407.637236332089,492.393349406693,483.680526645065,575.55716515343,504.114401874726,731.537169655259,512.433038776102,598.654605751122,504.901921542055,567.609869801166,708.638026181247
"ENSMUSG00000076461",1.32723758474812,12.9081008586324,0,1.1103937237155,0,6.4551626819638,1.0440496021672,0.97668772481021,0.93157921575936,0,1.17624467928276
"ENSMUSG00000076462",2.02578799975031,4.33255851456188,2.70488617221834,0,0,2.60108915915937,0,1.96611390328728,0,0,0
"ENSMUSG00000076463",0,1.04720879400891,0,0,1.08054234477725,0,3.08471726928977,0,0,0,0
"ENSMUSG00000076465",2.70132782216873,4.33552043839866,0,0,0,3.90547705811231,0,0,0,0.939172969674495,0
"ENSMUSG00000076467",2.02412588090709,19.0493268667659,0,1.12047681965712,1.12548069822648,10.0566372514209,2.04794012556577,0,0.938577116508765,4.56845938054978,0
"ENSMUSG00000076469",5.45210783548999,19.273488613276,0,0,0,6.36549918890417,0,0,0,4.63439378674151,1.18529716231646
"ENSMUSG00000076470",1.35847290455486,6.39517528219779,0,0,1.10760876595876,7.59912004036131,1.03282203025851,2.92139739640243,0,0,0
"ENSMUSG00000076471",2.03610493526179,3.20513211116008,0,0,0,1.27270265041333,1.03783513977277,0.977032782602216,0,0,7.10708996379359
"ENSMUSG00000076472",0.677939408471688,0,0,0,0,0,0,0,0,0.952941098291742,0
"ENSMUSG00000076473",0,3.23307481293566,0,0,0,1.28244912954148,0,0,0,1.87707425605389,0
"ENSMUSG00000076474",2.04537037054864,3.28082953970703,0,0,0,0,0,0,0.946718155885709,0,0
"ENSMUSG00000076475",3.33409550942033,6.48266250430023,0,0,0,2.59316121098713,1.04839116337789,0,0,7.48956314957491,0
"ENSMUSG00000076476",2.03736434741109,14.1826392629414,2.69162164793456,0,0,0,0,0.989410790668079,0,0,0
"ENSMUSG00000076477",0,0,0,0,0,0,0,0,0,0,0
"ENSMUSG00000076478",0,0,0,0,0,0,0,0,0,0,0
"ENSMUSG00000076479",1.99001123881902,4.30432549178989,0,1.12516472989845,0,6.38251252777016,1.04503638231893,0,0,1.86483086033522,0
"ENSMUSG00000076480",0,2.11633620350021,0,1.09326254185464,1.08120682092118,2.5411216663591,5.13970989528077,0,0,4.58446865909613,1.15861455508266
"ENSMUSG00000076481",0,1.08064173486522,0,0,0,0,0,0,0,0,0
"ENSMUSG00000076483",0,0,0,0,0,0,0,0,0,0,0
"ENSMUSG00000076484",0,0,0,0,0,0,0,0,0,0,0
"ENSMUSG00000076485",0,0,0,0,0,0,0,0,0,0,0
"ENSMUSG00000076486",0,0,0,0,0,0,0,0,0,0,0
"ENSMUSG00000076487",0,0,0,0,0,0,0,0,0,0,0
"ENSMUSG00000076488",0,0,0,0,0,0,0,0,0,0,0
"ENSMUSG00000076489",0,0,0,0,0,0,0,0,0,0,0
"ENSMUSG00000076490",38.6967632741328,203.53267168065,12.2011515512577,18.5871482981302,18.1548697276616,90.2548717931195,36.8922836474702,4.80611843626488,13.7838373210926,63.5264545848844,16.6596501449842
"ENSMUSG00000076492",0,0,0,0,0,0,0,0,0,0,0
"ENSMUSG00000076493",0,0,0,0,0,0,0,0,0,0,0
"ENSMUSG00000076494",0,0,0,0,0,0,0,0,0,0,0
"ENSMUSG00000076495",0,0,0,0,0,0,0,0,0,0,0
"ENSMUSG00000076496",0,0,0,0,0,0,0,0,0,0,0
"ENSMUSG00000076497",0,0,0,0,0,0,0,0,0,0,0
"ENSMUSG00000076498",91.325114715285,413.832631118868,21.0523751315053,13.2099326576014,13.9684742023869,188.150339005477,28.1932981071995,6.77522891472077,25.9059014734465,89.6448803740172,46.241664031928
"ENSMUSG00000076499",0,3.20707173701734,1.75831414104015,1.1062293053409,0,3.85379944468957,1.04013400065181,0,0,0.926300200098148,0
"ENSMUSG00000076500",0,0,0,0,1.07606238598728,1.25200392222621,0,0,0,0,0
"ENSMUSG00000076501",115.444012325968,244.246305618977,104.628187758203,202.24652918791,145.796651120292,328.698198205554,10.4484970198444,119.219735576788,49.9230216554778,118.646710372867,4.70480538319541
"ENSMUSG00000076505",0.689939267648385,0,0,0,0,0,0,0,0,0,0
"ENSMUSG00000076508",91.2299791661974,230.466622870386,104.745786322022,24.2781002662699,49.0536974307111,134.604743534837,28.0155993459889,25.9240828513354,10.0738709439384,30.5768851393131,7.55243633800734
"ENSMUSG00000076512",17.401245448056,10.7210592215586,0,0,15.4765238216135,24.4416923493962,0,0,31.5768471841978,2.81894568044061,0
"ENSMUSG00000076514",73.8553641535018,461.506339908584,132.104775243422,43.3905202845089,42.8609775533205,207.178539410634,82.6421250037576,59.0483412780876,15.6960672156306,24.2879511498178,25.6196039256869
"ENSMUSG00000076518",2.66552393055841,30.1777792012859,13.295343362415,12.2192338809022,6.57489408188003,28.4364199288814,0,1.95866222030357,95.188817460339,1.88829574311274,0
"ENSMUSG00000076522",232.10158062302,176.925138814962,126.983457057239,67.5387468484578,98.4884102066371,199.504867685369,102.021891884595,36.991768849422,54.7819610418619,117.997731975598,15.2493114820279
"ENSMUSG00000076523",174.578041771825,337.045898162709,158.517346196554,96.7622868920756,103.362968008842,237.593311493581,58.5624223306153,82.1182897489723,541.829139111428,48.5190613406873,23.282861080722
"ENSMUSG00000076525",14.6565592918403,12.9255714220509,2.68635828593559,0,0,1.32033915511409,0,7.8308519702171,0.953944513886826,0.943469717087615,0
"ENSMUSG00000076526",50.1318857279389,91.7842915966809,93.8527909207437,1.10877252908999,42.0765015057002,119.52568797243,156.171386743306,36.8503818412325,8.28563881394327,12.0995747153328,14.0671625443166
"ENSMUSG00000076531",4.0790322967706,2.14528452734716,0.893280487965993,0,0,7.66750060347595,3.13290723074322,0,0,0.937309160635671,0
"ENSMUSG00000076532",87.2139261957752,171.253812253723,115.948420488757,36.4432613087958,37.4368922242054,392.49654331271,20.7785498875661,131.103656889409,248.725051554471,17.7734101531627,17.68479914095
"ENSMUSG00000076533",18.0968680904955,60.8050325370166,129.356530113389,6.65271666839618,29.8683290074232,38.1678150203581,0,43.6624695945687,6.44432534417567,7.48258176358182,8.27271275219648
"ENSMUSG00000076534",3.9767520114259,100.211564293261,84.1855496275389,10.032068699893,6.62300497502676,162.336123741219,9.31173812810643,7.72257934411202,12.8903434495854,0,1.16672221730683
"ENSMUSG00000076535",34.8398376143549,132.870914765591,17.6971908292135,32.0411310146299,6.60546707093576,43.1838280039923,7.2796618998742,15.5251766554571,5.524288842092,0.937081817939217,2.35953405069579
"ENSMUSG00000076536",11.9380913193328,32.1798422201578,5.31335265360495,44.5142359521491,93.5792635747929,26.8246577886222,16.6444645466355,4.82767844014001,6.4465956654765,78.0819132688639,15.3343248755275
"ENSMUSG00000076538",119.483070414177,92.6068601980607,69.0745977839733,77.8547135913252,41.7850296205957,79.1977704978604,47.0590893728158,55.0675590081344,35.9376469818804,15.862000822917,101.280445701141
"ENSMUSG00000076539",0,3.82181046130578,0.794724756523273,0,0,5.72657355695487,1.45028275920586,0,0,0,0
"ENSMUSG00000076540",29.0437354552173,84.0469410829341,73.55394115438,13.2504902760242,46.3620726120265,65.9244202010437,3.10269106875371,62.2729137270879,11.0817560835929,3.7079501529489,2.35927379169958
"ENSMUSG00000076541",37.4889858380504,58.1003586202054,7.07870956148796,39.9414769728191,3.2851369286153,47.7546688549733,3.12958684930141,10.6347637664246,215.781933645304,29.8331677153622,4.69855711372645
"ENSMUSG00000076543",55.2469264981795,68.8596842906138,50.4358056256017,86.5398667744414,104.029336072818,198.762675774754,15.6479342465071,56.0742089502387,41.49652570102,107.212946477083,3.52391783529484
"ENSMUSG00000076545",201.424192344085,292.012256965022,244.563138691254,21.0505202623959,36.1152301757909,499.874821089258,71.8790713449328,45.8207340241572,138.834646243476,39.0702153869853,82.1422117560188
"ENSMUSG00000076547",10.5940150220931,42.7390709520651,29.1385686399567,18.8469771837852,33.9683093326646,95.0206908882039,12.4576908295535,62.3836952384363,19.5008995779906,36.2621775713251,17.6184525989202
"ENSMUSG00000076548",6.6231936219352,28.9978523873732,0.883244870737039,8.87175663554261,24.1135842223936,39.9650133051068,0,6.82520989653146,35.3399254891241,5.58364320506731,5.87453312778006
"ENSMUSG00000076549",139.804291396717,257.657873792667,180.994380619881,79.7703925732898,19.6992164595223,117.23868226578,48.9611065682876,15.5985477529046,18.3886948666856,118.140889384456,66.8872295727581
"ENSMUSG00000076550",10.7470784560477,36.174399251934,85.006335693544,35.364326007305,9.90828307211557,120.862231220751,20.707374679954,39.9153517146605,22.17620637308,40.9322716611354,7.06967910058705
"ENSMUSG00000076552",68.9082763282396,94.4745537239777,90.9386400187694,5.53961059536735,24.0768201171939,150.735448627431,17.7093364183168,12.673820049235,15.6303906366827,11.1629186819958,7.04076100765875
"ENSMUSG00000076555",70.3740611345858,147.402761684595,108.835159507877,72.1165556453679,54.7522821435884,77.4400035486053,15.6479342465071,160.488253202407,164.141812772923,19.5780163132064,8.22247494902129
"ENSMUSG00000076556",344.281621208111,160.78060446229,112.28386184767,68.631274354039,282.639041836893,207.112072768498,52.8225022172041,134.463208222559,32.3878503153773,81.8715601149999,2.35471350848537
"ENSMUSG00000076562",62.5588214534612,50.0024342868583,30.9978084056943,3.31402246780935,60.6257601008862,105.40402697387,7.25199327750068,36.9509452508699,15.6866054221011,8.37639418334303,3.53798217592703
"ENSMUSG00000076563",209.095373224809,592.253175685272,461.382890326283,249.135083492241,125.355088861787,232.483777913074,107.713026786667,142.982433915858,176.923800526181,264.055660757971,20.9545749726498
"ENSMUSG00000076564",232.991987307645,443.651469786058,271.870532303587,194.636783978313,147.347209714732,196.717042849524,105.621511703431,39.6099985847984,212.861447508061,32.6570605177703,81.4900137825269
"ENSMUSG00000076569",297.820301608762,466.373058598647,115.10187315611,54.3032301798791,17.6885554393689,160.062930540228,459.279256515569,95.9678799072735,44.1667386654751,117.412193551364,12.9109873403327
"ENSMUSG00000076570",1.32772533626229,40.7054270337219,16.8275829800819,4.44810200579082,12.0969025125678,21.6782514165863,0,1.97840184718269,11.9804398040891,0,1.16426201659167
"ENSMUSG00000076571",8.12596652536638,33.2027683984919,4.45075509843143,0,0,151.710192425294,2.08569916918044,0,7.40984242624944,14.0081101215718,2.36996918073903
"ENSMUSG00000076572",0,0,0,0,0,2.56382447803796,0,0,0,0,0
"ENSMUSG00000076573",0,0,0,0,0,0,0,0,0,0,0
"ENSMUSG00000076575",0.684750268411219,4.24649471683661,0,2.20802432977346,0,1.29516406015823,0,0,0,1.87622093418614,0
"ENSMUSG00000076576",85.3234976016975,516.977964912713,122.348739290804,43.0455910497047,36.4646755973516,174.668794078757,75.4631952195948,59.335420170565,104.314264102719,13.8891707273316,9.44126437960835
"ENSMUSG00000076577",286.046757675433,383.467052799418,172.523613354716,132.536548368284,376.877806917462,246.458280751875,216.215921611195,178.701401649864,317.910604159103,92.9729648761091,58.9632815509456
"ENSMUSG00000076578",0.677410124245409,0,0,0,0,0,0,0,0,0,1.1615479037591
"ENSMUSG00000076580",296.19010649079,511.053504821802,274.088594482367,3.33551755323475,193.114645064371,297.687912403918,324.124033755585,32.9617362676472,413.765653755694,188.796091929635,31.7830803576285
"ENSMUSG00000076581",0,1.07477237322383,0.89356475665787,0,0,0,0,0,0,0,0
"ENSMUSG00000076583",51.4034908749824,249.165099895815,130.980871128347,317.06616090933,85.2609490658946,313.541363135619,17.7205385395095,40.6507388343843,28.6183708974789,120.638608293021,11.7313981885506
"ENSMUSG00000076586",81.140648663395,319.973326138398,150.735524736394,63.3409459544553,217.050653547502,404.158095848074,40.7491383773931,77.541291432057,52.6965228585599,42.9743990326919,7.05720807479312
"ENSMUSG00000076587",101.499095123986,132.075413068834,106.212071007945,17.690130347682,78.2559823665316,184.285685022782,16.5778883087575,32.0983506781013,27.7041639030861,35.3119521284283,11.7811606210478
"ENSMUSG00000076589",0,14.8964182719921,0.884071147950605,2.21341586092073,0,5.15400949539949,0,0,0,0,0
"ENSMUSG00000076591",24.8708822597842,8.52506813944713,6.21363201801398,3.32424582356115,2.2077827212437,10.194456790234,0,9.74125728789096,0,0,0
"ENSMUSG00000076594",54.8028084849991,65.203240855973,49.0950423107046,23.6525519758206,162.659960974308,91.480661107735,35.416982038682,15.1190022661077,71.7083362477855,1.82270247535681,5.73691287582757
"ENSMUSG00000076596",146.442116704403,70.0474700173289,67.9579181097124,23.199805305025,23.0955720394064,61.1837378344026,11.4164604259566,18.457693973057,15.6764553171405,21.4180871239711,1.19612112015254
"ENSMUSG00000076598",40.9345295771081,137.713933800551,36.1695224919492,27.4019863944481,60.5815898782377,88.2632813548993,2.06118117440258,76.4091849531898,14.5760424314407,97.6282882330247,6.8835547011535
"ENSMUSG00000076604",0,0,0,0,0,0,0,0,0,0,0
"ENSMUSG00000076605",0,0,0,0,0,0,0,0,0,0,0
"ENSMUSG00000076606",0,0,0,0,0,0,0,0,0,0,0
"ENSMUSG00000076607",0,0,0,0,0,0,0,0,0,0,0
"ENSMUSG00000076608",0,0,0,0,0,0,0,0,0,0,0
"ENSMUSG00000076609",18546.4708179827,28316.9718824948,15747.2544736473,10649.0809661067,12489.7824088442,22458.5264265663,8244.82258704945,8997.54252832278,14429.8274044376,10367.9270248463,2465.27238514202
"ENSMUSG00000076612",1058.44338198753,334.796581088591,87.2786700340237,35.6363763126914,59.623840281704,2177.08114837606,48.8468452753918,33.3085384723381,223.518068710844,30.2650410060272,7.05553215904252
"ENSMUSG00000076613",522.78252530224,435.124858722581,147.850978409542,85.7377606532268,114.388354579574,3335.8128288792,85.8238122760432,89.5089754864411,166.161152614651,78.3227966929489,43.2535192172945
"ENSMUSG00000076614",648.444060668158,247.777132949805,120.553630857928,63.2570266695143,182.741712259432,435.042685047435,155.39406748972,89.8000507684092,332.435115847362,48.5519521108752,5.76999736948181
"ENSMUSG00000076615",42.1758511203554,81.7741089037954,1.7819494087275,2.21822662630212,19.2294975372972,685.253100393292,2.07540009686006,20.975540957689,2.85723628260776,32.1408842657996,2.31895932949295
"ENSMUSG00000076617",773.851383809852,2116.2275052037,305.688016082902,203.744132225996,280.366387040382,2441.99272308382,251.067617307366,361.38970817894,314.158192248444,770.886342423475,276.812083348114
"ENSMUSG00000076618",0,0,0,0,0,0,0,0,0,0,0
"ENSMUSG00000076619",0,0,0,0,0,0,0,0,0,0,0
"ENSMUSG00000076620",0,0,0,0,0,0,0,0,0,0,0
"ENSMUSG00000076621",0,0,0,0,0,0,0,0,0,0,0
"ENSMUSG00000076630",0,0,0,0,0,0,0,0,0,0,0
"ENSMUSG00000076632",0,0,0,0,0,0,0,0,0,0,0
"ENSMUSG00000076633",0.673366225175624,1.08600387404383,0.888486094628625,0,0,5.19000343972515,0,0,0.94298824500949,0.947221853406582,0
"ENSMUSG00000076646",0,15.859401568837,6.086570127988,3.27425640505002,1.07840835943757,2.66327199628152,0,0,0,0.916135842992601,0
"ENSMUSG00000076652",31.4103771709167,92.5563220130299,58.3755268936397,11.0545524502204,52.6993200872809,122.192233172298,31.2126923065317,35.9408025769785,7.37407680522643,9.38615369480311,2.35451968599976
"ENSMUSG00000076653",0,0,0.888711478704946,0,0,0,0,0,0,0,0
"ENSMUSG00000076655",19.8474693278065,52.5463304886551,28.2211914325281,34.3165722259567,91.8783755214747,87.5208060910986,15.6126850940968,35.0528584490522,13.0020860234559,47.3893582104104,14.0716209138943
"ENSMUSG00000076661",0,0,0,0,0,0,0,0,0,0,0
"ENSMUSG00000076665",7.40471164031867,8.52688237600663,30.1973019917006,8.86312512037482,5.51494431407411,35.6811885741045,30.2133083032305,1.95005819802827,1.85050088731291,15.9823094432706,0
"ENSMUSG00000076666",3.32456663012232,70.5157750367216,85.0898487604027,4.45023915848482,9.89367599390821,83.1031296800556,28.2443287323993,23.2193422386148,95.0473377439174,2.80164470093126,8.15156281303864
"ENSMUSG00000076668",2.62244766661144,2.12073975946481,24.6350544364182,2.20695125364304,1.1134566243686,65.9686773366271,1.05757785848283,0.980962055161002,0,0,0
"ENSMUSG00000076670",1.26999152562308,11.0889666016022,1.20648595838429,5.23363192466741,23.9625254754545,1.20293796468955,8.85171574830057,0,0,0,0
"ENSMUSG00000076671",15.0488735976861,43.4027601799025,18.5511043477673,0,3.26814109731275,31.7430710946335,15.5669788231972,5.77076958996007,6.42161974373015,1.85492651433207,1.15528310327784
"ENSMUSG00000076672",145.548108403914,417.153521634425,209.013199047162,94.0938270711716,217.664246771113,243.256358106142,81.1859624893036,223.948817868945,226.607784980231,684.822686295539,31.6611470562621
"ENSMUSG00000076674",11.1324830004289,42.4796961494956,24.6728271318973,18.8711777928987,51.2645375617707,44.8870926735694,3.16022653971548,12.5699566954971,12.9116732182463,2.86192961466748,7.03596317306545
"ENSMUSG00000076676",1.34873399630343,5.35067547338837,0,0,2.2134125476251,2.56203444783119,0,0,0.92951137112693,0,0
"ENSMUSG00000076677",54.4352787014423,121.454534944558,33.5890671011328,101.993055458342,42.6848824683936,143.133787363568,32.3138424150715,16.4145225292953,23.0241392238672,9.31321502218026,4.69551300352866
"ENSMUSG00000076680",13.2160441204724,48.1277224313729,41.8034581887074,25.6572802535321,48.4576296458712,105.202414897042,0,32.0621971176873,162.174082541558,24.3653685522152,4.6704879205769
"ENSMUSG00000076688",0,7.4782026423628,0,0,0,20.5096925125865,0,0,0,0.947213214761591,0
"ENSMUSG00000076695",147.49901444487,590.041224450169,144.338792260385,19.8924400403957,41.8243480467997,143.476998595924,54.9239453360967,77.7842221719739,309.089388787673,29.7967713683313,7.06524645611889
"ENSMUSG00000076709",8.66177676162543,13.878694412732,19.7939137810476,20.7046202317573,11.2517940192697,4.75858606195926,0.973377733244815,0.900228141232082,0,1.20534807576084,1.56930748333467
"ENSMUSG00000076710",0.591038685307825,3.74053787514352,0,0,27.0972811095358,8.92686020991041,0,1.2542012054236,0,0,1.51899809263617
"ENSMUSG00000076731",225.225589972047,529.885856866048,148.835738697708,82.208387599277,98.6819043442041,199.765083891942,43.7373333191276,223.619634270377,77.5606250056575,97.0835215996293,131.730194350865
"ENSMUSG00000076733",0,0,0,0,0,0,0,0,0,0,0
"ENSMUSG00000076744",0,2.16128346973044,0,0,0,0,0,0,0,0,0
"ENSMUSG00000076745",1.33591658840669,0,0,0,0,0,0,0.9903258590506,1.87486300896566,0,1.19245001727512
"ENSMUSG00000076746",0,0,0,0,0,0,2.09350354805782,2.91445471189668,0,0,0
"ENSMUSG00000076747",0,0,0,0,0,0,0,0,0,0,0
"ENSMUSG00000076749",3.97023417491956,7.42444727241196,2.62906040990043,4.42227998745862,1.07155816614418,5.15311843018378,2.0891205392083,0.974230033870872,8.36311530370775,4.84415649655917,1.16281024423708
"ENSMUSG00000076750",0,0,0,0,0,0,0,0,0,0,0
"ENSMUSG00000076752",8.55771738210338,5.30997760442641,4.38882902144276,2.20778956083498,3.21084792410424,8.9985225054125,4.17326752664456,0,3.70319091589909,3.85428338515524,9.29140878345533
"ENSMUSG00000076754",0.66264571243822,0,0.883329783469385,0,0,1.28913946484006,1.04251868753433,0,0,1.86139333372207,1.17451992388071
"ENSMUSG00000076755",0.667459414791723,1.08276872428425,0,0,1.1056765830747,0,0,0,0.926565286241386,0.938209963676055,0
"ENSMUSG00000076757",7.31603703214867,1.06145707444394,1.75919556118267,6.62207929612133,2.12911688029916,2.57687415813149,3.12541937432438,3.91476802413699,5.57972987030539,2.90213916468042,4.63897874446082
"ENSMUSG00000076758",0,0,0,0,0,0,0,0,0.94676288413655,0,0
"ENSMUSG00000076759",0,0,0,0,0,0,0,0,0,0,0
"ENSMUSG00000076760",0,0,0,0,0,0,0,0,0,0,0
"ENSMUSG00000076761",0,0,0,0,0,1.28191223901898,0,0,0,0,0
"ENSMUSG00000076762",0,0,0.888711478704946,0,0,0,0,0,0,0,0
"ENSMUSG00000076764",0,0,0,0,0,1.28191223901898,0,0,0,0,0
"ENSMUSG00000076770",1.37187765048695,2.17388822357023,0,0,0,0,0,0,0,0,0
"ENSMUSG00000076778",0,1.07370897530797,0,0,0,1.27487813966776,1.03678181578542,0,0,0,0
"ENSMUSG00000076795",0,1.08064173486522,0,0,0,0,0,0,0,0,0
"ENSMUSG00000076796",0.671866606947314,1.07625149184214,0,0,0,0,1.05632698838719,0,0,0,0
"ENSMUSG00000076800",0,0,0,0,0,0,0,0,0,0,0
"ENSMUSG00000076802",0,0,0,0,0,0,0,0,0,0,0
"ENSMUSG00000076821",0,1.08001520773505,0,0,0,1.28265588854399,0,0,0,0,0
"ENSMUSG00000076822",0,1.08064173486522,0,0,0,0,0,0,0,2.80910083587316,0
"ENSMUSG00000076823",0,0,0,0,0,0,0,0.992606609936369,0,0,0
"ENSMUSG00000076824",0,0.916255821887678,0,0,0,1.82966359251322,0,0,0,0,0
"ENSMUSG00000076826",0,1.08064173486522,0,0,0,0,0,0,0,0,0
"ENSMUSG00000076831",0,0,0,0,0,0,0,0,0,0,0
"ENSMUSG00000076839",0,2.17072150853511,0,0,0,1.28751018006905,0,0,0,0.928242222334439,0
"ENSMUSG00000076840",0,0,0,0,0,1.26805332117861,1.03567472392201,0,0,0,0
"ENSMUSG00000076846",0,0,0,0,1.05095675570363,0,0,0,0,0,0
"ENSMUSG00000076848",0,0,0,0,1.05095675570364,0,0,0,0,0,0
"ENSMUSG00000076855",0,4.32256693946089,0,0,0,0,0,0,0,0,0
"ENSMUSG00000076858",0,0,0,0,0,0,0,0,0,0,0
"ENSMUSG00000076861",0,0,0,0,0,0,0,0,0,0,0
"ENSMUSG00000076862",0,1.08064173486522,0,0,0,0,0,0,0,0,0
"ENSMUSG00000076863",0,1.08064173486522,0,0,0,0,0,0,0,0,0
"ENSMUSG00000076864",0,2.16128346973044,0,0,0,0,0,0,0,0,0
"ENSMUSG00000076865",0,0,0,0,0,0,0,0,0,0,0
"ENSMUSG00000076866",0,0,0,0,0,0,0,0,0,0,0
"ENSMUSG00000076867",0,0,0,0,0,0,0,0,0,0,0
"ENSMUSG00000076870",0,0,0,0,0,0,0,0,0,0,0
"ENSMUSG00000076871",0,0,0,0,0,0,0,0,0,0,0
"ENSMUSG00000076873",0.681731513552452,1.09365219638747,0,0,0,0,0,0,0,0,0
"ENSMUSG00000076874",0,0,0,0,0,0,0,0,0,0,0
"ENSMUSG00000076875",0,0,0,0,0,0,0,0,0,0,0
"ENSMUSG00000076876",0,0,0,0,0,0,0,0,0,0,0
"ENSMUSG00000076877",0,0,0,0,0,0,0,0,0,0,0
"ENSMUSG00000076878",0,0,0,0,0,0,0,0,0,0,0
"ENSMUSG00000076879",0,0,0,0,0,0,0,0,0,0,0
"ENSMUSG00000076881",0,0,0,0,0,0,0,0,0,0,0
"ENSMUSG00000076882",0,0,0,0,0,0,0,0,0,0,0
"ENSMUSG00000076883",0,0,0,0,0,0,0,0,0,0,0
"ENSMUSG00000076884",0,0,0,0,0,0,0,0,0,0,0
"ENSMUSG00000076885",0,0,0,0,0,0,0,0,0,0,0
"ENSMUSG00000076886",0,0,0,0,0,0,0,0,0,0,0
"ENSMUSG00000076887",0,0,0,0,0,0,0,0,0,0,0
"ENSMUSG00000076888",0,0,0,0,0,0,0,0,0,0,0
"ENSMUSG00000076889",0,0,0,0,0,0,0,0,0,0,0
"ENSMUSG00000076890",0,0,0,0,0,0,0,0,0,0,0
"ENSMUSG00000076891",0,0,0,0,0,0,0,0,0,0,0
"ENSMUSG00000076892",0,0,0,0,0,0,0,0,0,0,0
"ENSMUSG00000076893",0,0,0,0,0,0,0,0,0,0,0
"ENSMUSG00000076894",0,0,0,0,0,0,0,0,0,0,0
"ENSMUSG00000076895",0,0,0,0,0,0,0,0,0,0,0
"ENSMUSG00000076896",0,0,0,0,0,0,0,0,0,0,0
"ENSMUSG00000076897",0,0,0,0,0,0,0,0,0,0,0
"ENSMUSG00000076898",0,0,0,0,0,0,0,0,0,0,0
"ENSMUSG00000076899",0,0,0,0,0,0,0,0,0,0,0
"ENSMUSG00000076900",0,0,0,0,0,0,0,0,0,0,0
"ENSMUSG00000076901",0,0,0,0,0,0,0,0,0,0,0
"ENSMUSG00000076902",0,0,0,0,0,0,0,0,0,0,0
"ENSMUSG00000076903",0,0,0,0,0,0,0,0,0,0,0
"ENSMUSG00000076904",0,0,0,0,0,0,0,0,0,0,0
"ENSMUSG00000076905",0,0,0,0,0,0,0,0,0,0,0
"ENSMUSG00000076906",0,0,0,0,0,0,0,0,0,0,0
"ENSMUSG00000076907",0,0,0,0,0,0,0,0,0,0,0
"ENSMUSG00000076908",0,0,0,0,0,0,0,0,0,0,0
"ENSMUSG00000076909",0,0,0,0,0,0,0,0,0,0,0
"ENSMUSG00000076910",0,0,0,0,0,0,0,0,0,0,0
"ENSMUSG00000076911",0,0,0,0,0,0,0,0,0,0,0
"ENSMUSG00000076912",0,0,0,0,0,0,0,0,0,0,0
"ENSMUSG00000076913",0,0,0,0,0,0,0,0,0,0,0
"ENSMUSG00000076914",0,0,0,0,0,0,0,0,0,0,0
"ENSMUSG00000076916",0,0,0,0,0,0,0,0,0,0,0
"ENSMUSG00000076917",0,0,0,0,0,0,0,0,0,0,0
"ENSMUSG00000076918",0,0,0,0,0,0,0,0,0,0,0
"ENSMUSG00000076919",0,0,0,0,0,0,0,0,0,0,0
"ENSMUSG00000076921",0,0,0,0,0,0,0,0,0,0,0
"ENSMUSG00000076922",0,0,0,0,0,0,0,0,0,0,0
"ENSMUSG00000076923",0,0,0,0,0,0,0,0,0,0,0
"ENSMUSG00000076924",0,0,0,0,0,0,0,0,0,0,0
"ENSMUSG00000076925",0,0,0,0,0,0,0,0,0,0,0
"ENSMUSG00000076926",0,0,0,0,0,0,0,0,0,0,0
"ENSMUSG00000076928",36.9972821372042,183.37211007584,14.0762851019503,1.10638067038069,8.72726388230342,116.232512445926,19.9271398486618,12.5825833917817,17.450276369676,33.5787652043839,12.9483218907588
"ENSMUSG00000076934",759.001286720173,1174.91492034467,830.433505030245,562.381419147972,1418.14569087715,936.10287768938,187.507336068841,520.219154131428,505.612065371266,770.034111572556,120.193778058824
"ENSMUSG00000076937",137.158477114352,293.512928426286,119.935534170655,49.6224145831864,75.465618491576,311.261130796347,43.0165430901479,65.4079480559784,147.506142195864,55.3377686872183,18.8832422047466
"ENSMUSG00000076939",18.6933288890496,62.6432211169318,27.3984476820332,5.52816676146425,6.59318472223659,34.3274288344264,6.25525297709278,15.5158949935442,74.4881202703746,3.7696492847003,1.17939419834493
"ENSMUSG00000076940",49.8173003749576,107.283845962157,52.2029097199092,22.0551758407783,24.2082464676791,192.421002619834,11.3718072391458,31.0654541588407,22.1072262992339,8.35258903877811,2.39844436274355
"ENSMUSG00000077450",725.693444197763,719.257959856957,729.40313495764,753.820114161215,913.622624203604,707.211168754689,725.226516832718,818.743212366718,731.496673443473,887.222021297081,717.592641468864
"ENSMUSG00000078080",0,0,0,0,0,0,0,0,0,0,0
"ENSMUSG00000078116",0,0,0,0,0,0,0,0,0,0,0
"ENSMUSG00000078118",0,0,0,0,0,0,0,0,0,0,0
"ENSMUSG00000078127",0,0,0,1.09578713137064,0,1.28251036422814,0,1.97304430942286,0,0,0
"ENSMUSG00000078129",0,0,0,0,0,0,0,0,0,0,0
"ENSMUSG00000078130",0,0,0,0,0,0,0,0,0,0,0
"ENSMUSG00000078131",0,0,0,0,0,0,0,0,0,0,0
"ENSMUSG00000078132",0,0,0,0,0,0,0,0,0,0,0
"ENSMUSG00000078137",0,0,0,0,0,0,2.04444862166817,1.97191167268823,0.948819400189266,0.94271373987426,0
"ENSMUSG00000078139",0,0,0,0,0,0,0,0,0,0,0
"ENSMUSG00000078144",3.41062423961356,3.19151273498823,2.64930791452824,0,5.31093145488097,5.12136936423591,8.23283754199569,0.987435573997697,3.75481740317677,0.955397506105254,2.31106994359813
"ENSMUSG00000078153",25.1387571774524,42.4679269666947,13.2292342347792,13.1787483864328,6.36674704713899,23.0587374259035,13.3672362996196,12.8445650598292,9.38800432940917,15.2850430256144,6.9334291479669
"ENSMUSG00000078157",0,0,0,0,0,0,0,0,0.94676288413655,0,0
"ENSMUSG00000078161",0,1.0805918023064,0,0,0,0,1.02441139169767,0.992716934356906,0,0,0
"ENSMUSG00000078173",13.1088460853193,12.9677008183827,11.5532492231643,17.4332536022128,16.8153080912582,8.97338567313285,15.367168672191,13.8964925391092,13.2546803779117,15.9182380699479,14.8259078835977
"ENSMUSG00000078179",0,0,0,0,0,0,0,0,0,0,1.14045445258444
"ENSMUSG00000078184",0,0,0,0,0,0,0,0,0,0,0
"ENSMUSG00000078185",35.0270460220571,12.8727223946662,13.4565226438762,22.4563596978932,3.67279222016213,0.745297137180893,32.1669546101099,6.43912287178658,11.2636286108961,21.309018640201,17.1094438301706
"ENSMUSG00000078193",1.32147399802816,3.19879001122268,0,1.10867732959612,0,0,3.16022630295168,0,2.77447243010524,1.88591567644203,5.86330220494328
"ENSMUSG00000078197",0,0,0,0,0,0,0,0,0,0,0
"ENSMUSG00000078198",0,0,0,0,0,0,0,0,0,0,0
"ENSMUSG00000078201",105.979758468654,131.89685950065,114.038427123183,150.233763653475,123.152961821191,149.43595546077,134.48236519778,138.243232565079,135.017819855643,152.98903229186,107.213733222691
"ENSMUSG00000078202",8.68699602527085,5.36585063280596,12.4304726992288,13.2590527243382,7.84737154627656,12.6784897235705,13.4812575256446,11.5440376867718,6.4517441236753,10.1388586198105,7.07999298508378
"ENSMUSG00000078206",0,0,0,0,0,0,0,0,0,0,0
"ENSMUSG00000078208",0,0,0,0,0,0,0,0,0,0,0
"ENSMUSG00000078213",0,0,0,0,0,0,0,0,0,0,0
"ENSMUSG00000078234",275.031262921921,181.792884759664,153.070297212273,164.054976614741,158.930457855999,160.711446116965,210.66382141179,187.74709455326,161.275154821853,154.267829322939,378.679147413161
"ENSMUSG00000078235",0,2.18666697786542,0,0,0,0,1.01258545429988,0,0,0,0
"ENSMUSG00000078240",5.92766965067089,4.26140103906109,2.63052411244036,9.94405572170673,3.23429052692874,5.1917390126668,7.31977082474892,10.667697093885,5.55487625322848,4.81698836353736,2.32454107177676
"ENSMUSG00000078249",0,0,0,0,0,0,0,0,0,0,0
"ENSMUSG00000078252",0,0,0,0,0,0,1.0244779114794,0,0,0,0
"ENSMUSG00000078253",0,0,0,0,0,0,0,0,0,0,0
"ENSMUSG00000078254",0,0,0,0,0,0,0,0,0,0,0
"ENSMUSG00000078255",0,0,0,0,0,0,0,0,0,0,0
"ENSMUSG00000078256",0,0,0,0,0,0,0,0,0,0,0
"ENSMUSG00000078257",0,0,0,0,0,0,0,0,0,0,0
"ENSMUSG00000078258",0,0,0,0,0,0,0,0,0,0,0
"ENSMUSG00000078259",0,0,0,0,0,0,0,0,0,0,0
"ENSMUSG00000078260",0,0,0,0,0,0,0,0,0,0,0
"ENSMUSG00000078261",0,0,0,0,0,0,0,0,0,0,0
"ENSMUSG00000078262",0,0,0,0,0,0,0,0,0,0,0
"ENSMUSG00000078269",0,0,0,0,0,0,0,0,0,0,0
"ENSMUSG00000078276",0,0,0,0,0,0,0,0,0,0,0
"ENSMUSG00000078280",0,0,0,0,0,0,0,0,0,0,0
"ENSMUSG00000078302",0,0,0,0,0,0,0,0,0,0,0
"ENSMUSG00000078307",0,0,0,0,0,0,0,0,0,0,0
"ENSMUSG00000078315",0,0,0,0,0,0,0,0,0,0,0
"ENSMUSG00000078317",78.5815693270286,96.0022197248516,67.7552549629851,85.672108386435,61.4213941320862,96.016185612967,89.0834214014781,76.0179373582577,54.0153231320779,73.740136719454,59.254120173147
"ENSMUSG00000078320",0,0,0,0,0,0,0,0,0,0,0
"ENSMUSG00000078324",0,0,0,0,0,0,0,0,0,0,0
"ENSMUSG00000078346",0,0,0,0,0,0,0,0,0,0,0
"ENSMUSG00000078348",103.942726058987,114.676922445529,134.847648823578,111.875948713364,126.929954018288,111.197932611478,149.513952592732,139.833863936545,133.551080248161,132.68345851458,122.925049448622
"ENSMUSG00000078350",81.3224585925304,112.908720380913,101.060443474121,98.0822235636079,73.6157979923907,113.521885892334,96.675433489703,97.4761851430683,89.1970230779618,97.1860663955751,122.127048254877
"ENSMUSG00000078354",0,0,0,0,0,0,0,0,0,0,0
"ENSMUSG00000078355",0,0,0,0,0,0,0,0,0,0,0
"ENSMUSG00000078365",0,0,0.883074926638545,1.09616596521308,0,0,0,0,0.941971484520743,0,1.14663924132008
"ENSMUSG00000078420",0,0,0,0,0,0,0,0,0,0,0
"ENSMUSG00000078427",430.962647585121,306.121888156297,327.178545728098,276.861141404425,354.322087015115,261.056351863615,364.136640938408,306.701556111181,285.381330442916,243.403338119014,400.787491457574
"ENSMUSG00000078429",566.679323965624,627.30944295142,817.439174595556,898.425313759936,1145.0961250922,618.44945340891,637.813593787732,946.296211339036,702.951491349114,1033.76460599663,646.56396859698
"ENSMUSG00000078435",23.3855033262873,26.6741079357948,10.7857869382041,14.1349423687296,15.7045880516933,22.9442058204416,16.2347691424501,27.3576559796184,28.7526216095587,25.1975859728228,21.0383186456501
"ENSMUSG00000078439",1.99670302107781,9.63529155396551,3.83003326873932,5.4503453714851,1.98893429314686,7.19718449322689,4.02595920505325,6.26922155136633,0,7.23807237249774,0
"ENSMUSG00000078440",717.957496268225,901.939246840075,785.921667847235,972.121706359123,624.821527756865,881.208035188223,904.446230515927,832.527525782445,1019.07052994558,826.508991789864,1014.79672343184
"ENSMUSG00000078442",0,0,0,0,0,0,0,0,0,0,0
"ENSMUSG00000078451",7.55336346800242,12.1769913605372,25.6646998837364,29.0415988303062,43.7519820613801,14.4854760769469,18.6883957050642,24.7324964409623,24.3596959165817,40.1836662348236,20.517087385375
"ENSMUSG00000078452",0,0,0,0,0,1.28342251962574,0,0,0.915049803924719,0.967678750834679,0
"ENSMUSG00000078453",190.857619675373,191.460357532091,171.204421132861,183.471589740036,258.422880815806,146.773335575469,289.266687337976,192.734810926533,158.728868182748,212.622053317365,159.061012988401
"ENSMUSG00000078481",0,0,0,0,0,0,0,0,0,0,0
"ENSMUSG00000078485",592.099984827705,673.269733955696,751.831307332359,709.37270437396,578.883563148106,870.539716095984,649.015652061952,766.770334954997,676.672222903787,770.3637092702,737.571253339249
"ENSMUSG00000078486",36.378862621512,1.07800277057596,5.32015179350304,7.63710885188834,14.8114428088323,7.71955111878228,8.17581640511859,3.96140033872615,4.73397293048538,7.49397819645491,3.43009539597926
"ENSMUSG00000078487",0,0,2.65507033176132,1.0870335564677,1.0651994076815,0,2.04855257550676,0,2.81276227460911,0,1.14384804535523
"ENSMUSG00000078488",0,0,0,0,0,0,0,0,0,0,0
"ENSMUSG00000078490",2.25610081482504,3.39891813469179,7.24107066336917,2.58214439636969,2.49719358080309,31.3666209372579,0,30.5886707966936,2.24849628694191,20.2100066637739,3.61746958771607
"ENSMUSG00000078491",0,0,0,0,0,0,0,0,0,0,0
"ENSMUSG00000078495",82.0931399247836,89.464252591671,135.46201593253,95.9251384768908,90.8070896289712,96.5914793334095,83.1484401683457,114.666501805513,102.290758160362,166.47122831881,75.2077275333434
"ENSMUSG00000078496",11.6606400811688,13.3843311660635,12.7160285234359,15.3074621545493,12.5361006622359,19.070431673898,15.2500641190207,23.2725047182361,21.3422528228639,27.137123788895,11.5763449461649
"ENSMUSG00000078497",0,3.90178785523432,0.153604615681445,0,0,0,3.69900156915991,7.04838853780176,0,0,0
"ENSMUSG00000078498",0,0,0,0,0,0,0,0,0,0.936366945291052,0
"ENSMUSG00000078500",0,0,0.899169725748657,0,0,0,0,0,0,0.925476057222878,0
"ENSMUSG00000078502",8.30921501665172,17.9310769343605,3.64565745625018,6.5302654093885,8.3468356780083,15.2325190016171,7.07952052335677,16.5275874973327,10.2439304008477,12.0437641229484,5.78133159796888
"ENSMUSG00000078503",2.06932471125182,1.11900221061932,0,0,0,0,2.0237128459372,1.93963975110736,0,0.927874189816541,1.15201724351625
"ENSMUSG00000078504",0,0,0,0,1.05095675570364,0,0,0,0,0,0
"ENSMUSG00000078505",0,0,0,0,0,0,0,0,0,0,0
"ENSMUSG00000078506",0,0,0,0,0,0,0,0,0,0,0
"ENSMUSG00000078507",0,0,0,0,0,0,0,0,0,0,0
"ENSMUSG00000078508",0,0,0,0,0,0,0,0,0,0,0
"ENSMUSG00000078509",0,0,0,0,0,0,0,0,0,0,0
"ENSMUSG00000078510",0,0,0,0,0,0,0,0,0,0,0
"ENSMUSG00000078511",0,0,0,0,0,0,0,0,0,0,0
"ENSMUSG00000078512",0,0,0,0,0,0,0,0,0,0,0
"ENSMUSG00000078513",0,0,0,0,0,0,0,0,0,0,0
"ENSMUSG00000078515",301.438932044197,241.394525783311,283.054626417751,355.144888268666,399.647155353101,214.761503885352,316.459303989785,238.311870315491,263.140328867275,341.560660163757,317.469614402663
"ENSMUSG00000078517",289.201869397544,292.996762806005,228.360103072807,271.995473877086,239.711860620078,275.229886521837,262.569638162739,277.157038168752,300.203483570581,264.805799295894,296.762602612299
"ENSMUSG00000078518",0.654589036918487,0,0,0,0,0,3.1553309821261,0,0,0.96131815044833,0
"ENSMUSG00000078520",0,0,0,0,0,0,0,0,0,0,0
"ENSMUSG00000078521",0.689294583283359,2.14360360111274,1.77563404932679,0,0,8.96277557180743,0,2.97831741815295,0.943862071582062,1.8995930856398,0
"ENSMUSG00000078532",5.86286521917603,3.11590017450635,5.83696924359224,6.8064588939531,0,0,1.30196503743301,0,7.63686503652712,0,2.90035386508091
"ENSMUSG00000078537",0,0,0,0,1.05095675570363,0,0,0,0,0,0
"ENSMUSG00000078546",35.120440771855,33.4539220525085,50.7735951061107,34.8759550824632,19.889662170775,30.5000355485591,33.4328080017279,30.1182194899077,25.0656672797681,27.0090982397361,36.0830374808531
"ENSMUSG00000078552",7.76994490494732,10.0123194957366,5.79926321635071,12.6856209533906,1.88146366044524,18.730613115013,4.40306720968625,11.8198272545404,2.8949834720825,8.86795606991558,11.060249462797
"ENSMUSG00000078554",4.60070934817485,6.40535416472957,14.0472377667348,9.96427241531126,6.53179864909314,7.74172242291411,8.40800891476812,15.5454953182306,4.59147749353061,2.85438103109293,4.67992091228692
"ENSMUSG00000078566",453.506719240875,371.68192014574,415.47424092861,652.191838272183,427.557079199768,480.564541819422,525.96865646921,516.078655537545,659.643237795756,487.632917404962,727.768867326982
"ENSMUSG00000078570",153.130698494653,145.593698278365,144.741427444935,176.542763040714,124.802395456536,117.315307274595,158.239137562662,121.406824336483,122.825209846216,98.0902375115914,90.6895921688104
"ENSMUSG00000078572",57.4083240565544,43.3626552614138,57.6803969951865,50.1280290214124,44.0523177863402,64.2662018446017,45.6264950694424,45.9210401574779,47.4602123465041,38.5858683806257,50.4663525945422
"ENSMUSG00000078575",0,0,0,0,0,0,0,0,0,0,0
"ENSMUSG00000078576",2.02577408753029,0,0.908033552027407,0,0,0,0,0,0,0,0
"ENSMUSG00000078577",0,0,0,0,0,0,0,0,0,0,0
"ENSMUSG00000078578",771.650208875393,790.223216448175,997.112425017356,984.562893027118,904.142504006762,912.064803061572,924.12869000707,909.24954992909,881.363227028424,890.443281400923,1042.43713533547
"ENSMUSG00000078580",78.9164583337904,73.8417253712651,84.6649297477123,119.964043424354,62.6005165224053,152.319013328477,79.044928137533,73.281959320647,84.2500790353377,70.8533988416893,101.55090534189
"ENSMUSG00000078584",92.8389156001724,101.923986220694,109.131888494031,96.7960116101249,75.8992348796663,124.513078640175,98.3197061846758,110.702825282922,109.160242700593,95.2000499061287,100.799460947156
"ENSMUSG00000078588",0,1.5460657990325,0,1.78542499986797,1.80980846861125,0,0.879126201542622,2.51525356895284,3.01015742359261,0,0.980642730335653
"ENSMUSG00000078590",0,0,0,0,0,0,0,0,0,0,0
"ENSMUSG00000078591",0,0,0,0,0,0,0,0,0,0,0
"ENSMUSG00000078593",0,0,0,0,0,0,0,0,0,0,0
"ENSMUSG00000078597",0,0,0,0,0,0,0,0,0,0,0
"ENSMUSG00000078598",0,0,0,0,2.10191351140727,0,0,0,0,0,0
"ENSMUSG00000078599",1.17350583366302,0,1.0529097881639,1.32142174637173,1.82601248915184,0,0.91839387696757,1.16182736547409,0,0.840637194669418,0
"ENSMUSG00000078604",0,0,0,0,0,0,0,0,0,0,0
"ENSMUSG00000078605",0.689939267648385,0,0,0,0,0,0,0,0,0,0
"ENSMUSG00000078606",609.766041019289,659.143987112068,244.068024820023,253.212601188852,200.884647748215,387.558886652274,332.747829672532,221.242707627065,412.099066768085,315.027507350534,347.407406949887
"ENSMUSG00000078607",9.60919039581468,15.6178144191987,1.29340485524633,0,1.55268545895294,0,0.754069382024551,2.84887526938484,4.85962478350948,0.71417633779106,1.71287051664415
"ENSMUSG00000078611",0,2.15254517171237,0.883614103424208,3.29092882112546,0,0,1.02929438999639,0.986118756415652,0,0,1.14606096671648
"ENSMUSG00000078612",252.802216831916,179.00518397848,349.411644856769,333.62460856323,428.362572311682,110.297774135063,401.506901147552,135.029823331092,298.694841490192,216.292287727586,211.651816859348
"ENSMUSG00000078616",6.10729057249108,2.17740842766057,0,1.09850619169175,3.1506262810302,3.84532265676366,0,0,0.929120223559515,2.85441398131757,1.1457402608468
"ENSMUSG00000078619",1920.75386683268,2164.05517846999,2401.96743007185,2729.12157037234,1480.76230645747,2112.72652655099,2081.2083793403,2470.14882946835,2529.65359592471,3137.12986687468,2732.33011912577
"ENSMUSG00000078620",0,0,0,0,0,0,0,0,0,0,0
"ENSMUSG00000078621",0,0,0,0,0,0,0,0,0,0,0
"ENSMUSG00000078622",1552.18434003239,1817.66595247561,1552.15699055823,1579.83363636737,1538.41361654147,1735.16919975886,1989.18188410795,1652.5153574918,1719.0780596883,1671.81304736609,1814.55869933499
"ENSMUSG00000078624",0,0,0,0,0,0,0,0,0,0,0
"ENSMUSG00000078625",0,0,0,0,0,0,0,0,0,0,0
"ENSMUSG00000078626",0,0,0,0,0,0,0,0,0,0,0
"ENSMUSG00000078627",0,0,0,0,0,0,1.0244779114794,0,0,0,0
"ENSMUSG00000078630",2.05043605768513,2.15401026716582,2.64333406261464,3.28215757414149,3.19372757794998,5.17477668366913,7.23621337288319,4.868653195837,5.59636560379338,4.7598985240893,1.14484150887235
"ENSMUSG00000078632",0,0,0,0,0,0,0,0,0,0,0
"ENSMUSG00000078639",0,0,0,0,0,0,0,0,0,0,0
"ENSMUSG00000078640",2.75975707059354,0,1.77742295740989,1.0895783501383,2.10191351140727,0,1.0244779114794,0,0.94676288413655,1.87273389058211,0
"ENSMUSG00000078650",0.681216636337425,0,0,0,1.05929923710589,0,0,0.99588696007538,0.948200424896732,0,0
"ENSMUSG00000078651",54.1611508349444,78.5460094398847,56.5529047756362,59.7905176221016,45.3144962976764,73.2080907907787,53.5392444096272,63.106961528982,53.7420757140423,64.7480748773514,93.3550020987817
"ENSMUSG00000078652",528.830936443945,496.714284289167,499.894523141795,588.308779808618,457.933023923361,600.733736180149,579.924009624904,491.267185689722,524.611308221194,527.501159286934,677.003153985268
"ENSMUSG00000078653",0.686291017803319,3.20385055900226,0,4.37535758766248,1.05907569823714,2.55203026277995,2.05259073471467,6.91653840600539,1.87893081308764,6.63203714856457,4.60267890103912
"ENSMUSG00000078656",289.557310991939,424.750984760534,301.22855388648,354.205471779258,310.328240484642,403.900630827422,371.656392199575,364.040011218993,345.545228679409,303.366301068615,341.918599505946
"ENSMUSG00000078657",0,0,0,0,0,0,0,0,0,0,1.14045445258444
"ENSMUSG00000078664",0,0,0,0,0,1.28191223901898,0,0,0,0,0
"ENSMUSG00000078668",0,0,0,0,0,0,0,0,0,0,0
"ENSMUSG00000078670",1.3081369261383,0,1.752409772093,6.5871387832852,1.08295757006131,1.29096864877817,0,1.93653884369629,0,2.8914887916705,3.48656398500522
"ENSMUSG00000078671",701.117724149324,783.327278152983,756.887318467851,774.453877203994,812.203943635437,532.561202834933,907.815448672354,922.480413652122,751.684404949685,678.014030256801,671.853468738916
"ENSMUSG00000078672",0,0,0,0,0,0,0,0,0,0,0
"ENSMUSG00000078673",0,3.13294088970771,0.865624737295674,4.34821383801936,4.19408545308415,0,0,4.81507261651743,0,1.03011911589104,0
"ENSMUSG00000078674",0,0,0,0,0,0,0,0,0,0,0
"ENSMUSG00000078675",0,0,0,0,0,0,0,0,0,0,0
"ENSMUSG00000078676",649.035219864896,670.594808126616,635.082676281511,601.57963095189,727.575076671655,626.560395691505,669.142499937597,768.834630866406,598.154152849366,696.065922743878,616.179587735365
"ENSMUSG00000078677",0,0,0,0,0,0,0,0,0,0,0
"ENSMUSG00000078680",165.155570808214,824.31046118356,59.8348083504588,1027.47592328063,1882.79211555659,0,50.1900974288592,0,24.165880769394,124.936065694634,0
"ENSMUSG00000078681",430.957171539509,459.576070496307,436.586420188093,515.806930404864,367.303091625412,474.538062626388,443.453716340197,514.598467789556,447.461746566205,359.828741385606,468.94468079611
"ENSMUSG00000078683",4.00409757808001,11.9506092469373,0,27.5516876051195,39.9260575961235,15.3876322855302,2.07902526783003,31.9698932004326,0,45.1791999149188,0
"ENSMUSG00000078686",101.874594236233,191.580500156521,58.5421353381247,246.591181624189,453.189296689397,30.8082846265045,32.3919136931824,134.982279963018,15.8588226079638,116.734181601797,8.43093958438034
"ENSMUSG00000078687",67.4371720446184,264.225397013597,17.6944573438677,291.337026656677,425.254210656265,126.248279577967,17.8056822567448,117.659141423361,7.37368953207955,214.916652081477,0
"ENSMUSG00000078688",0,0,0,0,0,0,0,0,0,0,0
"ENSMUSG00000078689",7.71761518318627,6.58439078420617,7.25431732538245,15.4955270421642,14.3503699830768,9.3337073692006,10.8136330549963,4.56411221229524,8.70663563667482,8.98374866655695,10.7809083552114
"ENSMUSG00000078695",183.993902556202,206.510677147962,167.620328815129,171.159966441384,178.529067691792,190.036908802705,171.724985327817,176.934390265472,187.155118508374,174.705810855097,157.35847049274
"ENSMUSG00000078698",0,0,0,0,0,0,0,0,0,0,0
"ENSMUSG00000078713",65.1574891216451,67.4744297741005,64.7270253760604,82.6399371775669,55.9257030435707,62.2432932998352,103.062161677838,64.2112764550854,77.9529005097948,67.4163154502654,61.547695888908
"ENSMUSG00000078716",21.2604248207896,12.1197745136963,16.5473818697642,13.748639975315,31.8879142588491,19.3188577565713,23.5541274143016,27.8149498282991,17.5425718758301,19.7126088031982,23.3086270760978
"ENSMUSG00000078719",1.95779923176362,0,2.631677300338,0,2.17036559780152,6.48924171431114,4.19470165060219,5.81817740934056,1.85082583004791,3.83296446113452,1.16812016012258
"ENSMUSG00000078721",0,0,0,0,0,0,0,0,0,0,0
"ENSMUSG00000078722",0,0,0.887486954001681,0,1.05470768708782,0,0,0,0.944697510386657,0,0
"ENSMUSG00000078742",0,0,0,0,0,0,0,0,0,0,0
"ENSMUSG00000078747",0.688090473131369,0,0,0,0,2.58204858109368,1.04644454267649,2.95573456485611,0,0.91950615800323,0
"ENSMUSG00000078752",0,0,0,0,0,0,0,0,0,0,0
"ENSMUSG00000078753",0,0,0,0,0,0,0,0,0,0,0
"ENSMUSG00000078754",0,0,0,0,0,0,0,0,0,0,0
"ENSMUSG00000078759",0,0,0,0,0,0,0,0,0,0,0
"ENSMUSG00000078762",113.979623702598,106.164271481562,137.36351040229,95.789700703903,101.672728625249,117.35280086875,100.421221989356,99.3267682634331,107.443485208093,113.386874234761,91.1667048084151
"ENSMUSG00000078763",41.4988489553339,71.3627048384707,5.32112699141148,4.42313190713584,5.20507163040143,37.4098945287092,9.43063736265868,2.91754803808107,10.1535275279767,16.3513676511804,7.99472525138864
"ENSMUSG00000078765",274.530117796774,381.826959909027,257.299288510368,276.920663373669,315.647441530343,268.768761553313,235.921622911607,255.641197606418,202.421536323107,227.316490348561,204.441383550897
"ENSMUSG00000078768",20.4432915910824,30.054545379948,19.4456409570503,23.0528392553071,23.3094148161542,34.5429713907795,23.790683350413,21.6411645029248,25.2602775374965,37.0860271540613,22.9658161076212
"ENSMUSG00000078771",29.9301980452779,64.6398967555675,31.6499270318219,32.3952202919886,57.041526247371,92.2886994859969,12.3720911957882,28.971582092801,25.7935892626131,29.1187862096145,17.0144146317955
"ENSMUSG00000078772",0,2.16128346973044,0,0,0,0,0,0,0,0,0
"ENSMUSG00000078773",10.2244640929512,50.6651153538616,16.4737796215217,9.71213312625934,12.0210613286778,4.54108519712533,15.6372883338597,6.93553372124183,24.0638711371251,30.2757033791762,4.02723662785361
"ENSMUSG00000078776",4.14973580217364,5.41830006320257,2.66509963795479,1.08979456061873,0,0,5.11334045100589,8.91892992043828,0,0.934832207531512,0
"ENSMUSG00000078779",54.7540855695161,60.9688285213612,55.7463340708769,52.9027740196317,52.3971990994834,41.1441440152783,64.9147863264643,44.9970331347483,45.5660692766582,42.0642750860249,70.4120604284779
"ENSMUSG00000078780",2.71239632102443,1.0744147198331,7.95325831203176,4.41161447727215,1.06137745867013,5.12515731047665,0,4.90517756389759,0.93215499989306,3.84170985019709,2.30180034249232
"ENSMUSG00000078783",1.33238643277086,0,0,0,1.06939263365992,0,0,0,0.930007496119713,0.970195295586425,0
"ENSMUSG00000078784",230.341267975861,181.422646535428,201.320595095788,172.328028223117,142.666111572718,189.495683344821,157.91653638562,172.317612943787,183.24453490287,142.672255418016,194.084047811277
"ENSMUSG00000078786",114.327014468671,76.5641208442122,50.4924508625947,57.3896039948217,61.6099124987152,101.657644786343,67.5929847826121,77.5329024899027,46.4488824721978,82.7079950135768,79.8613291286863
"ENSMUSG00000078787",0,0,0,0,0,1.28191223901898,0,0,0,0,0
"ENSMUSG00000078789",197.077721280389,203.265219481672,225.944228005988,239.717729299796,244.988436792182,225.483593060163,228.613801721785,236.359782019066,279.312947461897,297.517541528785,264.280572146122
"ENSMUSG00000078793",0,0,0,0,0,0,0,0,0,0,0
"ENSMUSG00000078794",30.2612522692176,47.8688190550011,41.0150102430794,46.0459815325185,48.2528517289841,28.554636485465,59.7610652279196,43.8385596455133,43.5697293820862,37.9794019432893,36.9984866236959
"ENSMUSG00000078795",0,0,0,0,0,0,0,0,0,0.936366945291053,0
"ENSMUSG00000078796",0,1.08235980089396,0,0,1.05804122191075,0,3.06359196048102,0,0,1.86607149770007,1.13870442446624
"ENSMUSG00000078798",0,0,0,0,0,0,0,0,0,0,0
"ENSMUSG00000078799",0,0,0,0,0,0,0,0,0,0,0
"ENSMUSG00000078800",0,0,0,0,0,0,0,0,0,0,0
"ENSMUSG00000078808",0,0,0,0,0,0,0,0,0,0,0
"ENSMUSG00000078810",0,0,0,0,0,0,0,0,0,0.936366945291052,0
"ENSMUSG00000078812",2066.13934261209,2574.52175519989,2008.30792651949,2350.2948496989,2380.98828014676,2717.18216954533,2841.7991967567,2290.19050286897,2118.42354010169,2404.46670277815,2697.28639728656
"ENSMUSG00000078813",275.555039901982,268.206847799638,253.94604493119,211.592512403092,251.043000322939,327.967822427398,288.734354234535,230.32950675308,249.303502816391,244.479292435893,255.970109703766
"ENSMUSG00000078815",19.2447422902508,0,0,3.18888191198659,2.08554061774315,0,0,0,0,0,0
"ENSMUSG00000078816",5.57866705398215,10.0048815001313,13.1052862534589,6.65336182184509,18.9640064182304,11.7931929460731,8.31224647493779,20.7888520278853,14.4088094653904,21.9351655067323,15.9218836572657
"ENSMUSG00000078817",0,1.07731450304519,0,0,0,1.28615121750684,0,0,0.946556875662273,0,0
"ENSMUSG00000078840",0,0,0,0,0,0,0,0,0,0,0
"ENSMUSG00000078851",99.9976215076038,71.4791797980195,129.991316665303,107.10276422363,108.631255575356,103.211386862483,121.243897893765,104.82870754597,118.761301570749,135.484903188797,89.5508556757487
"ENSMUSG00000078853",588.618452438466,841.03522733657,514.517042254056,1248.89661957027,258.311739821947,661.042532457097,552.687001312429,238.997721875028,1197.3747037669,2248.72708425243,572.115645847327
"ENSMUSG00000078861",10.0346159454933,2.31772368269938,0.930400749149683,5.50379877166756,12.463592836353,63.3607143607813,8.02911324196598,32.8062375035184,10.3542591776151,20.9533667368395,3.28263656950687
"ENSMUSG00000078862",27.4339952137732,35.2443981297051,32.1690001548313,30.0733219203149,31.1760910625529,32.0001475274935,41.5983390685122,33.5159478985185,38.9669666694582,30.7861394242608,196.857991134299
"ENSMUSG00000078864",8.68685886708661,12.1711938352411,23.9614687829467,12.1760511774537,19.5878299158227,12.9556410311193,19.9796512360087,11.683883313385,28.6254483303158,9.6229868520948,14.7294863178326
"ENSMUSG00000078865",0,0,13.3306721805742,0,0,0,0,0,0,0,0
"ENSMUSG00000078866",55.4204517368997,62.1111030832158,56.0294520293762,91.5026376517919,35.7144366436536,69.2743264955804,61.0290395883568,35.2734022705609,86.9566748147746,73.9782840871855,94.3227190522656
"ENSMUSG00000078867",38.099354440586,22.7497847248015,5.37135386430471,10.6765606226394,1.66473084901031,44.2065710699391,13.154498394337,1.96400477126683,21.5651266718815,2.71471662165922,5.94867321381178
"ENSMUSG00000078868",12.4018683055903,7.76860112900156,5.37834172785707,15.2052786514337,1.04823514343254,2.55208463847221,6.0797381252332,3.90706587743503,5.56342524442405,6.51363466131133,2.35202855535604
"ENSMUSG00000078869",11.4586973132477,8.84589680067022,12.4562608845987,14.3006679444364,11.4328290361173,6.4414758866587,15.5695190485901,9.73776983089229,16.6240633759693,17.1519393298257,14.9626066460604
"ENSMUSG00000078870",24.5127216687835,24.3564984897017,18.7484038163118,31.7078800081498,19.8441943889975,32.0537081199535,28.7149825463882,17.5503821548002,25.9001907326348,12.248068557793,24.4552411628034
"ENSMUSG00000078872",8.66430451989135,9.93096777552871,7.97839081939695,12.1812224076154,2.06965527249041,6.47193257553422,8.40706978225469,6.80338732272972,14.7413147821992,4.82288495209418,6.83555672977205
"ENSMUSG00000078875",5.61387164528688,0,0,1.07126480466803,0,0,0,0,0,1.84125712963642,1.15995081275904
"ENSMUSG00000078876",0,0,0,0,0,0,0,0,0,0,0
"ENSMUSG00000078877",61.8782240068012,26.2955828183217,84.9758265190989,51.1731131418324,14.9189975043091,81.4599953558526,67.420378762106,26.8335947878905,72.6151628887854,53.0575181435762,23.7257371267522
"ENSMUSG00000078878",73.0910190779635,4.55148395047408,83.368240096269,46.0866508109198,59.4246450040107,28.6739495410073,64.4479694474974,140.445217389025,58.207348021102,103.943613167846,24.7419002160958
"ENSMUSG00000078879",0,0,0,5.50877149831584,0,9.07366252886275,0,9.03329017329867,0,10.8679705752855,0
"ENSMUSG00000078886",15.2602353583164,23.6890316544649,12.397431477348,11.1248568152839,19.8039236669468,16.6052163169677,8.36813255269452,25.1103385898206,11.975306403847,9.33015729599229,12.808745453247
"ENSMUSG00000078889",0,0,0,0,0,0,0,0,0,0,0
"ENSMUSG00000078894",34.1033877187036,46.4269924913366,15.8843357957307,17.4243825296248,44.4416876638137,36.6967176824758,29.2844170099984,29.121384165146,76.8780383777402,19.6484214240566,6.93386700617719
"ENSMUSG00000078895",0,0,0,0,0,0,0,0,0,0,0
"ENSMUSG00000078896",105.287149635196,121.640069321382,94.8918257387088,91.671878047683,97.3173534536216,57.4633692253484,119.090565807242,51.8981794219286,99.1101358710425,49.1360185651612,130.059265294264
"ENSMUSG00000078897",23.6952613125296,27.8485433808118,33.4727802518132,31.3187098489614,25.1564515459033,41.9294952159743,25.3857505363876,9.83840197949286,34.7208499707524,13.9214583842138,32.7810864559804
"ENSMUSG00000078898",167.876334337928,31.061819943787,41.6029245684371,34.8646160552508,30.7886137290775,16.4380475610028,131.313062105523,192.041450205072,108.900731370069,33.9926730596908,225.781862322458
"ENSMUSG00000078899",78.1041839850953,71.0175892928095,44.6091706865742,58.0830414609672,72.7112434409284,68.1760620985026,76.4079071745146,66.3660660470849,84.2857301379759,62.3621732051913,74.8565887886453
"ENSMUSG00000078901",0,0,0,0,0,0,0,0,0,0,0
"ENSMUSG00000078902",8.9489600723052,4.44337859181786,6.27326909218042,7.60851979633795,5.23184850588056,5.11017618347442,6.09424415672106,1.95438333350252,4.63885167648574,6.51819957188599,9.3697918383319
"ENSMUSG00000078903",99.9475760513767,42.7821668883421,31.8605008949935,37.6161735224684,49.7172370937713,29.4058649397889,64.4165175966672,64.5215187807525,68.5459383042015,10.3275679377271,52.0347884033416
"ENSMUSG00000078905",0,1.69883075700016,6.0816366944994,6.933084210666,0,0.685181439429855,1.11297341943166,0.522192645574758,1.48836552880122,1.02980999129562,9.08472692328185
"ENSMUSG00000078906",8.76996843073692,7.11934708732897,52.2060362661025,9.34973116137365,8.93995171315615,6.40124892769783,6.57466626556598,9.7486953164194,10.5724132466501,11.3969975888232,9.14102612660013
"ENSMUSG00000078907",2.75873379426793,0,0.88667232174988,1.08762666506898,1.05756628275215,1.28311717454196,0,0,2.83391857141061,0.935256401872313,3.42370421943967
"ENSMUSG00000078908",110.961914815196,99.3652383820373,88.9279312213036,83.7168898972951,72.5725100069107,87.9824930083482,91.1528398388767,94.4301092912939,94.2957961926697,100.390515970342,93.9350095277558
"ENSMUSG00000078912",0,0,0,0,0,0,0,0,0,0,0
"ENSMUSG00000078919",496.506908052007,587.437929601755,524.270439260472,545.001872550636,574.64009135367,564.14302130526,719.244796168793,618.29351186322,619.124361764038,585.621112604055,552.100369030036
"ENSMUSG00000078920",277.403754331248,263.325196372139,160.85611818247,138.302255829551,159.65249683775,0,153.503861323968,114.828966797286,208.985762897138,305.218344219473,175.352788325285
"ENSMUSG00000078921",99.3188994715292,209.418670090937,66.3179676726063,67.4440470611779,76.1520759194924,136.72068014965,79.8620602744682,98.6034126272165,89.0040434374099,175.13744734052,94.1844388556358
"ENSMUSG00000078922",83.1018883819439,132.64076294224,39.757300647878,67.2836153817024,49.9031301118795,70.0136238032217,58.9977527178317,59.4732437293795,242.606971846847,176.493960350617,63.8213823155475
"ENSMUSG00000078923",466.040801874769,474.576423895731,525.657712734286,553.551026288861,510.408619159653,516.511614152867,521.15799095318,535.608957301454,501.109823153591,493.204129770984,511.924731205033
"ENSMUSG00000078924",0,0,0,0,0,0,0,0,0,0,0
"ENSMUSG00000078926",0,0,0,0,1.00150058811511,0,0,0,0,0,1.19677244900244
"ENSMUSG00000078931",293.883342761995,300.034294839944,299.42426846007,326.205421612779,263.867396399303,336.355117270335,305.18067420915,312.737695094344,284.784680269796,264.897825810826,370.532032688528
"ENSMUSG00000078932",0,0,0,0,0,0,1.0244779114794,0,0,0,0
"ENSMUSG00000078934",0,0,0,0,0,0,0,0,0,0,0
"ENSMUSG00000078935",0,0,0,0,0,0,0,0,0,0,0
"ENSMUSG00000078937",73.0455528273429,51.888467409387,35.1181538460916,41.4534241219802,57.855584406045,41.4280187377997,37.9831374284968,490.904979636192,41.5312332416331,68.8889351388715,61.6510722010899
"ENSMUSG00000078938",0,0,0,0,0,0,0,0,0,0,0
"ENSMUSG00000078940",0,0,0,0,0,0,0,0,0,0,0
"ENSMUSG00000078941",277.254686548549,243.946124664965,253.266152820409,289.65933917854,260.388634373037,255.079362294097,241.293422278558,259.145189009652,275.982805022356,238.332499630711,288.376940570796
"ENSMUSG00000078942",30.8378037232014,28.2607430868002,29.3073292478773,18.6022411644528,8.3941014068452,17.9505246706045,17.5348637112257,12.8143468498792,27.2006429588643,17.9221797254541,19.4057656670458
"ENSMUSG00000078945",195.914427607302,182.758384589877,230.6309668677,164.891520787878,141.761425532408,214.341777650187,152.734008347197,130.634007312498,176.637935813867,159.259008573335,261.46764872478
"ENSMUSG00000078949",0,0,0,0,0,0,0,0,0,0,1.14045445258444
"ENSMUSG00000078953",0,1.08064173486522,0,2.1791567002766,0,0,0,0,0.94676288413655,0,1.14045445258444
"ENSMUSG00000078954",295.634091536393,241.495554034529,326.248380236661,369.161403551486,216.909464887047,331.974126297592,280.140984911105,442.191153512367,304.233558294033,258.159651174335,414.6969183251
"ENSMUSG00000078958",0,0,0,0,0,0,0,0,0.94676288413655,0,0
"ENSMUSG00000078963",3.53261611476194,4.28367847867019,7.92644477125276,3.23932750702146,4.30487371303953,1.3127253500744,3.04578324135192,6.88573558865547,5.62947135067656,5.39366760929932,4.67146946551823
"ENSMUSG00000078964",0,0,0,0,0,0,0,0,0,0,0
"ENSMUSG00000078970",112.078801310892,117.88808406671,102.578840072168,110.73883575571,100.617924268523,117.561256093836,93.9222843596701,115.264441011248,158.320439074123,107.422991762655,139.032451762701
"ENSMUSG00000078972",0,0,0,0,0,0,0,0,0,0,0
"ENSMUSG00000078974",267.63998543781,290.81094348487,189.996954247232,270.3510289496,188.276985891902,207.490351153428,265.752579063656,271.381679555687,209.994160633782,176.751873780109,183.453738714061
"ENSMUSG00000078984",11.0837280174741,9.76515766648739,6.24617062734623,3.28197096096136,7.38648636299042,15.4452361959183,6.17175764403718,12.9561369306232,2.85178967832628,11.6906668747002,5.72536216296595
"ENSMUSG00000078994",85.3411029697402,93.0779064348913,103.152027667968,86.6122349537959,85.5190288322077,120.335297254208,71.0165139010766,78.579338689392,77.2439256368674,108.04694517221,117.002893601694
"ENSMUSG00000078995",29.1804216453407,34.3211726874752,19.6155178702216,32.9088838454096,15.5989021604518,12.8605770900589,18.6067931872702,7.80621435936028,28.7106403559375,5.67694199073831,16.1167835513929
"ENSMUSG00000078998",0,0,0,0,0,0,0,0,0,0,0
"ENSMUSG00000079001",0,0,0,0,0,0,0,0,0,0,0
"ENSMUSG00000079003",376.406273154395,297.047849070634,440.656602084058,336.208738161881,356.929772250721,418.805728531126,351.225461998401,371.678517102427,333.37894032199,465.945124718568,301.036942664765
"ENSMUSG00000079006",0.689939267648385,0,0,0,0,0,0,0,0,0,0
"ENSMUSG00000079007",0,0,0,0,0,0,0,0,0,0,0
"ENSMUSG00000079008",0.688111745287354,3.32783954513245,0.898041165428071,2.16174161806206,0,1.2671407158858,0,0,0,0.923041547053928,0
"ENSMUSG00000079009",0,0,0,0,0,0,0,0,0,0,0
"ENSMUSG00000079010",0,0,0,0,0,0,0,0,0,0,0
"ENSMUSG00000079012",3.45902524026607,0,3.55047126846024,0,0,3.82258617334797,2.05318611948863,0,0.941476985405458,0,1.14973543190214
"ENSMUSG00000079013",1.38771904794249,3.20991480712727,1.77570632299539,3.27176345909443,15.862217953264,1.27373451944132,0,0,1.88869126985854,4.71502667003928,0
"ENSMUSG00000079014",35.0246059935413,22.5239361678833,9.74450190842012,28.4306542551127,25.3402628057388,17.9194579187891,24.6029794620811,55.5029546759677,30.1759924454365,56.6164814358511,27.5294951806041
"ENSMUSG00000079015",0,3.22463435120996,0,0,0,6.44392998572988,0,0,0,0,0
"ENSMUSG00000079016",0,0,0,0,0,0,0,0,0,0,0
"ENSMUSG00000079017",1071.86698974832,429.376564595801,773.803495254682,329.560889397057,381.55708340064,399.925119320012,650.113842691583,217.063122744996,745.106613248283,240.170515500203,465.060812182777
"ENSMUSG00000079018",246.547701202669,194.047576363171,285.785669612755,297.431762922364,355.442220838584,258.281773917174,266.786549497068,309.661960135201,307.699807528554,285.946571293005,335.436410417102
"ENSMUSG00000079019",29.0518722199162,38.3816011563733,14.1749039472829,22.1856007283557,28.4237223583065,34.5033616711811,35.4620834963988,20.3554621677194,29.5852819215292,33.0142243918676,24.6447760924867
"ENSMUSG00000079020",168.990439691072,111.263953458773,122.792825441962,144.022035965025,124.332516872954,187.643091538159,126.786825027868,145.670383651225,163.572933607418,143.639289077852,174.21156717708
"ENSMUSG00000079022",1.38219435121534,7.58402008236249,1.78385944502079,7.60484198232368,0,5.10175856098261,7.16855810435174,1.9759896155176,3.78796884486195,0.93658350913435,4.58321832226846
"ENSMUSG00000079024",0,0,0,0,0,0,0,0,0,0,0
"ENSMUSG00000079025",506.579143468413,957.564593044939,505.433486439097,710.921909186872,788.47138221048,932.057422589521,583.364348661632,1090.86613786634,557.135141210922,431.368172318856,715.957962828382
"ENSMUSG00000079029",0,0,0,0,0,0,0,0,0,0,0
"ENSMUSG00000079033",3.74070316970591,7.2034835741564,4.18070879932415,1.04778408817465,3.88518122751647,44.1118812621673,3.95978155263606,2.85358094665454,1.52778605256652,0,1.04805726465837
"ENSMUSG00000079034",0,0,0,0,0,0,0,0,0,0,0
"ENSMUSG00000079036",224.411115579132,118.898384217529,113.42255457977,142.385546264945,130.926967705834,103.011054419219,87.5182954177324,134.062710855173,70.6910802386365,104.427030927635,92.5050681196443
"ENSMUSG00000079037",225.056863376123,146.957746342129,178.304121864759,128.077533207653,185.516482247422,168.573018686559,156.872912793123,106.834955845599,191.189587117925,128.582450745987,182.663029161098
"ENSMUSG00000079038",6.92570923687803,13.2873752620788,11.6455861938161,14.0904797856363,9.5207155951798,15.1123865341221,12.2291273736436,14.2871625001489,10.2542151315037,4.69086920163256,20.1876322928897
"ENSMUSG00000079039",0,0,0,0,0,0,0,0,0,0,0
"ENSMUSG00000079042",0,0,0,0,0,0,0,0,0,0,0
"ENSMUSG00000079043",100.496909897029,86.8398098646918,69.6118515443972,70.9376978479192,61.0458492445338,106.259497443747,95.8112524831141,85.5927351085307,110.007223794098,83.8349472190185,114.105224695968
"ENSMUSG00000079049",0.681739640995096,0,0,0,2.12719428578895,0,0,0,0,0,0
"ENSMUSG00000079051",10.319846240125,16.1985334973446,8.86139987324976,18.514776291807,10.5316043488172,7.73052698317325,13.275158988888,18.8733041016632,17.0730304630214,17.7989590924158,9.12282792312871
"ENSMUSG00000079055",14.4517412536086,1.07826614944737,0,5.4488110725731,6.33461960002349,0,0,0.990176524981451,1.88758053120695,3.75568612125608,1.14375501303772
"ENSMUSG00000079056",11.897502173297,12.9560742319475,21.7007275926545,12.5417226040637,10.7857785978397,9.90987965495395,9.10124454784537,9.57156733063148,13.6015457730052,13.0758813519094,5.84116546256222
"ENSMUSG00000079057",58.8098488538534,74.6154788698223,64.7089158354836,52.623797626318,57.8512215882937,49.8946323901799,51.7541428109591,48.184540595833,67.2971626902246,38.0118860074145,72.0571992893071
"ENSMUSG00000079058",0,0,0,0,0,0,0,0,0,0,0
"ENSMUSG00000079061",0,0,0,0,0,0,0,0,0,0,0
"ENSMUSG00000079071",8.93742140356608,31.2425293534443,0,0,0,3.82832463064471,0,0,0,4.73437219638083,0
"ENSMUSG00000079083",162.419171049131,149.669774493859,150.865548666822,122.90255609798,176.931263324837,138.830095990771,177.253054213425,151.064174953113,163.689356008197,201.916093571438,168.8075212865
"ENSMUSG00000079084",82.0560546544873,64.7376213941582,62.475537381817,36.3344696900203,54.4115659107007,65.5939253699863,60.6123510045724,39.725577090948,65.8423188853621,63.5984611950435,88.2476092021766
"ENSMUSG00000079091",0,0,0,0,0,0,0,0,0,0,0
"ENSMUSG00000079092",0,0,0,0,1.05095675570364,0,0,0,0,0,1.14045445258444
"ENSMUSG00000079093",0,0,0,0,0,0,0,0,0,0,0
"ENSMUSG00000079103",1.36800735933924,2.15014072833707,1.7700312611689,8.74944101999108,4.21467091563101,6.44876938807025,1.02268673559978,2.98022194776989,2.84113650256689,0.939308522950985,3.43182440324646
"ENSMUSG00000079104",248.444464016512,220.31214303977,191.937265469703,211.020943329038,178.457983562541,238.347892737464,254.662651361503,189.030188354951,256.533303795282,212.89266185881,252.73745551868
"ENSMUSG00000079105",5.50311742185324,3.25317313620811,0,0,1.05122107067097,1.28084961827732,1.02959934389355,0.987909247189839,0.939807870178608,3.77260634022869,0
"ENSMUSG00000079108",926.662065993881,1010.89992820392,860.758353012254,850.373700928703,732.409364336529,931.26172198333,965.957049965414,1067.95575122035,995.729637352823,828.022363598696,933.036662262364
"ENSMUSG00000079109",107.349785432369,103.771896709836,72.640198048992,66.9276358116709,109.794025695835,107.227522956538,87.3517231707236,75.2788577321055,113.209634855366,87.9523692769859,76.3155293573679
"ENSMUSG00000079110",124.978104320733,87.3391034609388,95.2050521184188,149.110574316667,62.2913441168313,85.170867306268,49.9960806142492,92.5412743781809,31.7302358172647,93.4928401558088,51.2560099285576
"ENSMUSG00000079111",363.49446999574,409.384580799268,327.050038421225,401.098943742715,328.793430407407,433.329371249441,371.38279608363,392.008896151364,303.033409245975,310.681970284261,407.60055390989
"ENSMUSG00000079112",0,0,0,0,0,0,0,0,0,0,0
"ENSMUSG00000079114",0,0,0,0,0,0,0,0,0,0,0
"ENSMUSG00000079116",0,0,0,0,0,0,0,0,0,0,0
"ENSMUSG00000079120",0,0,0,0,0,0,0,0,0,0,0
"ENSMUSG00000079144",40.222953625175,58.8950343927364,81.2337089336979,42.5261274381847,67.9304941939242,63.591139689973,92.6981357543076,120.803815249832,56.3788147149199,49.1102554499222,72.4662984061753
"ENSMUSG00000079156",0,0,0,0,0,0,0,0,0,0,0
"ENSMUSG00000079157",0,0,0,0,0,0,0,0,0,0,1.14045445258444
"ENSMUSG00000079162",1.36581209325498,0,0,0,1.05682828814826,0,0,0,0,0,1.14579854681504
"ENSMUSG00000079164",92.963634791128,116.509836623802,110.886719831584,121.314040955126,101.181991978975,81.7732408049132,108.101243560984,109.6532010069,110.914975350152,147.191709479589,117.731197247596
"ENSMUSG00000079165",194.494847105842,352.068447199362,150.790608396634,171.127516745895,135.105263293228,307.511661492417,205.062171764767,197.209221025544,180.964207035814,223.364962380043,284.217218486232
"ENSMUSG00000079168",9.38459076014913,13.8622327643235,6.15599545125607,12.1044672565428,16.0660703500537,9.03091038968945,10.3752831319786,9.75169039716836,7.45198838955057,2.88133522211628,5.77900600384299
"ENSMUSG00000079169",0,0,0,0,0,0,0,0,0,0,0
"ENSMUSG00000079170",0,0,0,0,0,0,0,0,0,0,0
"ENSMUSG00000079173",0,1.79544967965251,0.29431957518758,0,1.04892063657514,211.846374154965,0,0,0,0.928577590934373,0
"ENSMUSG00000079175",0,0,0,0,0,0,0,0,0,0,0
"ENSMUSG00000079177",0,0,0.888711478704945,0,0,0,0,0,0,0,0
"ENSMUSG00000079180",0,0,0,0,0,0,0,0,0,0,0
"ENSMUSG00000079184",534.120843597085,615.196514743889,428.915461049094,485.143283049408,498.167441872107,571.812740749004,503.428153560074,438.782014242613,572.714306994015,527.809065694067,561.596131578151
"ENSMUSG00000079186",0.685942672726351,9.55382393284895,7.07199884531358,2.19047285452308,7.43524086032922,10.1872486399077,2.05296299207615,1.97618291234662,2.81484695885739,9.53036319580161,1.15627785034336
"ENSMUSG00000079190",1.35369069352098,3.22230677648469,1.77008716446912,1.10932209158981,0,2.57142689271394,0,0.981840840071615,2.79750304363512,0.969265202292814,0
"ENSMUSG00000079192",0,0,0,0,0,0,0,0,0,0,0
"ENSMUSG00000079197",2090.16939076564,2014.28733766185,1850.79114288714,1734.04206285147,1676.45558876975,1745.153082151,1791.50483800496,1445.24493378213,1597.12574096542,1955.97610534271,1531.46491991473
"ENSMUSG00000079215",311.449304971994,263.007754256753,295.313794260983,309.508527370595,309.294869870195,283.546664275525,268.554209041868,290.151700404394,346.241751906204,325.86433157575,399.867678690457
"ENSMUSG00000079222",1.34450980805947,5.34837437470365,0.890767670183522,0,0,7.74352535154623,0,0.982581405120324,0,2.91574768536529,0
"ENSMUSG00000079227",34.87549149639,34.652003856565,31.7561178012409,38.7019654114477,43.1617816448684,32.1477848346668,22.0657549366455,21.4483354704063,13.8940883961605,26.9742649668336,20.5333547523469
"ENSMUSG00000079235",66.2807231250467,67.0387109810494,119.913533057331,105.017417583259,51.0292213174613,68.6331886155957,98.1558301667639,80.2559787276978,95.449774135373,100.069403075551,83.5408756767621
"ENSMUSG00000079243",55.1619793856266,2.98545821228162,10.2904304759471,19.7845844724104,28.9188102196677,1.06492298740767,1.40858405047926,2.71265046122276,0.782053458347639,2.31792250966415,1.56895986962307
"ENSMUSG00000079244",0,0,0,0,0,0,0,0,0,0,0
"ENSMUSG00000079258",0,0,0,0,0,0,0,0,0,0,0
"ENSMUSG00000079259",0,0,0,0,0,0,0,0,0,0,0
"ENSMUSG00000079260",35.8164258409252,40.0160898516152,30.9768980483865,43.6004662874339,26.4824347419557,27.1072268617712,50.2885159187056,53.0501579845209,38.5852639442839,50.7822275304461,49.0400201072972
"ENSMUSG00000079261",0,0,0,0,0,0,0,0,0,0,0
"ENSMUSG00000079262",1.36043761448907,0,2.6772078496675,6.60907230440393,6.27379760530325,1.28986280180345,6.24449324951107,0,3.7205712639763,0,0
"ENSMUSG00000079263",0,0,0,0,0,0,0,0,0,0,0
"ENSMUSG00000079264",0,0,0,0,0,0,0,0,0,0,0
"ENSMUSG00000079265",0,0,0,0,0,0,0,0,0,0,0
"ENSMUSG00000079267",0,0,0,0,0,0,0,0,0,0,0
"ENSMUSG00000079269",0,0,0,0,0,0,0,0,0,0,0
"ENSMUSG00000079277",35.8780447564784,28.5822024228685,29.1365021145985,50.659197059531,55.6288315091641,14.4611756807263,15.4994643347698,57.7862322898147,6.43090624939893,19.7559929369543,34.4992871247651
"ENSMUSG00000079278",7.51144674910736,0,0,3.93798861772189,4.60748670435343,0,0,0,0,0.84676462728222,0
"ENSMUSG00000079283",96.0139458316614,134.825617505762,122.419069513529,155.527094499551,94.6250232388577,129.962302978059,147.73211513431,131.732032170441,102.789743672887,138.89172160639,152.741621170839
"ENSMUSG00000079286",0,0,0,0,0,0,0,0,0,0,0
"ENSMUSG00000079293",51.1990652389729,45.613810716786,61.1548257605696,39.5787245105915,59.0149758851888,47.4262913276637,36.0024847427612,41.7623582435041,46.0580447501568,39.3565346942816,55.066539881673
"ENSMUSG00000079298",0,4.35020097531262,0.934321860032878,16.3357919379547,15.7567474562828,31.7108995424173,0,16.0058472174771,0.988464322059607,9.50404806265512,0
"ENSMUSG00000079299",0,0,0,0,0,1.28191223901898,0,0,0,0,0
"ENSMUSG00000079304",0,0,0,0,0,0,0,0,0,0,0
"ENSMUSG00000079316",442.974804947859,517.566501054148,721.578535862453,607.029214948139,565.916323735483,545.400653198014,668.060568322495,608.414287218345,572.011815303511,589.937805924613,529.665312780688
"ENSMUSG00000079317",42.9883930968193,49.0454969958798,41.2114807698801,47.6593838494157,35.8349066964594,41.4072256305514,37.8099708995419,58.322324884473,34.0502568628702,41.277726871354,49.1053124505495
"ENSMUSG00000079323",0,0,0,1.0895783501383,0,0,0,0,0,0,0
"ENSMUSG00000079324",0,0,0,0,0,0,0,0,0,0,0
"ENSMUSG00000079330",0,0,0,0,0,0,0,0,0,0,0
"ENSMUSG00000079333",0,0,0,0,0,0,0,0,0,0,0
"ENSMUSG00000079334",136.105502656227,141.657839815321,156.29641930161,169.211721428881,131.015896845164,157.531661271217,185.819075632313,176.485924485142,182.247771800845,161.590170384361,157.927304642613
"ENSMUSG00000079339",85.045674357486,68.5878955970539,65.6686668159504,44.9613686385263,49.3265366959641,46.261504422949,50.5652127105372,15.710474003679,48.5537495780792,66.292347668887,58.5502851208834
"ENSMUSG00000079342",0,0,0,0,0,0,0,0,0,0,0
"ENSMUSG00000079343",161.23059524704,243.25658338679,204.854377222627,190.134215442659,209.00427349996,187.622330828123,229.406720475539,236.134589908497,187.976945802596,232.268811911485,185.495090660372
"ENSMUSG00000079344",0,0,0,0,0,0,0,0,0,0,0
"ENSMUSG00000079349",0,0,0,0,0,0,0,0,0,0,0
"ENSMUSG00000079350",0,0,0,0,0,0,0,0,0,0,0
"ENSMUSG00000079353",0,0,0,0,0,0,0,0,0,0,0
"ENSMUSG00000079355",64.5039292255128,58.6969288107579,92.9119362961995,77.6684374827758,95.1203118532515,34.5641927957184,77.7520637789699,46.6460184876375,70.7911181288202,49.1828526277988,62.1123523878574
"ENSMUSG00000079357",0,0,0,0,0,0,0,0,0,0,0
"ENSMUSG00000079362",0,0,0,0,0,0,0,0,0,0,0
"ENSMUSG00000079363",196.549765864023,209.790945201873,64.3713331932384,50.3752147626995,71.4145030891404,105.760207641878,91.5479470997996,107.566007450618,195.881106465716,157.631476099542,103.877683755819
"ENSMUSG00000079364",77.8771545334187,53.0338446015032,90.4352871003382,79.3257970125981,69.0751259546859,70.5820445743535,72.7585334236824,50.0134998084947,134.252393218537,69.334708981179,96.8680849147451
"ENSMUSG00000079371",0,3.24192520459567,0,0,0,0,0,0,0,0,0
"ENSMUSG00000079374",0,0,0,0,0,0,0,0,0,0,0
"ENSMUSG00000079378",0,1.08429569849522,0,0,1.05205425546038,2.55251909567992,0,0,0,0,0
"ENSMUSG00000079380",0,0,2.7054878604847,8.65299951959699,0,0,0,0,0,0,5.66064835372028
"ENSMUSG00000079383",7.27917641812561,2.13190430676828,11.4504690594153,7.78152591673439,2.14448545448453,7.77106880785796,9.45338838789045,2.93734117197583,20.4487362913858,8.72631642053985,20.2472290987885
"ENSMUSG00000079386",39.7023417491956,25.4552477911267,46.446733908241,61.9119198244207,55.7210246394976,65.7022599848432,45.9606518625826,50.6599617612854,100.357383644493,54.2545527614627,68.6058044099877
"ENSMUSG00000079387",0,0,0,0,0,0,0,0,0,0,0
"ENSMUSG00000079388",7.2249949948161,6.3691628124994,7.90729091814055,9.94961791563421,3.24163310186167,2.5843175412684,7.37324044453822,0.968877995335815,13.861952701978,6.73909954971979,3.49438915742143
"ENSMUSG00000079389",0,0,0,0,0,0,0,0,0,0,5.70227226292219
"ENSMUSG00000079391",98.7297083530193,60.9980052587069,83.423972924647,89.9283880617769,67.6612634647564,40.4402017254736,69.1398183825129,74.2339239351866,126.565600630858,59.1425600153498,58.0767630292392
"ENSMUSG00000079395",0,1.06907602477109,0,0,0,0,4.14224456237056,0,0,0,0
"ENSMUSG00000079396",12.4572834897776,0,6.13914836712786,9.93187590891806,10.786175570736,2.57970922569663,0,0,10.1473051383881,2.88303535299538,5.81359669340398
"ENSMUSG00000079402",0,0,0,0,0,0,0,0,0,0,0
"ENSMUSG00000079409",76.4094931029977,65.1833383069731,94.2295654672641,107.794850542431,50.5896942700645,70.3348831361164,81.6066814974105,75.0005972826137,127.709292707313,85.0649224368084,103.294472605454
"ENSMUSG00000079410",13.8958196122184,60.456213503926,21.9088367491703,3.31670999059397,13.9302561598744,19.3241941131892,16.7129643136664,15.587680541934,38.0986363835575,8.71948169380651,131.39755759879
"ENSMUSG00000079415",21.1060045012114,29.5902074876639,13.2336625208261,29.6341448464194,17.0907611245366,20.3408210166779,13.4180822215891,30.4641722483567,21.4438445118816,19.2265984370677,20.9270873137481
"ENSMUSG00000079416",0,0,0,0,0,0,0,0,0,0,0
"ENSMUSG00000079418",196.076333402156,175.364213193562,159.837206287326,206.382952957645,143.318877466926,195.142001786072,182.216390299868,183.587197084651,165.191660142808,177.502814074443,188.40753127973
"ENSMUSG00000079419",72.5857406350672,50.6146184988382,46.6062943142592,49.4483061168376,38.4833199789186,57.4474979893159,19.203983417999,48.2036302096092,46.1242287931709,39.1163002552768,31.5043917146908
"ENSMUSG00000079421",0,0,0,0,0,0,0,0,0,0,0
"ENSMUSG00000079424",0,0,0,0,0,0,0,0,0,0,0
"ENSMUSG00000079426",635.088674513607,714.532483087375,663.450052939735,688.395036755679,741.33572369391,503.233225461532,606.097018327388,504.459497142337,580.571153163965,638.629262962056,637.819444129808
"ENSMUSG00000079427",192.11798477509,212.437574412262,227.758955864482,205.34051921438,199.126792902319,206.989469670174,190.610489947681,258.431788323542,215.68405848241,259.65850681997,152.529948171855
"ENSMUSG00000079428",3.37355187242736,0,0,1.08328710749392,1.08091915319689,0,0,0,0,0,0
"ENSMUSG00000079429",0,15.0792299028097,0.545362152856118,0,0,0.792548647059589,0,0,1.74736344673242,1.72499281182825,0
"ENSMUSG00000079432",0,0,0,0,0,0,0,0,0,0,0
"ENSMUSG00000079433",0,0,0,0,0,0,0,0,0,0,0
"ENSMUSG00000079434",24.3272582752623,69.4154719494217,13.5516372199,32.8175768222044,51.0555418547081,49.1889462784715,14.8369775166354,39.1550643582384,22.1264915707367,20.8946005585941,49.5334367665069
"ENSMUSG00000079435",1494.79214894878,1757.8724118213,1547.65896132618,1584.62563111123,1463.18932408091,1547.44952768334,1604.6548984519,1510.83155035651,1537.44019797262,1142.6391399653,1558.09674133224
"ENSMUSG00000079436",0,2.16554290584582,0,0,0,0,0,0.990654238348021,0,0,0
"ENSMUSG00000079438",0,0,0,0,0,0,0,0,0,0,0
"ENSMUSG00000079439",0,0,0,0,0,0,0,0,0,0,0
"ENSMUSG00000079440",0,1.08064173486522,0,0,0,0,0,0,0,0,0
"ENSMUSG00000079442",93.5783480145521,105.426991837061,90.2432332009822,134.326920583885,127.962150680337,93.7062632533296,84.4166202955679,96.0578914812518,165.148795408252,151.576344955633,178.949427468236
"ENSMUSG00000079444",17.2249123633003,0,9.76683130748649,0,0,8.96781872700999,14.3920920336423,0,12.2221998025467,0,20.6611983435144
"ENSMUSG00000079445",0.578716990885034,5.4562951299777,3.95371975869993,0.925492624431324,3.57987895061485,4.36985873227202,1.73667670855753,6.67522353119501,0,3.19768082725506,1.93705254562131
"ENSMUSG00000079450",38.4311412692111,26.1052445577154,49.4410296919323,40.1620211851047,29.4822053592085,24.6172203199364,32.7292464814035,28.1958457160105,31.3519278419962,43.7123644261624,11.4798194851028
"ENSMUSG00000079451",0,0,0,0,0,0,0,0,0,0,0
"ENSMUSG00000079457",6.08491844093297,8.57008089427348,5.29042314697412,7.70554273613544,8.48660194467098,8.98422464906382,6.22288475887451,1.96310620795433,5.60171448320807,9.55872649746053,1.15000039432346
"ENSMUSG00000079460",0,0,0,0,0,0,0,0,0,0,0
"ENSMUSG00000079462",0,0,0,0,0,0,0,0,0,0,0
"ENSMUSG00000079465",3.71638452205109,8.70218564338811,1.78389944941935,4.35674760216426,2.83812267289917,3.42670643181565,9.57058258233945,3.29342335732244,8.20799455588548,365.175147651694,6.1006921290766
"ENSMUSG00000079466",0,0,0,0,0,0,0,0,0,0,0
"ENSMUSG00000079469",72.5583813264206,91.8203933573728,55.6387397355528,115.678386988151,73.4256003790218,135.888118139199,92.3759452780138,86.5883313129639,64.5958633960985,78.4081634256635,103.857318588055
"ENSMUSG00000079470",25.4100294390595,23.75364584822,15.0706067449707,7.66161973427702,15.8286374838141,12.7681997151425,11.3702747621148,11.8155587975497,11.2395952131556,8.51912504523,12.5754093996457
"ENSMUSG00000079471",0,0,0,0,0,0,0,0,0,0,0
"ENSMUSG00000079476",0,0,0,0,0,0,0,0,0,0,0
"ENSMUSG00000079477",1944.49237666156,1734.04166016742,2000.65559624128,2216.95397052847,2348.10507454115,1806.81245085135,1888.07382172197,2038.20797870695,2010.89518635558,1915.44418565529,2100.38146419824
"ENSMUSG00000079478",133.794652935489,146.04190386639,145.943253270234,140.405394638991,147.646789342999,177.263271474137,135.456954988896,134.582638911281,150.946883190026,144.423362087446,135.317494509686
"ENSMUSG00000079479",0,0,0,0,0,0,0,0,0,0,0
"ENSMUSG00000079480",336.848260199974,393.843748230038,344.082599247148,324.548401219956,301.803206218596,460.075590710743,359.686997843096,379.022188188806,351.048646293468,268.368862520019,354.878385412464
"ENSMUSG00000079481",17.3120436939275,14.0709698366575,14.0088611830447,19.2326480111465,19.6187128578002,9.58763706546756,17.0997480961443,32.8504135752276,28.1579517548715,22.6185859344488,13.7778046541165
"ENSMUSG00000079484",82.5614130562921,111.592387012042,76.7806619563211,94.6049150017192,84.3535809242924,79.207307335012,92.6003950437199,81.693445328694,102.92140452791,94.8017375524152,84.879746705278
"ENSMUSG00000079487",1301.54791529305,1454.21255996829,1543.87102239001,1392.12844018779,1399.76522959405,1555.31724592598,1256.58558291893,1489.35368404807,1422.40767502498,1751.89471448068,1284.20788168697
"ENSMUSG00000079491",68.9268820683419,137.956251638241,57.9029968797099,95.3074634039507,80.2046045851884,88.1336484677798,78.4444647393675,63.4605294838226,69.557703847267,83.1118227384603,76.9297827964241
"ENSMUSG00000079492",483.554565321466,659.127434412194,403.844495871881,740.184621670609,821.522354414793,912.298354159807,575.908430606834,636.273880257473,492.601781089856,949.922588151854,468.754466879305
"ENSMUSG00000079494",2.03665320570456,0,0.892504102648022,0,0,0,0,1.99951403559959,4.75619367790563,0,0
"ENSMUSG00000079495",5.35900101098524,2.13559763576026,0,0,0,0,6.22786991566608,0,0,1.92663612228404,0
"ENSMUSG00000079497",0.676818899454707,1.10264983705195,0,0,0,0,0,1.98330571385175,0,0,0
"ENSMUSG00000079502",3.00881635717888,4.04441592550978,3.72441693732123,0,4.00469013408064,3.92654275912869,12.3619242861786,4.48508779531281,2.65687486868757,1.34046831710521,13.5236150840205
"ENSMUSG00000079507",413.628357911885,543.538853860087,306.181091514594,681.95881719563,664.14214453464,792.786408189726,398.641030380273,524.898665446654,387.061887392184,693.407723199414,340.88586895909
"ENSMUSG00000079508",172.312480923061,222.541559925159,160.821677205353,198.491907169402,198.210950254742,196.261383567142,185.278822886675,259.487461704986,173.059162749464,199.55200901418,206.476231431055
"ENSMUSG00000079509",191.061216580365,109.282553250259,186.308241999863,145.881584766341,127.644688868137,74.0634867422493,179.050298337964,122.524842519052,154.751886460593,123.877619632192,141.707396754455
"ENSMUSG00000079511",0,0,0,0,0,0,0,0,0,0,0
"ENSMUSG00000079513",0,0,0,0,0,0,0,0,0,0,0
"ENSMUSG00000079516",0,0,0,0,0,0,0,0,0,0,0
"ENSMUSG00000079519",0,0,0,0,0,0,0,0,0,0,0
"ENSMUSG00000079521",0,0,0,0,0,0,0,0,0,0,0
"ENSMUSG00000079522",0,0,0,0,0,0,0,0,0,0,0
"ENSMUSG00000079523",181.594565279935,355.032145341725,123.368410129412,67.752752702396,115.021803519362,189.825848122022,68.5374077521273,89.3916461430127,106.741249897791,154.920458260864,73.7693155400742
"ENSMUSG00000079525",0,0,0,0,0,0,0,0,0,0,0
"ENSMUSG00000079531",0.689939267648385,0,0,0,0,0,0,0,0,0,0
"ENSMUSG00000079532",0,0,0,0,0,0,0,0,0,0,0
"ENSMUSG00000079534",0,0,0,0,0,1.2893104759518,0,0.986910899695609,0,0,0
"ENSMUSG00000079536",0,0,0,0,0,0,0,0,0,0,0
"ENSMUSG00000079539",0,0,0,0,0,0,0,0,0,0,0
"ENSMUSG00000079543",66.3794835634316,274.590108726808,35.4228706584479,35.5907262131772,23.0917268955924,58.7596361758319,7.32030279132691,46.3726812700079,23.0369531935131,62.5149444197317,25.6111471887942
"ENSMUSG00000079546",0,0,0,0,0,0,0,0,0,0,0
"ENSMUSG00000079547",188.167239664739,333.051091469846,184.925239267824,200.951594212357,215.681584195945,302.710225613206,150.585780574836,152.093640804811,167.764220438996,181.932842598819,120.631178312947
"ENSMUSG00000079550",2.00540648586882,0,0,1.13701368902778,3.05214315770903,0,0,0.969647564317019,0,3.91735557086902,0
"ENSMUSG00000079553",38.7705244544958,62.2774269422671,30.8554384494685,10.6523812904428,20.8462399507909,81.5827527698163,34.8500896279283,41.2760055920564,36.0847600720808,60.3593766029512,15.2629609819815
"ENSMUSG00000079554",4.15184709580982,7.55409058868912,7.10088909773335,4.35728641365198,3.16720581039043,2.56202278972855,4.09360315363304,0.989827117058561,5.66581907572493,3.74825347701927,3.42747751714863
"ENSMUSG00000079555",186.859856375503,220.093336055765,104.160843864378,104.830853884257,152.548701831203,177.086440163916,102.36536095478,137.747799733897,292.60726980329,294.556314379959,155.767814080523
"ENSMUSG00000079557",356.79338393016,417.332995827301,453.540059558657,431.899161225424,423.991192330492,440.033156514111,438.485860910709,373.231499729991,434.196625025667,474.357321081979,385.812085516595
"ENSMUSG00000079559",11.0708501168788,10.1874031770344,16.1409961094784,11.6805369072566,13.5447037540542,8.24235245598845,17.8922901180975,6.66405308481987,10.8777702362554,6.45246582064707,9.81254726354032
"ENSMUSG00000079560",10.9142642299966,5.40070403195808,7.97947542729022,6.5223101949463,13.8155894509196,15.3668233167434,7.19083301571064,2.96256965037597,8.50104189941399,11.3323706316953,6.86100595304919
"ENSMUSG00000079562",786.405388587924,767.045610925003,770.447149856379,802.896357046812,786.007523292145,767.088426710428,768.214506986281,796.74993970482,819.68453678046,835.574904109417,801.451301416019
"ENSMUSG00000079563",18.845333186669,34.1750767625254,11.2376812838817,4.81951285543292,6.30495120417986,37.1527152385773,6.07364226302359,4.16971436211225,7.28748021897906,13.7076763063865,7.25197040605258
"ENSMUSG00000079566",0,0,0,0,0,0,0,0,0,0,0
"ENSMUSG00000079578",0,0,0,0,0,0,0,0,0,0,0
"ENSMUSG00000079579",0,0,0,0,0,0,0,0,0,0,0
"ENSMUSG00000079580",0,0,0.888711478704946,0,0,0,0,0,0,0,0
"ENSMUSG00000079583",0,0,0,0,0,0,0,0,0,0,0
"ENSMUSG00000079584",0,0,0,0,0,0,0,0,0,0,0
"ENSMUSG00000079588",62.8383499055851,46.7119337019422,38.6595839688008,30.9056671208398,65.7558377322504,46.5773277561484,63.9507144922187,47.4075523873365,49.7845668610586,38.316999048892,69.305788705318
"ENSMUSG00000079592",11.9426922904265,53.1633944029942,17.442993244811,11.0651063120271,19.9413969956402,63.584813959383,14.7386393480244,22.0071230195016,16.0827494675829,85.3738373448098,9.369977906331
"ENSMUSG00000079593",0,2.16128346973045,0,0,0,0,0,0,0,0,0
"ENSMUSG00000079594",0,0,0.899922385790265,0,0,0,2.0748029667209,0,0.942727662450011,0.91709117940451,0
"ENSMUSG00000079597",0,0,0,0,0,0,1.0244779114794,0,0,0,0
"ENSMUSG00000079598",0,2.15499016130958,0,0,0,1.29772696515265,0,0.979240933416969,1.87391541345374,0,1.15725266705276
"ENSMUSG00000079600",0,0,0,0,0,0,0,0,0,0,0
"ENSMUSG00000079602",3.57076105476362,1.06653978130909,0.897997810208839,1.0753597772351,0,2.59061441446992,7.07776211753522,1.95930696091342,4.67203998707534,0,1.15237129890134
"ENSMUSG00000079606",0,0,0,1.08422843401819,1.04252572746346,1.27232310648318,0,0,0,0,2.32811569162395
"ENSMUSG00000079608",2.03195522285408,7.75924841221664,4.51468993498236,0,1.0478839582638,7.71691618677414,4.07328019406198,2.00181423348499,2.8457089906488,0.916550603955297,2.26719897124663
"ENSMUSG00000079610",92.2646382750656,91.5242417972699,99.5556819895675,54.2335559904981,93.8691087220975,93.2495986528664,79.9884985234832,91.6195276218249,85.0524883724962,64.6443057345625,116.913922183184
"ENSMUSG00000079614",322.328024968221,309.838678409024,292.929631575441,304.163787937187,330.655456247429,290.852158869112,321.39880485234,341.656466346805,312.390560977243,342.586773470301,392.665588695222
"ENSMUSG00000079619",0,0,0,0,0,0,0,0,0,0,0
"ENSMUSG00000079620",14.4083223309127,3.19296191472273,3.6113401625136,9.88851341905071,4.28766349330739,0,7.7245195405435,23.4804506394752,10.0119227764121,13.77167778559,47.5410142818818
"ENSMUSG00000079625",2.02321697764108,1.06421851333047,2.64580917304964,7.72983428610302,2.1387910416958,1.28869654228221,3.11607660337659,1.96569837332736,1.8705646540832,0,2.32229289603145
"ENSMUSG00000079626",0,0,0,0,0,0,0,0,0,0,1.14045445258444
"ENSMUSG00000079627",0,0,0,0,0,0,0,0,0,0,0
"ENSMUSG00000079628",0,0,0,0,0,0,0,0,0,0,0
"ENSMUSG00000079629",0,0,0,0,0,0,0,0,0,0,0
"ENSMUSG00000079630",0,1.08064173486522,0,0,0,0,0,0,0,0,0
"ENSMUSG00000079633",0,0,0,0,0,0,0,0,0,0,0
"ENSMUSG00000079635",0,0,0,0,0,0,0,0,0,0,0
"ENSMUSG00000079636",0,0,0,1.0895783501383,0,0,0,0,0,0,0
"ENSMUSG00000079637",0,0,0,0,0,0,0,0,0,0,0
"ENSMUSG00000079638",0,0,0,0,0,0,0,0,0,0,0
"ENSMUSG00000079639",0,0,0,0,0,2.58853446564091,0,0,0.937725145044998,0,0
"ENSMUSG00000079641",184.213784462119,188.031661866549,213.290754889187,171.063800971713,135.573421485769,173.058152267562,194.650803181086,189.587862497847,181.778473754218,145.136876520113,153.961351098899
"ENSMUSG00000079642",0,0,0,0,0,0,0,0,0,0,0
"ENSMUSG00000079644",1.35926227792507,0,3.53977564612,6.59938744193154,2.10804562294047,1.28176762311825,4.16992207665477,2.94013964144315,5.59237286965261,2.86023261849137,0
"ENSMUSG00000079652",3.96687652357297,2.68891528340408,3.7025426714728,2.39692063723826,0.888510868219176,1.08704045793944,0.863316168049762,5.83213820273063,3.96511056511906,2.3963956141395,5.04091196443097
"ENSMUSG00000079654",1.37818577541039,0,1.77787190675823,2.17461951417031,0,0,0,1.98337461454139,0,2.82031963485154,0
"ENSMUSG00000079655",0,0,0,0,0,0,0,0,0,0,0
"ENSMUSG00000079657",10.6851193056324,8.9820595204272,6.09724603010908,3.12683472273979,2.01250462877237,6.12137094347549,15.0558201530615,8.32518296421286,10.6365966827001,0,1.7562375729691
"ENSMUSG00000079658",221.509835805965,235.283218234676,240.76961944055,169.273110181598,266.198452500815,217.680369188456,268.766783016716,298.690114445291,203.541470068858,236.230530226331,191.674028032896
"ENSMUSG00000079659",27.8219623440302,45.0297017434503,22.468903395629,46.9676743599735,48.2235441598883,45.3740366030048,41.0701354922269,28.6347670425438,81.6246540797158,69.9164907507247,36.3789580391175
"ENSMUSG00000079666",0,0,0,0,0,0,0,0,0,0,0
"ENSMUSG00000079677",101.769425744453,114.42686262561,110.644616138138,139.439913429667,115.148161255214,139.261371321983,138.757485958109,119.773189007527,112.524990114625,121.819316581529,100.736454253122
"ENSMUSG00000079679",0,0,0,0,0,0,0,0,0,0,0
"ENSMUSG00000079681",2.03825424740154,1.0716374607967,0.879346168440481,4.36713271430266,2.12204572984003,1.28734529583255,1.02854029624945,0,0,0.947920443864041,3.42932472899923
"ENSMUSG00000079685",8.27672315303751,4.46077177542172,4.67416586525238,4.49200608886255,6.84362090324774,1.30511435196931,2.79008103158999,0,3.27051681143323,5.96602844483611,1.58414443043303
"ENSMUSG00000079694",0,0,0,0,0,0,0,0,0,0,0
"ENSMUSG00000079697",0,0,0,0,0,0,0,0,0,0,0
"ENSMUSG00000079698",0,0,0,0,0,0,0,0,0,0,0
"ENSMUSG00000079699",0,0,0,0,0,0,0,0,0,0,0
"ENSMUSG00000079700",0,0,0,0,0,0,0,0,0,0,0
"ENSMUSG00000079701",0,0,0,0,0,0,0,0,0,0,0
"ENSMUSG00000079702",0,0,0,0,0,0,0,0,0,0,0
"ENSMUSG00000079703",0,0,0,0,0,0,0,0,0,0,0
"ENSMUSG00000079704",0,0,0,0,0,0,0,0,0,0,0
"ENSMUSG00000079705",0,0,0,0,0,0,0,0,0,0,0
"ENSMUSG00000079707",2.74411602443587,7.97476301381454,0.604678010994848,5.93970404543597,2.20341172029966,5.4172495132289,6.25525793341297,2.01848739269027,5.13403511217591,7.83476115336385,1.63198686939693
"ENSMUSG00000079710",2.02830939300825,3.1769111921615,3.13520089281275,0,4.11952289946681,1.25620459526182,4.01573156405632,1.94540148184179,2.78332911444665,0.917588914219331,0
"ENSMUSG00000079722",6.91531506224479,10.7306110600532,4.43442156687864,10.9028404625827,8.44847477067971,10.229437527773,12.2615990159534,5.95162503330433,7.5567277413773,6.58115244949722,9.17273748670123
"ENSMUSG00000079737",24.6608672441572,27.1522981626827,18.5147709745988,23.2889273644333,23.0771121036397,15.4747295407349,33.765667082732,21.4004392752663,18.4718166612874,21.2875512512052,19.3569920130034
"ENSMUSG00000079740",0,0,0,0,0,0,0,0,0,0,0
"ENSMUSG00000079773",0,0,0,0,0,0,0,0,0,0,0
"ENSMUSG00000079774",0,0,0,0,0,8.95859594296278,0,5.96040739788686,0,4.68581277029738,0
"ENSMUSG00000079794",0,0,0,0,0,0,0,0,0,0,0
"ENSMUSG00000079800",0.671770351653165,2.13234527584971,2.66472757021522,1.10966737519917,0,1.27694880149226,0,0,1.8501370770979,0.947310875715521,1.18446635545235
"ENSMUSG00000079806",0,0,0,0,0,0,0,0,0,0,0
"ENSMUSG00000079808",4.82330398608105,11.7881409859486,7.97163335400039,4.36881413984053,6.34192960222107,11.512911312837,3.07344493630492,2.96945987356756,5.6540194920395,5.66508454720667,2.29502795865907
"ENSMUSG00000079834",68.1200488496013,60.6661133677474,62.932353729024,66.4382360046204,78.617049238368,72.5091406764956,53.7194485891305,68.1372097444119,81.2693268619482,77.0230969638893,55.5040681420465
"ENSMUSG00000079842",0,0,0,0,0,0,0,0,0,0,0
"ENSMUSG00000079845",5.07256328223723,26.2798809638844,0,6.63258542511954,0.765722066947596,17.0049170188238,1.20077822536149,18.9445687922563,6.69138538492237,1.09750442274553,2.00506939925491
"ENSMUSG00000079852",0,0,0,0,0,0,0,2.94553578280107,0.93089521535838,0.962765711768253,0
"ENSMUSG00000079853",0.677594273378724,1.10655000038227,0.893910928809438,2.2038912118547,0,0,0,2.92640081650093,2.77500561681695,4.76646029332213,0
"ENSMUSG00000079875",0,0,0,0,0,0,0,0,0,0,0
"ENSMUSG00000079941",0,0,0,0,0,1.30412893798181,0,0,1.86126830450024,0,0
"ENSMUSG00000080115",21.0487820901112,35.333873051809,12.3656522806345,14.2473392120102,10.7316942064383,19.2092664650811,23.7595569034907,30.2133226974404,12.132480416439,10.4941823049056,28.8350524522325
"ENSMUSG00000080268",293.308261997074,304.852717608638,271.261367588441,299.222044992693,285.697055104298,308.294341908365,314.508142350242,255.43067346909,290.856937792827,264.546617364871,378.10896170186
"ENSMUSG00000080316",128.497236519056,130.58399167618,163.707284116759,129.202061024088,239.444494964251,215.10036041773,144.15544869984,246.40282613912,148.912744333016,188.808038987513,138.763139449853
"ENSMUSG00000080713",0,0,0,0,0,0,0,0,0,0,0
"ENSMUSG00000080717",3.67224606941036,3.2355189110696,1.33043297471437,3.26227577857167,2.00436654539781,1.5655559817358,6.70489536871891,1.18115382427253,2.83467602359875,0.557115672654959,5.92923737832064
"ENSMUSG00000080725",0,0,0,0,0,0,0,0,0,0,0
"ENSMUSG00000080751",0,0,0,0,0,0,0,0,0,0,0
"ENSMUSG00000080781",0,0,0,0,0,0,0,0,0,0,0
"ENSMUSG00000080809",0,0,0,0,0,0,0,0,0,0,0
"ENSMUSG00000080891",0,0,0,0,0,0,0,0,0,0,0
"ENSMUSG00000080907",0,0,0,0,0,0,0,0,0,0,0
"ENSMUSG00000080933",0,0,0,0,0,0,0,0,0,0,0
"ENSMUSG00000080990",0,0,0,0,0,0,0,0,0,0,0
"ENSMUSG00000081044",0,0,0,0,0,0,0,0,0,0,0
"ENSMUSG00000081058",22.3565487613447,27.8572402747166,0,0,29.3161098334129,0,46.5707256822735,19.5254852881399,33.2566018251361,0,23.5649037645566
"ENSMUSG00000081218",0,0,0,0,0,0,0,0,0,0,0
"ENSMUSG00000081225",0,0,0,0,0,0,0,0,0,0,0
"ENSMUSG00000081234",0,0,0,0,0,0,0,0,0,0,0
"ENSMUSG00000081362",0,0,0,0,0,0,0,0,0,0,0
"ENSMUSG00000081443",0,0,0,0,0,0,0,0,0,0,0
"ENSMUSG00000081534",212.359271573355,250.121739398176,228.379496720239,264.849636548334,238.974916676685,252.234734208725,226.336606266296,288.169263435358,281.704559060539,275.803470537491,254.664587249507
"ENSMUSG00000081607",0,0,0,0,0,0,0,0,0,0,0
"ENSMUSG00000081649",0,0,0,0,0,0,0,0,0,0,0
"ENSMUSG00000081650",0.700978996910106,1.06362269116432,0,0,0,0,0,0,0,0,0
"ENSMUSG00000081665",2.7599912156238,5.3727631840111,0,0,1.05406284529361,11.5163269408247,0,0.992607534128048,0.945106099270698,5.63249145066482,2.28921895680842
"ENSMUSG00000081683",6.86759650895229,3.23743317416537,0.886450461206736,1.08867424000609,7.42611874605638,5.13377043913291,1.02356673052083,0,0.943344373849225,10.3160136233322,2.28491546229439
"ENSMUSG00000081724",0,0,0,0,0,0,0,0,0,0,0
"ENSMUSG00000081769",1.37987853529677,3.24192520459567,0,1.0895783501383,0,0,1.0244779114794,0,0.94676288413655,0.936366945291052,0
"ENSMUSG00000081836",0,0,0,0,0,0,0,0,0,0,0
"ENSMUSG00000081859",0,0,0,0,0,0,0,0,0,0,0
"ENSMUSG00000081906",0,0,0,1.1063420784085,0,0,0,0.977566246008323,1.8648343245764,0,1.15800093608903
"ENSMUSG00000081945",0,0,0,0,0,0,0,0,0,0,0
"ENSMUSG00000081948",0,0,0,0,0,0,0,0,0,0,0
"ENSMUSG00000081984",4.72580889560438,2.14045257675952,8.81597679000991,6.57307871507351,8.51545100537678,3.85676468829641,12.3933660933168,2.94849826285892,1.87539402345067,1.91296739321045,3.45089854080538
"ENSMUSG00000082079",0.689939267648385,0,0,0,0,0,0,0,0,0,0
"ENSMUSG00000082101",0,0,0,0,2.10191351140727,0,0,0,0,0,0
"ENSMUSG00000082211",0,0,0,0,0,0,0,0,0,0,0
"ENSMUSG00000082216",0,0,0,0,0,0,0,0,0,0,0
"ENSMUSG00000082229",0,0,0,1.09829574593523,0,0,2.08277916750468,1.94741606019412,0,0,1.13463163977253
"ENSMUSG00000082316",0,0,0,0,0,0,0,0,0,0,0
"ENSMUSG00000082361",0.659810903018983,1.05788774242153,0,0,3.1951697357154,0,2.07393740006584,0,0,0.962145795386358,2.31150998496285
"ENSMUSG00000082482",0,0,0,0,0,0,0,0,0,0,0
"ENSMUSG00000082574",0,0,0,0,0,0,0,0,0,0,0
"ENSMUSG00000082639",0,0,0,0,0,0,0,0,0,0,0
"ENSMUSG00000082754",0,0,0,0,0,0,0,0,0,0,0
"ENSMUSG00000082766",0,0,0,0,0,0,0,0,0,0,1.14045445258444
"ENSMUSG00000082815",0,1.08064173486522,0,0,0,0,0,0,0,0,0
"ENSMUSG00000082882",0,0,0,0,0,0,0,0,0,0,0
"ENSMUSG00000082932",0,0,0.887787060516001,0,1.04724748259629,0,0,0,0.929877492046553,0.957743167670799,0
"ENSMUSG00000082976",0,0,0,0,0,0,0,0,0,0,0
"ENSMUSG00000082980",0,0,0,0,0,0,0,0,0,0,0
"ENSMUSG00000083012",167.443651097132,144.93531941663,190.429768229901,149.016333738069,214.868401606795,152.388912563188,198.072500965681,133.083258028675,151.6248438878,178.874671703815,146.82956192805
"ENSMUSG00000083138",0,0,0,0,0,0,0,0,0,0,0
"ENSMUSG00000083188",0,0,0,0,0,0,0,0,0,0,0
"ENSMUSG00000083193",0,0,0,0,0,0,0,0,0,0,0
"ENSMUSG00000083282",398.817169718192,360.236255185764,449.947470577883,442.388403125265,472.385502136439,381.714361628098,470.69071426844,461.564173541223,475.800895438595,436.75014202238,329.371773781189
"ENSMUSG00000083361",0,0,0,0,0,0,0,0,0,0,0
"ENSMUSG00000083616",0,0,0,0,0,0,0,0,0,0,0
"ENSMUSG00000083628",0,0,0,0,0,0,0,0,0,0,0
"ENSMUSG00000083649",0.682935328303891,1.09762686463476,0.900009132921108,0,0,2.56385988483934,0,0.998338072397482,0.94779506160133,4.60964784960367,1.12984470365142
"ENSMUSG00000083695",0,0,0,0,0,0,0,0.992606609936369,0,0,0
"ENSMUSG00000083706",0,0,0,0,0,0,0,0,0,0,0
"ENSMUSG00000083780",35.8901847752874,50.4051632419297,37.0429453989804,38.9274896128105,29.76992370255,29.2604877672805,27.4512291286391,34.4778867453894,28.1875876826894,35.2877721199776,29.0812191102135
"ENSMUSG00000083855",0,0,0,0,0,0,0,0,0,0,0
"ENSMUSG00000083886",0,0,0,0,0,0,0,0,0,0,0
"ENSMUSG00000083947",0,0,0,0,0,0,0,0,0,0,0
"ENSMUSG00000084063",0,0,0,0,0,0,0,0,0,0,0
"ENSMUSG00000084128",969.59214921994,811.177315952388,997.090017783743,820.91935107614,1010.43553880019,903.595513692088,859.011089965992,1042.56381094351,1091.64088747968,1236.48114388208,1045.3791956973
"ENSMUSG00000084135",0,0,0,0,0,0,0,0,0,0,0
"ENSMUSG00000084136",0,0,0,0,0,0,0,0,0,0,0
"ENSMUSG00000084174",0,0,0,0,0,0,0,0,0,0,0
"ENSMUSG00000084234",0,0,0,0,0,0,0,0,0,0,0
"ENSMUSG00000084262",0,0,0,0,0,0,0,0,0,0,0
"ENSMUSG00000084336",0,0,0,0,0,0,0,0,0,0,0
"ENSMUSG00000084346",0,0,0,0,0,0,0,0,0,0,0
"ENSMUSG00000084387",0,0,0,0,0,0,0,0,0,0,0
"ENSMUSG00000084782",0,0,0,0,0,0,0,0,0,0,0
"ENSMUSG00000084786",78.9016008076489,98.9711855453719,97.1538554987748,101.345454024337,92.1186431043947,97.3944913225411,88.2487567722579,86.7172579613123,104.768876578428,108.126631403882,71.2291977056783
"ENSMUSG00000084845",0,0,1.74602983819265,0,1.07481165458472,1.26760009740696,2.06444525989279,0,0.918156859970151,0.953968617094339,1.15321724617015
"ENSMUSG00000084883",328.839736523013,258.293589501286,317.105820979276,364.978798384495,410.927448753271,385.65525977702,532.528933943121,441.579414802079,371.12654421956,358.696794403776,610.185818799612
"ENSMUSG00000084897",38.5035666301947,93.9283038062167,40.7384765038936,40.7705815945773,54.4157552869503,93.9178708768133,70.0957138825893,78.1718757336938,82.6541954975439,34.3926097747547,63.6957313332051
"ENSMUSG00000084902",0,0,0,0,0,0,0,0,0,0,0
"ENSMUSG00000084927",0,0,0,0,0,0,0,0,0,0,0
"ENSMUSG00000084957",29.8506506943078,28.8542893166727,25.4872905145045,18.3177559419052,17.3220176824636,31.692987867212,17.2233014247854,17.6691049257676,29.9609847843229,19.4459986259479,19.971952073105
"ENSMUSG00000084989",2.06981780294516,0,0,0,0,0,0,0,0,0,0
"ENSMUSG00000085007",0,0,0,0,0,0,0,0,0,0,0
"ENSMUSG00000085079",0,0,0,0,0,0,0,0,0,0,0
"ENSMUSG00000085111",0,0,0,0,0,0,0,0,0,0,0
"ENSMUSG00000085139",0,0,0,0,0,0,0,0,0,0,0
"ENSMUSG00000085272",0,0,3.35391849852272,1.11597630670926,2.01757868666666,3.93130273656907,1.05095712185933,0,0,0,3.51735326629705
"ENSMUSG00000085484",0,0,0,0,0,0,0,0,0,0,0
"ENSMUSG00000085486",0,0,0,0,0,0,0,0,0,0,0
"ENSMUSG00000085576",0,0,0,0,0,0,0,0,0,0,0
"ENSMUSG00000085584",1.38446403234319,0,0,0,0,2.55750963894434,2.04298241385022,0.993801803906063,0,2.81153095675427,0
"ENSMUSG00000085601",1.37987853529677,0,0,0,0,0,0,0,0,0,0
"ENSMUSG00000085683",0,0,0,0,0,0,0,0,0,0,0
"ENSMUSG00000085684",0,0,0,0.899381413078743,0,0,0,1.07912687575099,1.05501937482895,0,0
"ENSMUSG00000085793",16.8854580438299,16.1570226082754,19.5368891506447,38.5875922032734,17.5972228594693,24.0778616316548,26.8619099206461,25.2322174805566,27.6309347163425,20.4003786884051,14.1156870248681
"ENSMUSG00000085795",627.147119477821,476.557711908798,868.907975826797,525.166791407917,1096.84382462351,302.844738714748,662.670370825897,408.516276562539,896.657713278148,622.467404104337,525.334824228596
"ENSMUSG00000085861",0,0,0,0,0,0,0,0,0.946762884136551,0,0
"ENSMUSG00000085925",0,0,0,0,0,0,0,0,0,0,0
"ENSMUSG00000085933",0,0,0,0,0,0,0,0,0,0,0
"ENSMUSG00000085957",1.3704911115703,0,0,0,1.05326505356455,1.28895500859334,1.02177951498341,0,0,0.93804532748839,0
"ENSMUSG00000086022",0,0,0,0,0,0,0,0,0,0,0
"ENSMUSG00000086040",6.44195091476169,1.13425062378112,0,2.05444099204874,4.40416028702768,5.39107584309103,2.14387787396104,1.03418124462849,6.26178487396815,2.67982863330456,0
"ENSMUSG00000086056",0,0,0,0,0,0,0,0,0,0,0
"ENSMUSG00000086147",0.696660641929085,0,0,0,0,0,0,0,1.8752570522976,0,0
"ENSMUSG00000086158",33.9727416968844,32.9121510141915,46.8138079333472,32.057365784552,57.0118852910305,45.9677241635564,49.8553302271038,32.1272540922078,42.4975151767768,37.5877720308152,32.9943984792982
"ENSMUSG00000086228",14.3838688459177,26.8677063478973,29.78863031142,2.68736447119886,10.4736912049429,23.2489717572134,12.2877159675339,5.55206636021009,18.8722586922714,13.3306881123803,16.2368083997819
"ENSMUSG00000086277",0,0,0,0,0,0,0,0,0,0,0
"ENSMUSG00000086316",20.6182990463469,27.7987150849309,38.1528857516448,12.2509124300765,21.9718305323934,15.898081302586,40.8398840978761,26.0413760564032,16.7741535443715,14.9002456257574,27.20019487275
"ENSMUSG00000086322",0,0,0,0,0,0,0,0,0,0,0
"ENSMUSG00000086338",0,0,0,0,0,0,0,0,0,0,0
"ENSMUSG00000086361",0,0,0,0,0,0,0,0,0,0,0
"ENSMUSG00000086545",2.03916971648389,2.13800113823136,0.886926278085053,3.28316713425574,5.38907291532853,2.53737739505964,1.02893164147622,2.93508870269706,4.68519733094915,4.74985176009369,2.31423321394804
"ENSMUSG00000086564",7.56203889754408,6.48406646600937,8.86810010160518,8.73462450789982,3.16623421483327,14.1672961261252,2.04102043599397,2.96933973389102,0.945327364316514,8.44366477636628,5.7082103705752
"ENSMUSG00000086596",0,2.160901643997,0,2.17915958036565,2.11396003184208,1.29022936257794,2.04846974902916,0.98527444464349,0.943071843778746,0,1.13994257806572
"ENSMUSG00000086598",0.690870721423565,1.0731698088788,0,0,0,1.28100165478432,0,0.993623832340441,1.89306627488487,0.937891520815112,1.14490102087894
"ENSMUSG00000086727",0.690367665343496,1.07544611563356,0,0,0,0,0,0,1.90149295940229,0,0
"ENSMUSG00000086784",252.89860852995,270.175085891994,274.220579970891,263.392589524399,217.131393857705,257.567683944723,315.724990797419,288.153398146268,310.197944936251,287.807451086722,278.430771620106
"ENSMUSG00000086812",0,0,0,0,0,0,0,0,0,0,0
"ENSMUSG00000086815",0,0,0,0,0,0,0,0,0,0,0
"ENSMUSG00000086848",0,0,0,0,0,0,0,0,0,0,0
"ENSMUSG00000086962",14.687031108735,0,20.9337100368395,1.07776210683428,7.85482909023314,0,31.2732342520211,0,17.3818064858298,0,20.1226522375746
"ENSMUSG00000086965",10.5704763834666,10.7101460773125,9.65317466892454,8.81665363652855,7.60787141807969,16.8647915080307,6.30072733606686,10.565103615967,7.35050196948365,13.450969043373,12.8042938687977
"ENSMUSG00000087006",23.8658875268011,25.1652284460014,19.2445814653705,23.6547625209913,33.7785782036941,58.2948344957047,38.4487123160037,18.8142852436515,24.0792972695124,30.1066073782464,29.769320120231
"ENSMUSG00000087035",0,0,0,0,0,0,0,0,0,0,0
"ENSMUSG00000087075",0.680033444002595,1.09638308780052,0,0,0,0,0,0,0,0,0
"ENSMUSG00000087119",0,0,0,0,0,0,0,0,0,0,0
"ENSMUSG00000087141",30.4217571232384,39.5770391179352,29.0881614513673,71.4221847418707,33.7844011683396,12.9524506661634,72.8735863207019,53.4962817388967,42.4907450635593,36.0178875199758,44.7458584519147
"ENSMUSG00000087166",0.605247394180232,0,18.5089621478248,0,0.837722267678918,1.13398799575224,0,0,0.828419337288487,2.99579002880533,2.02383405427422
"ENSMUSG00000087194",0,0,0,0,1.05095675570364,0,0,0,0,0,0
"ENSMUSG00000087198",0,0,0,0,0,0,0,0,0,0,0
"ENSMUSG00000087230",0.69248650027607,1.07511258579256,1.7757061961298,5.44852561923895,1.05455090221249,3.83257544193046,1.02177806345932,3.97257865839298,3.78162919780578,2.81419730538892,9.16043904479709
"ENSMUSG00000087236",0,0,5.65530452032489,0,0,0,0,0,0.446341504539679,0,0
"ENSMUSG00000087247",0,0,0,0,0,0,0,0,0,0,0
"ENSMUSG00000087260",476.365874976114,654.825746205333,623.374633812717,613.021696717588,541.502292098129,578.974204112014,628.361662882063,565.453230090884,513.289882731214,540.636813267433,461.050263054526
"ENSMUSG00000087279",0,0,0,0,0,0,0,0,0,0,0
"ENSMUSG00000087303",0,2.16128346973044,0,0,0,0,0,0,0,0,0
"ENSMUSG00000087364",0,0,0,0,0,0,0,0,0,0,0
"ENSMUSG00000087370",5.22964576057808,6.36423227268485,10.8717119281204,12.2769930039309,8.2504839211066,3.09234273775344,11.9697271691958,13.4889457940625,9.15637200041436,10.0541222492324,5.98948491301959
"ENSMUSG00000087376",0,0,0,0,0,0,0,0,0,0,0
"ENSMUSG00000087385",20.276799417055,25.5217488593111,21.9997021468038,31.8932257534439,23.4119278342547,24.4452793015636,27.8806009164683,22.5866982275417,27.1137270774875,22.0487343083656,25.4156880687164
"ENSMUSG00000087403",4.20455101344834,2.13419838916223,5.26544518434308,1.0759238167038,3.29649742337394,0,3.03491763903277,2.94050196237635,3.73959242374591,0,6.95003045811462
"ENSMUSG00000087408",4.09359676405021,2.15566181842364,0,0,1.05999582886588,0,1.02713235283621,0,0,0,2.2869305516831
"ENSMUSG00000087444",0,1.59389280649546,0,0,0.99790749974431,0,0,1.41750416564281,0,0,0
"ENSMUSG00000087512",0,0,0,0,0,0,0,0,0,0,0
"ENSMUSG00000087582",0,0,0,0,0,1.28191223901898,0,0,0,0,0
"ENSMUSG00000087598",93.3173046585414,57.9308577029752,71.867435971963,88.3019217004395,79.0581980289292,69.1203996435865,81.5595540395956,66.6902309906738,87.1784840483056,88.1453061357229,89.3829106408079
"ENSMUSG00000087610",0,0,0,0,0,0,0,0,0.971358223681805,0.912657604702887,0
"ENSMUSG00000087642",3.77417754268097,2.94166176694222,0.975742026610717,0,0,1.17612334112031,0,0,0,0,0
"ENSMUSG00000087651",0,1.12545207118538,0.925563155784876,0.964545367461317,3.28360848726735,0,0,0,0,0,0
"ENSMUSG00000087666",1.37987853529677,0,0,0,0,0,0,0,0,0,0
"ENSMUSG00000087679",82.1456539323392,86.4140571659572,101.422959958496,82.7574292577199,115.461928709758,93.4358686515087,117.328247640359,93.311238809496,94.8697737567244,119.485713598723,129.107328208733
"ENSMUSG00000087687",102.80134270562,139.388100559055,119.922399464112,113.513725098468,94.9527380927666,117.016399970853,111.813925781649,113.259754204112,130.573978135267,101.243111804197,107.078145360055
"ENSMUSG00000089661",17.7427029062313,19.2883959070306,21.9492969604014,30.9754748954447,13.1098719507053,24.7011887666407,19.9427683085618,24.0261987363925,25.7272133551924,22.8407181166572,5.83523361797679
"ENSMUSG00000089665",18.2943193326759,10.7621121122105,8.85067850023755,14.3079660834459,17.7461501048487,5.10662610529575,14.4879426857446,8.77326606625093,6.50849974280173,11.7907299044256,7.01219894738797
"ENSMUSG00000089669",447.097494033895,486.254522464973,449.724723105549,563.066798909544,337.233528935757,522.006730151242,511.790693426434,664.86888597723,482.638775766087,503.113633164588,574.078087726124
"ENSMUSG00000089675",0,0,0,0,0,0,0,0,0,0,2.28090890516888
"ENSMUSG00000089678",10.4332325973683,16.0707914847766,10.6589247501123,9.79968640757311,10.5662308003948,20.338871176642,14.3010049824775,13.8907439644895,16.9834499188709,15.05309544517,24.1113566262834
"ENSMUSG00000089682",218.952315052947,245.976195045128,245.177192870508,271.800580745388,285.648429922265,238.66739552851,293.249744594862,236.515202763716,265.707235410344,173.79279308577,284.716892449693
"ENSMUSG00000089687",21.5850034868764,14.9817718456326,16.7274446873858,18.6628613130608,6.41193845727895,21.9292130488789,15.5251592636701,19.5264263907402,17.7352404609144,20.1006309441437,6.91011030026834
"ENSMUSG00000089694",2.01042146796853,2.12889496178542,0.880875334500909,2.21386850312745,1.06414004303151,2.59508463080835,0,4.94793024773671,0,0,5.79268422644362
"ENSMUSG00000089696",0,0,0,0,0,0,0,0,0,0,0
"ENSMUSG00000089704",402.490820874604,265.09815456371,304.13641738097,546.511269571292,393.460281384758,360.244533396145,449.783890375458,393.414751811711,337.423153471772,274.783893697845,231.62551262496
"ENSMUSG00000089715",441.452157553863,359.819024789148,348.142403688337,258.587966768816,535.349518547361,272.126449694514,273.477140982785,134.450787642115,393.351908922087,456.609892816901,214.68782881362
"ENSMUSG00000089717",0,0,0,0,0,0,0,0,0,0,0
"ENSMUSG00000089722",20.4026903893503,0,14.1282817623027,15.3925653287551,15.9417136966926,34.5478504312147,27.8843705881621,23.6523332944927,22.4731208481419,0,11.5489016239287
"ENSMUSG00000089724",0,0,0,0,0,0,0,0,0,0,0
"ENSMUSG00000089727",0,0,0,5.49191490898495,0,1.28142020419901,0,1.94124857048473,0,1.90052451583666,0
"ENSMUSG00000089728",4.85215378059224,11.7512443270049,5.25450405057374,6.58949780823596,10.5587011878955,5.11827757141729,3.09789330497562,3.91252247590134,5.61567426882996,11.4758379264771,2.29906125757859
"ENSMUSG00000089732",0,0,0,0,0,0,0,0,0,0,0
"ENSMUSG00000089736",28.395028151756,57.990539746666,32.7394339361114,50.1513063578087,51.1676538003928,34.578459285248,39.2138460202079,46.2927534911566,34.8122891651988,62.8615385229282,33.2972729051788
"ENSMUSG00000089739",1.37987853529677,0,0,0,0,0,0,0,0,0,0
"ENSMUSG00000089753",0,2.13474340663449,0,1.09570730897385,1.05615244567351,0,1.02953738515978,0.983169249824711,0.934882474132319,0.949207643790186,1.14668609601973
"ENSMUSG00000089762",105.15746468341,114.126971796947,82.0486827589682,21.9133052036401,73.3979312865993,57.2468213148698,116.875282490816,46.9855621575828,73.7922349349707,87.7111594160274,51.791309560984
"ENSMUSG00000089768",0.710075841299111,1.11218135422669,1.82929883977903,2.24275758726649,0,0.989494605839268,1.05437833298804,3.06473050605736,1.94879022832092,4.81847879675311,2.34747953292294
"ENSMUSG00000089773",0,0,0,0,0,0,2.0489558229588,0,0,0,0
"ENSMUSG00000089774",106.69686121251,52.6648906664925,198.835323050206,128.679994268712,45.4391859604275,34.3498660235127,204.288244127923,53.3882880890306,120.360820496523,49.0418666041688,53.8843388864002
"ENSMUSG00000089789",0.683897841785113,0,1.76664268101875,2.19016223782385,3.17533911602253,0,1.02716185011026,0.986560839238512,0,0,1.14758486667053
"ENSMUSG00000089798",0,0,0,0,0,0,0,0,0,0,0
"ENSMUSG00000089809",26.8228440207195,44.9499405414331,28.9382618254067,21.9979367411737,27.865160312519,18.8710791530073,8.68819300033394,21.6048691179869,20.1517332946127,29.5697152759982,10.9180024278605
"ENSMUSG00000089824",202.474714655663,181.083743355598,158.394693586008,176.949597519095,423.640795639634,352.03857241738,278.02878670191,180.434985454372,179.421354045663,247.523899407423,171.294221355686
"ENSMUSG00000089832",392.99938435152,436.59933356759,468.915035683265,382.517795639276,457.862799298504,541.397024008522,401.43268369097,412.995290074082,400.722738339071,331.413481603775,384.532622065546
"ENSMUSG00000089837",4.35540999431968,0,6.59325580211607,0,3.40118964591089,0,0,0,12.98537197284,5.16465746158725,0
"ENSMUSG00000089840",0,0,0,0,0,1.26791607242425,1.03578683312929,0,0,0,0
"ENSMUSG00000089844",2.35855983064649,5.75242061702842,3.13374298275222,0,2.71877526528195,6.69506296822199,9.14772598112,0.860976501540903,1.67992103162159,3.25939034245491,0
"ENSMUSG00000089847",116.842556743743,60.1541663589701,65.0100689000015,55.26683159142,62.9729063061628,85.1369112754961,87.0071080138265,77.4032351794876,64.7446039302451,38.7958680898133,71.1443596566034
"ENSMUSG00000089857",9.39523377732302,8.35602955125915,9.22394113331705,6.07302191157364,5.06929827970143,20.410299353893,22.3731014287286,4.05531944681635,14.0467675429348,17.1452096581282,8.74413767050275
"ENSMUSG00000089862",39.786473852853,31.4667679206827,34.4562461844025,40.1477321451401,36.9651954861324,29.1979460825452,62.776590114836,38.6726488555117,29.6503928686472,34.0285690094478,44.6674097609617
"ENSMUSG00000089865",0,0,1.75581329499937,0,0,1.27500479890786,1.03221737919303,0,0,0.945880850389481,0
"ENSMUSG00000089872",145.248626902649,117.025809038777,120.8395448933,81.4191525380715,134.33464646914,96.2591489639866,92.5538538852653,93.7566526983327,91.4453123032989,93.1336855385729,119.300103382684
"ENSMUSG00000089873",0,51.8991141210124,8.79627296149153,59.3408581401096,93.1535777123495,25.5679688136011,0,35.7246645941719,0,44.1421444408994,3.45980246472529
"ENSMUSG00000089876",278.634035530766,333.027994096426,350.06637186403,423.652925044657,314.709947970848,337.649961855186,448.942384858767,408.425254831469,374.295948276174,396.25809071855,362.705444576227
"ENSMUSG00000089892",0,0,0,0,0,0,0,0,0,0,0
"ENSMUSG00000089901",794.522760037371,432.120816544866,753.574646566006,373.963207865739,594.192460326847,413.891100707524,738.441991319045,381.629381987881,627.298478305729,515.431540010849,719.054924252016
"ENSMUSG00000089911",876.316961916185,724.539062828747,933.939022854989,884.338200777451,776.360986331741,792.927437969318,892.763111156572,927.724682693924,869.05060499626,848.499319451507,997.320497018553
"ENSMUSG00000089917",279.666243225749,436.111270767675,281.796488739985,273.38592727178,313.191589553532,384.178871777058,246.912983586968,364.410807053399,240.765486216406,295.255618621059,238.617744250068
"ENSMUSG00000089922",0,0,0,0,0,0,0,0,0,0,0
"ENSMUSG00000089929",57.5683955363335,56.2136722054049,58.7156824877764,30.9559599122104,113.585165611284,30.9187105811027,35.5150491665411,22.4072907790301,50.1786918222465,34.877926775226,22.0933946405045
"ENSMUSG00000089942",1.35418747021733,7.58808969061678,2.60795788728993,1.10000219331857,1.06372883039786,8.83369382258743,0,0,4.76931586432656,1.89429828581442,1.15527259548001
"ENSMUSG00000089943",0,0,0,0,0,0,0,0,0,0,0
"ENSMUSG00000089945",64.9479772224795,4.20095038704705,7.32727130313258,50.103510566739,17.432919837848,3.75853196858124,23.0636626379238,25.1166988176483,5.06127324688003,32.4873911468299,3.88095251992446
"ENSMUSG00000089951",0,0,0,0,0,0,0,0,0,0,0
"ENSMUSG00000089953",0,0,0,0,0,0,0,0,0,0,0
"ENSMUSG00000089960",0,0,0,4.36977637591302,0,0,2.05185263408962,6.94324717482687,5.66175045877663,0,0
"ENSMUSG00000089984",3.43469111085521,4.77053542141076,4.68590371827492,0,1.86830511997405,8.53603528875541,2.70836596400674,1.22677830250535,2.35051222991126,0.825786767501029,3.01245443108247
"ENSMUSG00000089989",13.7336541745424,16.1979980093336,7.09807516545145,26.2056295146958,0,7.72349315896034,13.3503561924658,11.8432665498364,6.61066473323354,9.42600544666562,0
"ENSMUSG00000089992",0,0,0,0,0,0,0,0,0,0,0
"ENSMUSG00000089996",1.37987853529677,0,0,2.1791567002766,1.05095675570363,0,1.0244779114794,0,0.94676288413655,0.936366945291053,0
"ENSMUSG00000089997",0,0,0,0,1.05157638877198,0,0,1.98404344868741,0,0,0
"ENSMUSG00000090000",226.628821893349,278.985634484504,240.773958196845,253.431654712954,226.697945732768,287.382761640091,254.209440524915,262.866945305513,248.404022555458,228.766125562186,230.232441343164
"ENSMUSG00000090015",255.921004641123,270.238979220354,530.803637063307,397.583332448773,553.403414319129,328.287054628125,290.452341130402,343.905574195013,448.579366381396,392.040846106426,176.170584488621
"ENSMUSG00000090019",86.0637256328068,275.924819627252,53.3614290157781,43.0149321517053,40.5591227204543,197.510538884624,56.1880850923547,44.1202440298633,56.6119224542302,95.4361723585691,52.0830861178177
"ENSMUSG00000090035",208.964746297761,208.553936931591,193.123049064008,168.291430869647,232.429154566193,211.371122031045,208.359101428491,264.083461134532,208.161604891954,208.343871797707,225.713951589169
"ENSMUSG00000090053",1.38168860150908,3.20672467208553,1.77308456985989,0,4.23033504513185,2.55042591551125,4.09221434417585,5.95061624561382,4.71527404533632,7.55700690892496,5.75026890280541
"ENSMUSG00000090059",0,0,0,0,0,0,0,0,0,0,0
"ENSMUSG00000090061",0,0,0,0,0,0,0,0,0,0,0
"ENSMUSG00000090066",35.3851950788967,0,0.889893098491611,3.26509555086469,0,0,0,0.988151273313911,0,0.935117153435395,0
"ENSMUSG00000090071",0,0,0,0,0,0,0,0,0,0,1.14045445258444
"ENSMUSG00000090077",220.551663832624,248.748351769324,204.052344760895,264.789510774401,192.313454264949,262.794227034792,159.650036233121,187.171958204747,230.242050526003,202.35775821885,186.115892869227
"ENSMUSG00000090083",384.856456992464,317.003517232192,359.924975276271,440.212843235895,392.620831681413,363.582845859954,433.746177117117,419.890848452727,418.042573025893,441.668975233901,356.428678388753
"ENSMUSG00000090084",158.875952136014,111.604337829545,97.1843727578137,52.1020346397058,117.401278203625,40.4892125866301,67.5881204750295,78.8321085229161,122.878422200603,61.8911555898413,31.1063137936012
"ENSMUSG00000090093",58.198713173516,22.7698129200391,35.4045412254305,46.0820722146945,20.1248805659064,55.013125785555,45.3289549734868,10.7725145903201,47.0219165859378,24.2558982682803,39.8067916404756
"ENSMUSG00000090097",0,0,0,0,0,0,0,0,0,0,0
"ENSMUSG00000090100",102.957144614735,48.3146133748046,89.7697701775841,71.7354156663305,76.4211727507034,65.788201784707,72.4673576925548,81.9252600856929,105.677484001833,71.7295494428011,74.0892817519179
"ENSMUSG00000090102",0,0,0,0,0,0,0,0,0,0,0
"ENSMUSG00000090110",12.1530753647261,23.6863140981142,11.5105800362812,13.0266510099203,13.0674996952581,17.8804892012406,17.3518021684599,11.8672878330777,5.65959743933376,16.1704173969667,7.95369718115348
"ENSMUSG00000090112",250.152234055216,169.65583645499,212.86886730936,221.37047440387,189.171071901992,135.87769441651,188.701174281132,190.696922746637,265.689731201524,214.913310767283,253.807553200233
"ENSMUSG00000090113",1.99259110680278,2.16258820525384,2.65224363471323,0,2.19926264495841,5.23678867890778,0,0,0.924597394292184,0,0
"ENSMUSG00000090115",99.3119852525487,104.034796585918,129.898195488456,117.872601982789,118.823319057397,107.718644227873,89.3148780135339,398.683000643048,119.091731518776,117.005076211089,103.107657915571
"ENSMUSG00000090121",0,0,0,0,0,0,0,0,0,0,0
"ENSMUSG00000090122",0,0,0,0,0,0,0,0,0.946762884136551,0,0
"ENSMUSG00000090124",109.661772567491,61.9867271959706,56.3693661783333,31.5630957415701,75.162131521749,44.4811545036094,28.5653847549289,45.1190846616155,59.7749089418241,32.6270740284107,55.5125220128309
"ENSMUSG00000090125",0.684773756100836,1.09013517054048,1.75115616432338,0,1.06009675470274,0,0,0,0,0.941058158252763,0
"ENSMUSG00000090129",0,0,0,0,0,0,0,0,0,0,0
"ENSMUSG00000090132",0.689939267648385,0,0,0,0,0,0,0,0,0,0
"ENSMUSG00000090137",1922.08564674094,2420.35276850741,2014.84005308323,2036.35924578253,1922.42564314098,2195.03341480263,1950.8334597969,2143.01066052544,1945.4532790955,1639.59428820809,1840.32733597273
"ENSMUSG00000090141",0,7.4930600233871,0,0,0,5.17653136697852,0,0,0,0,0
"ENSMUSG00000090145",15.1532752125873,7.5227537283663,1.77308691536629,8.74089894603645,10.5567374030976,2.55495192157703,13.3482347156446,8.90444327512306,11.2956399417043,7.55004497663514,9.16737221118202
"ENSMUSG00000090150",589.026461843087,540.71796339503,444.672178770158,563.828256511802,499.326301552126,571.09678962468,523.392389155497,501.625733105564,535.700680874304,445.008800651998,619.97252234259
"ENSMUSG00000090164",0,1.05646634502258,2.62685266925703,0,6.46538849333343,5.13229227785304,1.05041551656083,3.85174424817241,0,0.952331237440162,0
"ENSMUSG00000090165",0,0,0,0,0,0,0,0,0,0,0
"ENSMUSG00000090166",0,0,0,0,0,0,0,0,0,0,0
"ENSMUSG00000090171",0,2.16128346973044,0,0,0,0,0,0,0,0,0
"ENSMUSG00000090173",9.98238910905307,20.6030454298839,1.621429733196,6.95504354693675,4.81545361235562,3.4902648886182,2.79753308777285,0,6.89650473208582,5.4249034540195,7.31770542372264
"ENSMUSG00000090175",0,0,0,0,0,0,0,0,0,0,0
"ENSMUSG00000090176",0,0,0,0,0,0,0,0,0,0,0
"ENSMUSG00000090202",2.71128609765914,2.13764811052311,4.42127156463753,2.17049239397464,2.13604671613032,0,1.0450483286106,0,0.932219957444006,0,3.48078474123826
"ENSMUSG00000090206",0.760446036681811,2.68381499688229,0,1.15456402006428,1.16796276944375,3.53967720751487,0.656715217260923,1.04379805573641,0,0,0
"ENSMUSG00000090210",84.2145501100974,97.1076942232983,99.1020355711195,115.786649268401,72.6451945507022,115.255529061608,70.5333373505428,94.2568447004037,76.789827989085,66.5099244344946,82.1128621429399
"ENSMUSG00000090213",750.882454258262,844.218040261679,848.721442458735,975.203052991134,808.042752337907,831.06985019897,868.266351894602,994.780813455858,886.823053002718,865.787570473772,961.180586094446
"ENSMUSG00000090215",0.685836777547773,4.31899336131927,0.887888554858238,0,4.21121367063328,3.84040802232282,2.06347611126537,0.987120427020753,2.81631897904004,0.947351594896061,3.43041174067409
"ENSMUSG00000090219",0,0,0,0,0,0,0,0,0,0,0
"ENSMUSG00000090223",0.459206856050884,1.45760427244034,1.82233916027292,13.2133300557952,3.01572713766801,6.0562061125152,0,0,0.633602491205445,0,0.81084454813497
"ENSMUSG00000090225",0,0,0,0,0,0,0,0,0,0,0
"ENSMUSG00000090231",801.27486846558,1316.67996774431,495.073721890819,699.606630946152,536.549245748324,1032.90196256389,510.164527152148,326.552285155022,575.6559021251,496.398917625871,526.241471342973
"ENSMUSG00000090236",68.250188109292,118.271010579165,94.4847365836849,125.863098108166,54.1196434016902,87.7832138567275,76.1030609641318,87.4430779259571,62.9509018182717,72.8845362754312,101.942927929718
"ENSMUSG00000090247",370.138853272622,475.169028056264,425.512690845682,427.05434198238,428.975476858789,451.40081657934,403.388226381212,417.009632083939,375.447613673984,349.475067247323,425.921758041312
"ENSMUSG00000090258",309.062410700387,295.46477804636,324.059684071548,308.856035353722,337.414647483217,284.458146264354,395.154716988197,314.492073146643,337.149020255209,312.749657549365,288.880596125689
"ENSMUSG00000090264",30.8495028232205,50.7590071771205,38.2206375374106,70.3972909035206,42.524665620985,54.8057271606612,51.2684732625891,34.7725331054026,44.4782137352705,38.6410907218574,68.1170142732326
"ENSMUSG00000090266",169.572920427781,147.405976993169,103.242971998421,134.425622643192,134.510117440189,127.798629536883,132.472011633824,160.172142517704,101.234936728521,153.341326794677,70.7311554190778
"ENSMUSG00000090268",0,0,0,0,0,0,0,0,0,0,0
"ENSMUSG00000090272",308.560936368923,501.14897199818,183.972048758513,182.459298911454,192.832580270999,327.784503604321,228.916355951211,172.164624872775,148.500938308362,157.019567905125,166.822094562916
"ENSMUSG00000090273",12.3110284904664,17.2362011497518,6.21713527924548,8.70403014161183,17.0792791449576,16.5870641156757,11.2976159939776,5.90743815917552,8.48236636956059,10.3754164862087,12.6188986601414
"ENSMUSG00000090290",237.563175227423,191.075040468973,184.116902149324,190.692999026865,186.563396304691,175.302132172059,205.717464802026,241.081620653708,235.172534621204,236.785147887864,280.921338561185
"ENSMUSG00000090291",1.3382893512979,1.08306690744683,0,0,0,1.29758706682935,0,0,0.942698367886149,2.86731145684574,0
"ENSMUSG00000090298",0,0,0,0,0,0,0,0,0,0,0
"ENSMUSG00000090302",0,0,0,0,0,0,0,0,0,0,0
"ENSMUSG00000090304",0,0,0,0,0,0,0,0,0,0,0
"ENSMUSG00000090314",0,0,0,0,15.7643513355545,0,0,0,0,0,0
"ENSMUSG00000090315",0,0,0,0,0,0,0,0,0,0,0
"ENSMUSG00000090326",0,0,0,0,0,0,0,0,0,0,0
"ENSMUSG00000090336",0,0,0,0,0,0,0,0,0,0,0
"ENSMUSG00000090342",6.80639277466936,5.53547467347448,0,3.27815114535475,0,0,1.02827704837044,4.86673004247948,0,2.81723619301561,1.13989764755493
"ENSMUSG00000090346",0,0,0,0,0,0,0,0,0,0,0
"ENSMUSG00000090353",333.282927089897,390.787678255953,282.886356825522,438.654288110545,324.272631413037,458.263147113229,360.533918172197,397.830606167141,363.653243176554,287.087573991839,363.89344546615
"ENSMUSG00000090356",0,0,0.880616251361226,0,2.11035093025682,0,0,0,0.9403891952613,0.947575717778737,0
"ENSMUSG00000090362",0,0,0,0,0,0,0,0,0,0,0
"ENSMUSG00000090363",1.28658731329042,0,0,0,0,2.53989424447964,0,0,0,0,6.17336847110554
"ENSMUSG00000090369",36.470631553451,66.3043282456552,95.997728226673,191.289543124694,70.8597157323127,116.598951009016,46.2873374050948,125.40977429137,113.935935210049,149.239393692939,193.998016088076
"ENSMUSG00000090379",0,0,0,0,0,0,0,0,0,0,0
"ENSMUSG00000090383",0,0,0,0,0,0,0,0,0,0,0
"ENSMUSG00000090394",11.0930305390448,21.4038859480619,21.3613106307625,17.5854919328691,8.91591020785257,10.1406436388533,10.189752843978,6.84019985157153,9.30582126686325,9.85821462402619,9.39506979838077
"ENSMUSG00000090395",0,0,0,0,0,0,0,0,0,0,0
"ENSMUSG00000090404",22.2872818301827,14.1369006399224,24.9012348467062,19.8031803455401,12.6527746485688,7.6748371691583,18.5897824377643,8.75889786574568,20.3477948537313,15.2871666806111,18.5869351870357
"ENSMUSG00000090408",0,0,0,0,0,0,0,0,0,0,0
"ENSMUSG00000090411",0,0,0,0,0,0,0,0,0,0,0
"ENSMUSG00000090417",0,0,0,0,0,0,0,0,0,0,0
"ENSMUSG00000090436",0,0,0,0,0,0,0,0,0,0,0
"ENSMUSG00000090439",0,0,0,0,0,1.60871979104547,0,0,0.47792723048248,2.25055710733911,1.4980327744138
"ENSMUSG00000090440",0,0,0,0,0,0,0,0,0,0,0
"ENSMUSG00000090441",0,0,0,0,0,0,0,0,0,0,0
"ENSMUSG00000090451",46.5565992954916,45.6426542010893,39.5819001266101,48.5619148382231,39.3886622855344,52.8259202416956,72.926452067569,46.9772162896439,65.0968484868963,31.9235308114847,47.5495321307234
"ENSMUSG00000090461",0,0,0,0,0,0,0,0,0,0,0
"ENSMUSG00000090470",0,0,0,0,0,0,0,0,0,0,0
"ENSMUSG00000090471",0,0,0,0,0,0,0,0,0,0,0
"ENSMUSG00000090472",2.03462067882507,17.3717587857829,1.77910183188755,1.09981507580848,3.16581687395796,1.27863332121954,0,0.975828473559353,5.56303117181412,0.955498742053324,27.8777522405864
"ENSMUSG00000090485",0,0,0,0,0,0,0,0,0,0,0
"ENSMUSG00000090486",6.17107448224613,11.8933964652642,6.20646695288944,15.3098739871713,13.6673842108657,14.1426032706654,12.3358846060543,3.95341696191837,9.41773846295319,10.3678410399609,2.28236890101144
"ENSMUSG00000090487",2.02547021173743,2.17643664353389,2.66790817789506,1.10058300156794,2.10808884669071,10.231743066062,3.1029416844448,3.88987597358171,4.62074847337857,1.91246313518874,6.96315575525048
"ENSMUSG00000090505",0,0,0,0,0,0,0,0,0,0,0
"ENSMUSG00000090509",0,0,0,0,0,0,0,0,0,0,0
"ENSMUSG00000090512",0,2.60913967516699,0,0,0,0,0,15.6223069580986,0,0,0
"ENSMUSG00000090515",0,0,0,0,0,0,0,0,0,0,0
"ENSMUSG00000090523",6.30115103478474,7.34636319791581,3.89471506755488,1.92162750163286,3.84182650466226,7.90079777341546,3.55132318934918,5.07378432000433,3.22630041495965,3.91780636223481,10.1008036215013
"ENSMUSG00000090527",0,1.10133500617338,0,0,3.09363016353566,0,0,0,0,0,0
"ENSMUSG00000090539",0,0,0,0,0,0,0,0,0,0,0
"ENSMUSG00000090546",0,0,0,0,0,0,0,0,0,0,0
"ENSMUSG00000090547",0,1.0537114497303,0,0,0,0,1.04057006754751,0,0,0,1.15151407886521
"ENSMUSG00000090550",0,0,0,0,0,0,0,0.971707288060031,0,0,1.16498316095448
"ENSMUSG00000090553",108.251546057442,139.661007290571,102.5298092993,155.883555364351,122.869122789576,112.514524644746,109.756051359504,91.6667509110136,93.6546812136697,122.477507549824,80.2215607441393
"ENSMUSG00000090556",0.681704869262696,0,0.899446335819148,0,0,0,0,0,0,0,0
"ENSMUSG00000090572",0,0,0,0,0,0,0,0,0,0,0
"ENSMUSG00000090581",0,0,0,0,0,0,0,0,0,0,0
"ENSMUSG00000090588",0,1.08064173486522,0,0,0,0,0,0,0,0,0
"ENSMUSG00000090592",0,0,0,0,0,0,0,0,0,0,0
"ENSMUSG00000090594",0,0,0,0,0,0,0,0,0,0,0
"ENSMUSG00000090619",0,0,0,0,0,0,0,0,0,0,0
"ENSMUSG00000090622",0,1.07634315082345,0.885176356141335,0,3.28753166886784,5.10725215918823,4.08161094510492,0,1.85825848729241,1.81121829909337,1.17086926649529
"ENSMUSG00000090625",4.04062472748951,10.6970590402713,7.92531923922928,12.1014852276885,6.33693155750709,12.9814988019602,9.24574235228491,6.93095149181909,9.43989458717539,5.69134832020516,9.17973873795573
"ENSMUSG00000090626",10.7702047212583,63.0427632501318,10.6163021367475,8.31633092812639,12.6607559583183,37.2829146814047,19.1601490073266,15.7078108182632,8.04199314090574,4.53719544386187,26.9103096206319
"ENSMUSG00000090627",0,0,0,0,0,0,0,0,0,0,0
"ENSMUSG00000090629",0,0,0,0,0,0,0,0,0,0,0
"ENSMUSG00000090631",0,0,0,0,0,0,0,0,0,0,0
"ENSMUSG00000090634",0,0,0,0,0,0,1.0244779114794,0,0,0,0
"ENSMUSG00000090641",14.286758896436,13.3123439698715,11.6024214289872,13.1429415342002,15.5880831482408,11.5710827938125,10.3233525114658,9.764615139688,12.9800779163517,14.1571292604389,17.2522166531418
"ENSMUSG00000090643",4.48452246299771,0,4.22801343887573,1.82400066425824,3.83800250941461,2.1188080873307,2.50260070709784,2.36114542620934,2.3007352807358,6.95576853614639,0.962014193723808
"ENSMUSG00000090655",0,0,0,0,0,0,0,0,0,0,0
"ENSMUSG00000090658",0.729282428409973,0,0.82372090303251,0,0.989498123915664,0,0,0,0,0,3.7090687843782
"ENSMUSG00000090659",5.91934201036817,0,7.09512241534232,6.15660159031147,8.02494238623461,2.05717214648434,3.32500123379479,5.44708124069147,4.43048455204857,6.86049875170733,3.66776289117437
"ENSMUSG00000090662",0,0,0,0,0,0,0,0,0,0,0
"ENSMUSG00000090667",0,0,0,0,0,0,0,0,0,0,0
"ENSMUSG00000090675",0.672992701587779,2.15220214685742,5.28655773580161,2.20494901516479,0,2.56113290147208,7.31364355886793,0,1.85383104983388,0.960821423040757,1.14357218171972
"ENSMUSG00000090685",0,0,0,0,0,0,0,0.974902086671811,0,0,1.16116545799102
"ENSMUSG00000090688",0,1.08064173486522,0,0,0,0,0,0,0,0,0
"ENSMUSG00000090690",0,0,0,0,0,0,0,0,0,0,0
"ENSMUSG00000090691",0,0,0,3.31232010878998,0,0,0,0,2.80291480487939,0,0
"ENSMUSG00000090693",4.08837023993891,4.32499917023211,2.65800770990338,6.60400270955564,8.44798150223932,1.2816992161828,0,1.9643629595324,3.73429214954317,0.955751382740468,1.14537410378686
"ENSMUSG00000090698",22.8627378787104,36.6061042833929,36.1132651216953,42.5874355546331,46.9556994445062,51.4606914122239,32.9965462458519,131.633479936989,40.429119669478,43.0078646048478,16.0883612338891
"ENSMUSG00000090700",2.04871615273803,3.22729358624474,1.76838369190131,3.28184290019507,2.11069867593226,2.58546491421043,1.02358111475703,2.97223573432072,0.946027391583623,0.940366318486071,9.147012207193
"ENSMUSG00000090707",0,0,0,0,1.65890670354843,2.02346366311293,0,0,0,0.751626075324301,0
"ENSMUSG00000090710",0,0,0,0,0,0,0,0,0,0.936366945291052,0
"ENSMUSG00000090713",0,0,0,0,0,0,0,0,0,0,0
"ENSMUSG00000090714",0,0,0,0,0,0,0,0,0,0,0
"ENSMUSG00000090715",0,0,0,0,0,0,0,0,0,0,0
"ENSMUSG00000090716",0,0,0,0,0,0,0,0,0,0,0
"ENSMUSG00000090733",2.10927369789463,0,0,0,0,0,0,0,0.929052817901033,0,0
"ENSMUSG00000090738",6.7182082138564,4.26443458238807,3.55379882079758,6.6238626313932,3.32951574994721,1.28153464666346,8.30413092511098,4.83269919012724,5.53140006637983,2.7713224381915,9.37083720972581
"ENSMUSG00000090740",0,0,0,0,0,0,0,0,0,0,0
"ENSMUSG00000090744",0,0,0,0,0,0,0,0.992606609936369,0,0,0
"ENSMUSG00000090747",0,0,0,0,0,0,0,0,0,0,0
"ENSMUSG00000090751",0,0,0,0,0,0,0,0,0,0,0
"ENSMUSG00000090762",0,0,0,1.0895783501383,0,0,0,0,0,0,0
"ENSMUSG00000090764",0,2.15107639271317,0,1.08787274983665,0,0,0,0,0,0,2.29532509858767
"ENSMUSG00000090765",0,0,0,0,0,0,0,0,0,0,0
"ENSMUSG00000090774",0,0,0,0,0,0,0,0,0,0,0
"ENSMUSG00000090777",0,0,0,0,0,0,0,0,0,0,0
"ENSMUSG00000090799",130.262843142386,116.342898815415,83.2142489182854,140.989915719372,112.629710990772,135.368458803105,99.6132421525082,188.088923323231,101.008925529161,108.786241014799,114.993131825181
"ENSMUSG00000090805",0,0,0,0,0,0,0,0,0,0,0
"ENSMUSG00000090806",0,0,0,0,0,0,0,0,0,0,0
"ENSMUSG00000090812",1.13094396210197,2.74475899718809,1.48387679019807,0.924081043504523,3.23407076306752,0,1.64874543792835,0,0.778207538421808,0,0
"ENSMUSG00000090817",0,0,0,0,0,0,0,0,0,0,0
"ENSMUSG00000090824",1.36982831617325,0,0,1.09757241847653,0,0,0,0,0,0,0
"ENSMUSG00000090827",2.71138911113961,7.59559735918119,2.66695118602958,5.49435951802102,1.05409264204567,2.55639255694892,3.09320076474232,2.92712079783177,2.78143983383424,1.90873230034581,4.64170291768269
"ENSMUSG00000090840",0,0,0.898116094878284,0,0,1.29547782567422,0,0.982212537019955,0.936848863462337,0,0
"ENSMUSG00000090841",5304.67409925762,5460.59862555082,6077.07642950993,4683.22278684506,5002.53603370033,4724.41603969446,5034.96941715688,4274.78931383714,4829.28520093344,4358.19489283132,4195.51115974397
"ENSMUSG00000090843",2.75397055112669,1.07677407887121,2.66004068204791,0,0,6.43247675131474,2.04379711301278,1.98733660558013,3.78894952951508,2.81569601120839,1.14389191082618
"ENSMUSG00000090853",0,0,0,0,0,0,0,0,0,0,0
"ENSMUSG00000090854",0,0,0,0,0,0,0,0,0,0,0
"ENSMUSG00000090862",2797.31943448035,4276.77002310637,2924.2862962698,3057.39094076084,2765.56344292472,3464.20136283513,3247.16758510186,3632.42089405158,3616.85869498408,2908.48719644415,2904.79413697602
"ENSMUSG00000090863",0,0,0,0,0,1.28191223901898,0,0,0,0,0
"ENSMUSG00000090864",0,0,0,0,0,0,0,0,0,0,0
"ENSMUSG00000090868",0,0,0,0,0,0,0,0,0,0.936366945291053,0
"ENSMUSG00000090872",2.45611544796006,0,0.813241450703678,0,0,0,0,0,5.05852293971316,2.61414740820116,6.75938687395714
"ENSMUSG00000090874",0,0,0,0,0,0,0,0.99450679489094,0.944953922551548,0,0
"ENSMUSG00000090877",2148.22252464611,3729.65991462304,4696.27374546119,800.346456545874,1937.85166774796,967.534364505583,1619.20711879599,966.27984248191,1426.88998721383,2809.01726458237,2141.40470419842
"ENSMUSG00000090889",0,0,0,0,0,0,0,0,0,0,0
"ENSMUSG00000090891",0,1.07275106284895,3.5345892223801,0,1.05647329231079,3.8678436203106,2.04929880782771,1.97725954298806,4.72347113385796,0.941612566634914,3.43000976731301
"ENSMUSG00000090892",0,0,0,0,0,0,0,0,0,0,0
"ENSMUSG00000090894",1.34933885047277,1.0813417322945,0,0,0,2.5737437617701,0,0.979343502314761,0,0.966161616377026,0
"ENSMUSG00000090897",0,0,0,0,0,0,0,0,0,0,0
"ENSMUSG00000090919",3.39488720682359,88.6076487818422,1.82647439522727,0.452422446033597,1.31069835084119,107.474090390621,3.83681719812954,3.25189398818397,5.61370389199151,0,1.89618362230426
"ENSMUSG00000090935",103.759408736772,116.683449004559,103.864592506877,117.634726214772,109.039257586269,97.7854438396363,98.1972627908068,101.813499727842,126.412827815479,122.468840003149,110.010908033313
"ENSMUSG00000090942",8.92623504376563,4.44327480540629,2.69537925109307,7.62588421265788,2.09282067630045,3.82921742839824,9.15145597468975,4.8749768876397,13.9109482651753,3.73578738145396,1.16791809259604
"ENSMUSG00000090946",29.0345773059574,37.3214263205022,40.3649730475333,34.426628186881,40.5962892402399,43.4398628286038,45.5198852349157,34.1718388110153,44.2381172504379,30.9541694637697,29.2777257698345
"ENSMUSG00000090949",0,0,0,0,0,0,0,0,0,0,0
"ENSMUSG00000090951",0,0,0,0,0,0,0,0,0,0,0
"ENSMUSG00000090958",37.0337401496463,44.0637760532788,99.863994079686,27.7857883772392,211.114374741579,52.0248781372907,47.3937706354306,53.3857294425923,33.1361755476701,44.0952049706479,114.092320309624
"ENSMUSG00000090961",0,8.41001950701871,0,0,0,0,3.98646421939558,0,0.0625274447827488,0,0
"ENSMUSG00000090963",55.7207985609844,55.0774644486986,32.0515061063015,39.5994246401187,23.3029622461379,39.1068089903764,81.4368787903137,57.9273063785848,43.2594407703438,31.226247596728,61.2721605829771
"ENSMUSG00000090966",0,0,0,0,0,0,0,0,0,0,0
"ENSMUSG00000090967",0,0,0,0,0,0,0,0,0,0,0
"ENSMUSG00000090981",0,0,0,0,0,0,0,0,0,0,0
"ENSMUSG00000090996",4.13963560589031,0,0,0,0,0,0,0,0,0,0
"ENSMUSG00000091002",0,2.16537493128482,0,1.08751959908061,0,0,0,0,0,0,0
"ENSMUSG00000091006",0,0,0,0,0,0,0,0,0,0,0
"ENSMUSG00000091008",0,0,0,0,0,0,0,0,0,0,0
"ENSMUSG00000091012",0,0,0,0,0,0,0,0,0,0,0
"ENSMUSG00000091013",0,0,0,0,0,0,0,0,0,0,0
"ENSMUSG00000091014",0,0,0,0,0,0,0,0,0,0,0
"ENSMUSG00000091017",0,0,0,0,1.05290288947279,0,0,0.990771924836347,0,0,0
"ENSMUSG00000091022",1.3451681325354,0,0,5.4712466303018,0,0,0,0,0,0.956428569676988,0
"ENSMUSG00000091028",0,0,0,0,0,0,0,0,0,0,0
"ENSMUSG00000091034",0,0,0,0,0,0,0,0,0,0,0
"ENSMUSG00000091039",0,0,0,0,0,0,0,0,0,0,0
"ENSMUSG00000091041",0,0,0,0,0,0,0,0,0,0,0
"ENSMUSG00000091043",0,0,0,0,0,0,0,0,0,1.8727338905821,0
"ENSMUSG00000091045",2.06439326142674,0,0,0,0,0,0,0,0.94628826483007,0,4.57609878863449
"ENSMUSG00000091049",0,0,0,0,0,0,0,0,0,0,0
"ENSMUSG00000091055",0,4.38122370381463,8.74865335800204,3.22613577240225,3.21541433775382,6.50192412040278,12.1570749164999,6.85107723439595,2.84248716472047,4.66471419565203,3.4541708394115
"ENSMUSG00000091059",0,0,0,0,0,0,0,0,0,0,0
"ENSMUSG00000091060",0,0,0,0,0,0,0,0,0,0.936366945291052,0
"ENSMUSG00000091076",0,0,0,0,0,0,0,0,0,0,0
"ENSMUSG00000091077",0,0,0,0,0,0,0,0,0,0,0
"ENSMUSG00000091080",0,0,0,0,0,0,0,0,0,0,0
"ENSMUSG00000091091",0,0,0,0,0,0,0,0,0,0,0
"ENSMUSG00000091096",0,0,0,0,0,0,0,0,0,0,0
"ENSMUSG00000091101",0,0,0,0,0,0,0,0,0,0,0
"ENSMUSG00000091109",0,0,0,0,0,0,0,0,0,0,0
"ENSMUSG00000091110",0,0,0,0,0,0,0,0,0,0,0
"ENSMUSG00000091114",0,0,0,2.1791567002766,0,0,0,0,0,0,0
"ENSMUSG00000091119",0,0.857291319207819,0,0,0.836249313473727,1.83656777978915,0,0.75353534234373,0,0,1.6611360243575
"ENSMUSG00000091122",0,0,0,0,0,0,0,0,0,0,0
"ENSMUSG00000091129",0,0,0,0,0,0,0,0,0,0,0
"ENSMUSG00000091131",0,0,0,0,0,0,0,0,0,0,0
"ENSMUSG00000091140",0,0,0,0,0,0,0,0,0,0,0
"ENSMUSG00000091142",0,0,0,0,0,0,0,0,0,0,0
"ENSMUSG00000091144",40.7202726700197,44.8997216256798,36.2638072089184,46.515788083816,21.8636603401876,40.0439406508401,28.4169654644108,24.3253742744098,31.3914336983844,19.3048713268761,43.2335630955851
"ENSMUSG00000091148",116.810403928718,0,66.5762466874032,116.356603107833,0,0,42.2596949366624,0,97.9118685790142,71.5331934387351,72.9695301438462
"ENSMUSG00000091151",0,0,0,0,0,0,0,0,0,0,0
"ENSMUSG00000091155",0,0,0,0,0,0,0,0,0,0,0
"ENSMUSG00000091159",0,0,0,0,0,0,0,0,0,0,0
"ENSMUSG00000091174",0,0,0,0,0,0,1.0244779114794,0,0,0,0
"ENSMUSG00000091175",0,0,0,0,0,0,0,0,0,0,0
"ENSMUSG00000091183",3.44981745225554,7.84338691782004,4.55831360140273,4.37113330681929,3.13221009838892,1.26984150721127,2.03388266297037,6.80594989935635,6.52087077772598,4.66142588215951,0
"ENSMUSG00000091185",0,0,0,0,0,0,0,0,0,0,0
"ENSMUSG00000091195",0,0,0,0,0,0,0,0,0,0,0
"ENSMUSG00000091204",0,0,0,0,0,0,0,0,0,0,0
"ENSMUSG00000091205",0,0,0,0,0,0,0,0,0,0,0
"ENSMUSG00000091206",0,0,0,0,0,0,0,0,0,0,0
"ENSMUSG00000091212",0,0,0,0,0,0,0,0,0,0,0
"ENSMUSG00000091215",1.31999958154924,0,0,0,2.19726231582367,0,0,0,0,0,0
"ENSMUSG00000091227",0,0,0,0,0,0,0,0,0,0,0
"ENSMUSG00000091228",765.222661765344,1122.74460160382,918.420495794128,966.842469918077,731.285794264821,1029.6017840233,899.64569562769,1072.5455237884,805.54876961923,765.141792674133,886.630928942013
"ENSMUSG00000091239",0,0,0,0,0,0,0,0,0,0,0
"ENSMUSG00000091243",17.7101665879137,20.4026581159348,16.7986277548386,18.827944214121,32.7174023939986,14.9583538845704,21.9025569108394,9.07612823942993,18.9970986591408,15.9565431768574,9.47045508567315
"ENSMUSG00000091248",0,0,0,0,0,0,0,0,0,0,0
"ENSMUSG00000091255",0,0,0,1.0895783501383,0,0,0,0,0,0,0
"ENSMUSG00000091259",0,0,0,0,0,0,0,0,0,0,0
"ENSMUSG00000091260",0,0,0,0,0,0,0,0,0,0,0
"ENSMUSG00000091264",11.1379621778764,9.61668108846468,13.4501442296306,14.2914636924748,16.5824699954854,6.3376648174824,5.06493145025251,10.7961973958986,10.2975729578344,12.4635493917581,7.04788697705317
"ENSMUSG00000091275",2.6626011515587,4.25313894525585,3.51168411905152,3.30812582573942,1.06798069907546,2.57371065506123,1.04107293677997,3.90665443859179,2.79466864308141,3.86957446048717,4.63571250453359
"ENSMUSG00000091296",0,0,0,0,0,0,0,0,0,0,0
"ENSMUSG00000091297",0,0,0,0,0,0,0,0,0.92534419769928,0,1.1668522366486
"ENSMUSG00000091306",0,0,0,0,0,0,0,0,0,0,0
"ENSMUSG00000091311",0,5.40530503857504,1.77714444649314,0,0,0,0,0,0,1.87230095730476,0
"ENSMUSG00000091312",0,0,0,0,0,0,0,0,0,0,0
"ENSMUSG00000091318",0,0,0,0,0,0,0,0,0,0,0
"ENSMUSG00000091337",330.59255635688,345.602638767801,325.26092060474,429.033457416593,336.836084112246,307.855857324087,383.899224930448,328.159345856454,309.426621012016,330.693979640729,341.074837575508
"ENSMUSG00000091345",15.8816841504907,8.6504796411128,4.43710103343874,0,3.15887265554417,0,2.0503773873314,0.990615474766323,2.83350039577983,6.56450677607166,1.14079903167886
"ENSMUSG00000091347",0,0,0,0,0,0,0,0,0,0,0
"ENSMUSG00000091350",0,0,0,0,0,0,0,0,0,0,0
"ENSMUSG00000091375",0,0,0,0,0,0,0,0,0,0.936366945291053,0
"ENSMUSG00000091376",0,0,0,0,1.05095675570364,0,0,0,0,0,0
"ENSMUSG00000091381",0,0,0,0,0,0,0,0,0,0,0
"ENSMUSG00000091382",0,0,0,0,0,0,0,0,0,0,0
"ENSMUSG00000091387",0,0,0,0,2.12076251365147,1.27846534333172,1.03612417853133,0.985482747953975,4.68513699307005,0,0
"ENSMUSG00000091400",0,1.06162602581967,0,0,0,0,1.04282822827127,0,0,0,0
"ENSMUSG00000091402",0,0,0,0,0,0,0,0,0,0,0
"ENSMUSG00000091405",6.14256054784265,4.33663973604872,2.68809943626924,2.21374905788184,0,5.10273609444125,7.24944452707042,0.974949186037406,0.933190151876124,6.36685116374416,5.92971480483672
"ENSMUSG00000091407",0,0,0,0,0,0,0,0,0,0,0
"ENSMUSG00000091411",0,0,0,0,0,0,0,0,0,0,0
"ENSMUSG00000091415",0.685296103660968,0,0.890230701929866,0,1.0530946331002,1.28584647696749,0,0.984899681054884,0.936829277653665,0.951437821504139,1.1431072706162
"ENSMUSG00000091418",0,0,1.76055505952447,0,2.08985933373774,0,0,0,0,1.90158187911352,0
"ENSMUSG00000091429",0,0,0,0,0,0,0,0,0,0,0
"ENSMUSG00000091435",0,0,0,0,0,0,0,0,0,0,0
"ENSMUSG00000091441",0,0,0,0,0,0,0,0,0,0,0
"ENSMUSG00000091450",0,0,0,0,0,0,0,0,0,0,0
"ENSMUSG00000091455",0.689939267648386,0,0,0,0,0,0,0,0,0,0
"ENSMUSG00000091468",0,0,0,0,0,0,0,0,0,0,0
"ENSMUSG00000091471",0.689939267648385,0,0,0,0,0,0,0,0,0,0
"ENSMUSG00000091472",8.49478213828408,0,1.79535583042422,9.68981326937433,6.250307284763,3.83582840239959,6.07390902457754,9.05232899035786,9.62425655141926,9.19541573553549,30.4267903809773
"ENSMUSG00000091474",184.102387469557,179.842327747965,90.712638856077,89.944592164761,64.4155124789063,108.407613445876,103.887113419111,107.357341511557,161.84697671848,151.018329409048,442.924386162811
"ENSMUSG00000091476",11.1086170842645,19.8638811562538,5.6153133591744,24.9549324207969,8.30706730093932,17.1907886614837,4.33275882584842,12.3966410338647,20.4870913619028,17.9380834796449,5.6973094127621
"ENSMUSG00000091477",0,0,1.77742295740989,0,0,0,0,0,0,0,0
"ENSMUSG00000091490",0,0,0,0,0,0,0,0,0,0,0
"ENSMUSG00000091491",0,0,0,0,0,0,0,0,0,0,0
"ENSMUSG00000091494",1.3530243678253,2.17455432839266,3.55872779587724,0,0,2.5568959454742,0,0,2.7765506811649,1.90973744781307,1.16148921139272
"ENSMUSG00000091497",0,0,0,0,0,0,0,0,0,0,0
"ENSMUSG00000091504",0,0,0,0,0,0,0,0,0.94676288413655,0,0
"ENSMUSG00000091511",0,1.08064173486522,0,0,0,0,0,0,0,0,0
"ENSMUSG00000091512",174.735734197398,165.524352741023,192.617207106195,206.626937882356,197.197695913813,180.724188652495,203.185702057301,214.670580101034,247.799422540654,225.026953244847,167.218773400496
"ENSMUSG00000091519",0,0,0,0,0,0,0,0,0,0,0
"ENSMUSG00000091528",0,0,0,0,0,0,0,0,0,0,0
"ENSMUSG00000091530",2.69490054295438,1.06496085015669,3.52480459604232,0,0,3.85317602601133,1.03764876339864,0.983040267901568,0,2.88675910512644,1.15721872222434
"ENSMUSG00000091531",0,0,0,0,0,0,0,0,0,0,0
"ENSMUSG00000091537",320.963085051537,394.163998620721,278.352593672973,301.307587857249,276.720967004936,376.094866179648,311.73701658684,301.055100572481,268.38278626041,288.638237166034,258.857544773087
"ENSMUSG00000091539",0,0,0,0,0,0,0,0,0,0,0
"ENSMUSG00000091541",0,0,0,0,0,0,0,0,0,0,0
"ENSMUSG00000091556",0,0,0,0,0,0,0,0,0,0.936366945291053,0
"ENSMUSG00000091563",13.0156530095468,8.75633053592759,12.1873212233869,0,4.96342971908516,2.93435543942948,0.761057452100532,1.10951736812407,7.40791867644779,6.62021360046366,10.4357377461081
"ENSMUSG00000091568",16.1155082126869,15.742714811218,23.6875661492529,27.2898614780996,9.96081869541609,16.7302108347808,5.17928689436731,14.6598897456704,30.8761476690647,13.346160041762,20.1168806095816
"ENSMUSG00000091569",0,0,0,0,0,0,0,0,0,0,0
"ENSMUSG00000091572",0,0,0,0,0,0,0,0,0,0,0
"ENSMUSG00000091584",0,0,0,0,0,0,0,0,0,0,0
"ENSMUSG00000091585",0,0,0,0,0,0,0,0,0,0,0
"ENSMUSG00000091586",168.628829081449,266.048233256958,219.695994103047,230.188038410525,242.158247189183,312.609040880229,200.527593404904,310.413018901931,289.972721248526,324.048262321375,256.124624909787
"ENSMUSG00000091594",0,1.08064173486522,0,0,0,0,0,0,0,0,0
"ENSMUSG00000091601",0,0,0,0,0,0,0,0,0,0,0
"ENSMUSG00000091604",2.75903851956378,5.40180185442942,4.44240043562618,1.10715194885247,3.31232305856592,8.97104929520142,8.19368936587163,6.8361762645991,1.86298461673627,2.6787523863772,6.95309173275736
"ENSMUSG00000091614",0,0,0,0,0,0,0,0,0,0,0
"ENSMUSG00000091617",0,9.57984154902219,10.5718543213175,0,0,0,0,0,0,0,2.33595636588378
"ENSMUSG00000091618",0,0,0,0,0,0,0,0,0,0,0
"ENSMUSG00000091620",0,0,0,0,0,0,0,0,0,0,0
"ENSMUSG00000091624",0.680650122853618,2.2008905178952,0,2.18895532295261,2.08837357214969,0,1.03123787046305,0,4.64247650665449,0.942444913167916,1.14480561071941
"ENSMUSG00000091625",31.3685228095879,19.2820145293987,36.1195899092179,25.9219621088145,26.5033100810492,36.8514394425786,23.3576205872154,16.4174748085581,37.7663796821385,29.8683331204927,12.6748059995478
"ENSMUSG00000091631",0,0,0,0,0,0,0,0,0,0,0
"ENSMUSG00000091635",0,0,0,0,0,0,0,0,0,0,0
"ENSMUSG00000091636",0,0,0,0,0,0,0,0,0,0,0
"ENSMUSG00000091638",0,0,0,0,0,0,0,0,0,0,0
"ENSMUSG00000091648",53.9863184560102,62.5329147978053,79.0513265012397,96.6290581950944,62.0669391779544,111.072093057891,93.2065352472679,103.092513696792,49.3141101968449,91.2868854585251,53.6142056269742
"ENSMUSG00000091649",49.086049309172,56.1509449947181,28.318438232494,31.0821600192086,35.2214369858083,57.0154890751047,18.9926408585679,17.4718148289868,31.2805052263557,25.1820344236368,15.9288088113064
"ENSMUSG00000091650",0.688923639882316,2.14243659203101,0,0,0,1.27959361795268,0,0,0,0.947710807531784,0
"ENSMUSG00000091651",0,0,0,0,0,0,0,0,0,0,0
"ENSMUSG00000091652",0,0,0,0,0,0,0,0,0,0,0
"ENSMUSG00000091656",0,0,0,0,0,0,0,0,0,0,0
"ENSMUSG00000091657",0,0,0,0,0,0,0,0,0,0,0
"ENSMUSG00000091662",0,0,0,0,0,0,0,0,0,0,0
"ENSMUSG00000091670",0,0,0,0,0,0,0,0,0,0,0
"ENSMUSG00000091676",0,0,0,0,0,0,0,0,0,0,0
"ENSMUSG00000091679",0,0,0,0,0,0,0,0,0,0,0
"ENSMUSG00000091680",0,0.657881450912586,0,0,1.4789374825101,0,1.42400242838142,0,1.30982859506939,0,0.692254353887914
"ENSMUSG00000091682",0,1.05546525995029,0,0,0,0,0,0,0,1.91740503193336,0
"ENSMUSG00000091685",0,0,0,0,0,0,0,0,0,0,0
"ENSMUSG00000091692",0,0,0,0,0,0,0,0,0,0,0
"ENSMUSG00000091694",1.37625252073556,7.50827972886832,0,0,0,0,1.02821472169099,0.990356231296103,0,0,1.1504414331004
"ENSMUSG00000091698",0,0,0,0,0,0,0,0,0,0,0
"ENSMUSG00000091705",274.794458807606,344.213716888936,242.242255286803,219.194691793711,251.031989029059,312.750455312212,303.181695550773,196.360572348865,378.371874041904,266.621491971796,285.559310154672
"ENSMUSG00000091712",11.7712500287132,5.41707522054675,2.65953027665059,4.34706704383572,6.35665040291756,9.00536255561259,2.04806038995524,3.92828647386767,0,1.87231032051182,1.13890165142555
"ENSMUSG00000091718",0,0,0,0,0,0,0,0,0,0,0
"ENSMUSG00000091721",0,0,0,0,0,0,0,0,0,0,0
"ENSMUSG00000091722",0,3.22735231849585,0,0,0,1.28770062504121,0,0,0,0,0
"ENSMUSG00000091725",0,0,0,0,0,0,0,0,0,0,0
"ENSMUSG00000091731",0,0,0,0,0,0,0,0,0,0,0
"ENSMUSG00000091733",0,0,0,0,0,0,0,0,0,0,0
"ENSMUSG00000091734",0,0,0,0,0,0,0,0,0,0,0
"ENSMUSG00000091735",1.34996268412749,0,0,0,1.06609364797609,1.30495387908493,1.0127907429593,0,1.89594534029634,0,0
"ENSMUSG00000091740",0,0,0,0,0,0,0,0,0,0,0
"ENSMUSG00000091754",1.60355922900851,11.2987057777071,1.10720069245568,0,0,0,0,0,0,0,4.40734595709174
"ENSMUSG00000091756",5.94646217243889,10.6100607743974,8.76992519712492,5.54493459695329,11.76645097849,5.16490457345703,5.24107444026159,4.87285291540538,9.24888699576846,7.74603647379271,16.2507698311279
"ENSMUSG00000091764",12.9090126900687,9.89101340038404,11.5309885402361,9.8483989456182,13.6176612504385,5.1353821192612,12.4210287580017,13.6744331043168,13.9145408897504,8.53756103026202,8.07263882795663
"ENSMUSG00000091768",0,0,0,0,0,0,0,0,0,0,0
"ENSMUSG00000091771",0,0,0,0,0,0,0,0,0,0,0
"ENSMUSG00000091779",0,0,0,0,0,0,0,0,0,0,0
"ENSMUSG00000091780",100.424604443539,134.980182109607,165.169177798377,222.475841948941,145.328548892537,123.247391752189,181.464230752104,162.531060098893,119.897137948617,171.321501367314,139.273945708583
"ENSMUSG00000091792",0,0,0,0,0,0,0,0,0,0,0
"ENSMUSG00000091794",0,0,0.888711478704945,0,0,0,0,0,0,0,0
"ENSMUSG00000091803",90.6511008656071,109.353578201972,135.292039367689,102.475860103238,139.118627237543,111.399667888551,160.205248596551,92.8593422145873,107.46278007363,95.4328450325983,95.7153946810198
"ENSMUSG00000091805",0,0,0,0,0,0,0,0,0,0,0
"ENSMUSG00000091809",0,0,0,0,0,0,0,0,0,0,0
"ENSMUSG00000091811",28.0902414887538,32.0661621111532,47.4677386299072,56.4760298378465,54.4042826785092,46.4761479105253,59.8984680216279,47.6822581934813,37.7209172623992,54.2445920727391,36.2641831200278
"ENSMUSG00000091813",0,0,0,0,0,0,0,0,0,0,0
"ENSMUSG00000091814",0,0,0,0,0,0,0,0,0,0,1.14045445258444
"ENSMUSG00000091827",0,0,0,0,0,0,0,0,0,0,0
"ENSMUSG00000091831",24.3061507294523,19.3797115348207,21.2503016054423,17.3688680132271,31.5797909302071,19.1576670013292,26.5380503752916,19.7788130551296,29.2412534365578,17.0687739190204,14.7711519078565
"ENSMUSG00000091844",63.853676773148,57.2758953453677,54.8929709630015,89.13658719894,22.8431999674535,48.5576013472151,67.3598079688302,69.2687834931593,54.5782147150811,50.1615421850832,97.2698835727089
"ENSMUSG00000091859",0,0,0,0,0,0,0,0,0,0,0
"ENSMUSG00000091863",0,0,0,0,0,0,0,0,0,0,0
"ENSMUSG00000091867",0,0,0,0,0,0,0,0,0,0,0
"ENSMUSG00000091873",0,0,0,0,0,0,0,0,0,0,0
"ENSMUSG00000091874",0,0,0,0,0,0,0,0,0,0,0
"ENSMUSG00000091879",0,0,0,0,0,0,0,0,0,0,0
"ENSMUSG00000091882",1.35355116983205,0,1.77237672131619,0,0,0,0,0.989788525877635,0.940959194904604,0,2.32840283717439
"ENSMUSG00000091888",0,0,0,0,0,0,0,0,0,0,0
"ENSMUSG00000091896",507.929189606031,465.106361254838,548.182447486454,592.508640654575,630.137936340459,472.893060015294,547.69307000741,580.724384531131,531.592469370465,630.769464956845,574.259264993127
"ENSMUSG00000091897",0,0,0,0,0,0,0,0,0,0,0
"ENSMUSG00000091898",13.0820189998704,1.68105492061787,12.5483847728884,5.27682209606605,5.98167351115075,11.0167456966534,5.8008395117431,2.00301745518528,4.06940632306457,1.53402883415915,0
"ENSMUSG00000091903",0,0,0,0,0,0,0,0,0,0,0
"ENSMUSG00000091923",0,0,0,1.0895783501383,0,0,0,0,0,0,0
"ENSMUSG00000091924",0,0,0,0,0,0,0,0,0,0,0
"ENSMUSG00000091926",0,0,0,0,0,0,0,0,0,0,0
"ENSMUSG00000091930",0.685286342372419,1.10832086719065,0,2.18259451936466,0,0,1.02251162959273,1.94944916631351,0,0,0
"ENSMUSG00000091931",31.454419817176,37.9622189826804,20.2853594936536,33.7379447744855,28.6471344216738,19.0251690233725,39.0638852461611,23.0648204703053,45.4054089110407,18.6643239407414,24.4360868317545
"ENSMUSG00000091933",0,0,0,0,0,0,0,0,0,0,0
"ENSMUSG00000091937",0,0,0,0,0,0,0,0,0,0,0
"ENSMUSG00000091945",0,0,0,0,0,0,0,0,0,0,0
"ENSMUSG00000091950",0,0,0,0,0,0,0,0,0,0,0
"ENSMUSG00000091955",0,0,0,0,0,0,0,0,0,0,0
"ENSMUSG00000091956",1055.62530874753,1225.37207463199,1624.90306527142,117.086707114298,1733.7661753988,1253.74161778354,1778.9476532374,662.179846727156,88.9766338096944,483.408172631196,273.393769898582
"ENSMUSG00000091962",0,0,0,0,0,0,0,0,0,0,0
"ENSMUSG00000091967",0,0,0,0,0,0,0,0,0,0,0
"ENSMUSG00000091971",491.275163866614,2578.58290958755,1831.04429415952,349.24331125909,331.979471403364,314.030860375253,390.536520656227,320.619140817819,391.635158074127,969.415106248679,505.770181408408
"ENSMUSG00000091972",0,0,0,0,0,0,0,0,0,0,0
"ENSMUSG00000091983",0,0,0,0,0,0,0,0,0,0,0
"ENSMUSG00000091996",0,0,0,1.11301282359429,0,0,0,0,0,0.916651748970472,0
"ENSMUSG00000092004",0,0,0,0,0,0,0,0,0,0,0
"ENSMUSG00000092008",0,0,0,0,0,0,0,0,0,0,0
"ENSMUSG00000092009",0,1.08043533389609,0,0,0,0,0,0,0,1.87309164830977,0
"ENSMUSG00000092019",0,0,0,0,0,0,0,0,0,0,0
"ENSMUSG00000092021",12.5461984726899,5.19743292958075,6.8241755911451,5.26403153497246,4.05082818305564,8.62197700146555,5.95213636489367,4.35940814645435,5.41983764770477,12.7274140237865,4.39446643616198
"ENSMUSG00000092032",0,0,0,0,0,0,0,0,0,0,0
"ENSMUSG00000092035",7.83850964503253,0,6.36600711650077,0,2.29459960683394,0,2.43804943724731,1.07585064871032,12.5238173309062,2.04445116298869,2.72942513624994
"ENSMUSG00000092036",0,0,0,0,0,0,0,0,0.960041878652156,0,3.37404014584585
"ENSMUSG00000092043",0,0,0,0,0,0,0,0,0,0,0
"ENSMUSG00000092047",0,0,0,0,0,0,0,0,0,0,0
"ENSMUSG00000092048",0,0,0,0,0,0,0,0,0,0,0
"ENSMUSG00000092049",0,0,0,0,0,0,0,0,0,0,0
"ENSMUSG00000092060",0,2.91844826333417,1.12007574119525,1.97911154677539,3.78838995330329,2.32657483580292,2.59973587659952,1.24719521197178,1.70247879042223,0.855157273251583,1.03385024155517
"ENSMUSG00000092073",0,0,0,0,0,0,0,0,0,0,0
"ENSMUSG00000092074",9.45351206171767,3.20401532163006,0,0,1.10679647028309,6.35729679681538,3.10755171642349,0.973388260872559,2.77339802191677,8.32530918352044,1.18015757167957
"ENSMUSG00000092077",0,0,0,0,0,0,0,0,0,0,0
"ENSMUSG00000092080",0,0,0,0,0,0,0,0,0,0,0
"ENSMUSG00000092083",0,0,0,0,0,0,0,0,0,0,0
"ENSMUSG00000092094",0,0,0.888711478704945,0,0,0,0,0,0,0,0
"ENSMUSG00000092109",0,0,0,0,0,0,0,0,0,0,0
"ENSMUSG00000092111",0,0,0,0,0,0,0,0,0,0,0
"ENSMUSG00000092116",0,1.07900670392904,0.890058153156302,0,0,0,0,0,0,0,0
"ENSMUSG00000092118",14.394445625692,15.1144508148841,19.2307670711281,15.4082635211673,23.1813904741559,28.4124859234879,19.3471832106165,20.3892171560711,18.8468933755732,11.4713071576386,15.0665419177431
"ENSMUSG00000092120",0,0,0,0,0,0,0,0,0,0,0
"ENSMUSG00000092123",0,0,0,0,0,0,0,0,0,0,0
"ENSMUSG00000092124",0.665678585887897,1.08468462532481,1.78407264165336,0,0,0,0,1.9766991655132,3.74088281178523,0.97936041507993,0
"ENSMUSG00000092142",0,0,0,0,0,0,0,0,0,0,0
"ENSMUSG00000092148",0,0,0,0,0,0,0,0,0,0,0
"ENSMUSG00000092152",0,0,0,0,0,0,0,0,0,0,0
"ENSMUSG00000092157",0,0,0,0,0,0,0,0,0,0,0
"ENSMUSG00000092162",0,0,0,0,0,0,0,0,0,0,0
"ENSMUSG00000092164",5.37024174547415,2.123584318132,2.63697773392079,0,1.06412878615107,0,3.12253909657507,0,0.933318677174843,1.9288987576497,2.30949638165985
"ENSMUSG00000092165",0,0,0,0,0,0,0,0,0,0,0
"ENSMUSG00000092166",0,0,0,0,0,0,0,0,0,0,0
"ENSMUSG00000092167",5.98739646555393,4.23722281676318,0,19.8177428682819,7.43371839579672,7.69296220336007,3.11628332041844,0,13.0362918675755,4.8132703114179,14.9811280558758
"ENSMUSG00000092192",2.78317414325137,2.67525959444125,0,0,1.72162233069585,0,0,1.27588135337156,6.18622145624574,0,2.98810825159582
"ENSMUSG00000092210",0,0,0,0,0,0,0,0,0,0,0
"ENSMUSG00000092212",3.39668173900731,4.29474030327497,13.2376385125785,5.48120778436406,15.8606377739839,2.58860834979923,7.18635152715751,5.92555929591667,3.77257003493012,8.50997257576409,12.5976103430921
"ENSMUSG00000092216",0,3.19861582500964,0,0,0,0,1.03935582022842,0,0,0.935460233492029,0
"ENSMUSG00000092225",0.689939267648385,0,0,0,0,0,0,0,0,0,0
"ENSMUSG00000092232",16.4293537819478,16.0582035554588,15.0373626504662,30.6321525387591,23.3242761473815,14.1074879501191,26.6640017969946,31.5981638907607,25.4262127965472,20.8267317835589,31.0158640033924
"ENSMUSG00000092233",5.2598232680505,1.07002251854532,3.52821704999765,1.10385866184018,4.38392746526899,2.57567851147598,7.31082031066278,2.90151772619002,6.47341786570644,3.77307092430597,9.39073275292726
"ENSMUSG00000092243",0.683381116372082,0,0.887279779193781,0,0,0,1.03597838433651,0,0,0,0
"ENSMUSG00000092244",0,0,0,0,0,0,0,0,0,0,0
"ENSMUSG00000092260",39.5909888641742,42.9410075328676,38.1951089493002,51.263811349214,63.3338594626723,64.0352146381384,41.8480522951932,60.8290008300553,54.9661124819772,42.7593524850518,76.6674543498195
"ENSMUSG00000092277",0,0,0,0,0,0,0,0,0,0,0
"ENSMUSG00000092292",0,0,0,0,0,0,0,0,0,0,0
"ENSMUSG00000092300",4.79870722863373,5.38929246812364,4.41718367783012,4.37015735338006,5.30965981027719,2.58067360426754,2.0584340974096,2.93851258297899,2.81407967664973,8.51838874676739,4.57315963690753
"ENSMUSG00000092305",0,0,0,0,0,0,0,0,0,0,0
"ENSMUSG00000092310",0,0,0,0,0,0,0,0,0.94676288413655,0,0
"ENSMUSG00000092322",0,0,0,0,0,0,0,0,0,0,0
"ENSMUSG00000092329",116.431786414346,83.1817400621516,94.6720412108985,0,112.170378023696,0,0,0,0,102.134842401204,182.22266697493
"ENSMUSG00000092335",8.94923877091443,5.54619132693884,8.97208987949803,3.26008352855908,8.39663703304405,8.92451433493077,10.1288131796439,2.9265742058653,11.1193466571145,5.5871128740465,9.41864227235665
"ENSMUSG00000092342",0,0,0,0,0,0,0,0,0,0,0
"ENSMUSG00000092345",0,0,0,0,0,0,0,0,0,0,0
"ENSMUSG00000092349",0,0,0.892280832667051,1.08521975511002,0,0,0,0,0,0,0
"ENSMUSG00000092356",0,0,0,0,0,0,0,0,0,0,0
"ENSMUSG00000092360",0.68032873757571,5.37182896680346,0.880677701929079,0,1.06265450846798,1.29473678283769,1.03261294213447,0,0,0,0
"ENSMUSG00000092367",0,0,0,0,0,0,0,0,0,0,0
"ENSMUSG00000092372",0,0,0,0,0,0,0,0,0,0,0
"ENSMUSG00000092401",0,0,0,0,0,0,0,0,0,0,0
"ENSMUSG00000092413",0,0,0,0,0,0,0,0,0,0,0
"ENSMUSG00000092416",48.2137167857278,77.2768979446414,42.2046639381656,91.3623193740713,49.665939465616,94.8966638243758,38.9527323734744,111.741620888536,93.8254434811827,70.7717366997732,47.9641082019371
"ENSMUSG00000092417",172.412942619703,227.544993280096,222.543299333612,218.263149621106,192.327003946501,180.837167904429,192.045978733407,216.824652749547,175.976689966087,226.953491584947,195.222394236714
"ENSMUSG00000092456",0,0,0,0,0,0,0,0,0,0,0
"ENSMUSG00000092463",2.05791522630848,0,0.886812765046142,0,0,0,0,2.95593923157784,1.87350732087897,1.90684657836171,1.14945108828644
"ENSMUSG00000092470",0,29.2020234369083,22.125349818585,62.0618745053876,44.4334226519152,38.697076671507,8.19753892377953,23.5887998760616,0,82.5546013219801,38.7358759045691
"ENSMUSG00000092473",0,0,0,0,0,0,0,0,0,0,0
"ENSMUSG00000092511",0,0,0,0,0,0,0,0,0,0,0
"ENSMUSG00000092517",0,2.13488405797844,0,0,0,0,0,0,0,3.79178324536439,0
"ENSMUSG00000092518",0,0,0.888711478704946,0,0,0,0,0,0,0,0
"ENSMUSG00000092519",13.6207569798885,23.645744039266,22.9569292502365,19.7139110935105,24.2933665339374,19.4153722895727,14.3609078074609,26.6848572707743,16.0455773440587,18.8786104385215,8.00829359761935
"ENSMUSG00000092534",38.0976121545864,34.4053217996645,70.7366822541627,40.1101327242793,17.6861139319077,28.0591741505019,51.6624945904631,42.8740199288923,36.2468438674199,19.2808530856044,23.3238947960164
"ENSMUSG00000092541",27.7171541974927,15.5333502272525,15.7802747740295,26.5680604825963,8.41856805692472,26.013812906349,27.3278601081794,9.90636444263157,8.66143401696029,18.2720087149368,10.9730754114532
"ENSMUSG00000092544",11.390722087795,9.82931581563561,6.33607744464982,18.3023978538999,3.29304571632736,35.5121627337836,12.8421405441434,7.59949096177219,9.9751461115674,23.7387650685181,8.34223474114718
"ENSMUSG00000092558",88.4019247188241,88.5836238322591,71.1080288829118,81.5195636113103,62.7804509940078,59.7170334165266,76.6632234745444,81.2432192290544,99.0338709055847,84.4704993825159,92.1267222727209
"ENSMUSG00000092572",2.12864659662075,0,0,0,10.016936672004,0,1.65237562818002,1.03070190531102,1.95764409967408,0,1.20949563132045
"ENSMUSG00000092586",1.50051317814286,0,1.99734929281464,0,3.14875660189235,0,0.762655659218207,0,2.08460171024284,6.43911511492649,1.3265232583983
"ENSMUSG00000092592",0,0,0,0,0,0,0,0,0,0,0
"ENSMUSG00000092607",110.435254776105,132.56248912233,126.903535454725,108.047240539824,115.107654975507,109.604002215271,83.4305202248563,129.108544924306,129.22490708346,117.498521886593,114.39386320886
"ENSMUSG00000092609",1.9467902035316,3.18618880500782,0,0,1.08178377990269,3.85164145539993,0,0,0,1.92935488860844,1.16162091213539
"ENSMUSG00000092618",0.686405110418854,5.36395725126336,3.54346486199231,0,1.05564899299811,1.28375737588066,5.11834368444312,0,6.61885626151336,1.88392489567874,4.5885976983894
"ENSMUSG00000092622",3.90123595635571,7.28156084539583,0.904588321430664,4.13375577131442,1.43962310613721,4.93829810166713,4.87416385165848,8.46788094901415,0,0,10.9438723135152
"ENSMUSG00000093376",0,0,0,0,0,0,0,0,0,0,0
"ENSMUSG00000093445",951.850519226179,1416.60997474838,886.801507829857,917.049741215753,772.879725510312,1431.19132264789,948.851308407038,1136.20327868252,1095.1401826021,1035.24386418109,1269.71936225131
"ENSMUSG00000093456",0,0,0,0,0,0,0,0,0,0,0
"ENSMUSG00000093485",7.26207971150052,12.8133655927332,5.27203927040091,12.1097403890675,4.33774727807048,10.323068143437,3.14353409191005,8.69334589747215,6.46249262411826,4.81821809858272,10.4746561315054
"ENSMUSG00000093533",0,0,0,0,0,0,0,0,0,0,0
"ENSMUSG00000093536",0,0,0,0,0,0,0,0,0,0,0
"ENSMUSG00000093550",0,0,0,0,0,0,0,0,0,0,0
"ENSMUSG00000093574",0,0,0,0,10.5095675570363,0,0,0,0,0,0
"ENSMUSG00000093575",8.72633957836501,2.14499558230279,5.28147220001881,12.15743435111,7.43902376505552,12.8101130410738,5.23681572077333,4.87337561008121,7.40867006715393,4.82239707878029,14.9531925511062
"ENSMUSG00000093593",0,148.845340543541,123.739692693868,109.121008910808,123.91800963171,179.383063051812,110.841239224758,116.905869686086,188.063284440354,107.354622375663,131.301399601868
"ENSMUSG00000093626",0,0,0,0,0,0,0,0,0,0,0
"ENSMUSG00000093661",57.7990592728851,41.3515047856147,32.5375104890154,28.6320384058372,50.0523486042123,27.0179370871708,38.223244528526,27.5462814445138,34.6109209030076,46.1070685699777,18.5302578782665
"ENSMUSG00000093668",2.02697525273902,1.07095110681281,0.88024066232038,1.09723192910951,2.11186541053225,2.59159398136488,1.02673292418828,0,0,1.89352237910456,1.14475821779646
"ENSMUSG00000093674",0,0,0,0,0,0,0,0,0,0,0
"ENSMUSG00000093696",0,0,0,0,0,0,0,0,0,0,0
"ENSMUSG00000093701",0,0,0,0,0,0,0,0,0.94676288413655,0,0
"ENSMUSG00000093755",0,0,0,0,1.05095675570364,0,0,0,0,0,0
"ENSMUSG00000093769",178.22511294889,122.348373737769,94.013842390054,51.9445424151385,79.9520698146739,168.876511912642,161.771511331808,112.381190332447,136.44456446002,141.113529487155,96.4325792999901
"ENSMUSG00000093789",0,0,0,0,0,0,0,0,0,0,0
"ENSMUSG00000093803",148.062707974687,163.528699277086,156.281519897186,162.242798059806,133.150971376647,182.390548784777,166.492150152909,168.030234375816,97.8930723998473,199.037206124368,123.877889252953
"ENSMUSG00000093804",0,0,0,0,0,0,0,0,0,0,0
"ENSMUSG00000093805",0,2.14859954121023,0,0,0,3.83583590017041,0,0,0,0.944325803080145,0
"ENSMUSG00000093806",0,0,0,1.09120227467722,0,1.30992335375023,1.01316830995326,0.980762328980407,0,0,0
"ENSMUSG00000093813",0.670212591777224,2.20669504524922,0,0,0,3.87745923857084,0,0,0,0,0
"ENSMUSG00000093818",0,0,0,0,0,0,0,0,0,0,0
"ENSMUSG00000093820",0,0,0,0,0,0,0,0,0,0,0
"ENSMUSG00000093825",0,0,0,0,0,0,0,0,0,0,0
"ENSMUSG00000093828",0,0,0,0,0,0,2.0489558229588,0,0,0,0
"ENSMUSG00000093833",0,0,0,0,0,0,0,0,0,0,0
"ENSMUSG00000093838",140.979927724152,165.219319544703,71.466774347254,137.327554964344,402.694442417691,161.792172496028,44.7763400436064,389.650039897774,89.934848993241,224.037897842301,82.1210920846768
"ENSMUSG00000093839",0,0,0,0,0,0,0,0,0,0,0
"ENSMUSG00000093847",0,0,0,0,0,0,0,0,0,0,0
"ENSMUSG00000093848",0,0,0,0,0,0,0,0,0,0,0
"ENSMUSG00000093853",0,0,0,0,0,0,0,0,0,0,0
"ENSMUSG00000093861",679.663672214548,1691.27777717701,621.792050604259,519.659035596706,1430.82876369303,969.228874540519,305.83073268959,690.360917225453,454.679860679552,488.346093091723,74.3390618111887
"ENSMUSG00000093863",0,0,0,0,0,0,0,0,0,0,0
"ENSMUSG00000093865",3.97906481899089,0,0,8.40457967564124,4.05980608756603,0,0,3.82405849777515,0.911330555927231,5.84062633959622,7.71194033214943
"ENSMUSG00000093866",0,0,0,0,0,0,0,0,0,0,0
"ENSMUSG00000093868",0,0,0,0,0,0,0,0,0,0,0
"ENSMUSG00000093877",0,0,0,0,0,0,0,0,0,0,0
"ENSMUSG00000093883",0,0,0,0,0,0,0,0,0,0,0
"ENSMUSG00000093884",0,0,0,0,0,0,0,0,0,0,0
"ENSMUSG00000093887",0,0,0,0,0,0,0,0,0,0,0
"ENSMUSG00000093890",0,0,0,0,0,0,0,0,0,0,0
"ENSMUSG00000093894",198.860515233367,247.233310228675,129.44095528393,348.32129953802,226.513833181396,225.075915749347,102.542972845182,134.513479319168,64.6119885005487,131.711365094476,19.8017738246451
"ENSMUSG00000093895",0,0,0,0,0,0,0,0,0,0,0
"ENSMUSG00000093896",96.5654687483674,441.626797054195,199.916246982368,39.2794425206197,74.7784888751338,153.397157082662,32.6939411942717,19.1544410511219,24.555692543904,49.7621911381986,55.6298727095321
"ENSMUSG00000093898",14.2273845898921,0,10.5408464040206,15.4313359274998,0,14.1227012528854,11.438580257619,11.7731277986886,36.3762305116491,16.3779923540416,0
"ENSMUSG00000093901",0,0,0,0,0,0,0,0,0,0,0
"ENSMUSG00000093903",0,0,0,0,0,0,0,0,0,0,0
"ENSMUSG00000093904",410.252769030591,469.746490343111,454.189617485743,484.859390188873,460.149124326472,394.308210291075,545.66041328288,491.931205833356,545.476381600292,439.338680595674,465.682022189467
"ENSMUSG00000093906",0,5.35230772116456,1.78091642255767,0,2.20754088446353,0,0,1.94441587430382,0.927306327949394,0,0
"ENSMUSG00000093910",3.94746201384521,1.03564954201377,1.90599002209055,1.1705589778898,4.55179464743301,1.23410727768116,3.93002329115126,4.25405105547239,1.81582922572715,1.80293344313372,5.47719777467276
"ENSMUSG00000093918",0,0,0,0,0,0,0,0,0,0,0
"ENSMUSG00000093920",0,0,0,0,0,0,0,0,0,0,0
"ENSMUSG00000093922",0,0,0,0,0,0,0,0,0,0,0
"ENSMUSG00000093923",0,0,0,0,0,0,0,0,0,0,0
"ENSMUSG00000093927",0,0,0,0,0,0,0,0,0,0,0
"ENSMUSG00000093930",939.966506993659,1117.33994643561,631.845188538576,477.73603062101,941.049896624534,789.024883399424,957.511987377196,672.083993177505,717.631926774533,590.58354988136,1415.9676170589
"ENSMUSG00000093934",0,0,0,0,0,0,0,0,0,0,0
"ENSMUSG00000093941",0,0,0,0,0,0,0,0,0,0,0
"ENSMUSG00000093942",0,0,0,0,0,0,0,0,0,0,0
"ENSMUSG00000093945",0,0,0,0,0,0,0,0,0,0,0
"ENSMUSG00000093948",0,0,0,0,0,0,0,0,0,0,0
"ENSMUSG00000093950",0,0,0,0,0,0,0,0,0,0,0
"ENSMUSG00000093953",0,1.07590673723014,0,0,0,0,0,0,2.76051388476185,0,1.17857601089046
"ENSMUSG00000093954",8.09646744345547,2.03526713015213,1.67381027483388,0.96259018870528,0.971014467214926,1.11309961940366,1.80954651938678,0,5.4981140811069,2.42897932796883,5.11368291321691
"ENSMUSG00000093955",116.385647134423,143.684335380189,62.0082024125,48.6320637069428,83.7029979892738,38.091977621382,13.4698887817221,52.5222186266677,31.3803694887794,63.2917256022971,5.89105523829764
"ENSMUSG00000093957",0,0,0,0,0,0,0,0,0,0,0
"ENSMUSG00000093962",0,0,0,0,0,0,0,2.96331805370835,0,1.88189860631133,0
"ENSMUSG00000093966",0,1.08064173486522,0,0,0,0,0,0,0,0,0
"ENSMUSG00000093968",0,0,0,0,0,0,0,0,0,0,0
"ENSMUSG00000093973",0,0,0,0,0,0,0,0.992606609936369,0,0,0
"ENSMUSG00000093979",13.3722760017958,10.8469187015473,25.7044539479666,7.58272305407229,5.22424504809291,31.5609760450541,13.2829808430441,21.849160208093,34.2112051840646,21.756621650362,31.7471442733191
"ENSMUSG00000093980",0,0,0,0,0,0,0,0,0,0,0
"ENSMUSG00000093985",1.37987853529677,0,0,0,0,0,0,0,0,0,0
"ENSMUSG00000093986",0,0,0,0,0,0,0,0,0,0,0
"ENSMUSG00000093989",282.515008859863,378.568066365726,408.250014755194,418.351827284997,404.344716175259,319.62389039973,306.594856941084,321.229210301656,322.524384619392,293.043869610525,288.990917259772
"ENSMUSG00000093993",0,0,0,0,0,0,0,0,0,0,0
"ENSMUSG00000094001",0,0,0,0,0,0,0,0,0,0,0
"ENSMUSG00000094006",454.240866942434,540.37064264441,316.587825241022,263.815710732639,255.952762549787,351.120617174203,111.969775933098,232.095099912446,139.355884160027,92.1717954083584,43.5442287101288
"ENSMUSG00000094010",0,0,0,0,0,0,0,0,0,0,0
"ENSMUSG00000094011",0,0,0,0,0,0,0,0,0,0,0
"ENSMUSG00000094012",0,0,0,0,0,0,0,0,0,0,0
"ENSMUSG00000094016",0,0,0,0,0,0,0,0,0,0,0
"ENSMUSG00000094018",0,0,0,0,0,0,0,0,0,0,0
"ENSMUSG00000094021",0,0,0,0,0,0,0,0,0,0,0
"ENSMUSG00000094023",0,0,0,0,0,1.28989930843593,0,0,0,1.86113790360411,0
"ENSMUSG00000094024",0,0,0,0,0,0,0,0,0,0,0
"ENSMUSG00000094025",0,1.07740142251878,0.891384301217226,0,0,0,0,0,0,0,0
"ENSMUSG00000094027",0,0,0,0,0,0,2.0489558229588,0,0,0,0
"ENSMUSG00000094028",0,0,0,0,0,0,0,0,0,0,0
"ENSMUSG00000094029",5.96394438831191,2.14824346626388,7.06679583408732,4.43516099803075,0,3.86750462716837,1.04254193279462,0.975277329972441,0,0,3.52363833720169
"ENSMUSG00000094030",258.138436985728,358.621799554781,329.693811902136,342.957249290026,258.307474421767,406.550788376344,317.696642393963,348.584890752567,341.251052495391,315.640389778904,354.016163056738
"ENSMUSG00000094035",0,0,0,0,0,0,0,0,0,0,0
"ENSMUSG00000094036",0,0,0,0,0,0,0,0,0,0,0
"ENSMUSG00000094051",52.3045128945047,24.7122567545438,22.352107440151,22.3058204910116,0,2.56192350740401,34.5276309045181,10.7927098573641,2.79309614621463,0,0
"ENSMUSG00000094052",0,0,0,0,0,0,0,0,0,0,0
"ENSMUSG00000094053",0,0,0,0,0,0,0,0,0,0,0
"ENSMUSG00000094057",0,0,0,0,0,0,0,0,0,0,0
"ENSMUSG00000094063",0,0,0,0,0,0,0,0,0,0,0
"ENSMUSG00000094075",175.582528500364,228.051415469554,151.605502421589,102.381979416926,90.1657005867692,141.951287773736,55.4569138856597,78.3855526967814,95.0719259365217,20.5507094473651,12.8129124747704
"ENSMUSG00000094080",0,0,0,0,0,0,0,0,0,0,0
"ENSMUSG00000094083",0,0,0,0,0,0,0,0,0.94676288413655,0,0
"ENSMUSG00000094084",0,0,0,0,0,0,0,0,0,0,0
"ENSMUSG00000094085",0,0,0,0,0,0,0,0,0,0,0
"ENSMUSG00000094087",44.6920737162359,74.8161525337227,7.9925351851514,5.57964392921388,4.41129226287738,16.6739326153303,1.04420785030074,9.70575530040955,8.3317438248528,5.61088699474316,0
"ENSMUSG00000094088",217.517038761354,363.267548609332,199.80543202488,87.5151518901887,88.1558083855742,176.408809624088,37.3086227031487,98.2695751037129,66.5524968030693,22.2915331986494,5.88979233591839
"ENSMUSG00000094091",0,0,0,0,0,0,0,0,0,0,0
"ENSMUSG00000094094",12.6698525440089,19.4715849615864,46.2605930394546,0,4.41856450341277,7.69939511250034,9.45491447851004,1.94104255146122,2.77709269592361,36.5559221662377,0
"ENSMUSG00000094098",0,0,0,0,0,0,0,0,0,0,0
"ENSMUSG00000094102",13.4505286401053,29.8310501744191,39.8831059979353,2.212888245175,1.10361942058399,31.8263187081103,0,4.86967566512954,2.77348236093908,0.930312279301996,1.18043727347402
"ENSMUSG00000094103",533.110742358725,560.602783102208,592.559072822558,638.455110048394,573.353561507654,550.678509950096,571.136810917629,604.810650076268,572.23246474967,597.288259535884,524.817927139997
"ENSMUSG00000094105",0,0,0,0,0,1.26611812076994,0,0,0,0,0
"ENSMUSG00000094112",0,0,0,0,0,0,0,0,0,0,0
"ENSMUSG00000094113",0,0,0,0,0,0,0,0,0,0,0
"ENSMUSG00000094116",0,0,0,0,0,0,0,0,0,0,0
"ENSMUSG00000094117",124.811763979219,244.67327403619,70.2942969209806,157.074473611049,83.5623595218709,294.750348851571,31.4233070363428,49.5074113971374,62.0353028235039,53.3567204167863,9.32815958202548
"ENSMUSG00000094119",0,0,0,0,0,0,0,0,0,0,0
"ENSMUSG00000094120",0,0,0,0,0,0,0,0,0,0,0
"ENSMUSG00000094124",76.4848135512948,121.485333474435,32.8035297637356,12.2413236259368,8.79665371578236,102.307234431521,18.834423583809,47.4184207671888,22.1526817716167,28.9578178576508,10.4832920248121
"ENSMUSG00000094125",0,0,0,0,0,0,0,0,0,0,0
"ENSMUSG00000094127",0,0,0.886321134887077,1.11231658424757,0,0,0,0,0.929910091879198,0,0
"ENSMUSG00000094132",62.0622932074191,36.8772491378401,79.9741765452624,62.5362206318185,70.7475096626536,42.251714513134,55.9529149019306,35.5483873888521,54.8258489378507,42.1243491949323,53.3839049796138
"ENSMUSG00000094133",0,0,0,0,0,0,0,0,0,0,0
"ENSMUSG00000094134",10.7571270365879,16.1205947424636,8.92169107940919,8.94416452716504,0,3.93499639201021,0,9.82925543382487,3.73470037463729,3.75484515532727,0
"ENSMUSG00000094140",0,0,0,0,1.05095675570363,0,0,0,0,0,0
"ENSMUSG00000094145",0,0,0,0,0,0,0,0,0,0,0
"ENSMUSG00000094146",0,0,0,0,0,0,0,0,0,0,0
"ENSMUSG00000094151",0,0,0,0,0,0,0,0,0,0,0
"ENSMUSG00000094152",0,0,2.66613443611484,0,0,0,0,0,0,0,0
"ENSMUSG00000094156",0,0,0,0,0,0,0,0,0,0,0
"ENSMUSG00000094157",0,0,0,0,0,0,0,0,0,0,0
"ENSMUSG00000094163",0,0,0,0,0,0,0,0,0,0,0
"ENSMUSG00000094164",5.33545016842344,24.7064744319868,26.5883372280277,39.0237285164431,4.42194971265283,53.9370571263983,4.17207790155935,8.74138341926012,156.562744637672,130.146311197796,0
"ENSMUSG00000094168",0,0,0,0,0,0,0,0,0,0,0
"ENSMUSG00000094172",0,0,0,0,0,0,0,0,0,0,0
"ENSMUSG00000094174",0,0,0,0,0,0,0,0,0,0,0
"ENSMUSG00000094182",0,0,0,0,0,0,0,0,0,0,0
"ENSMUSG00000094186",0,0,0,0,0,0,0,0,0,0,0
"ENSMUSG00000094187",0,0,0,0,0,0,0,0,0,0,0
"ENSMUSG00000094192",0,0,0,0,0,0,0,0,0,0,0
"ENSMUSG00000094194",26.6145456409016,57.5550631756664,41.6706338016162,24.4767037502358,34.0689821577676,40.9241559329647,106.702490511181,45.4962629519692,22.1591537161843,39.2343826266287,6.98716470700551
"ENSMUSG00000094195",0,0,0,0,0,0,0,0,0,0,0
"ENSMUSG00000094196",0,0,0,0,0,0,0,0,0,0,0
"ENSMUSG00000094197",0,0,0,0,0,0,0,0,0,0,0
"ENSMUSG00000094198",311.259936887009,108.697403635021,57.6278225579139,1.11284760235789,94.5640274446604,42.2017342030026,2.09271373153433,17.4190117103959,14.7684545144111,2.80236947009524,6.98886134987474
"ENSMUSG00000094200",0,0,0,0,0,0,0,0,0,0,0
"ENSMUSG00000094204",0,0,0,0,0,0,0,0,0,0,0
"ENSMUSG00000094205",0,0,0,0,0,0,0,0,0,0,0
"ENSMUSG00000094208",0,0,0,0,0,0,0,0,0,0,0
"ENSMUSG00000094212",0.689939267648385,0,0,0,0,0,0,0,0,0,0
"ENSMUSG00000094219",0,0,0,0,0,0,0,0,0,0,0
"ENSMUSG00000094220",0,1.2232033881937,0,0,0,0,0,0,0,0,0
"ENSMUSG00000094221",0,0,0,0,0,0,0,0,0,0,0
"ENSMUSG00000094227",0,0,0,0,0,0,0,0,0,0,0
"ENSMUSG00000094231",0,1.08729190061662,0,0,0,0,0,0,0.940972231136002,0,0
"ENSMUSG00000094237",0,0,0,0,0,0,0,0,0,0,0
"ENSMUSG00000094241",0,0,0,0,0,0,0,0,0,0,0
"ENSMUSG00000094248",122.159887404581,274.700122085546,83.5080587007627,89.6972238601092,54.4042826785092,321.4600230478,106.13588193306,100.230052937318,103.962528064661,121.812417286151,50.3019314245547
"ENSMUSG00000094254",0,0,0,0,0,0,0,0,0,0,0
"ENSMUSG00000094258",0,0,0,0,0,0,0,0,0,0,0
"ENSMUSG00000094262",7.20905133010514,4.24756030599095,30.565159051389,33.252919216105,1.08248984930978,2.54863074072989,0,10.6402324367802,13.6414192045628,1.8402375830674,0
"ENSMUSG00000094266",0,0,0,0,0,0,0,0,0,0,0
"ENSMUSG00000094268",0,0,0,0,0,0,0,0,0,0,0
"ENSMUSG00000094269",0,0,0,0,0,0,0,0,0,0,0
"ENSMUSG00000094271",0,0,0,0,0,0,0,0,0,0,0
"ENSMUSG00000094273",0,0,0,0,0,0,0,0,0,0,0
"ENSMUSG00000094282",0,0,0,0,0,3.84573671705694,0,0,0,0,0
"ENSMUSG00000094284",0,0,0,0,0,0,0,0,0,0,0
"ENSMUSG00000094285",0,0,0,0,0,0,0,0,0,0,0
"ENSMUSG00000094293",0,0,0,0,0,0,0,0,0,0,0
"ENSMUSG00000094295",0,0,0,0,0,0,0,0,0,0,0
"ENSMUSG00000094296",0,0,0,0,0,0,0,0,0,0,0
"ENSMUSG00000094298",0,0,0,0,0,0,0,0,0,0,0
"ENSMUSG00000094303",0,0,0,0,0,0,0,0,0,0,0
"ENSMUSG00000094305",0,0,0,0,0,0,0,0,0,0,0
"ENSMUSG00000094307",0,0,0,0,0,0,0,0,0,0,0
"ENSMUSG00000094311",1.37987853529677,0,0,0,0,0,0,0,0,0,0
"ENSMUSG00000094314",0,0,0,0,0,0,0,0,0,0,0
"ENSMUSG00000094315",3.31003851151811,7.53446066381791,8.01568832676532,0,1.10221528066792,9.09249201469251,0,0,0.928182613919683,0.93839048915025,0
"ENSMUSG00000094319",3.6764647241178,8.93543689288487,2.49245157057446,1.0245905322941,0,1.19143578935775,0,0,0,0,0
"ENSMUSG00000094322",12.1684733200331,13.9772742043327,4.65070134447515,2.86242757452887,4.82451724303106,11.1021249079082,3.63170669633964,1.26108797796113,28.3910451923361,4.8898506940604,1.52387031546856
"ENSMUSG00000094335",546.134014872032,737.22514884267,485.909327466278,228.37068858344,794.941920188325,1419.92776751105,182.255180810788,451.391103915076,1359.22126186424,312.651659986081,106.10781524554
"ENSMUSG00000094337",0,0,0,0,0,0,0,0,0,0,0
"ENSMUSG00000094338",1.37987853529677,0,0,0,0,0,0,0,0,0,0
"ENSMUSG00000094345",76.516818717592,60.7525666854256,169.34236289593,56.7414496028193,19.7819896399941,53.7129546620162,9.41492563333947,2.90401678416824,23.082451787692,124.242211650991,12.8098019628434
"ENSMUSG00000094347",0,0,0,0,0,0,0,0,0,0,0
"ENSMUSG00000094350",0,0,0,0,0,0,0,0,0,0,0
"ENSMUSG00000094353",0,0,0,0,0,0,0,0,0,0,0
"ENSMUSG00000094354",0,0,0,0,0,0,0,0,0,0,0
"ENSMUSG00000094356",20.0742967986161,111.88393038515,78.9314648540056,9.98588407863773,28.6561937947552,33.287117852472,6.24785261511881,30.2670259730729,266.951987740777,86.463330070569,0
"ENSMUSG00000094370",13.1945360690521,0,7.0249701199034,7.75781354449986,0,6.45615691767183,9.42458140752055,1.95226020985305,11.1198674025008,3.86654445386239,8.12005212660634
"ENSMUSG00000094378",0,0,0,0,0,0,0,0,0,0,0
"ENSMUSG00000094379",0,0,0,0,0,0,0,0,0,0,0
"ENSMUSG00000094380",0,0,0,0,0,0,0,0,0,0,0
"ENSMUSG00000094383",0,0,0,0,0,0,0,0,0,0,0
"ENSMUSG00000094385",0,0,0,0,0,0,0,0,0,0,0
"ENSMUSG00000094391",0,0,0,0,0,0,0,0,0,0,0
"ENSMUSG00000094396",0,0,0,0,0,0,0,0,0,0,0
"ENSMUSG00000094404",0,0,0,0,0,0,0,0,0,0,0
"ENSMUSG00000094410",111.832983545068,77.5829107335858,113.459821854319,95.7200097836908,38.7084231025011,15.4263875671452,147.19623236802,17.6122006179931,126.503389771247,24.7703738024352,51.177056330422
"ENSMUSG00000094413",2.69667343592014,3.27962538817047,0,0,0,2.59363906269852,0,0,0,0,0
"ENSMUSG00000094420",1086.63214593337,1502.16941832901,490.606758619503,232.451930579814,362.869994073594,814.970606090886,133.856965327121,328.473158995889,509.57740464051,223.001070392774,133.876451214151
"ENSMUSG00000094422",0,0,0,0,0,0,0,0,0,0,0
"ENSMUSG00000094426",0,0,0,0,0,0,0,0,0,0,0
"ENSMUSG00000094429",0,0,0,0,0,0,0,0,0,0,0
"ENSMUSG00000094430",0,0,0,0,0,0,0,0,0,0,0
"ENSMUSG00000094433",187.222125019057,407.419668771633,320.6317499231,163.522831587674,108.879597085322,396.056507045422,78.4452156694626,340.124429526103,71.8875738324455,1450.22121444908,26.7798647917475
"ENSMUSG00000094439",0,0,0,0,0,0,0,0,0,0,0
"ENSMUSG00000094441",66.595918518911,84.1624547354916,71.9951725530206,57.3435543005739,63.0586349295219,67.2163531374219,93.1318288695438,61.4430560708356,67.5703785930874,80.2596486850687,78.352718851397
"ENSMUSG00000094443",0,0,0,0,0,0,0,0,0,2.80910083587316,0
"ENSMUSG00000094445",0,0,0,0,0,0,0,0,0,0,0
"ENSMUSG00000094447",0,1.08064173486522,0.888711478704946,0,0,0,0,0,0,0,0
"ENSMUSG00000094449",0,0,0,0,0,0,0,0,0,0,0
"ENSMUSG00000094460",0,0,0,0,0,0,0,0,0,0,0
"ENSMUSG00000094461",0,0,0,0,0,0,0,0,0,0,0
"ENSMUSG00000094462",0,0,0,0,0,0,0,0,0,0,0
"ENSMUSG00000094464",0,0,0,0,0,0,0,0,0,0,0
"ENSMUSG00000094468",0,3.24192520459567,0,0,0,1.28191223901898,0,0,0,0,0
"ENSMUSG00000094472",479.145907163605,685.047079596212,529.740602357614,598.384627112026,509.606786187096,574.894365224362,650.564873244444,618.108220828473,638.922880384859,521.332797528094,525.650253848385
"ENSMUSG00000094474",0,0,0,0,0,0,0,0,0,0,0
"ENSMUSG00000094478",0,4.32302391061158,3.59794124309082,0,0,0,0,5.93464111741063,5.6318000915457,0,0
"ENSMUSG00000094483",123.4115688408,121.433269958539,147.083420355324,134.240300156624,128.330362682106,100.272473083085,176.128374068349,99.1464001504042,142.181426553876,116.528581469823,107.27719929502
"ENSMUSG00000094484",0,0,0,0,0,0,0,0,0,0,0
"ENSMUSG00000094487",0,0,0,0,0,0,0,0,0,0,0
"ENSMUSG00000094488",0,0,0,0,0,0,0,0,0,0,0
"ENSMUSG00000094491",3.29840035217053,43.729687905581,43.4472983063723,6.66746799520582,2.19243084391416,62.670084482771,7.31394791389107,19.3853228580143,2.7735012030821,9.34226065928085,2.35240269159771
"ENSMUSG00000094493",0,0,0,0,0,0,0,0,0,0,0
"ENSMUSG00000094496",0,0,0,0,0,0,0,0,0,0,0
"ENSMUSG00000094500",0,0,0,0,0,0,0,0,0,0,0
"ENSMUSG00000094502",34.606751219015,186.610966759051,81.5991827778891,11.1356560867361,15.4040762634207,69.1019388814288,76.120695417388,40.6705842910769,53.5701886723139,13.050046661263,1.16556175744087
"ENSMUSG00000094504",0,0,0,0,0,0,0,0,0,0.936366945291052,0
"ENSMUSG00000094505",0,1.08064173486522,0,0,0,0,0,0,0,0,0
"ENSMUSG00000094509",41.900376119405,102.303438715314,153.378666192602,4.45139040943157,15.3941440026191,39.6440533422145,46.0397020937553,5.80633723679863,5.53817044290418,6.5388620968889,12.8129124747703
"ENSMUSG00000094511",0,0,0,0,0,0,0,0,0,0,0
"ENSMUSG00000094514",0,0,0,2.1791567002766,0,0,0,0,0,0,0
"ENSMUSG00000094520",0,0,0,0,0,0,0,0,0,0,0
"ENSMUSG00000094525",0.664051937119517,6.42967688069701,0.890278878895544,0,0,0,1.05869375225063,0,0,0.947688687067682,0
"ENSMUSG00000094531",0,0,0,0,0,0,0,0,0,0,0
"ENSMUSG00000094533",0,0,0,0,0,0,0,0,0,0,0
"ENSMUSG00000094535",0,0,0,0,0,0,0,0,0,0,0
"ENSMUSG00000094539",0,0,0,0,0,0,0,0,0,0,0
"ENSMUSG00000094542",0,0,0,0,0,0,0,0,0,0,0
"ENSMUSG00000094543",0,0,0,0,0,0,0,0,0,0,0
"ENSMUSG00000094545",0,0,0,0,0,0,0,0,0,0,0
"ENSMUSG00000094546",345.99511102502,833.598928438995,387.129416447337,394.482516711892,523.191980784096,404.66984372383,165.921390715742,334.309907945028,559.717708872722,413.703485722581,28.2772607446995
"ENSMUSG00000094552",0,0,0,0,0,0,0,0,0,0,0
"ENSMUSG00000094553",0,0,0,0,0,0,0,0,0,0,0
"ENSMUSG00000094556",0,0,0,0,0,0,0,0,0,0,0
"ENSMUSG00000094558",0,0,0,0,0,0,0,0,0,0,0
"ENSMUSG00000094559",0.689939267648385,0,0,0,0,0,0,0,0,0,0
"ENSMUSG00000094561",150.132087161621,222.452569728654,85.938936049021,81.7687386297424,59.4642260444387,206.871253661549,183.404286817966,69.0530710675139,70.1377943377348,98.6805924682444,27.0953275517831
"ENSMUSG00000094562",0.689939267648385,0,0,0,0,0,0,0,0,0,0
"ENSMUSG00000094569",0,0,0,0,0,0,0,0,0,0,0
"ENSMUSG00000094576",0,0,0,0,0,0,0,0,0,0,0
"ENSMUSG00000094578",0,0,0,0,0,0,0,0,0,0,0
"ENSMUSG00000094584",0,0,0,0,0,0,0,0,0,0,0
"ENSMUSG00000094586",0,0,0,0,0,0,0,0,0,0,0
"ENSMUSG00000094588",0,0,0,0,0,0,0,0,0,0,0
"ENSMUSG00000094589",0,0,0,0,0,0,0,0,0,0,0
"ENSMUSG00000094590",0,1.04711929763585,0,1.09082439379481,0,0,0,0,0,0.935167951000312,0
"ENSMUSG00000094592",0,0,0,0,0,0,0,0,0,0,0
"ENSMUSG00000094595",8.09731121462695,15.1024569000738,7.94882116222828,5.51868492581141,18.961189444723,6.41591897658567,14.6314955809536,13.6981185313974,5.57455413688951,9.62238419726811,0
"ENSMUSG00000094596",0,0,0,0,0,0,0,0,0,0,0
"ENSMUSG00000094602",0,0,0,0,0,0,0,0,0,0,0
"ENSMUSG00000094606",0,0,0,0,0,0,0,0,0,0,0
"ENSMUSG00000094607",0,0,0,0,0,0,0,0,0,0,0
"ENSMUSG00000094612",0,0,0,0,0,0,0,0,0,0,0
"ENSMUSG00000094613",0,0,0,0,0,0,0,0,0,0,0
"ENSMUSG00000094616",0,0,0,0,0,0,0,0,0,0,0
"ENSMUSG00000094618",0,0,0,0,0,1.28191223901898,0,0,0,0,0
"ENSMUSG00000094619",0,0,0,0,0,1.30155642758495,0,0,0,0,0
"ENSMUSG00000094622",2.40438472982088,0,2.48844753877883,4.44703159216762,1.90211348207613,0,2.64942350587234,0.909553834445199,0.86172826791006,3.57713418402164,1.4746764182015
"ENSMUSG00000094626",0,0,0,0,0,0,0,0,0,0,1.14045445258444
"ENSMUSG00000094628",38.395560775171,35.1806799294611,70.7464146759195,60.1475204941675,39.4903077926169,65.0526353918498,56.553809249888,69.2346839165277,116.17411292253,49.5361137701622,42.720150921056
"ENSMUSG00000094634",0,16.2615246233524,0,0,0,0,0,2.96832622755521,3.78703865129875,0,0
"ENSMUSG00000094637",0,0,0,0,0,0,0,0,0,0,0
"ENSMUSG00000094638",112.268231793,98.170622158492,92.2683052581732,80.7269091875261,103.722495276798,100.998944500453,94.0911640239501,64.345422792006,96.7099421833,88.2042567478895,105.939200916625
"ENSMUSG00000094647",0,0,0,0,0,0,0,0,0,0,0
"ENSMUSG00000094648",0,0,0,0,0,0,0,0,0,0,0
"ENSMUSG00000094649",0,0,0,0,0,0,0,0,0,0,0
"ENSMUSG00000094651",0,5.35953575730733,0,0,0,5.13781135161539,0,0,0,5.65277922187959,0
"ENSMUSG00000094652",159.726008941502,93.6595700703612,52.2785501400504,18.7789380352161,20.9464450988024,32.9678520250942,94.3099433893592,21.380340638681,18.4423769834594,13.0278237008319,2.3579076105309
"ENSMUSG00000094660",0,0,0,0,0,0,0,0,0,0,0
"ENSMUSG00000094661",23.5882976668898,165.954317991466,0,0,1.1077257109282,110.400331484708,0,0,0,38.2499217397214,0
"ENSMUSG00000094662",0,0,0,0,0,0,0,0,0,0,0
"ENSMUSG00000094669",0,0,0,0,0,0,0,0,0,0,0
"ENSMUSG00000094672",0,0,0,0,0,0,0,0,0,0,0
"ENSMUSG00000094673",0,0,0,0,0,0,0,0,0,0,0
"ENSMUSG00000094678",0,0,0,0,0,0,0,0,0.94676288413655,0,0
"ENSMUSG00000094679",0,0,0,0,0,0,0,0,0,0,0
"ENSMUSG00000094680",0,0,0,0,0,0,0,0,0,0,0
"ENSMUSG00000094682",0,0,0,0,0,0,0,0,0,0,0
"ENSMUSG00000094687",0,0,0,0,0,0,0,0,0,0,0
"ENSMUSG00000094689",546.035060222722,1122.1408434086,423.786141272044,253.729253337599,1132.56916590698,735.33324747656,82.662192395606,282.575078857533,747.653009792064,137.316104034667,81.5367157485386
"ENSMUSG00000094690",0.68576216675247,0,0.89412478042074,0,0,0,0,0,0,0,0
"ENSMUSG00000094692",0,0,0,0,0,0,0,0,0,0,0
"ENSMUSG00000094694",147.942696955041,560.431630143758,213.957215334043,158.552700383299,134.377444286983,350.658722780066,79.824988667426,94.4417542726809,149.83495682339,82.6800183107319,16.4532477011746
"ENSMUSG00000094700",0,0,0,0,0,0,0,0,0,0,0
"ENSMUSG00000094701",0,0,0,0,0,0,0,0,0,0,0
"ENSMUSG00000094706",0,0,0,0,0,1.28191223901898,0,0,0,0,0
"ENSMUSG00000094715",0,0,0,0,0,0,0,0,0,0,0
"ENSMUSG00000094719",0,0,0,0,0,0,0,0,0,0,0
"ENSMUSG00000094721",0,0,0,0,0,0,0,0,0,0,0
"ENSMUSG00000094724",214.425179582664,261.483295877574,289.212707586461,274.572389032701,201.049082694248,205.065815822315,232.477082627712,177.582182473449,227.862001963375,57.9476771939509,44.3485121835471
"ENSMUSG00000094728",8.02427712424722,22.2176930241241,12.3579165338188,7.70998592149158,3.28682441908482,17.744613618043,10.3700809710455,0,9.19941671760621,15.9682733041848,2.35413025422826
"ENSMUSG00000094729",0,0,0,0,0,0,0,0,0,0,0
"ENSMUSG00000094733",0,0,0,0,0,0,0,0,0,0,0
"ENSMUSG00000094734",0,0,0,0,0,0,0,0,0,0,0
"ENSMUSG00000094735",0,0,0,0,0,0,0,0,0,0,0
"ENSMUSG00000094739",0,0,0,0,0,0,0,0,0,0,0
"ENSMUSG00000094741",0,0,0,0,0,0,0,0,0,0,0
"ENSMUSG00000094745",0,0,0,0,0,0,0,0,0,0,0
"ENSMUSG00000094747",0,0,0,0,0,0,0,0,0,0,0
"ENSMUSG00000094755",0,0,0,0,0,0,0,0,0,0,0
"ENSMUSG00000094757",0,0,0,0,0,0,0,0,0,0,0
"ENSMUSG00000094758",0.891564114277498,2.58570134090592,0,0,0,3.17783821881944,0,0,0,0.732968809083199,0
"ENSMUSG00000094762",0,0,0,0,0,0,0,0,0,0,0
"ENSMUSG00000094764",0,0,0,0,0,0,0,0,0,0,0
"ENSMUSG00000094766",0.67112407497547,2.15425326750719,0,0,0,2.58742845544678,1.04699728431381,0,0,0,0
"ENSMUSG00000094773",0,0,0,0,0,0,0,0,0,0,0
"ENSMUSG00000094778",0,0,0,0,0,0,0,0,0,0,0
"ENSMUSG00000094784",0,0,0,0,0,0,0,0,0,0,0
"ENSMUSG00000094786",69.6169487448805,53.6881181770149,67.5969396932818,38.950338498476,53.4009310485215,63.6333225821678,50.9616180568762,76.8026003498516,73.0285502318985,59.2199560722287,68.4979093224565
"ENSMUSG00000094787",40.1583938352994,53.2243113340087,36.278312357263,40.9594136732115,38.5677086702003,30.6008752329613,3.1069669367457,22.3894188819537,0.924271156147489,24.1487513790814,11.7839298401195
"ENSMUSG00000094789",0,0,0,0,0,0,0,0,0,0,0
"ENSMUSG00000094791",0,0,0,0,0,0,0,0,0,0,0
"ENSMUSG00000094792",0,0,0,0,0,0,0,0,0,0,0
"ENSMUSG00000094793",0,0,0,0,0,0,0,0,0,0,0
"ENSMUSG00000094796",7.2411454771644,14.867937292394,3.5110632171542,8.83115824333994,1.07028264136808,12.8550321505893,2.08663376332228,0,1.85159545794954,4.81785423144405,3.48427829379575
"ENSMUSG00000094797",340.600047067151,602.550638874805,263.960168261168,402.193265109173,226.322025008767,393.001464854854,105.656484058602,243.951226652387,298.887651219451,221.872228758746,51.888125188284
"ENSMUSG00000094799",0,0,0,0,0,0,0,0,0,0,0
"ENSMUSG00000094800",0,0,0,7.6270484509681,0,0,0,0,0,0,0
"ENSMUSG00000094802",0,0,0,0,0,0,0,0,0,0,0
"ENSMUSG00000094804",0,0,0,0,0,0,0,0,0,0,0
"ENSMUSG00000094805",0,0,0,0,0,0,0,0,0,0,0
"ENSMUSG00000094806",14.111133936228,7.01500922237776,12.9196656943732,6.11288040471265,43.6378942421621,27.3223238224938,21.8724251991932,15.0275433419497,5.64077018003466,45.5957496303221,13.7191713982666
"ENSMUSG00000094808",0,0,0,0,0,0,0,0,0,0,0
"ENSMUSG00000094810",0,0,0,0,0,0,0,0,0,0,0
"ENSMUSG00000094811",1.76776603488101,0,1.54856830596092,3.82707068219965,4.20345484778008,0,4.11148608880817,4.24203080409475,3.22560341132424,1.66110393154753,4.04142016372956
"ENSMUSG00000094813",0,0,0,0,0,0,0,0,0,0,0
"ENSMUSG00000094814",2.75975707059354,0,0,0,0,0,0,0,0,0,0
"ENSMUSG00000094819",0,0,0,0,0,0,0,0,0,0,0
"ENSMUSG00000094821",0,0,0,0,0,0,0,0,0,0,0
"ENSMUSG00000094822",0,0,0,0,0,0,0,0,0,0,0
"ENSMUSG00000094825",188.836714918759,158.328917858525,212.703054625844,248.139589741856,148.189348140509,215.221723404055,168.530216187995,161.918314507808,319.281212854688,163.175304063862,244.293046140061
"ENSMUSG00000094828",0,1.08064173486522,0,0,0,1.28191223901898,0,0,0,0,0
"ENSMUSG00000094836",0,0,0,0,0,0,0,0,0,0,0
"ENSMUSG00000094838",0,0,0,0,0,0,0,0,0,0,0
"ENSMUSG00000094840",1.35216480554526,5.3711780212488,1.76851721619496,0,1.06346649656979,3.91281788915694,0,1.96967204150581,0.939886228273451,0,1.16033391569929
"ENSMUSG00000094845",0,0,0,0,0,0,0,1.98521321987274,0,0,0
"ENSMUSG00000094846",0,0,0,0,0,0,0,0,0,0,0
"ENSMUSG00000094855",0,0,0,0,0,0,0,0,0,0,0
"ENSMUSG00000094856",148.11052458761,151.625879044369,143.158646675216,144.158564986347,156.094295015247,158.576445028492,142.968515494213,168.496946901845,167.375394991633,121.171993520826,173.227565277632
"ENSMUSG00000094858",0,0,0,0,0,0,0,0,0,0,0
"ENSMUSG00000094860",0,0,0,0,0,0,0,0,0,0,0
"ENSMUSG00000094861",0,0,0,0,0,0,0,0,0,0,0
"ENSMUSG00000094862",0,8.92273692847234,0,0,1.02297280772369,3.56922719382791,1.36283865898517,0,6.86976110165232,0,0
"ENSMUSG00000094870",337.503658125075,343.097059859671,322.773914832087,335.200690754148,332.558961442226,295.942137537568,344.386939546614,271.726201347457,358.81779976634,324.998075945964,481.090849390472
"ENSMUSG00000094872",440.64925719713,184.464103770809,222.629113755955,56.7644474344762,129.734493364808,169.888531451243,82.6756206174915,68.7562534771468,153.812573935149,13.0834282276469,18.6399911177517
"ENSMUSG00000094876",0,0,0,0,0,0,0,0,0,0,0
"ENSMUSG00000094878",0,0,0,0,0,0,0,0,0,0,0
"ENSMUSG00000094879",0,0,0,0,0,0,0,0,0,0,0
"ENSMUSG00000094881",0,0,0,0,0,0,0,0,0,0,0
"ENSMUSG00000094884",0,0,0,0,0,0,0,0,0,0,0
"ENSMUSG00000094885",0,0,0,0,0,0,0,0,0,0,0
"ENSMUSG00000094887",0,0,0,0,0,0,0,0,0,0,0
"ENSMUSG00000094891",0,0,0,0,0,0,0,0,0,0,0
"ENSMUSG00000094892",0,0,0,0,0,0,0,0,0,0,0
"ENSMUSG00000094893",6.09852977696087,12.9290205349845,7.08848491727356,12.1334518859582,8.78174581324311,10.2247082312878,10.3713626681905,13.6482501703746,10.2283524595799,15.4039699059056,9.38068465306954
"ENSMUSG00000094898",0,0,0,0,0,0,0,0,0,0,0
"ENSMUSG00000094902",4.87432153876848,2.84308885787924,0,0,1.93549290398136,0,0,2.55074294951043,0,2.29927833953567,0
"ENSMUSG00000094910",0,0,0,0,0,0,0,0,0,0,0
"ENSMUSG00000094911",0,0,0,0,0,0,0,0,0,0,0
"ENSMUSG00000094913",0,0,0,0,0,0,0,0,0,0,0
"ENSMUSG00000094915",1.31484372341816,3.2191992563779,0,1.117221053082,2.20313345605599,0,0,0.97538125045863,4.60371009241314,3.75877807633917,1.16938788692591
"ENSMUSG00000094918",0.687882300568165,0,0,0,2.10819884088131,0,0,0,0,0,0
"ENSMUSG00000094921",0,0,0,0,0,0,0,0,0,0,0
"ENSMUSG00000094925",0,0,0,0,0,0,0,0,0,0.936366945291052,0
"ENSMUSG00000094928",0,0,0,1.0895783501383,0,0,0,0,0,0,0
"ENSMUSG00000094929",19.3268094552195,29.7768480960409,18.4354950792556,57.4860803337525,23.4589416827766,39.8565841144351,15.6524141112107,21.4901180729407,66.1513224331201,39.5655137105816,43.9706038977488
"ENSMUSG00000094930",88.3129950850511,327.83342149682,103.622903941224,152.467455462228,49.6498508837599,134.556964220174,31.0407832445775,72.9802158918705,35.1032357784778,43.5858361498535,18.8635777514899
"ENSMUSG00000094931",0,0,0,0,0,0,0,0,0,0,0
"ENSMUSG00000094936",175.711880401592,127.769863826509,183.265761969525,157.058809147079,137.367244906645,158.557571233414,189.732716772551,138.689997318069,205.046559605651,134.098691842414,120.111076431146
"ENSMUSG00000094939",0,0,0,0,0,0,0,0,0,0,0
"ENSMUSG00000094940",17.4599467299155,17.0512231461244,31.0199999608353,3.32259385328956,9.92207337580886,17.8332476198196,0,64.2873715770768,29.5846678749335,54.9678155744948,4.71742787937984
"ENSMUSG00000094941",0,0,0,0,0,0,0,0,0,0,0
"ENSMUSG00000094942",20.2866678281205,5.27287492907749,7.7287078342437,12.3302614293529,4.89992849578158,4.78063101798114,2.86762489382143,5.47786548718754,12.2622859560458,8.75930087960972,10.8082992062099
"ENSMUSG00000094950",0,0,0,0,0,0,0,0,0,0,0
"ENSMUSG00000094951",26.6701976927903,74.7644243308435,52.4193266916451,6.68942331584639,30.836329301673,73.0485814511791,20.9658057992496,27.1608324998266,86.0462713086257,14.9776850473705,0
"ENSMUSG00000094954",0,0,0,0,0,0,0,0,0,0,0
"ENSMUSG00000094957",0,0,0,0,0,0,0,0,0,0,0
"ENSMUSG00000094958",0,1.08064173486522,0,0,0,0,0,0,0,0,0
"ENSMUSG00000094962",0,0,0,0,0,0,0,0,0,0,0
"ENSMUSG00000094966",0,1.08064173486522,0,0,0,0,0,0,0,0.936366945291053,0
"ENSMUSG00000094970",0,0,0,0,0,0,0,0,0,0,0
"ENSMUSG00000094973",0,0,0,1.0895783501383,0,0,0,0,0,0,0
"ENSMUSG00000094978",0,0,0,0,0,0,0,0,0,0,0
"ENSMUSG00000094985",2.05809195810957,0,0,1.09513742723412,2.08616823298897,0,1.02824685785411,0,0,0,2.29105676059199
"ENSMUSG00000094986",0,0,0,0,0,0,0,0,0,0,0
"ENSMUSG00000094992",0,0,0,0,0,0,0,0,0,0,0
"ENSMUSG00000094993",1.32972576297762,4.35059138749055,1.78894650302394,0,0,3.91416040844932,0,0,0,0.942437682231051,0
"ENSMUSG00000094995",0,0,0,0,0,0,0,0,0,0,0
"ENSMUSG00000095002",0,0,0,0,0,0,0,0,0,0,0
"ENSMUSG00000095007",173.250452100556,175.522304793999,29.2238682932195,85.6401849504577,23.0917268955924,70.2560867319729,11.5033329577994,43.4743886906324,20.2725188102915,52.2512968284324,12.8055735943971
"ENSMUSG00000095019",0,0,0,0,0,0,0,0,0,0,0
"ENSMUSG00000095024",2.02317159416867,1.06671187230073,0.883065306691891,1.10834617144855,3.20717797777716,3.87259660851756,0,1.9726007403554,4.68821560359882,0,2.32019721403783
"ENSMUSG00000095026",48.0632284596748,80.0254660078532,48.5041923477056,139.79753198395,49.5015737161109,242.554663094808,71.1254050897343,157.27263045277,81.5800371855952,181.364977610564,53.964922372621
"ENSMUSG00000095028",2.05847332052538,4.30489774260169,0,1.09859675253996,2.07680598691702,2.55605810651568,1.03637398654937,0,0,0.933128260410082,4.59992937195519
"ENSMUSG00000095029",1.37987853529677,0,0,0,0,0,0,0,0,0,0
"ENSMUSG00000095030",0,0,0,0,0,0,0,0,0,0,0
"ENSMUSG00000095032",0,0,0,0,0,0,0,0,0,0,0
"ENSMUSG00000095040",6.83951613858896,17.9976034419736,6.18208179625245,16.4444725081143,18.10849234474,13.9845256030492,10.2930485194696,14.7811858380492,15.89449305877,30.6453572924389,13.9175176601819
"ENSMUSG00000095041",595.911346435233,619.457395846493,861.486085039365,643.767163605514,923.672753043569,793.950837775984,694.605270262101,598.465511081989,740.763461548623,662.006680758285,548.543277013641
"ENSMUSG00000095044",0,0,0,0,0,0,0,0,0,0,0
"ENSMUSG00000095048",0,0,1.76627551016406,0,0,0,1.02241476665721,0,0,0.9441780458135,0
"ENSMUSG00000095056",2.0319536088982,7.59963918545046,7.11130186171052,3.2974570282707,4.21661015293276,8.94827880292157,2.06345526110033,0.974986214395917,2.77890962015772,1.90957791483183,22.0587094030692
"ENSMUSG00000095061",0,0,0.888711478704946,0,0,0,0,0,0,0,0
"ENSMUSG00000095063",0,0,0,0,0,0,0,0,0,0,0
"ENSMUSG00000095064",0,0,0,0,0,0,0,0,0,0,0
"ENSMUSG00000095066",0,0,0,0,0,0,0,0,0,0,0
"ENSMUSG00000095071",0,0,0,0,0,0,0,0,0,0,0
"ENSMUSG00000095074",0,0,0,0,0,0,0,0,0,0,0
"ENSMUSG00000095075",0,0,0,0,0,0,0,0,0,0,0
"ENSMUSG00000095076",0,0,0,0,0,0,0,0,0,0,0
"ENSMUSG00000095079",83279.4841916573,129934.621497797,72849.3510740229,47639.2923340529,58339.4498615087,82691.9092737758,41501.7980175456,41484.5600477389,67626.8674133497,49530.6272697217,10663.6124963009
"ENSMUSG00000095081",0,0,0,0,0,0,0,0,0,0,0
"ENSMUSG00000095082",2.04840368077633,0,1.78530982516531,0,0,0,0,0,3.75667269359597,0,1.15656371524802
"ENSMUSG00000095088",0,0,0,0,0,0,0,0,0,0,0
"ENSMUSG00000095092",0,1.07574669255624,0,0,0,1.28774541023839,0,0,0,0,0
"ENSMUSG00000095093",0,0,0,0,0,0,0,0,0,0,0
"ENSMUSG00000095095",0,0,0,0,0,0,0,0,0,0,0
"ENSMUSG00000095098",290.47330762657,327.998393747981,407.497474677086,372.955701278612,250.168001124543,319.57179170152,441.858284556745,288.854324351409,353.976217080652,427.566718587932,373.283818694946
"ENSMUSG00000095101",0,0,0,0,0,0,1.04420035203513,0.973858651442067,0,0,0
"ENSMUSG00000095104",0,0,0,0,0,0,0,0,0,0,0
"ENSMUSG00000095105",1.35261782703314,1.0769269236554,1.7769929690529,0,0,0,0,0.992431746564579,0.945820033323682,0,1.1691049640905
"ENSMUSG00000095113",0,0,0,0,0,0,0,0,0,0,0
"ENSMUSG00000095115",52.5612272999388,39.977724681992,51.466103140738,38.0015144025844,50.980726658946,44.8159780736364,61.6327928927581,51.4003534714539,50.1008066007202,61.3163111329535,48.0006952562119
"ENSMUSG00000095117",0,0,0,0,0,0,0,0,0,0,0
"ENSMUSG00000095125",0,0,0,0,0,0,0,0,0,0,0
"ENSMUSG00000095126",0,1.05869452639028,0,0,0,0,1.03856986679216,0,0,0.942809660925174,0
"ENSMUSG00000095127",184.291454638264,424.411354389373,202.521116217593,26.5259263159043,113.575451292725,217.188132545027,96.6465597965566,69.4367813158535,173.260871278827,32.471010594134,114.528610480144
"ENSMUSG00000095130",78.4800695569808,173.702713652043,104.616662489751,27.8211900589473,53.879504009167,176.479979394374,21.9734941811105,28.0639633111934,14.7684545144111,26.1554483875556,9.31848179983298
"ENSMUSG00000095135",0,0,0,0,0,0,0,0,0,0,0
"ENSMUSG00000095138",0,0,0,0,0,0,0,0,0,0,0
"ENSMUSG00000095139",0.687405716771916,0,0,1.09359417676968,0,0,0,0,0,0,0
"ENSMUSG00000095143",0,0,0,0,0,0,0,0,0,0,0
"ENSMUSG00000095148",0,0,0,0,0,0,0,0,0,0,0
"ENSMUSG00000095153",0,0,0,0,0,0,0,0,0,0,0
"ENSMUSG00000095156",0,0,0,0,0,0,0,0,0,0,0
"ENSMUSG00000095170",0,0,0,0,0,0,0,0.992606609936369,0,0,0
"ENSMUSG00000095171",0,0,0,0,0,0,0,0,0,0,0
"ENSMUSG00000095180",0,0,0,0,0,0,0,0,0,0,0
"ENSMUSG00000095186",0,0,0,1.1038742630594,0,0,1.02819781031272,0.976207061379613,0,0,0
"ENSMUSG00000095187",0,0,0,0,0,0,0,0,0,0,0
"ENSMUSG00000095189",0,0,0,0,0,0,0,0,0,0,0
"ENSMUSG00000095190",0,0,0,0,0,0,0,0,0,0,0
"ENSMUSG00000095191",0,0,0,0,0,0,0,0,0,0,0
"ENSMUSG00000095194",0,0,0,0,0,0,0,0,0,0,0
"ENSMUSG00000095195",0,0,0,0,0,0,0,0,1.8935257682731,0,0
"ENSMUSG00000095197",61.3172857458005,82.2294616370895,22.2114333415131,22.3040337215258,58.401110004738,52.5433716604357,4.1942811880751,20.365169246355,12.9497333442393,4.6804958610045,0
"ENSMUSG00000095199",53.5019162805295,55.4722941464139,66.0539992893314,61.9629775126576,42.9583625560131,60.7700032349789,63.8527563302544,41.5231273684051,52.092525865168,52.4881058446562,27.5417515974186
"ENSMUSG00000095200",68.345691131188,127.829397239773,58.4038773996457,17.6982326417918,35.2166618024236,55.9991891779741,4.15024726232322,54.4413009584638,45.2197762517966,11.1880502404935,5.88727970428394
"ENSMUSG00000095201",0,0,0,0,0,0,0,0,0,0,0
"ENSMUSG00000095204",57.87593466175,205.720561440443,88.6788896566668,26.7145786795274,78.08853063141,46.0490051251437,9.39525143117895,17.4230789354796,34.1600253446934,9.34341268333989,6.99049320320039
"ENSMUSG00000095207",0,0,0,0,0,0,0,0,0,0,0
"ENSMUSG00000095210",18.1548606361363,99.6124952336139,38.8417624803738,7.57725160056646,3.21251565903363,110.270692370413,14.1036896381148,26.6797774288384,16.2862794713156,8.20744558837269,0
"ENSMUSG00000095212",0,0,0,0,0,0,0,0,0,0,0
"ENSMUSG00000095217",2.75975707059354,0,0,0,0,0,0,0,0,0,0
"ENSMUSG00000095218",0,0,0,0,0,0,0,0,0,0,0
"ENSMUSG00000095226",0,0,0,0,0,0,0,0,0,0,0
"ENSMUSG00000095232",0,0,0,0,0,0,0,0,0,0,0
"ENSMUSG00000095236",0,0,0,0,0,0,0,0,0,0,0
"ENSMUSG00000095239",0,0,0,0,0,0,0,0,0,0,0
"ENSMUSG00000095240",0,0,0,0,0,0,0,0,0,0,0
"ENSMUSG00000095241",0,0,0,0,0,0,0,0,0,0,0
"ENSMUSG00000095242",0,0,0,0,0,0,0,0,0,0,0
"ENSMUSG00000095247",0,0,0,0,0,0,0,0.753793314351326,3.88215828936216,0.749152264325158,1.83107773020774
"ENSMUSG00000095248",0,0,0,0,0,0,0,0,0,0,0
"ENSMUSG00000095250",0,0,0,0,0,0,0,0,0,0,0
"ENSMUSG00000095253",89.2778292623979,50.254783384331,78.8924555689488,53.2626398488805,95.7924378174429,22.9780895679162,89.350962512904,53.1376272234058,62.8296722331082,82.8992772842542,49.5088955063011
"ENSMUSG00000095257",0,0,0,0,0,0,0,0,0,0,0
"ENSMUSG00000095270",0,0,0,0,0,0,0,0,0,0,0
"ENSMUSG00000095273",0,0,0,0,0,0,0,0,0,0,0
"ENSMUSG00000095275",0,0,0,0,0,0,0,0,0,0,0
"ENSMUSG00000095276",0,0,0,0,0,0,0,0,0,0.597466089600289,1.78735474798996
"ENSMUSG00000095280",0,0,0,0,3.16236500679371,0,2.04280400236922,0,0,0,0
"ENSMUSG00000095285",39.9218184613523,58.6208976789194,32.8045415034,3.33773232957761,92.3159516533057,83.1271917388346,5.23051424074415,8.71205035250473,3.69319228603072,8.40736770570615,1.16452745116759
"ENSMUSG00000095286",0,0,0,0,0,0,0,0,0,0,0
"ENSMUSG00000095294",0,5.35303772177357,2.63030013933952,5.47505139911641,0,0,0,0,0,2.85922802868949,2.281365760804
"ENSMUSG00000095295",0,0,7.0675177760408,0,8.38663273422849,0,0,9.6628696962145,0,1.90811896363013,10.435978891092
"ENSMUSG00000095296",0,0,0,0,0,0,0,0,0,0,0
"ENSMUSG00000095300",0,0,0,0,0,0,0,0,0,0,0
"ENSMUSG00000095301",0,0,0,0,0,0,0,0,0,0,0
"ENSMUSG00000095302",0,0,0,0,0,0,0,0,0,0,0
"ENSMUSG00000095304",36.9326390123054,35.3223442942722,41.6893708620316,0,6.36769103953052,58.5806751043589,28.2325775511569,52.1091968242309,54.5207026851695,36.3502511066869,64.0633694077782
"ENSMUSG00000095309",0,0,0,0,0,0,0,0,0,0,0
"ENSMUSG00000095312",0,0,0,0,0,0,0,0,0,0,0
"ENSMUSG00000095315",25.3495133056829,14.4432322845652,15.2911921879441,15.2784419235109,18.8219421153298,25.5309978954546,13.2492221110506,12.6583234247471,28.7357517260169,16.8489522107636,29.1096348306676
"ENSMUSG00000095316",0,0,0,0,0,0,0,0,0,0,0
"ENSMUSG00000095318",0,0,0,0,0,0,0,0,0,0,0
"ENSMUSG00000095320",79.1308692840818,688.049210194919,10.5742600002473,3.32973511985457,0,439.40788792423,5.26443371692633,10.6263060678821,4.61802820193279,150.280195920478,10.5341223336364
"ENSMUSG00000095322",0,0,0,0,0,0,0,0,0,0,0
"ENSMUSG00000095324",0,0,0,0,0,0,0,0,0,0,0
"ENSMUSG00000095325",72.5209862260981,76.7872939832098,63.5719960042203,57.1806840210111,67.7248711143776,57.5808584222757,53.1684428933415,65.5137394850343,53.9474303285993,82.2705692931346,84.6598355476943
"ENSMUSG00000095330",0,0,0,0,0,0,0,0,0,0,0
"ENSMUSG00000095335",31.3431322902917,172.236574836348,38.0142172491235,23.2339769186572,9.90811800150336,74.0624903092254,79.870857276599,36.0080867219389,7.39068442708525,108.206564358117,9.43296051380724
"ENSMUSG00000095338",0.665794869487695,1.07444070822749,0.885883946567819,0,0,3.8760955443441,0,0,0,0.942345249702048,4.70232561485239
"ENSMUSG00000095339",0,0,0,0,0,0,0,0,0,0,0
"ENSMUSG00000095341",0,0,0,0,0,0,0,0,0,0,0
"ENSMUSG00000095346",0,0,0,0,0,0,0,0,0,0,0
"ENSMUSG00000095351",77.0264489300611,215.966212985883,174.885070474408,57.599670729745,103.447355220489,185.789507327041,25.9394771780546,40.8985215486233,178.487492020211,9.32712772621592,18.8374220265689
"ENSMUSG00000095360",0,0,0,1.09619214770811,3.15368802897243,0,0,0.971671766212044,0,0,1.15769637714269
"ENSMUSG00000095362",73.6437613077747,57.8112981450544,84.1476769501499,64.3276933658818,57.9962867115706,120.897530164754,71.3717821513381,74.8981841044925,141.490037650079,61.701925239484,20.0474703834803
"ENSMUSG00000095365",0,0,0,0,0,0,0,0,0,0,0
"ENSMUSG00000095370",0.678536734539171,0,0,0,0,0,1.04169384498849,0,0,0,0
"ENSMUSG00000095371",0,0,0,0,0,0,0,0,0,0,0
"ENSMUSG00000095377",0,0,0,0,0,0,0,0,0,0,0
"ENSMUSG00000095383",0,0,0,0,0,0,0,0,0,0,0
"ENSMUSG00000095384",0,0,0,0,0,0,0,0,0,0,0
"ENSMUSG00000095386",0,0,0,0,0,0,0,0,0,0,0
"ENSMUSG00000095387",0,0,0,0,0,0,0,0,0.946762884136551,0,0
"ENSMUSG00000095390",0,0,0,0,0,0,0,0,0,0,0
"ENSMUSG00000095401",0,0,0,0,0,0,0,0,0,0,0
"ENSMUSG00000095407",12.3607187711753,5.14317479711323,298.166189590072,16.9942494595408,5.82912674987967,4.06132896355158,13.6192232256229,10.0675807496101,10.4215644040122,8.08934103081829,15.2166727566149
"ENSMUSG00000095409",0,0,0,0,0,0,0,0,0,0,0
"ENSMUSG00000095413",0,0,0,0,0,0,0,0,0,0,0
"ENSMUSG00000095416",15.9304424826753,55.4987812817952,59.055404798185,18.1479166044529,136.656214664711,54.181221491087,5.89486808816636,22.7032220085279,45.930156692655,18.5389806545507,1.116125538561
"ENSMUSG00000095426",0,1.08064173486522,0,0,0,0,0,0,0,0,0
"ENSMUSG00000095429",9.42021940524759,6.40372573873421,21.3163994001008,1.10924111141398,37.5656830140282,24.2741631394785,1.03892102885594,10.7442249114598,6.48986197390958,21.4635458244491,0
"ENSMUSG00000095430",0,0,0,0,0,0,0,0,0,0,0
"ENSMUSG00000095432",79.3378303786242,50.8025362599998,70.301240618955,60.3995028947421,42.6206398559969,59.2186827515681,60.2419887168415,66.4382468497292,81.6538358696825,62.6197554994132,76.5715220607324
"ENSMUSG00000095440",57.6083286585441,69.9602402081203,76.6882094883874,109.103190442668,115.113075661164,88.5526281327062,79.6903365658459,73.2987034104968,97.7069078847938,117.419188584704,99.865702104816
"ENSMUSG00000095442",115.937399624583,59.6746806456644,76.9995612463522,33.1879148519542,27.4808697936881,69.9582719176484,27.0029316867907,21.3815926395761,21.2155828112718,14.0088999146722,4.70534052380834
"ENSMUSG00000095444",0,0,0,0,0,0,0,0,0,0,0
"ENSMUSG00000095448",0,0,0,0,0,0,0,0,0,0,0
"ENSMUSG00000095452",0,0,0,0,0,0,0,0,0,0,0
"ENSMUSG00000095456",0,0,2.65758263264478,2.17393924539432,3.19424304740517,0,2.04773014887261,0,1.87668874261028,0,1.1428553204186
"ENSMUSG00000095463",912.053909225274,1002.2160782877,1033.1640056089,1139.78769773391,1044.66314860525,1047.89813009372,1033.7949741374,919.058530089781,963.004390770493,1070.15145090181,1118.47592361722
"ENSMUSG00000095464",21.2854520937641,15.8360681213121,21.9342501488614,12.7736225019657,25.9386189191922,26.2997702594304,19.016499052317,20.3643627112074,6.81537920392674,27.4436388189717,21.1106308226342
"ENSMUSG00000095466",0,0,0,0,0,0,0,0,0,0,0
"ENSMUSG00000095470",0,1.08064173486522,0.888711478704946,0,0,0,0,0,0,0,0
"ENSMUSG00000095474",0,0,0,0,0,0,0,0,0,0,0
"ENSMUSG00000095475",0,0,0,0,0,0,0,0,0,0,0
"ENSMUSG00000095483",0,0,0,0,0,0,0,0,0,0,0
"ENSMUSG00000095484",0,0,0,0,0,0,0,0,0,0,0
"ENSMUSG00000095486",0,0,0,0,0,0,0,0,0,0,0
"ENSMUSG00000095490",0,0,0,0,0,0,0,0,0,0,0
"ENSMUSG00000095493",217.102512763617,147.221882372874,250.899006429908,99.213812251537,285.763128709833,155.834917049799,232.553416427434,168.868473691005,184.544181759804,200.139485383362,177.560638265912
"ENSMUSG00000095495",0,1.06044104272259,0,0,0,0,0,0,0,0,2.32435869326875
"ENSMUSG00000095497",3.37658208633584,20.2539732468523,10.6656263687505,3.32117182337053,91.7633177921756,42.0092184929396,2.08051548073556,1.95138028474907,2.776409591499,0,0
"ENSMUSG00000095498",0,0,0,0,0,0,0,0,0,0,0
"ENSMUSG00000095500",0,0,0,0,0,0,0,0,0,0,0
"ENSMUSG00000095503",0,0,0,0,0,0,0,0,0,0,0
"ENSMUSG00000095505",0,0,0,0,0,0,0,0,0,0,0
"ENSMUSG00000095508",0,0,0,0,0,0,0,0,0,0,0
"ENSMUSG00000095510",0,0,0,0,0,0,0,0,0,0,0
"ENSMUSG00000095514",0,0,0,0,0,0,0,0,0,0,0
"ENSMUSG00000095518",0,0,0,0,0,0,0,0,0,0,0
"ENSMUSG00000095519",41.2675582129485,40.5627726081706,33.6517085905355,11.1293161817845,20.9269601608819,14.0907490574332,14.5559848737287,16.4787765521796,28.6616902608688,21.4126713443831,1.16675645371076
"ENSMUSG00000095522",0,0,0,0,0,0,0,0,0,0,0
"ENSMUSG00000095525",0,0,0,0,0,0,0,0,0,0,0
"ENSMUSG00000095527",0,0,0,0,0,0,0,0,0,0,0
"ENSMUSG00000095528",0,0,0,0,0,0,0,0,0,0,0
"ENSMUSG00000095533",11.5265377107064,7.77786143879175,22.5423316068911,18.5734849845563,8.43064584149694,18.1650890275979,19.4578818434407,16.6694832323794,44.6861332127462,17.5668465090995,42.1812097392719
"ENSMUSG00000095538",0,0,0,0,0,0,0,0,0,0,14.8259078835977
"ENSMUSG00000095540",0,0,0,0,0,0,0,0,0,0,0
"ENSMUSG00000095547",2.01295302072469,1.13769849225786,1.77100191847578,0,1.04680846118555,0,2.01852301529813,0,0,0.935378474542832,0
"ENSMUSG00000095550",0,0,0,0,0,0,0,0,0,0,0
"ENSMUSG00000095551",0,0,0,0,0,0,0,0,0,0,0
"ENSMUSG00000095552",0,0,0,1.0901511522558,0,10.2426085164584,0,5.94147081988209,0,1.87853793204639,0
"ENSMUSG00000095554",0,0,0,0,0,0,0,0,0,0,0
"ENSMUSG00000095557",0,0,0,0,0,0,0,0,0,0,0
"ENSMUSG00000095560",0,1.58418990378932,0,0,0,0,0,0,0.773031681144079,0.782284094649193,0
"ENSMUSG00000095565",41.0181032774667,137.263883725466,20.2839813421296,6.64191720502387,17.5006429564714,68.2147459239445,5.20422836469895,20.4475007619471,35.2913763493802,8.36282791948419,3.51790522847357
"ENSMUSG00000095567",1116.97245113668,1171.54141764129,1072.85724488117,1265.14390708031,1044.48965023134,1281.64775519115,1198.23083875309,1175.21399974628,1156.48109619134,1196.53320377301,1491.69810221268
"ENSMUSG00000095569",0,0,0,0,0,0,0,0,0,0,0
"ENSMUSG00000095570",0,0,0,0,0,0,0,0,0,0,0
"ENSMUSG00000095571",61.1878508410359,298.385029586332,219.872307605579,119.074693452294,71.4728114407317,198.220266711073,40.8079177649194,252.57566980074,62.7659316862473,43.9037883648255,10.4832920248121
"ENSMUSG00000095572",0,0,0,0,0,0,0,0,0,0,0
"ENSMUSG00000095574",0,2.13934093727323,0,0,0,0,0,0,0,1.89194192024296,0
"ENSMUSG00000095576",0,0,0,0,0,0,0,0.993995802223166,0.945439703804072,0,0
"ENSMUSG00000095577",0,0,0,0,0,0,0,0,0,0,0
"ENSMUSG00000095578",0,0,0,0,0,0,0,0,0,0,0
"ENSMUSG00000095583",949.336940759202,198.144052521757,172.397023034687,23.2992460757779,126.851509551987,129.290789938286,159.688717276896,279.498020616473,35.1498362382231,91.0683551912327,12.9012121417982
"ENSMUSG00000095585",0,0,0,0,0,0,0,1.98521321987274,0,0,0
"ENSMUSG00000095586",0,0,0,0,0,0,0,0,0,0,0
"ENSMUSG00000095589",192.20966188108,337.814479924526,186.182195956337,61.2066181296841,182.530564602484,150.903170786494,98.3575453821135,45.4829750215892,255.678868780743,84.0710841028573,15.1425329247286
"ENSMUSG00000095592",0,0,0,0,0,0,0,0,0,0,0
"ENSMUSG00000095593",0,0,0,0,0,0,0,0,0,0,0
"ENSMUSG00000095601",0,0,0,0,0,0,0,0,0,0,0
"ENSMUSG00000095603",0,0,0,0,0,0,0,0,0,0,0
"ENSMUSG00000095607",0,0,0,0,0,0,0,0,0,0,0
"ENSMUSG00000095608",0,0,0,0,0,0,0,0,0,0,0
"ENSMUSG00000095609",0,2.14008499491004,0,0,0,1.29461013858159,0,0,0,0,0
"ENSMUSG00000095612",28.6551771202809,116.066746510469,26.5211518366218,14.3968395410255,8.79491559953111,38.397910561597,10.3620439499037,33.1254623274869,11.1054144835271,23.2626136059998,4.70674407593065
"ENSMUSG00000095619",0,0,0,0,0,0,0,0,0,0,0
"ENSMUSG00000095620",0,1.05327927501489,0,0,1.07825888032957,0,0,0,0,0,0
"ENSMUSG00000095625",0,0,0,0,0,0,0,0,0,0,0
"ENSMUSG00000095629",0,0,0,0,0,0,0,0,0,0,0
"ENSMUSG00000095630",308.20417252205,565.273565100546,254.090906676222,60.7887667961641,432.118487628123,507.287762399351,355.885282567717,171.375705281166,361.509471942847,272.689656041522,54.2003473972686
"ENSMUSG00000095632",0,0,0,0,0,0,0,0,0,0,0
"ENSMUSG00000095633",191.6734491526,92.4730988913867,71.6785258239181,197.290071626699,203.376690807778,51.0017655991146,61.8341093476165,16.2366036474536,5.46589870867632,37.9088695774382,2.32084224161278
"ENSMUSG00000095634",0,0,0,0,0,0,0,0,0,0,0
"ENSMUSG00000095640",0,0,0,0,0,0,0,0,0,0,0
"ENSMUSG00000095642",144.988603079846,187.556304311409,67.380223298484,36.7239708778104,219.916342894559,83.1246279756111,32.4370628387821,85.1596128063798,21.229653364466,36.4308031112382,8.15367157485386
"ENSMUSG00000095643",0,0,0,0,0,0,0,0,0,0,0
"ENSMUSG00000095646",0.677654500113457,0,0,0,0,1.30515121087542,0,0,0,0,0
"ENSMUSG00000095647",0,0,0,0,0,0,0,0,0,0,0
"ENSMUSG00000095648",13.3335212216833,7.7648295428322,70.9177306394619,7.68625891203043,6.57585569188132,13.9429596839513,160.071755611961,8.68900702808325,10.6029820580459,3.62139840786775,4.35430959771982
"ENSMUSG00000095650",0,0,0,0,0,0,0,0,0,0,0
"ENSMUSG00000095653",0,0,0,0,0,0,0,0,0,0,0
"ENSMUSG00000095654",0,0,0,0,0,0,0,0,0,0,0
"ENSMUSG00000095656",0,0,0,0,0,0,0,0,0,0,0
"ENSMUSG00000095658",0,0,0,0,0,0,0,0,0,0,0
"ENSMUSG00000095659",0,0,0,0,0,0,0,0,0,0,0
"ENSMUSG00000095664",0,0,0,0,0,0,0,0,0,0,0
"ENSMUSG00000095667",0,0,0,0,0,0,0,0,0,0,0
"ENSMUSG00000095668",0,0,0,0,0,0,0,0,0,0,0
"ENSMUSG00000095670",0,0,0,0,0,0,0,0,0,0,0
"ENSMUSG00000095672",0,0,0,0,0,0,0,0,0,0,0
"ENSMUSG00000095681",4.67477768342727,5.30368774424019,3.51411701777051,15.4631637019269,8.52288612642995,8.99820917269662,2.08461845614769,8.79990093967359,22.3826022255897,10.6345603889608,42.7751480999605
"ENSMUSG00000095682",16.6441284046943,56.3578085848884,10.6043102968987,5.53413725781733,23.1236220520594,29.4022747808798,3.11205766962981,5.83931571464615,5.54407842074877,3.73042319375411,5.89639605140285
"ENSMUSG00000095686",0,0,0,0,0,0,0,0.994232502279032,0.945214620003054,0,0
"ENSMUSG00000095693",0,0,0,0,0,0,0,0,0,0,0
"ENSMUSG00000095696",0,0,0,0,0,0,0,0,0,0,0
"ENSMUSG00000095698",0,0,0,0,0,0,0,0,0,0,0
"ENSMUSG00000095700",42.9246807335938,167.745432417825,102.805409246934,30.0780906914775,70.3683027552597,83.2990116319658,34.5656377399771,58.2440134083969,33.3324015171066,24.3381531725692,24.4864189028169
"ENSMUSG00000095706",0,0,0,0,0,0,0,0,0,0,0
"ENSMUSG00000095710",0,0,0,0,0,0,0,1.24429823612595,0.755255508327535,0,0
"ENSMUSG00000095711",0,0,0,0,0,0,0,0,0,0.936366945291052,0
"ENSMUSG00000095716",0,0,0,0,0,0,0,0,0,0,0
"ENSMUSG00000095717",0,0,0,0,0,0,0,0,0,0.936366945291053,0
"ENSMUSG00000095718",0,0,0,0,0,0,0,0,0,0,0
"ENSMUSG00000095721",0,0,0,0,0,0,0,0,0,0,0
"ENSMUSG00000095724",0,0,0,0,0,0,0,0,0,0,0
"ENSMUSG00000095728",0,0,0,0,0,0,0,0,0,0,0
"ENSMUSG00000095730",4.23076382723168,0,21.9232104704248,2.95778598106518,2.81336822788729,25.1017790886633,16.3058244439444,11.642542445025,4.11565152000463,1.61788628718959,7.46588396502997
"ENSMUSG00000095736",0,0,0,0,0,0,0,0,0,0,0
"ENSMUSG00000095737",554.348705300971,23.5657842839,5.34629526705574,4.47259613269907,0,1.31552625884319,0,6.80997236218269,1.85584356811336,0,3.51107759265395
"ENSMUSG00000095741",0,0,0,0,0,0,0,0,0,0,0
"ENSMUSG00000095742",94.0826831723752,64.8163830765593,82.6219696817116,144.864480145503,99.5303557674516,89.7032421443584,102.912413759705,75.5091716949639,71.9294305854789,123.914857415215,98.2210158575489
"ENSMUSG00000095743",0,0,0,0,0,0,0,0,0,0,0
"ENSMUSG00000095745",0,0,0,0,0,0,0,0,0,0,0
"ENSMUSG00000095753",187.088210043767,310.794572052899,164.345292826848,83.0354734878169,74.7132885707678,304.945770782204,75.7198774164501,182.25761755589,14.8093402365635,287.49369055347,10.5961682070929
"ENSMUSG00000095754",0,0,0,0,0,0,0,0,0,0,0
"ENSMUSG00000095756",0,2.16128346973044,0,0,0,0,0,0,0,0,0
"ENSMUSG00000095758",0,0,0,0,0,0,0,0,0,0,0
"ENSMUSG00000095759",0,0,0,0,0,0,0,0,0,0,0
"ENSMUSG00000095761",9.33089130914355,21.3583017239194,19.5460613405315,7.80641180253404,14.3248005671999,26.9124586553451,2.09714059403755,12.6070095334578,12.0247523910794,75.8240329482729,0
"ENSMUSG00000095763",0,0,0,0,0,0,0,0,0,0,0
"ENSMUSG00000095765",0,0,0,0,0,0,0,0,0,0,0
"ENSMUSG00000095768",0,0,0,0,0,0,0,0,0,0,0
"ENSMUSG00000095770",0,0,0,0,0,0,0,0,0,0,0
"ENSMUSG00000095771",254.16891087061,817.495063995113,333.36507041293,107.920011989676,153.859919422176,359.365244286347,150.638810133432,159.720923129253,179.11982587249,53.2466621361389,107.136525507418
"ENSMUSG00000095773",0,0,0,0,0,0,0,0,0,0,0
"ENSMUSG00000095774",0,0,0,0,0,0,0,0,0,0,0
"ENSMUSG00000095788",1.68560574840281,0.799806513326911,1.97459649941909,0,2.67371276559386,3.79474373731424,0.753780491025862,1.46240330986733,0,0,2.5035609741071
"ENSMUSG00000095789",7.45375861628551,12.9290205349845,3.54424245863678,9.92736972487492,10.9771822665539,16.6151508758427,16.5941802691048,4.87437506084808,15.807453801169,10.8733905218157,8.20809907143584
"ENSMUSG00000095793",0,0,0,0,0,0,0,0,0,0,0
"ENSMUSG00000095794",229.683539160463,450.173392656638,202.034260663947,94.9793555456198,68.4392499587032,216.768885530867,91.0466514642309,73.9266019898793,69.2467735319268,49.1310569239083,15.3295935053812
"ENSMUSG00000095797",0,82.4388872961046,41.7336686145414,34.0282057692491,67.3140292183805,100.788769772716,43.2776976060967,72.8943324374536,64.6641525905575,16.209590300349,63.6972297290402
"ENSMUSG00000095799",0,0,0,0,0,0,0,0,0,0,0
"ENSMUSG00000095804",0,0,0,0,0,0,0,0,0,0,0
"ENSMUSG00000095806",0,0,0,0,0,0,0,0,0,0,0
"ENSMUSG00000095809",0,0,0,0,0,0,0,0,0,0,0
"ENSMUSG00000095814",0,0,0,0,0,0,0,0,0,0,0
"ENSMUSG00000095817",0,0,0,0,0,0,0,0,0,0,0
"ENSMUSG00000095821",0,0,0,0,0,0,0,0,0,0,0
"ENSMUSG00000095822",0,0,0,0,0,0,0,0,0,0,0
"ENSMUSG00000095829",0,0,0,0,0,0,0,0,0,0,0
"ENSMUSG00000095831",0,0,0,0,0,0,0,0,0,0,0
"ENSMUSG00000095837",0,0,0,0,0,0,0,0,0,0,0
"ENSMUSG00000095839",0,0,0,0,0,0,0,0,0,0,0
"ENSMUSG00000095845",0,0,0,1.07186044819733,2.1366582373146,0,0,0.976465589349293,0,0,2.31861243307313
"ENSMUSG00000095852",0,0,0,0,0,0,0,0,0,0,0
"ENSMUSG00000095858",0,0,0,0,0,0,0,0,0,0,0
"ENSMUSG00000095859",4.08958579361466,9.71434493874928,76.2980886974943,0,0,3.85868316822697,0,0,0,0,0
"ENSMUSG00000095862",0.679759892844488,3.2710599045503,0,0,0,0,0,0.989604077314619,0,0.944781935852776,0
"ENSMUSG00000095863",1.23851418317556,2.87746873457964,0,0,8.18901517697722,7.11446117755352,0,0,0,1.73951328817974,0
"ENSMUSG00000095864",0,0,0,0,0,0,0,0,0,0,0
"ENSMUSG00000095866",6.69905847040949,6.4698313742952,16.9527579812794,1.11955401865732,0,9.06313543160892,0,5.88634814737524,0,60.0635422837142,0
"ENSMUSG00000095867",0,0,0,0,0,0,0,0,0,0,0
"ENSMUSG00000095870",0,0,0,0,1.05095675570364,0,0,0,0,0,0
"ENSMUSG00000095872",0,0,0,0,0,0,0,0,0,0,0
"ENSMUSG00000095886",0,0,0,0,0,0,0,0,0,0,0
"ENSMUSG00000095887",0,0,0,0,0,0,0,0,0,0,0
"ENSMUSG00000095889",141.288529384222,51.189221925726,31.8557537888591,7.74754669153788,2.19983595366076,13.9900684000502,9.36487202578902,10.6750458066185,2.76308917093249,33.662303277336,1.17529769906867
"ENSMUSG00000095891",0,0,0,0,0,0,0,0,0,0.936366945291053,0
"ENSMUSG00000095893",0,0,0,0,0,0,0,0,0,0,0
"ENSMUSG00000095896",0,0,0,0,0,0,0,0,0,0,0
"ENSMUSG00000095900",0,0,0,0,0,0,0,0,0,0,0
"ENSMUSG00000095901",0,0,0,0,0,0,0,0,0,0,0
"ENSMUSG00000095903",0,0,0,0,0,0,0,0,0,0,0
"ENSMUSG00000095909",0,0,0,0,0,0,0,0,0,0,1.14045445258444
"ENSMUSG00000095910",0,0,0,0,0,0,0,0,0,0,0
"ENSMUSG00000095912",13.8793084311311,4.23750025958963,0,11.0425634521025,0,0,3.12995733133879,0,15.7782253922897,15.4828819557317,16.260000106389
"ENSMUSG00000095914",0,0,0,0,0,0,0,0,0,0,0
"ENSMUSG00000095916",0,0,0,0,0,0,0,0,0,0,0
"ENSMUSG00000095917",0,0,0,0,0,0,0,0,0,0,0
"ENSMUSG00000095918",0.665663545489636,1.07383516659253,0,0,1.09002691314141,2.61019553600974,0,0,0.935199572490662,0,0
"ENSMUSG00000095923",28.8310130103526,4.29727418698736,2.71289951796736,0,0,5.15692035206826,0,0.998272945793788,0.952167519190511,0,0
"ENSMUSG00000095928",0,0,0,0,0,0,0,0,0,0,0
"ENSMUSG00000095929",0,0,0,0,0,0,0,0,0,0,0
"ENSMUSG00000095930",18.4643167913366,8.60536114789627,12.3909457776599,13.1453816238565,9.50978586929713,30.7561084517758,8.24380323632811,13.8138215393088,30.0537987460375,15.1427702002726,14.894291005089
"ENSMUSG00000095931",0,0,0,0,0,0,0,0,0,0,0
"ENSMUSG00000095932",0,0,0,0,0,0,0,0,0,0,0
"ENSMUSG00000095934",0,0,0,0,0,0,0,0,0,0,0
"ENSMUSG00000095935",0,0,0,0,0,0,0,0,0,0,0
"ENSMUSG00000095936",0,0,0,0,0,0,0,0,0,0,0
"ENSMUSG00000095941",0,0,0,0,0,0,1.0244779114794,0,0,0,0
"ENSMUSG00000095948",0,0,0,0,0,0,0,0,0,0,0
"ENSMUSG00000095950",0,0,0,0,0,0,0,0,0,0,0
"ENSMUSG00000095954",0,0,0,0,0,0,0,0,0,0,0
"ENSMUSG00000095957",0,0,0,0,0,0,0,0,0,0,0
"ENSMUSG00000095958",0,0,0,0,0,0,1.0244779114794,0,0,0,0
"ENSMUSG00000095961",0,0,0,0,0,0,0,0,0,0,0
"ENSMUSG00000095970",0,0,0,0,0,0,0,0,0,0,0
"ENSMUSG00000095973",0,0,0,0,0,0,0,0,0,0,0
"ENSMUSG00000095975",1.37987853529677,0,0,0,0,0,0,0,0,0,0
"ENSMUSG00000095976",0,0,0,0,0,0,0,0,0,0,0
"ENSMUSG00000095981",110.283410500156,152.787240992032,44.8126142871251,206.090621404568,45.0796939525883,93.5511976789769,15.7116535181714,24.2683389201654,81.4792037084828,40.2515610161721,4.66407979101274
"ENSMUSG00000095990",81.3384247768578,70.055993830611,67.4881398755166,53.2631535283271,41.9056467292405,85.3874083041899,63.8389618110009,65.347697426773,92.7927320316758,72.5342658885499,83.1664074488868
"ENSMUSG00000095992",0,0,0,0,0,0,0,0,0,0,0
"ENSMUSG00000095993",0,0,0,0,0,0,0,0,0,0,0
"ENSMUSG00000096000",0,0,0,0,0,1.28191223901898,0,0,0,0,0
"ENSMUSG00000096001",9.91767455105789,6.48219464542776,5.33090718480336,1.08930010739119,0,0,3.07264887977838,0,5.67912667078799,0.889321436349163,2.34195687968491
"ENSMUSG00000096002",0,0,0,0,0,0,0,0,0,0,0
"ENSMUSG00000096003",44.7349448392711,9.56999806889373,51.9427524016316,63.0143334513843,40.3807437369663,79.8125158079261,41.5784807348908,32.3398887863539,58.6907119759904,63.5841717312531,32.3997756009493
"ENSMUSG00000096009",0,0,0,0,0,0,0,0,0,0,0
"ENSMUSG00000096010",2.02588358887483,1.0645785665199,1.76559632179054,1.08943663498766,3.34955662080432,0,5.07172366196484,0,7.33255273782242,0,2.33882250641656
"ENSMUSG00000096011",0,0,0,0,0,0,0,0,0,0,0
"ENSMUSG00000096014",0,0,0,0,0,0,0,0,0,0,0
"ENSMUSG00000096020",71.8769454217781,181.001399099041,124.859547506942,6.6333839204137,45.1098387317895,58.4671843558648,6.2200094802924,11.6732198105434,5.53920176487002,20.4976847870133,7.064099935883
"ENSMUSG00000096023",1.35448414230419,3.25796887638859,1.77916147991466,4.3967566567911,1.0536595981496,0,2.06406154026812,1.94759052250194,3.7025059126951,0.954662705319438,3.4776765616126
"ENSMUSG00000096024",0,0,0,0,0,0,0,0,0,0,0
"ENSMUSG00000096029",0,0,0,0,0,0,0,0,0,0,0
"ENSMUSG00000096035",0,0,0,0,0,0,0,0,0,0,0
"ENSMUSG00000096036",0,0,0,0,0,0,0,0,0,0,0
"ENSMUSG00000096038",0,0,0,0,0,0,0,0,0,0,0
"ENSMUSG00000096039",0,104.220890863318,0,0,0,0,0,0,0,0,149.57571679835
"ENSMUSG00000096044",0,0,0,0,0,0,0,0,0,0,0
"ENSMUSG00000096045",0,0,0,0,0,0,0,0,0,0,0
"ENSMUSG00000096049",0,0,0,0,0,0,0,0,0,0,0
"ENSMUSG00000096051",0,0,0,0,0,0,0,0,0,0,0
"ENSMUSG00000096054",215.858209286903,207.995831961177,145.739744531759,120.353835842165,222.8439946837,189.915348845478,168.774832030828,167.28147162393,172.138744447604,138.250615145487,214.576964638532
"ENSMUSG00000096055",0,0,0,0,0,0,0,0,0,0,0
"ENSMUSG00000096066",0,0,0,0,0,0,0,0,0,0,0
"ENSMUSG00000096068",0,0,0,0,0,0,0,0,0,0,0
"ENSMUSG00000096069",0,0,0,0,0,0,0,0,0,0,0
"ENSMUSG00000096071",0,0,0,0,0,0,0,0,0,0,0
"ENSMUSG00000096074",149.644200426446,402.819789941548,258.88191056786,131.316017078231,164.937257170919,462.940235802634,185.205165240788,50.3215893855881,199.37413594455,20.5507094473651,26.7906351745198
"ENSMUSG00000096078",7.31273448535086,134.72857506622,9.73007510717225,15.5502747568732,45.1114120091213,47.4009838905399,0,7.79583281902373,0,46.1746651856331,0
"ENSMUSG00000096083",0,0,0,0,0,0,0,0,0,0,0
"ENSMUSG00000096094",0,0,0,0,0,0,0,0,0,0,0
"ENSMUSG00000096096",0,2.14177510101485,0,0,0,0,0,0,0,0.915864182341947,1.17660532854363
"ENSMUSG00000096099",0,0,0,0,0,0,0,0,0,0,0
"ENSMUSG00000096100",1.35298235428854,3.21515024600412,0,0,1.10957668152888,3.8517333606664,0,3.92676591673046,2.7929677668031,0,0
"ENSMUSG00000096106",0,2.13459822916985,0,0,0,3.79825363079607,0,0,0,0,0
"ENSMUSG00000096108",2.0311426398105,15.0437922583325,0,0,0,14.1373644388831,0,0.982541416765553,2.79757592867841,2.82272649781956,2.3797976271773
"ENSMUSG00000096109",0,0,0,0,0,0,0,0,0,0,0
"ENSMUSG00000096120",0,0,0,0,0,0,0,0,0,0,0
"ENSMUSG00000096122",0,0,0,0,0,0,0,0,0,0,0
"ENSMUSG00000096131",0,0,0,0,0,0,0,0,0,0,0
"ENSMUSG00000096138",0,0,0,0,0,0,0,0,0,0,0
"ENSMUSG00000096140",0,0,2.627905661723,2.19930909664706,0,1.28292561282608,1.03154185702444,4.90538877482977,1.86393685145806,0.960078755831486,0
"ENSMUSG00000096141",0,1.08610168106869,0,0,0,3.8264037982761,0,0,0,0,0
"ENSMUSG00000096145",170.169045063949,215.361618555703,218.105779602319,217.035997286203,194.586244927483,181.100197075126,246.601600808497,210.795771430411,159.525374187425,178.353314437377,175.216342548982
"ENSMUSG00000096146",16.7389210566964,1.63158284446764,0,2.46806683301588,4.82285071724875,0,0.775540811348503,0,0,9.472620113405,0
"ENSMUSG00000096149",0,0,0,0,0,1.28369985206782,0,0,0,0.935063009821081,0
"ENSMUSG00000096150",60.6549463827263,174.657172158202,30.0582191481843,6.65196570208228,6.61006954248552,60.0601745441579,10.3724005651686,23.3469279567506,53.5829479463405,6.50933374819866,2.35559762209932
"ENSMUSG00000096151",0,0,0,0,0,0,0,0,0,0,0
"ENSMUSG00000096152",0,0,0,0,0,0,0,0,0,0,0
"ENSMUSG00000096164",0,0,0,0,0,0,0,0,0,0,0
"ENSMUSG00000096167",0,0,0,0,0,0,0,0,0,0,0
"ENSMUSG00000096169",0,0,0,0,0,0,0,0,0,0,1.14045445258444
"ENSMUSG00000096175",0,0,0,0,0,0,0,0,0,0,0
"ENSMUSG00000096176",0,0,0,0,0,0,0,0,0,0,0
"ENSMUSG00000096178",0,0,0,0,0,0,0,0,0,0,0
"ENSMUSG00000096180",0,0,0,0,0,0,0,0,0,0,0
"ENSMUSG00000096183",0,5.3001182603423,1.77237672131619,0,0,0,0,0.989788525877635,0.940959194904604,0,2.32840283717439
"ENSMUSG00000096188",111.376006988885,79.7274499975136,115.368089235853,124.135775850405,106.662621269945,85.8849713032347,110.67733376283,113.796889446734,121.388016643747,104.778404920678,135.337747218357
"ENSMUSG00000096194",0,0,0,0,0,0,0,0,0,0,0
"ENSMUSG00000096197",0,0,0,0,0,0,0,0,0,0,0
"ENSMUSG00000096199",71.8513235865558,92.0464960774985,64.1773225723646,76.1061624850302,95.0221963249357,73.6518624457656,83.9699953599484,72.0075164182914,53.310635614572,62.2364480701325,59.5581109080869
"ENSMUSG00000096201",0,0,0,0,0,0,0,0,0,0,0
"ENSMUSG00000096209",0,0,0,0,0,0,0,0,0,0,0
"ENSMUSG00000096210",889.968950705603,822.554267645764,841.031583651794,870.03058444112,1132.64357781719,1114.20861930586,1063.4358994052,924.677437894472,1125.84295245642,996.142010469514,1056.31537659425
"ENSMUSG00000096215",554.757211515529,634.024801447826,495.728577721272,454.389947188132,482.208850254819,565.865925703473,411.640963497405,511.497119487405,449.138529441283,425.876568703122,481.160355218313
"ENSMUSG00000096218",0,0,0,0,0,2.51970880041959,0,0,0,0,0
"ENSMUSG00000096220",0,0,0,0,0,0,0,0,0,0,0
"ENSMUSG00000096223",0,0,0,0,0,0,0,0,0,0,0
"ENSMUSG00000096225",3.39845986275916,10.855075216365,6.33031228639804,6.40193618766129,0,5.04021102346034,9.60410577201617,1.92732051584511,19.3283461600068,4.01674764791453,2.2320089244949
"ENSMUSG00000096228",0,0,0,0,0,0,0,0,0,0,0
"ENSMUSG00000096229",0,0,0,0,0,0,0,0,0,0,0
"ENSMUSG00000096230",0,0,0,0,0,0,0,0,0,0,0
"ENSMUSG00000096236",0,0,0,0,0,0,0,0,0,0,0
"ENSMUSG00000096237",0,0,0,0,0,16.6695068426946,0,4.95733820224525,0,2.8115437263299,0
"ENSMUSG00000096240",0,0,0,0,0,0,0,0,0,0,0
"ENSMUSG00000096244",0,0,0,0,0,0,0,0,0,0,0
"ENSMUSG00000096250",0,0,0,0,0,0,0,0,0,0,0
"ENSMUSG00000096254",0,0,0,0,0,0,0,0,0,0,0
"ENSMUSG00000096255",572.968144131857,667.198379439552,663.844699261834,894.111002953612,700.401620452905,807.249356501949,662.696225131238,831.591573109659,678.849381793377,829.557101953177,645.961756304286
"ENSMUSG00000096257",0,0,0,1.09984155072452,0,0,0,0.983344075042801,0,0,0
"ENSMUSG00000096259",0,0,0,0,0,0,0,0,0,0,0
"ENSMUSG00000096265",2.03658350336312,0,0,4.42943520478426,0,0,0,0,0,0,0
"ENSMUSG00000096268",0,0,0,0,0,0,0,0,0,0,0
"ENSMUSG00000096271",0,0,0,0,0,39.6551182491844,0,0,0,8.44518800612334,0
"ENSMUSG00000096273",0,0,0,0,0,0,0,0,0,0,0
"ENSMUSG00000096276",0,0,0,0,0,0,0,0,0,0,0
"ENSMUSG00000096278",0,0,0,0,0,0,0,0,0,0,0
"ENSMUSG00000096283",0,0,0,0,0,0,0,0,0,0,0
"ENSMUSG00000096284",0,0,0,0,0,0,0,0,0,0,0
"ENSMUSG00000096289",0,0,0,0,0,0,0,0,0,0,0
"ENSMUSG00000096294",0,0,0,0,0,0,0,0,0,0,0
"ENSMUSG00000096295",0,0,0,0,0,0,0,0,0,0,0
"ENSMUSG00000096316",0,0,0,0,0,0,0,0,0,0.936366945291053,0
"ENSMUSG00000096320",0,0,0,0,0,0,0,0,0,0,0
"ENSMUSG00000096323",0,0,0,0,0,0,0,0,0,0,0
"ENSMUSG00000096326",60.3247475735198,89.2226327023288,53.020870410783,6.65523957528958,83.2947924534369,107.071131705077,37.8425490685672,138.89616254353,131.561208307099,34.4494752825722,1.16099920758212
"ENSMUSG00000096329",0,0,0,0,0,0,0,0,0,0,0
"ENSMUSG00000096330",0,0,0,0,0,0,0,0.697585886776116,0,1.33237216641128,0
"ENSMUSG00000096336",239.956691803226,699.000550636714,333.376652344279,207.153020302639,155.301747210704,716.902493736642,96.1456857832391,114.296756620572,300.588869138678,90.1185395395678,23.5948746816956
"ENSMUSG00000096344",0,0,0,0,1.0511320847701,0,0,0,0,0,1.14026422452708
"ENSMUSG00000096345",0,0,0,0,0,0,0,0,0,0,0
"ENSMUSG00000096351",0.64084882384204,0,0.823620349773621,2.01804589331739,0,6.08469014524235,0.95130305322208,0.911317985923381,0,0.870812191736634,0
"ENSMUSG00000096355",0,0,0,0,0,0,0,0,0,0,0
"ENSMUSG00000096356",0,0,0,0,0,0,0,0,0,0,0
"ENSMUSG00000096365",0,0,0,0,0,0,0,0,0,0,0
"ENSMUSG00000096370",227.927941084468,172.665356223174,173.984130225865,174.371932131191,159.022557187563,166.621503519453,219.964174304247,155.809187426834,161.835526701084,167.082501160836,215.614630057826
"ENSMUSG00000096372",0,0,0,0,0,0,0,0,0,0,0
"ENSMUSG00000096373",0,0,0,0,0,0,0,0,0,0,0
"ENSMUSG00000096380",0,0,0,0,0,0,0,0,0,0,0
"ENSMUSG00000096385",0,1.08064173486522,0,0,0,0,0,0,0,0,0
"ENSMUSG00000096386",0,0,0,0,0,0,0,0,0,0,0
"ENSMUSG00000096393",0,0,0,0,0,1.31442264500956,0,0,0,0.913207218346947,0
"ENSMUSG00000096397",0,0,0,0,0,0,0,0,0,0,0
"ENSMUSG00000096399",0,0,0,0,0,0,0,0,0,0,0
"ENSMUSG00000096405",0,0,0,0,0,0,0,0,0,0,0
"ENSMUSG00000096407",0,0,0,0,0,0,0,0,0,0,0
"ENSMUSG00000096409",0,0,0,0,0,0,0,0,0,0,0
"ENSMUSG00000096410",208.904743768611,270.511419798026,138.987555442338,37.5833647849119,101.382740202403,204.404234302707,131.826948010475,67.0043439703456,232.214205135972,28.9097670847258,7.07217090635392
"ENSMUSG00000096417",0,0,0,0,0,1.28191223901898,0,0,0,0,0
"ENSMUSG00000096420",0,0,0,0,0,0,0,0,0,0,0
"ENSMUSG00000096421",0,0,0,0,0,0,0,0,0,0,0
"ENSMUSG00000096422",205.112604211004,640.710253695885,235.562089878678,131.240802911091,52.7810900470683,297.63033106454,83.6606033294504,53.1353639552174,250.642050745423,59.7157678039228,19.7904319186137
"ENSMUSG00000096424",0,0,0,0,0,0,0,0,0,0,0
"ENSMUSG00000096426",0,0,0,0,0,0,0,0,0,0,0
"ENSMUSG00000096427",0,0,0,0,0,0,0,0,0,0,0
"ENSMUSG00000096433",80.8854770520585,88.4465438276959,82.8865725172988,86.0423660477686,86.6446831903493,91.4047349803714,85.0044202019296,108.834547538765,99.5776821218114,83.5247818234842,83.3113004436322
"ENSMUSG00000096436",0,0,0,0,0,0,0,0,0,0,0
"ENSMUSG00000096442",0,0,0,0,0,0,0,0,0,0,0
"ENSMUSG00000096445",0,0,0,0,0,0,0,0,0,0,0
"ENSMUSG00000096446",0,0,0,0,0,0,0,0,0,0.936366945291052,0
"ENSMUSG00000096452",19.2914257977161,56.6692400186744,96.8641333657874,0,0,43.5402983280993,0,1.87131415118345,8.26886992607439,69.488391316012,0
"ENSMUSG00000096458",121.924937247351,135.889763006393,151.13605942395,146.42651766397,129.54370094517,138.555066197238,137.369005672386,127.491728177486,150.047005545404,137.805613194629,133.825956872042
"ENSMUSG00000096459",286.93444579511,359.673827738041,132.001025326819,142.499225717741,132.292730726272,378.164104317491,105.647860154256,147.802311156861,179.935535274594,121.826269259301,40.0895276773327
"ENSMUSG00000096461",2.65774997098365,21.2870184470922,2.68701053948996,3.33308639635509,4.38987871946019,3.83129923497362,2.08929346517995,6.76660730263539,12.9081805048088,0,1.16290649530903
"ENSMUSG00000096463",587.702942906485,780.075230538532,632.43307340088,827.546998367769,624.314084042197,744.659966859683,711.13171028561,694.258008112244,899.175952133078,603.394855230063,721.380536556327
"ENSMUSG00000096464",319.544256177684,213.402444229436,109.357116801047,58.6702686443776,231.883519173246,158.309693370664,33.3070615340733,62.316192798315,28.7903333376523,118.937997077108,21.1074313708414
"ENSMUSG00000096465",0,0,0,0,0,0,0,0,0,0,0
"ENSMUSG00000096467",0,0,0,0,0,0,0,0,0,0,0
"ENSMUSG00000096468",0,0,0,0,0,0,0,0,0,0,0
"ENSMUSG00000096472",37.4845221012054,219.667992888422,55.6069922985162,57.4415049756329,39.5597667718521,57.6489153637391,73.344029923751,47.0395898418928,126.567904248761,109.570567143522,20.7293831245032
"ENSMUSG00000096477",0,0,0,0,0,0,0,0,0,0,0
"ENSMUSG00000096478",0,0,0,0,0,1.28191223901898,0,0,0,0,0
"ENSMUSG00000096481",0,0,0,0,0,0,0,0,0,0,0
"ENSMUSG00000096485",0,0,0,0,0,0,0,0,0,0,0
"ENSMUSG00000096486",0,0,0,0,0,0,0,0,0,0,0
"ENSMUSG00000096488",0,0,0,1.0895783501383,0,0,0,0,0,0,0
"ENSMUSG00000096490",266.845523924995,323.047186737421,111.582042574111,84.5279747562959,429.945962675077,332.119682732963,99.3469664537223,234.761698929415,241.427269468017,206.206010697921,20.9545749726498
"ENSMUSG00000096497",0,0,0,0,0,0,0,0,0,0,0
"ENSMUSG00000096498",26.5178536966167,120.029728039186,95.4428976380658,11.0926855332827,9.86440797091702,146.909317060579,0,20.4896588342542,5.57688840294108,201.121683814221,11.750527816225
"ENSMUSG00000096499",41.8288988062776,37.9787804197078,30.6892551819888,119.915089258645,36.1507517980854,33.2476888167778,4.26846931409837,6.56895642305,23.1718098459698,40.2620738880585,3.41027487793748
"ENSMUSG00000096505",1.35618889980788,4.36015636481158,1.79287958503646,0,0,0,0,0,0,0,0
"ENSMUSG00000096506",0,0,0,0,0,7.69147343411387,0,0,0,0,0
"ENSMUSG00000096508",0,0,0,0,0,0,0,0,0,0,0
"ENSMUSG00000096513",0,0,0,0,0,0,0,0,0,0,0
"ENSMUSG00000096515",38.671786654546,71.5602347166645,12.4384842997124,6.68942331584639,22.025949501195,102.52432484376,15.7243543494372,1.94005946427333,10.1775159612353,32.763686041123,0
"ENSMUSG00000096516",0,0,0,0,0,0,0,0,0,0,0
"ENSMUSG00000096519",0.682671046769479,0,0,0,0,0,0,0,0,0,1.15259657418596
"ENSMUSG00000096520",0,0,0,0,0,0,0,0,0,0,0
"ENSMUSG00000096525",0,2.16128346973044,0,0,0,0,0,0,0,0,0
"ENSMUSG00000096527",0,0,0,0,0,0,0,0,0,0,0
"ENSMUSG00000096530",0,0,0,0,0,0,0,0,0,0,0
"ENSMUSG00000096531",0,0,0,0,1.09257107004743,2.53038912392848,0,0,0,2.73781094833163,0
"ENSMUSG00000096534",0,0,0,0,0,0,0,0,0,0,0
"ENSMUSG00000096537",0,0,0,0,0,0,0,0,0,0,0
"ENSMUSG00000096546",0,0,0,0,0,0,0,0,0,0,0
"ENSMUSG00000096549",5.06105883601702,9.21255536167353,0,8.56429021210182,9.15900204170259,0,0,23.0891234975876,4.68557565194126,6.73708673591748,0
"ENSMUSG00000096550",0,0,0,0,0,0,0,0,0,0,0
"ENSMUSG00000096551",0,0,0,0,0,0,0,0,0,0,0
"ENSMUSG00000096554",0,0,0,0,0,0,0,0,0,0,0
"ENSMUSG00000096555",0,0,0,0,0,0,0,0,0,0,0
"ENSMUSG00000096566",0,0,0,0,0,0,0,0,0,0,0
"ENSMUSG00000096568",0,0,0,0,0,0,0,0,0,0,0
"ENSMUSG00000096574",0,0,0,0,0,0,0,0,0,0,0
"ENSMUSG00000096576",0,0,0,0,0,0,0,0,0,0,0
"ENSMUSG00000096577",31.9856727853056,108.986310923285,20.8622771296651,10.4883996390413,27.0113157853497,20.5671362985506,4.93631763312195,7.3607713563326,3.79214389859241,3.55603363695936,4.42952919560386
"ENSMUSG00000096580",0,4.24028417424097,0.881270324866332,0,3.26858371699528,1.27117882732496,1.03847554480261,1.92670617390392,0,25.0702228898599,1.16902587143028
"ENSMUSG00000096584",0,0,0,0,0,0,0,0,0,0,0
"ENSMUSG00000096591",0.673224522553831,0,0.887352718967918,0,1.08999134564539,1.28619770595704,0,0,0.9338325879246,0,0
"ENSMUSG00000096593",0.689939267648385,0,0,0,0,0,0,0,0,0,0
"ENSMUSG00000096594",22.155140970238,122.051320474317,59.3067409513689,107.063687841009,3.29832834511804,153.651998488999,38.3864432099063,49.5875655145681,19.3730708506022,31.857348595897,4.71998840749925
"ENSMUSG00000096597",0,0,0,0,0,0,0,0.992606609936369,0,0,0
"ENSMUSG00000096600",0,0,0,0,0,0,0,0,0,0,0
"ENSMUSG00000096606",39.8538959212782,8.76067437548976,16.7026445418049,11.8838525824413,21.3050329248659,14.3069768651339,6.11963578668266,12.8078219873008,14.2437564650403,26.3440416152223,9.15495352522831
"ENSMUSG00000096607",0,0,0,0,0,0,0,0,0,0,0
"ENSMUSG00000096615",0,0,0,0,0,0,0,0,0,0,0
"ENSMUSG00000096619",0,0,0,0,0,0,0,0,0,0,0
"ENSMUSG00000096620",0,0,0,0,0,0,0,0,0,0,0
"ENSMUSG00000096621",0,0,0,0,0,0,0,0,0,0,0
"ENSMUSG00000096626",0,0,0,0,0,0,0,0,0,0,0
"ENSMUSG00000096629",3.44385408999274,0,1.75724105829771,4.39386919242243,0,0,4.14497783568472,0,1.86002540607738,0,1.15355303799185
"ENSMUSG00000096630",0,0,0,0,0,0,0,0,0,0,0
"ENSMUSG00000096632",813.739732970565,92.727601783018,105.506498348773,443.918399833822,39.5639792799882,93.3582307220758,75.3194050667158,207.153197270668,21.2358556446766,53.2466621361389,4.65810980467034
"ENSMUSG00000096638",31.8444399759265,117.214490586776,10.6124365330672,69.9344639297848,37.2924943397797,25.8131428920276,1.04374602527088,13.6696522849071,13.0383167841609,20.499431889767,0
"ENSMUSG00000096641",0,0,0,0,0,0,0,0,0,0,0
"ENSMUSG00000096644",0.687114488015718,1.08142095376497,0.891722044334966,0,0,0,0,0,0,0,0
"ENSMUSG00000096645",0,0,0,0,0,0,0,0,0,0,0
"ENSMUSG00000096646",0,1.07382698271195,0,0,0,33.326891455664,0,13.8921358485721,0,8.48416330457155,0
"ENSMUSG00000096649",43.0779736411042,27.1910704718005,6.96053784771773,131.054186560499,10.6411630400337,17.5702666435194,0,16.1448452294429,10.8700182140901,109.090029282366,4.57245167587938
"ENSMUSG00000096653",0,0,0,0,0,0,1.0244779114794,0,0,0,0
"ENSMUSG00000096656",0,1.05835334393514,0,0,0,0,0,0,0,0,1.16447185171
"ENSMUSG00000096658",0,0,0,0,0,0,0,0,0,0,0
"ENSMUSG00000096663",0,0,0,0,0,0,0,0,0,0,0
"ENSMUSG00000096664",0,0,0,0,0,0,0,0,0.946762884136551,0,0
"ENSMUSG00000096666",0,0,0,0,0,0,0,0,0,0,0
"ENSMUSG00000096670",1.32785434855445,16.1426240238361,8.85038016673836,9.99818748676192,7.68366853597958,0,10.4453476926466,4.88570794510432,1.86402423632958,9.32496500829453,0
"ENSMUSG00000096672",56.0169085447284,53.2462300576363,34.483705630199,5.54211874066533,13.2166820896994,30.6827771742025,1.03628292984382,10.7094133897274,4.62344668907068,7.43014992350315,2.35524850218305
"ENSMUSG00000096674",0,0,0,0,0,0,0,0,0,0,0
"ENSMUSG00000096678",1.36315211672257,4.37560655481816,0,0,0,0,0,0,0,0,0
"ENSMUSG00000096679",0,0,0,0,0,0,0,0,0,0,0
"ENSMUSG00000096680",0,0,0,0,0,0,0,0,0,0,0
"ENSMUSG00000096682",0,0,0,0,0,0,0,0,0,0,0
"ENSMUSG00000096685",10.8398084017573,21.7479615384844,11.5877617644089,15.3956141330383,20.0210281962199,10.2136292666087,9.28117306949552,9.7368348063492,18.5280728224623,13.3679447242725,38.2437672927899
"ENSMUSG00000096686",0,0,0,0,0,0,0,0,0,0,0
"ENSMUSG00000096687",102.417155059912,96.9116828347664,89.7644543628371,125.475793891171,96.5582052527472,107.400973870026,100.398166259522,127.315138809342,107.941610157156,114.90220669558,94.6811926206113
"ENSMUSG00000096688",4.64289960073011,0,0,0,8.54353136001619,1.28571214328042,2.09124140611508,0,0,0,0
"ENSMUSG00000096691",0,0,0,0,0,0,0,0,0,0,0
"ENSMUSG00000096695",0,0,0,0,0,0,0,0,0,0,0
"ENSMUSG00000096696",187.918251786944,120.069887457683,160.862034044284,158.807925816863,152.788782225122,155.672216605456,170.584473349047,160.02784426364,152.179521939503,153.67342137785,230.319505171411
"ENSMUSG00000096697",0,0,0,0,0,0,0,0,0,0,0
"ENSMUSG00000096700",0,0,0,0,0,0,0,0,0,0,0
"ENSMUSG00000096703",0,0,0,0,0,0,0,0,0,0,0
"ENSMUSG00000096705",0.687996735525265,5.34945104950348,2.65990588960719,0,0,5.1109003780743,0,3.96138034162352,8.47106313398187,2.85279021329993,5.76614448951021
"ENSMUSG00000096706",0,0,0,0,0,0,0,0,0,0,0
"ENSMUSG00000096708",0,0,0,0,0,0,0,0,0,0,0
"ENSMUSG00000096714",0,0,0,0,0,0,0,0,0,0,0
"ENSMUSG00000096715",234.569272339082,271.147502978403,93.6393865672066,53.1709893356215,106.817181643281,107.467209107233,6.22758079416532,20.4336848259694,43.4205683451144,17.7274473599052,4.7169374613631
"ENSMUSG00000096717",0,0,0,0,0,0,0,0,0,0,0
"ENSMUSG00000096719",0.689939267648385,0,0,0,0,0,0,0,0,0,0
"ENSMUSG00000096727",319.200205910853,357.425075748029,157.271880544722,230.372194664526,119.403246595044,293.277550544136,217.277530656616,112.043984332604,230.814527995034,245.948271485523,209.236117575904
"ENSMUSG00000096728",0,0,0,0,0,0,0,0,0,0,0
"ENSMUSG00000096729",0,0,0,0,0,0,0,0,0,0,0
"ENSMUSG00000096730",0,0,0,0,0,0,0,0,0,0,0
"ENSMUSG00000096732",0.689939267648385,0,0,0,0,0,0,0,0,0,0
"ENSMUSG00000096734",0,0,0,0,0,0,0,0,0,0,0
"ENSMUSG00000096735",0,0,0,0,0,0,0,0,0,0,0
"ENSMUSG00000096736",0,0,0,0,0,0,0,0,0,0,0
"ENSMUSG00000096737",0,0,0,0,0,0,0,0,0,0,0
"ENSMUSG00000096740",0.679274747084624,0,1.77049843058018,0,1.06467462055852,0,1.03296662809696,0,0.945118163840125,0,0
"ENSMUSG00000096742",0,0,0,0,0,0,0,0,0,0,0
"ENSMUSG00000096743",0,0,0,0,0,0,0,0,0,0,0
"ENSMUSG00000096746",1.37471952556982,0,0,0,0,0,0,0,0,0.939880917478761,0
"ENSMUSG00000096747",0,0,0,0,0,0,0,0,0,0,0
"ENSMUSG00000096749",0,0,0,0,0,0,0,0,0,0,0
"ENSMUSG00000096750",0,0,0,0,0,0,0,0,0,0,0
"ENSMUSG00000096753",0,0,0,0,0,0,0,0,0,0,0
"ENSMUSG00000096756",0,0,0,0,0,0,0,0,0,0,0
"ENSMUSG00000096757",0,0,0,0,0,0,0,0,0,0,0
"ENSMUSG00000096760",0,0,0,0,0,0,0,0,0,0,0
"ENSMUSG00000096761",0,0,0,0,0,0,0,0,0,0,0
"ENSMUSG00000096764",35.2326444629046,0,0,5.45699937799095,37.9147736821371,5.1188005248771,0,41.6606823490926,13.2193060104001,0,0
"ENSMUSG00000096767",0,1.06502878020802,0.886056056859279,0,0,0,7.32015392592679,0,0,0.933569131487961,0
"ENSMUSG00000096769",0,0,0,0,0,0,0,0,0,0,0
"ENSMUSG00000096773",0,0,0,0,0,0,0,0,0,0,0
"ENSMUSG00000096775",0,2.1118117142964,0,1.09679140742222,0,0,5.17366128425373,0,0,0,10.3320388074252
"ENSMUSG00000096776",0,0,0,0,0,0,0,0,0,0,0
"ENSMUSG00000096788",0,0,0,0,0,0,0,0,0,0,0
"ENSMUSG00000096793",19.1565858277461,0,6.8965722102348,13.4412299467528,14.0055740652897,11.0510408779109,3.8886583072224,12.5569432692394,16.5536579262461,9.91356714681726,20.5621602466507
"ENSMUSG00000096794",0,0,0,0,0,0,0,0,0,0,0
"ENSMUSG00000096795",74.8954994588005,78.9276804626486,77.0890519006294,69.6522667968385,71.0630124902011,81.8356621675673,57.0337877876895,67.4015412355769,76.0977125689974,73.6954823722863,89.7857053203952
"ENSMUSG00000096798",0,0,0,1.09632040239498,0,2.56241931257927,0,0,0.941456555037785,0,0
"ENSMUSG00000096803",0,0,0,0,0,0,0,0,0,0,0
"ENSMUSG00000096805",111.555298868761,58.5921859898435,44.3109074110556,6.64061305349371,4.4111486327226,67.5182830394491,6.21727005515826,2.92306132424258,0,1.8597379829401,0
"ENSMUSG00000096806",0,0,0,0,0,0,0,0,0,0,0
"ENSMUSG00000096808",315.010008291945,405.388417168781,292.659845353316,348.42985319883,359.606419309804,411.472508385374,332.034300169046,390.401243651768,387.488140389419,319.006161720804,339.773966624374
"ENSMUSG00000096813",0,0,0,0,0,0,0,0,0,0,0
"ENSMUSG00000096820",0,0,0,0,0,0,0,0,0,0,0
"ENSMUSG00000096822",0,0,0,0,0,0,0,0,0,0,0
"ENSMUSG00000096824",0,4.30991245790647,0,0,0,5.14270442176482,0,0,0,0,0
"ENSMUSG00000096825",0,3.24192520459567,0,0,0,0,0,0,0,0,0
"ENSMUSG00000096827",0,1.07778961293035,0,0,0,5.14121809785137,0,0,0,0,0
"ENSMUSG00000096833",155.043621738539,187.875532973819,257.806629956123,45.4248068820122,477.158798686207,117.23868226578,27.084867463308,98.4658326902101,98.3795175367677,112.559430043458,4.6938406717725
"ENSMUSG00000096834",0,0,0,0,0,0,0,0,0,0,0
"ENSMUSG00000096839",0,0,0,0,0,0,0,0,0,0,1.14045445258444
"ENSMUSG00000096840",0,0,0,0,0,0,0,0,0,0,0
"ENSMUSG00000096844",88.4818756513258,115.991207166702,120.505920959102,15.4620682511099,44.1710524448697,51.9575937515953,7.24226225829529,24.3149561111253,17.5392494279584,36.1588898525377,2.35927665344456
"ENSMUSG00000096846",0,0,0,0,0,1.26611812076994,0,0,0,0,0
"ENSMUSG00000096847",2.72831934881816,1.0876481444502,0.885684058795189,4.33470838363091,1.06268486304627,0,9.21775167309267,3.9553027312955,4.74186205097407,0.941186665430192,0
"ENSMUSG00000096850",9.67332819843488,4.27450329016127,4.44546352192917,3.29957456913431,4.44662044487881,2.52927741296382,8.1693141132373,2.9283223208551,4.64322416996484,4.50665447964467,4.72322924109907
"ENSMUSG00000096852",0,0,0,0,0,0,0,0,0,0,0
"ENSMUSG00000096854",0,0,0,0,0,0,0,0,0,0,0
"ENSMUSG00000096856",37.0127551512558,30.0060315161688,34.1381304770591,39.2340783346897,30.2696659513225,24.3134534126618,43.9169693656289,42.8613453145343,38.9368495126321,35.511515496333,54.7395823326885
"ENSMUSG00000096858",0,0,0,0,0,0,0,0,0,0,0
"ENSMUSG00000096859",0,0,0,0,0,0,0,0,0,0,0
"ENSMUSG00000096861",0,0,0,0,0,0,0,0,0,0,0
"ENSMUSG00000096867",0,0,0,0,0,0,0,0,0,0,0
"ENSMUSG00000096869",0,1.08064173486522,0,0,0,0,0,0,0,0,0
"ENSMUSG00000096872",0,0,0,0,0,0,0,0,0,0,0
"ENSMUSG00000096878",0,0,0,0,0,0,3.14728912956973,0.982965914812616,2.80084061270961,0,0
"ENSMUSG00000096879",0,0,0,0,0,0,0,0,0,0,0
"ENSMUSG00000096883",13.5394012294516,16.3824786204003,15.8496462476001,14.0592371243613,6.38553258528593,10.3731172361177,16.3418407504361,6.90212277047576,6.64160259630762,8.47254189415075,12.5861392582305
"ENSMUSG00000096885",0,0,0,0,0,0,0,0,0,0,0
"ENSMUSG00000096887",0,0,0,0,0,0,0,0,0,0,0
"ENSMUSG00000096898",0,0,0,0,0,0,0,0,0,0,0
"ENSMUSG00000096900",0,1.08064173486522,0,0,0,0,0,0,0,0,0
"ENSMUSG00000096901",0,0,0,0,0,0,0,0,0,0,1.14045445258444
"ENSMUSG00000096903",0,0,0,0,0,0,0,0,0,0,0
"ENSMUSG00000096904",2.68188717143943,9.63887784324957,0,0,0,0,7.34029618530721,2.95121363257115,0,0,1.16732259064712
"ENSMUSG00000096908",0,0,0,0,0,0,0,0,0,0,0
"ENSMUSG00000096910",93.2160244455134,113.068038773299,94.3642935702935,94.6003894838227,71.4410342920997,81.2838835289899,60.3809206447853,86.8517872658718,107.446974524169,84.6365034992052,85.5631662762943
"ENSMUSG00000096914",0,0,0,0,0,0,0,0,0,0,0
"ENSMUSG00000096915",0,0,0,0,0,0,0,0,0,0,0
"ENSMUSG00000096916",17.1693144047457,28.9778257529497,16.9342653269964,21.0204686714849,9.87195373365747,18.2193575634958,44.3509642942935,19.8624506571039,16.4101030220914,10.5721012016964,12.8038978569526
"ENSMUSG00000096923",0,0,0.888711478704946,0,0,0,0,0,0,0,0
"ENSMUSG00000096930",0,0,0,0,0,0,0,0,0,0,0
"ENSMUSG00000096949",0,0,0,0,0,0,0,0,0,0,0
"ENSMUSG00000096966",6.22148181446002,2.16341999918282,1.77656953888856,0,5.31262418539098,2.56274779976956,7.15860984655172,5.90722726155695,6.60574606277938,3.74023193506577,1.14231722096898
"ENSMUSG00000096968",1.3390342925368,1.07276187471262,3.5699585750957,0,1.10690880187524,0,0,0.974171315855,0,0,0
"ENSMUSG00000097050",0,0,0,0,0,0,0,0,0,0,0
"ENSMUSG00000097075",2.48431118963797,2.90401371821117,3.08645901622628,1.32820687933844,1.42085941333201,1.53077271062527,1.22336208501385,3.55591061063509,1.13056006671581,1.07429708072287,3.17765795611807
"ENSMUSG00000097078",3.28631255400774,2.13424760789506,0.882978450889248,0,1.07722067160559,5.15785737431386,2.10016021660198,2.92274814101915,2.77096672237004,2.89764112055337,3.50686487721204
"ENSMUSG00000097084",0,0,0,0,0,0,0,0,0,0,0
"ENSMUSG00000097148",19.7648580167766,31.196884063535,11.4729618532027,14.2354638226272,9.52511124606057,20.7148342909277,33.9090168286927,10.8325318338734,9.41384283115376,10.3982941490452,16.0138116102976
"ENSMUSG00000097187",2.10958153768195,2.14326911864136,1.76260809316972,3.24149006305435,1.1017511197759,0,1.01593886278964,4.92166604665987,1.87774318423744,0.904126453583362,3.48709193772896
"ENSMUSG00000097221",5.88759683700075,2.12422979303713,0,2.20914869401471,2.14432874220898,0,3.13545360371088,0,4.5966004174013,2.88404005938172,2.32693614516965
"ENSMUSG00000097239",0,0,0,0,0,0,0,0,0,0,0
"ENSMUSG00000097271",1.32090697141078,0,1.76333295728355,2.22249558959749,1.09227444197867,2.59060237138619,0,0.975866498018943,0,0,0
"ENSMUSG00000097306",0,0,0,2.1791567002766,0,0,0,0,0,0,0
"ENSMUSG00000097327",176.484415334621,160.684870307023,180.694845655926,221.3087244638,129.836833153743,111.008171381262,216.30263560642,173.087200357595,241.08731582909,153.571354412265,179.382841996542
"ENSMUSG00000097328",50.9961534879828,48.9588069479808,71.9699394359037,31.1655102185582,77.6226219366248,54.8167393069427,55.8811053863602,57.7063654181842,55.0549835573431,75.0984564682089,34.8980036307481
"ENSMUSG00000097333",32.3989070623781,33.2189920704177,24.7618048352818,27.5607035645123,163.53512586476,363.300225489773,24.8327015353328,154.582231367902,258.779227067865,142.875943875719,31.7415082657248
"ENSMUSG00000097392",182.732758562853,199.519777183734,190.396153058254,173.358589551818,197.57185096239,198.482919450624,251.622166376487,164.205577841039,169.278803536381,188.677326019961,187.972580301836
"ENSMUSG00000097394",44.7438023598153,39.5730542621171,35.2471794927107,60.7590176065847,49.4853558583707,30.8451851748809,39.8339525776013,52.8142836870774,45.9582571141846,43.8187604086099,32.8117309003592
"ENSMUSG00000097425",0,0,0,0,0,0,0,0,0,0,0
"ENSMUSG00000097427",0,0,0,0,0,0,0,0,0,0,0
"ENSMUSG00000097487",64.0883963152202,84.935863349637,104.39134694977,126.30732569631,104.316051615396,117.625611853284,96.0876944869467,103.493125518687,106.15489539641,100.263212733805,74.6807403913389
"ENSMUSG00000097565",1.37987853529677,0,0,0,0,0,0,0,0,0,0
"ENSMUSG00000097600",0,0,0,0,0,0,0,0,0,0,0
"ENSMUSG00000097638",0,0,0,0,0,0,0,0,0,0,0
"ENSMUSG00000097704",0,0,0,0,0,0,0,0,0,0,0
"ENSMUSG00000097789",0,0,0,0,0,0,0,0,0,0,0
"ENSMUSG00000097829",0,0,0,0,0,0,0,0,0,0,0
"ENSMUSG00000097853",2.66444959425052,0,0,0,3.19219582286958,5.15300650457343,0,2.93793741584904,0,2.89841603054211,0
"ENSMUSG00000097854",0.70172026095808,1.08669053776725,0,1.09234240759753,0,2.56839610990187,3.06113138616622,0,0,2.67242491560383,4.68694968887007
"ENSMUSG00000097886",0,0,0,0,0,0,0,0,0,0,0
"ENSMUSG00000097918",0,0,0,0,0,0,0,0,0,0,0
"ENSMUSG00000097919",1.33095819491651,1.08371200981671,5.35367636182915,0,0,0,0,0,0.940334413084383,0,2.3646727957938
"ENSMUSG00000097929",0,0,0,0,0,0,0,0,0,0,0
"ENSMUSG00000097982",0,0,0,0,0,0,0,0,0,0,0
"ENSMUSG00000097993",15.2663870072831,31.4963359578541,2.6606363274748,11.9447137890026,8.45383453399938,23.216120255674,2.04563434905926,6.88861991689103,2.8307912996408,10.2657835781124,0
"ENSMUSG00000098004",0,1.09645708040785,0,0,0,0,0,1.9565784163687,0,0,0
"ENSMUSG00000098022",18.3564856321077,23.9692575312054,9.99491688534028,18.8243488341911,16.2814281440795,23.1040347619502,45.0335681454693,51.3323411670316,54.8088599993806,87.1750243226792,51.6539176270472
"ENSMUSG00000098078",0,0,0,0,0,0,2.0489558229588,0,0.94676288413655,0,0
"ENSMUSG00000098094",0,0,0,0,0,0,0,0,0,0,0
"ENSMUSG00000098112",132.717497069038,312.822031489876,61.8211079019716,106.304224172048,89.71595777077,203.081557339293,62.0178678940287,83.633483154429,70.242838178323,111.404883485358,62.7996901890878
"ENSMUSG00000098132",61.2615308543443,41.2331631601568,31.824129685083,34.748832817462,19.0209234946725,45.0892733953838,51.3432215853935,43.5633157905195,40.7134927958161,44.434591601451,54.6449052474907
"ENSMUSG00000098134",194.70046434416,199.265381354734,189.272172176343,182.962949003833,172.99182952976,177.891736423641,218.255173480606,213.729805208686,211.154168786949,161.348238331995,135.636271848904
"ENSMUSG00000098140",1.34683927539494,0,1.76757994403274,2.19267328026402,0,0,1.03616988187784,1.95906927548396,1.87230770331605,0.958571510773259,3.46732934389088
"ENSMUSG00000098176",24.413775995214,20.4666431529236,23.1020822074079,36.4551371884231,26.3469057040662,37.2924852118579,35.0135478385133,24.6119919206208,29.0263185943617,35.2762459208208,25.5421991362018
"ENSMUSG00000098188",85.7785536184034,79.9860331344562,75.3910358291656,80.4332333771889,97.682455105788,60.3449979536622,74.9718952656706,70.9240271020323,54.6925370292641,80.0274114813765,55.9643861346811
"ENSMUSG00000098207",0,0,0,0,0,0,0,0,0,0,0
"ENSMUSG00000098274",3866.37010696234,4875.11140752689,4376.26688340335,4962.79393943272,4214.52527274815,4411.86239563733,4777.88491012665,4382.60510946566,4395.85500751201,3993.91329547528,4484.14635673287
"ENSMUSG00000098301",0,0,0.877997582393037,2.18364130195301,2.20054836592795,0,0,0.967020198966471,0.922358186442549,0,1.15936379395478
"ENSMUSG00000098306",0,0,0,0,0,0,0,0,0,0,0
"ENSMUSG00000098332",40.0057610513392,36.1651279365278,22.743824218619,49.3339227565746,37.2406025807036,54.2570406292256,52.4366931065176,40.058102381453,40.0718167026402,39.6318077385704,33.6766243390415
"ENSMUSG00000098348",0,0,0,0,0,0,0,0,0,0,0
"ENSMUSG00000098374",19.3376556976168,26.8335946959045,14.1921205921504,14.1778430027282,17.9337374931947,42.2442587448271,6.12550457522121,10.9321964441204,22.7105757597013,16.8934603347867,9.1678439330807
"ENSMUSG00000098375",5.26570615038423,0,2.65293494005266,3.32403686348305,0,3.86829178233564,14.7474057456784,0,2.76672743898702,0,1.17263523472173
"ENSMUSG00000098387",19.0994920725874,14.0435496665878,15.1029406945064,20.6949257350719,7.74124989302401,15.3776986533186,19.9829929630495,19.3613260756318,14.1965981418708,11.5891593266028,21.0473605409033
"ENSMUSG00000098411",0,0,0,0,0,0,0,0,0,0,0
"ENSMUSG00000098456",0,0,0,0,1.06103576572728,0,0,1.91656601990018,0,0.951566390709832,3.4541753220803
"ENSMUSG00000098470",2.05397437062554,1.0756476613565,0,0,0,2.58468242944309,0,0,0,1.88064128498135,0
"ENSMUSG00000098488",102.338993910021,99.5871837581256,49.7116201057993,81.5885953228977,36.0640378841612,105.331483032887,52.1794192958706,83.7129343077035,78.3381472042559,48.6528021615597,126.662379171401
"ENSMUSG00000098505",0,0,0,0,0,0,0,0,0,0,0
"ENSMUSG00000098509",0,0,0,0,0,0,0,0,0,0,0
"ENSMUSG00000098530",0,0,0,0,0,0,0,0,0,0,0
"ENSMUSG00000098549",0,0,0,0,0,0,0,0,0,0,0
"ENSMUSG00000098557",103.106752926937,86.133941006901,95.4595935916823,94.4706362186216,79.7735442058417,67.6210740485172,79.7379092548542,91.6091876303218,72.9035175214216,92.5305500050661,62.0669903613084
"ENSMUSG00000098559",16.0687138222042,27.8290835829113,21.9824032798299,15.4855758000249,23.4336883667011,33.3004729163646,29.3605056989617,22.3867659352169,16.643279332259,26.1015162045962,17.2913510724529
"ENSMUSG00000098590",0,0,0,0,0,0,0,0,0,0,0
"ENSMUSG00000098615",12.3323684729422,26.8550486245647,23.915021875471,31.609082242878,22.4490401558413,19.1178623354682,41.0284758988695,0,22.4962255652954,16.9751513455759,16.0686182125975
"ENSMUSG00000098640",0,0,0,0,1.05699639091382,1.29340889298057,1.02880688783218,0.984585718948522,2.8098855988317,0,0
"ENSMUSG00000098650",0,0,0,0,0,0,0,0,0,0,0
"ENSMUSG00000098678",4.81763338236676,0,5.33181119668541,4.34174595202582,3.19025191196014,0,2.04841218734954,0.986116776114701,0.944679865764588,0.938077447276289,3.42747904813652
"ENSMUSG00000098692",2.00874774345682,0,0,1.12270377112603,0,0,0,0,0,0,0
"ENSMUSG00000098715",0,0,0,0,0,0,0,0,0,0,0
"ENSMUSG00000098754",0,0,0,0,3.15287026711091,0,0,0,0,0,0
"ENSMUSG00000098781",0,1.07662634788552,0,0,0,3.91659021321172,0,0,0.93310253767375,0,0
"ENSMUSG00000098789",106.299231755119,165.024604843566,52.2637935751683,87.6207896018152,43.8651586319781,81.0289692938368,56.7509989029873,67.9683001669654,165.867502040208,51.4771260453304,74.036143655166
"ENSMUSG00000098794",0,0,0,0,0,0,0,0,0,0,0
"ENSMUSG00000098799",0,0,0,0,0,0,0,0,0,0,0
"ENSMUSG00000098814",145.042788847403,285.788338012644,149.323659339207,19.974574377967,69.1309023907683,314.801198598436,66.7773432868297,99.2833339612537,33.098300117802,43.754735436512,1.19055201451009
"ENSMUSG00000098847",0,0,0,0,0,0,0,0,0,0,0
"ENSMUSG00000098905",8.83161582058233,9.95034908042275,20.5319023206729,17.5139659736958,11.5077721086613,10.2522969417264,13.33668140579,16.5533306810557,12.0119541604274,16.9917355396557,12.8300393661437
"ENSMUSG00000098923",77.1453516548441,116.144269774045,91.1069544344518,112.77703497223,95.4525787598349,94.9844361501252,77.2669732620859,91.4591106830204,91.9844875053798,103.300602174758,81.3856477152001
"ENSMUSG00000098930",0,0,0,0,0,0,0,0,0,0,0
"ENSMUSG00000098947",0,0,0,0,0,0,0,0,0,0,0
"ENSMUSG00000098950",11.3801821983933,5.9691035313258,9.11866557344106,18.7553492240385,8.01417470705059,3.61128276233792,8.93254052260052,15.6934996611101,7.00624976863529,9.09370118461363,14.2683155559837
"ENSMUSG00000099009",1.36555573695964,0,0,0,0,0,10.3522327333452,0,0,0,0
"ENSMUSG00000099032",0.671597368794382,0,0,0,0,0,0,0,1.88023574066675,0,1.179882442064
"ENSMUSG00000099077",94.6633271571503,117.990900521801,94.5464113155732,80.8573789343376,85.5928506595438,115.614841245848,120.37124416779,110.083832309461,95.4383770384404,93.0301617308386,77.4686152483789
"ENSMUSG00000099083",415.300868384254,504.721559164886,549.597814826779,696.08789054433,670.764667472351,470.166727040379,637.416263323267,478.741474209051,571.181513247004,564.760540267416,565.713790409107
"ENSMUSG00000099102",0,0,0,0,0,0,0,0,0.94676288413655,0,0
"ENSMUSG00000099104",0,0,0,0,0,0,0,0,0,0,0
"ENSMUSG00000099115",454.690768831714,593.839117643611,370.131916926899,386.714235825121,470.907770780695,538.513352532809,438.716047525362,492.299319820069,329.683623272724,428.656586118274,368.436659164713
"ENSMUSG00000099216",0,0,0,0,0,0,0,0,0,0,0
"ENSMUSG00000099269",0,0,0,0,0,0,0,0,0.94676288413655,0,0
"ENSMUSG00000099282",0,0,0,0,0,0,0,0,0,0,0
"ENSMUSG00000099294",2.65583176265327,0,3.50208999593252,0,1.06659558259419,2.56835121771322,5.17122222446837,1.95613227902963,0,3.8423893618523,3.47836338487229
"ENSMUSG00000099398",10.9253016100129,25.2680386616555,26.7136904499614,20.7998415411644,37.6006951042754,8.99292845017044,14.4431605467616,15.7012674650731,27.0701494272351,12.2500173811298,14.8776977790405
"ENSMUSG00000099418",0,0,0,0,0,0,0,0,0,0,0
"ENSMUSG00000099481",2.19360805335395,0,7.34815474183495,3.60359487280915,0,0,6.77657251292629,5.9502152028033,0,3.76446389442264,0
"ENSMUSG00000099486",0,0,0,0,0,0,0,0,0,0,0
"ENSMUSG00000099517",1.97238104087903,0,0,0,0,0,1.05828843275285,0.976147758651254,0,1.9345391362956,0
"ENSMUSG00000099518",0,0,0,0,0,0,0,0,0,0,0
"ENSMUSG00000099530",0,0,0,0,0,0,0,0,0,0,0
"ENSMUSG00000099541",0,0,0,0,0,0,0,0,0,0,0
"ENSMUSG00000099545",0,0,0,0,0,0,0,0,0,0,0
"ENSMUSG00000099550",0,0,0,0,0,0,0,0,0,0,0
"ENSMUSG00000099564",0.689939267648385,0,0,0,0,0,0,0,0,0,0
"ENSMUSG00000099581",0,0,0,0,0,0,0,0,0,0,0
"ENSMUSG00000099583",3.29124697360991,3.21773756834294,5.29248541895925,0,1.08694407673984,0,3.17867559704051,0.977319277524147,6.47348333396264,0.968430431904561,0
"ENSMUSG00000099611",0,0,0,0,0,0,0,0,0,0,0
"ENSMUSG00000099655",16.0172310246759,9.65954716473096,6.13926383098119,0,2.10106875221369,6.36591477408564,16.4380848599058,0,13.1644215688437,0.954464118413494,3.43105623490864
"ENSMUSG00000099687",0,0,0,0,0,0,0,0,0,0,0
"ENSMUSG00000099689",59.468863417264,68.6145205381223,47.6450164530359,75.2453755130882,41.3719645332846,84.1097654607454,62.0364457536743,68.7883178985609,35.7790571879606,58.7762342910185,66.3127463823879
"ENSMUSG00000099711",0,0,0,0,0,0,0,0,0,0,0
"ENSMUSG00000099729",0,0,0,0,0,0,0,0,0,0,0
"ENSMUSG00000099762",0,0,2.63548851011141,0,0,0,0,0,0.926349524825027,1.91830319503224,3.45338722171608
"ENSMUSG00000099787",0,0,0,0,0,0,0,0,0,0,0
"ENSMUSG00000099792",0,0,0,0,0,0,0,0,0,0,0
"ENSMUSG00000099820",0,0,0,0,0,0,0,0,0,0,0
"ENSMUSG00000099840",0,0,0,0,0,0,0,0,0,0,0
"ENSMUSG00000099861",0,0,0,0,0,0,0,0,0,0,0
"ENSMUSG00000099863",0,0,0,0,0,0,0,0,0,0,0
"ENSMUSG00000099894",0,0,0,0,0,0,0,0,0,0,0
"ENSMUSG00000099900",0,0,0,0,0,0,0,0,0,0,0
"ENSMUSG00000099908",0,1.11025384043264,0,0,0,0,0,0,0,0.911392659389914,0
"ENSMUSG00000099913",0,0,5.30890795341784,0,0,0,11.5210812473747,5.85109706417934,0,0,0
"ENSMUSG00000099917",0,0,0,0,0,0,0,0,0,0,0
"ENSMUSG00000099974",26.468227832797,33.940330388169,21.9088367491703,11.0556999686466,15.0018143260186,29.6304309735567,11.4901629656456,25.3299808806427,12.080055438689,49.4103962649035,10.4652921981337
"ENSMUSG00000100004",0,0,0,0,0,0,0,0,0,0,0
"ENSMUSG00000100016",0,0,0,0,0,0,0,0,0,0,0
"ENSMUSG00000100032",0,0,0,0,0,0,0,0,0,0,0
"ENSMUSG00000100058",0,0,0,0,0,0,0,0,0,0,0
"ENSMUSG00000100079",0,0,0,1.0895783501383,0,0,0,0,0,0,0
"ENSMUSG00000100186",0,0,0,0,0,0,0,0,0,0,0
"ENSMUSG00000100190",0,0,0,0,0,0,0,0,0,0,0
"ENSMUSG00000100194",0,0,0,0,0,0,0,0,0,0,0
"ENSMUSG00000100200",0.675836516767053,2.14734997266869,1.76596415623855,3.3431814350079,3.32239530683369,0,0,5.83390299902075,0,0,0
"ENSMUSG00000100210",0.655556931200663,2.13638395277513,0,1.11292649003799,2.16499621282678,0,4.22089831278093,3.89328683939059,0.921000655595756,0,3.52404543385849
"ENSMUSG00000100231",0,0,0,0,0,0,0,0,0,0,0
"ENSMUSG00000100235",10.7047132219129,20.5906265438943,10.5807137177368,12.179872225966,0,6.43590342084553,20.0057407562069,4.86948851634855,14.8060479787889,6.75416802538088,9.12438241687925
"ENSMUSG00000100240",0,0,0,0,0,0,0,0,0,0,0
"ENSMUSG00000100241",0,0,0,0,0,0,0,0,0,0,0
"ENSMUSG00000100249",0,0,0,0,0,0,0,0,0,0,0
"ENSMUSG00000100254",58.9027577620681,112.587090154398,63.0267885541302,107.629522277985,30.7330882126686,69.3571107373893,68.5367268537118,72.8918770036406,61.337676356473,76.7216225886239,55.8909864754546
"ENSMUSG00000100265",0,0,0,0,0,0,0,0,0,0,0
"ENSMUSG00000100296",0,0,0,0,0,0,0,0,0,0,0
"ENSMUSG00000100305",0,0,0,0,0,0,0,0,0,0,0
"ENSMUSG00000100338",0,0,0,0,0,0,0,0,0,0,0
"ENSMUSG00000100448",0,0,0,0,0,0,0,0,0,0,0
"ENSMUSG00000100467",0,0,0,0,0,0,0,0,0,0,0
"ENSMUSG00000100486",0,0,0,0,0,0,0,0,0,0,0
"ENSMUSG00000100505",0,0,0,0,0,0,0,0,0,0,0
"ENSMUSG00000100512",0,2.12420499150653,8.81710494497333,1.09672745482793,3.2472872537657,5.07942754810873,0,0.97009362700479,4.6428040204786,4.7887567142555,2.32324161267595
"ENSMUSG00000100549",0,0,0,0,0,0,0,0,0,0,0
"ENSMUSG00000100586",0.939043262787407,0,0,0.928387357480427,0,0,0,0,0,1.61484402019214,0
"ENSMUSG00000100608",0,0,0,0,0,0,0,0,0,0,0
"ENSMUSG00000100617",0,0,0,0,0,0,0,0,0,0,0
"ENSMUSG00000100621",0,0,0,0,0,0,0,0,0,0,0
"ENSMUSG00000100622",0,0,0,0,0,0,0,0,0,0,0
"ENSMUSG00000100626",0,0,0,0,0,0,0,0,0,0,0
"ENSMUSG00000100634",0,0,0,0,0,0,0,0,0,0,0
"ENSMUSG00000100642",13.7094518098071,11.7229718884061,4.38221918834739,24.3250480195186,11.9039274030405,14.2065238733555,8.4392786031892,17.4970678993681,8.28653345246594,21.2119938881572,4.66303865800309
"ENSMUSG00000100679",9.9704510454243,5.47550400918898,7.10509759376116,11.045432737137,16.9413595743306,15.6630361770817,5.19274353262064,12.7056499268749,7.41455774750861,15.8908798614136,11.5229025229897
"ENSMUSG00000100689",0,0,0,0,0,0,0,0,0,0,0
"ENSMUSG00000100704",0,0,0,0,0,0,0,0,0,0,0
"ENSMUSG00000100713",0,0,0,0,0,0,0,0,0,0,0
"ENSMUSG00000100726",0,0,0,0,0,0,0,0,0,0,0
"ENSMUSG00000100838",5.71378426187782,1.10080679897779,8.99547167624128,1.07888783983195,5.2194353523228,5.12508776462499,1.01128550263119,0,0,14.6080420013143,9.03411812923322
"ENSMUSG00000100846",0,0,0,0,0,0,0,0,0,0,0
"ENSMUSG00000100856",0,0,0,0,0,0,0,0,0,0,0
"ENSMUSG00000100899",0,0,0,0,0,0,0,0,0,0,0
"ENSMUSG00000100916",0,0,0,0,0,0,0,1.94951825554465,0.930399727188446,0.970281109418842,0
"ENSMUSG00000100923",0,0,0,0,0,0,0,0,0,0,0
"ENSMUSG00000100937",1.36688323678041,4.27349635909376,5.30100446827401,1.09513664035245,4.23910281247093,5.13352850344337,1.02638001932987,0.987547007589674,8.46738812267922,5.69402348634084,4.5999077323766
"ENSMUSG00000100939",0,0,0,0,0,0,0,0,0,0,0
"ENSMUSG00000100950",0,0,0,0,0,0,0,0,0,0,0
"ENSMUSG00000100962",0,0,0,0,0,0,0,0,0,0,0
"ENSMUSG00000100963",0,0,0,0,0,0,0,0,0,0,0
"ENSMUSG00000100967",0,0,0.880698303151125,0,1.09484038446074,0,0,0,1.83416705061148,0,0
"ENSMUSG00000101026",0,0.689062883566918,0,1.25786270172313,0,1.46258334516727,0,0,0,0,1.35788727981193
"ENSMUSG00000101031",0,0,0,0,0,0,0,0,0,0,0
"ENSMUSG00000101053",0,0,0,0,0,0,0,0,0,0,0
"ENSMUSG00000101073",0,0,0,0,0,0,0,0,0,0,0
"ENSMUSG00000101078",0,0,0,0,0,0,0,0,0,0,0
"ENSMUSG00000101113",0,1.09042149741549,0,0,0,0,2.03057916634297,0,0,0,0
"ENSMUSG00000101146",0,0,0,0,0,0,0,0,0,0,0
"ENSMUSG00000101152",0,0,0,0,0,0,0,0,0,2.80910083587316,0
"ENSMUSG00000101155",0,0,0,0,0,0,0,0,0,0,0
"ENSMUSG00000101174",34.3021656663256,19.4460874471936,47.3996759037483,30.5535904644206,45.8336118829004,54.4240441611324,41.0700110497084,51.1103466847792,50.8946355641377,46.5565418557497,67.914849442518
"ENSMUSG00000101232",0,0,0,0,0,0,0,0,0,0,0
"ENSMUSG00000101243",0,0,0,0,0,0,0,0,0,0,0
"ENSMUSG00000101252",0,0,0,0,0,0,0,0,0,0,0
"ENSMUSG00000101294",0,0,0,0,0,0,0,0,0,0,0
"ENSMUSG00000101298",0,0,0,0,0,0,0,0,0,0,0
"ENSMUSG00000101303",0,0,0,0,0,0,0,0,0,0,0
"ENSMUSG00000101307",0.681369074624347,0,0.889027685564123,1.10562425301604,0,0,0,0,0.939359374526504,0,1.14660083209592
"ENSMUSG00000101315",0,0,0,0,0,0,0,0,0,0,0
"ENSMUSG00000101337",0,0,2.64990007224752,0,0,0,1.03075427916706,0,0,0,0
"ENSMUSG00000101355",0,1.05954516927136,1.74272364976774,0,0,2.55498222864711,3.14004821896595,0,0,0.956662031106784,0
"ENSMUSG00000101361",0,2.1739298714055,0,0,0,1.29156490689591,0,0.987275250934654,0.939265554995745,0,0
"ENSMUSG00000101381",0,0,0,0,0,0,0,0,0,0,0
"ENSMUSG00000101389",40.4310479506393,24.115685325907,26.5994857427284,30.0260538666349,28.4136117320859,13.0624599914941,12.5088500739648,25.3939995145263,31.4879442415626,26.3517107128516,16.0207092865808
"ENSMUSG00000101391",0,0,0,0,0,0,0,0,0,0,0
"ENSMUSG00000101396",0,0,0,0,0,0,0,0,0,0,0
"ENSMUSG00000101399",0,0,0,0,0,0,0,0,0,0,0
"ENSMUSG00000101401",0,0,0,0,0,0,0,0,0,0,0
"ENSMUSG00000101415",0,0,0,0,0,0,0,0,0,0,0
"ENSMUSG00000101436",0,0,0,0,0,0,0,0,0,0,0
"ENSMUSG00000101471",0,0,0,0,0,0,0,0,0,0,0
"ENSMUSG00000101480",0,0,0,0,0,0,0,0,0,0,0
"ENSMUSG00000101500",0,0,0,0,0,0,0,0,0,0,0
"ENSMUSG00000101520",0,0,0,0,0,0,0,0,0,0,0
"ENSMUSG00000101528",0,0,0,0,0,0,0,0,0,0,0
"ENSMUSG00000101578",0,0,0,0,0,0,0,0,0,0,0
"ENSMUSG00000101605",2.75020548861629,1.07592416369755,1.77306743619708,0,0,0,0,0,1.89629952843525,0.940427326664302,2.29120724611346
"ENSMUSG00000101667",0,0,0,0,0,0,0,0,0,0,0
"ENSMUSG00000101678",2.06808218254055,12.9700247831991,2.66057670922883,0,0,0,3.07668168362135,7.91505721385505,0,6.57538309235092,3.42743631143743
"ENSMUSG00000101725",0,0,0,0,0,0,0,0,0,0,0
"ENSMUSG00000101750",0,0,0,0,0,1.28536513261889,2.04345168544328,0,0,0,0
"ENSMUSG00000101766",0,0,0,0,0,0,0,0,0,0,0
"ENSMUSG00000101818",0,0,0,0,0,0,0,0,0,0,0
"ENSMUSG00000101819",0,0,0,0,0,0,0,0,0,0,0
"ENSMUSG00000101860",0,0,0,0,0,0,0,0,0,0,0
"ENSMUSG00000101874",0,0,0,0,0,0,0,0,0,0,0
"ENSMUSG00000101892",181.292475838319,208.873105517655,201.944148862539,217.722849650946,228.7639267308,174.259396540111,235.895482537264,212.808071281922,204.437498638336,191.616056159847,211.455591687506
"ENSMUSG00000101904",0,0,14.2193836592791,0,0,0,0,0,0,0,0
"ENSMUSG00000101915",0,0,0,0,0,0,0,0,0,0,0
"ENSMUSG00000101918",0,0,0,0,0,0,0,0,0,0,0
"ENSMUSG00000101928",0,0,0,0,0,0,0,0,0,0,0
"ENSMUSG00000101959",2.7465079961667,2.14634471506231,2.65626660703847,7.65982214843899,2.11623614986631,1.27740238915377,3.08773942464862,3.94635613599645,2.81588659314247,0.947220693839196,2.29565158673589
"ENSMUSG00000101972",0,3.17594683489602,0.870624776884931,1.10298380866626,0,3.82923161636782,3.13739218539841,0.964626232006274,0,0.955852831282379,1.1641874191881
"ENSMUSG00000102018",3.14057483889828,0.827654559500285,6.80667593453066,2.48399843757891,1.61034740047117,0,7.03265136645906,4.51047902709032,8.69628729685729,5.01999258375577,7.79876015663144
"ENSMUSG00000102030",0,0,0,0,0,0,2.0489558229588,0,0,0,0
"ENSMUSG00000102037",16.5426423954981,18.0308005187148,16.6507159293694,13.2668399623759,21.4311633228837,16.7476348980973,12.5347232352498,3.89692013548349,8.36311530370775,13.5636381903657,12.7909126866079
"ENSMUSG00000102045",0,0,0,0,0,0,0,0,0,0,0
"ENSMUSG00000102053",0,0,0,0,0,0,0,0,0,0,0
"ENSMUSG00000102091",0,0,0,0,2.08198712743884,2.5883624544278,0,0,0,0,0
"ENSMUSG00000102141",0,0,0,0,0,0,0,0,0,0,0
"ENSMUSG00000102206",0,0,0,0,0,0,0,0,0,0,0
"ENSMUSG00000102222",14.4650228678183,10.8155293353072,5.32107345359817,6.54419766562634,7.38465975072086,12.8615700368019,9.22664683402614,7.90309386726402,5.66115350308563,1.87650800272491,5.70374562814698
"ENSMUSG00000102252",296.099475520046,353.549755145283,327.888896321637,303.955266712178,258.989932441052,307.999265718381,389.982416528327,323.168404063254,307.847081238742,226.224846364847,334.762738941985
"ENSMUSG00000102301",0,2.11076125745883,0,1.09607954274661,2.18246830015809,1.26123979874273,0,3.85821318643813,0,0,1.16935240717711
"ENSMUSG00000102308",0,0,0,0,0,0,0,0,0,0,0
"ENSMUSG00000102312",0,0,0,0,0,0,1.0244779114794,0,0,0,0
"ENSMUSG00000102313",0,0,0,0,0,0,0,0,0,0,0
"ENSMUSG00000102364",2.70012953171869,1.0662908827629,5.3323111123056,3.32158620431424,1.10518139414457,105.685144532742,10.4023598967515,15.6109014378962,13.8813669939023,255.708771462774,0
"ENSMUSG00000102388",0,0,0,0,0,0,0,0,0,0,0
"ENSMUSG00000102412",0,2.14637759220245,0,0,0,3.89933691214101,0,0,2.82069983151229,0,0
"ENSMUSG00000102416",2.1300216611829,0,0,0,0,0,0.587267487158091,0,0,0,1.28884717980105
"ENSMUSG00000102418",11.7616410142873,8.54050705214436,8.77955941169053,4.4593376325569,10.8500512394484,7.73169323876894,7.337574743162,3.88885019916849,10.1139737827281,6.70650130287122,8.16822861014753
"ENSMUSG00000102422",2.0614896849165,0,0,0,3.16859370104879,0,4.09404949639667,0,0,0,0
"ENSMUSG00000102428",9.68017580613255,3.24344046289785,15.0978575245033,2.17658340837312,8.47562658023605,12.8188121292824,2.04595693031928,5.92189582631655,3.77718773860671,6.55116553777121,6.85275046794693
"ENSMUSG00000102439",0,29.8155424854744,0,0,284.881315173411,0,2.02077084173776,0,2.70713497576763,0,48.9328638825989
"ENSMUSG00000102440",6.18686495728401,0,1.77157041870289,6.54861814420735,3.16455938407291,6.43205808683155,7.17123018052803,4.94623142424675,5.66462321290316,10.3300223772544,7.99394180262543
"ENSMUSG00000102483",0,0,0,0,0,0,0,0,0.94676288413655,0,0
"ENSMUSG00000102543",11.046208970483,2.59945733197273,31.9357993094036,3.5002511939909,5.08712906373779,2.06826418186271,5.74247434261913,3.17841958406553,6.83804021385965,2.25495939909028,9.16308864302546
"ENSMUSG00000102627",60.0642768306442,57.1030331228737,65.6735643455344,55.4428427546207,52.8899295011319,62.2882987417477,65.1627849256147,61.19295045947,47.9201497198975,45.8141633252042,60.032748424721
"ENSMUSG00000102668",0,0,0,0,0,0,0,0,0,0,0
"ENSMUSG00000102692",8.32717677588463,7.55046737632585,7.1085961581632,0,4.21881602072507,2.55154770705309,0,1.9820659782982,0.944475279036718,3.74532121596029,3.42658826251138
"ENSMUSG00000102697",1.38304061074358,0,0,3.26178955292892,0,1.28079999747628,0,0,0,0,1.14126008942303
"ENSMUSG00000102720",0,0,0,0,0,0,0,0,0,0,0
"ENSMUSG00000102742",11.6953926464914,4.32913971714928,4.43286033311635,1.0915634108068,18.9795779376318,2.57335555349217,7.18946196185673,4.93336907856199,8.47992279670998,4.69889117117104,5.69992215523496
"ENSMUSG00000102748",14.4186372465651,18.4023821977781,17.7459177037558,14.1853311980436,13.7093836202949,10.2632763048559,17.4927387899189,14.8075440448945,10.3608734033873,20.7174658128489,5.70015225844213
"ENSMUSG00000102752",69.6919577819714,52.7042253280149,55.6194153716132,55.7892255325851,37.3063686393135,52.8190047765743,59.8081999022329,49.8161911757923,33.6763119885422,69.3245985585613,36.6953645388366
"ENSMUSG00000102758",58.2507966724218,69.8571995073477,85.9808742106443,77.0467838766917,40.8595041220359,30.836653338073,52.1997502807011,71.3840029586421,84.6097153178569,41.9382334714047,52.3647917414638
"ENSMUSG00000102802",0,0,0,0,0,0,0,0,0,0,0
"ENSMUSG00000102805",64.9231824761065,76.7269863911292,63.6430527677919,76.6131006543713,64.4814471470677,69.888589252234,69.6009009416963,78.5460340292057,74.4442744883516,74.735222919871,89.1356962449341
"ENSMUSG00000102836",0,0,0,0,0,0,0,0,0,0,0
"ENSMUSG00000102888",4.04435348270992,0,0,4.45263534309187,0,2.55784051692653,0,0,0,0.940319052957339,0
"ENSMUSG00000102918",112.110746787912,246.308817724133,92.5190305817422,53.338225725825,77.1913989917988,82.0678251917433,204.817555658265,75.9959633565921,83.0168370824622,247.482589857967,163.70134114197
"ENSMUSG00000102976",25.0064937065174,11.483141274382,12.8843560824665,15.4374716682665,12.9994415194763,0,15.7247016323538,14.0635470745924,14.5318544234258,0.187094863711608,19.2897528810314
"ENSMUSG00000103019",0,0,0,0,0,0,0,0,0,0,0
"ENSMUSG00000103033",0,0,0,0,0,0,0,0,0,0,0
"ENSMUSG00000103034",2.82696144998176,6.46223570930788,11.5147350689384,12.9728003965347,9.96576962789311,1.27763882945912,7.12606065084669,6.80751581193752,5.6152011816311,17.0231331941737,10.5140366394662
"ENSMUSG00000103037",10.3036627576728,6.49266469212967,4.43688828350819,4.36173388058234,4.22194801928733,1.28312859876889,1.02743534250612,4.94085061542875,5.65901060413383,8.45912951662127,7.98429470507354
"ENSMUSG00000103068",0,1.08062693297314,0,0,0,0,1.01793863124481,0,0,1.88479022779261,0
"ENSMUSG00000103081",2.0682422652488,2.16100964052262,2.66359009234231,2.17950202326283,5.28073527917677,5.11804415306701,9.23833276123898,5.93067047929559,7.54276835033243,3.75930369044594,6.85189505184764
"ENSMUSG00000103084",0,0,0,0,0,0,0,0,0,0,0
"ENSMUSG00000103088",42.6001836178704,9.72241649608205,26.6132099380415,18.5355445372902,28.5460223346895,20.4988437801215,33.9258993022797,42.4488108213053,24.4932038158557,32.9549021644439,33.1271533844891
"ENSMUSG00000103092",2.07664223568826,2.18080413465804,0,2.18009162102905,0,0,1.0244177675978,0.984613848321513,0.942447495267423,0,0
"ENSMUSG00000103124",0,0,0,0,0,0,0,0,0,0,0
"ENSMUSG00000103125",0,0,0,0,0,0,0,0,0,0,0
"ENSMUSG00000103144",3.71459780181225,8.03021851576686,10.3554652694584,2.32140516099868,13.4534088080547,1.15373940749069,3.27960559923099,5.32828978808891,10.9872407948715,8.46834709211961,7.27902348334433
"ENSMUSG00000103243",0,0,0,0,5.25478377851818,0,0,0,0,0,0
"ENSMUSG00000103254",188.219149869708,464.628117498717,297.89151353014,188.071244798484,115.456080019643,90.7976705579753,400.754679588824,60.9665409863856,88.6107270864668,74.7298525358732,23.2962044995825
"ENSMUSG00000103255",0,0,0,0,0,0,0,0,0,0,0
"ENSMUSG00000103290",0,1.06184653179895,0,0,0,0,2.0852233433707,0,0,0,0
"ENSMUSG00000103310",1.37987853529677,0,0,0,0,0,0,0,0,0,0
"ENSMUSG00000103326",3.70193448730706,29.0020012810341,0,0.99275228095758,6.29437977213277,3.4580803348902,0,0,1.36954103304544,1.73449896051437,2.09616393137147
"ENSMUSG00000103332",2.06755553100926,1.07901671915608,1.77303626561089,6.54203380289905,2.11042773496786,1.28520797321539,4.09476832741067,2.96807648850882,0,0.938059731116959,0
"ENSMUSG00000103350",0,0,0,0,0,0,0,0,0,0,0
"ENSMUSG00000103362",0,0,0,0,0,0,0,0,0,0,0
"ENSMUSG00000103392",0,0,0,0,0,0,0,0,0,0,0
"ENSMUSG00000103409",6.65997013496791,10.7460873001899,0.891489108458272,0,0,5.1483282925307,0,0,0,5.81117666560604,0
"ENSMUSG00000103421",0,0,0,0,0,0,0,0,0,0,0
"ENSMUSG00000103442",0,0,0,0,0,0,0,0,0,0,0
"ENSMUSG00000103458",0,0,0.888711478704946,0,0,0,0,0,0,0,0
"ENSMUSG00000103468",0,0,0,0,0,0,0,0,0,0,0
"ENSMUSG00000103472",11.7205829538192,3.43020051102568,7.19461671956591,0.982125261211084,10.0747964906843,14.9751075486568,4.34504551270547,4.20697997648234,15.3250887632389,9.29873889148342,4.8542571882224
"ENSMUSG00000103476",0,0,0,0,0,0,0,0,0,0,0
"ENSMUSG00000103523",0,0,0,0,2.10191351140727,0,0,0,0,0,0
"ENSMUSG00000103567",13.0639928071863,10.7893390706966,15.0673226419588,10.9180521310471,21.0929077744407,15.4166721996845,16.4085288823926,12.8642744183354,21.7066539131132,10.3375797668723,5.71112688759788
"ENSMUSG00000103585",21.2982248937888,11.8939746196764,8.87271924993033,5.4548803025499,5.28045981790526,3.84432194731653,15.4294870734296,20.7246303160789,16.9498736420981,6.59248636180865,9.13122128887606
"ENSMUSG00000103677",6.80428668062927,12.7055362469245,8.86454697512205,2.71979925831386,2.63639892245842,4.2657466821688,1.70148974595661,6.59710686342295,1.57355486594531,6.23962783830811,22.6026320685179
"ENSMUSG00000103707",0.689939267648385,0,0,0,0,0,0,0,0,0,0
"ENSMUSG00000103711",3.26267555900441,3.19609085849465,0,3.33559260232315,1.08194338534216,2.57115603747946,0,1.94069966342456,0,4.7775953199026,1.16378090504591
"ENSMUSG00000103749",10.3167840348345,8.66015863305891,5.32415530349462,5.45119630621317,8.43685798764836,6.41046250503241,7.19468472290187,8.88967986266781,5.65464240069806,9.41166774724165,10.2622916462153
"ENSMUSG00000103766",0,4.46088450137159,0,0,0,0,3.52874997507039,0,1.61672244232162,134.611272693193,3.52869863834959
"ENSMUSG00000103770",1.38320941520523,0,0,0,1.06033518188069,0,0,0.985042516505351,2.8270205942204,0.937338304673542,0
"ENSMUSG00000103793",10.9684433520465,7.59387763369743,12.4168427424747,24.0713393523476,17.8390743669241,5.14628753331959,6.18475046646603,3.946804190358,6.5835152322745,18.8641412520418,15.9256045207232
"ENSMUSG00000103800",0.689939267648385,0,0,0,0,0,0,0,0,0,0
"ENSMUSG00000103879",0,0,0,0,0,0,0,0,0,0,0
"ENSMUSG00000103897",2.75657783328718,1.08186551821003,1.77436065329852,3.27340392116285,1.05297669655862,6.42001569841958,2.05241122811604,0.987444335583441,3.76748740496707,4.70357824636514,7.98991585035444
"ENSMUSG00000103906",43.9934784718814,50.81787708795,53.3659769460875,55.3641553658452,40.5401572347462,42.071581408998,53.212843282098,69.0186080775681,43.4806542340265,70.3381897812657,46.9633407077046
"ENSMUSG00000103939",2.67626863137326,15.9737680631306,0,19.9094293851984,46.1794604946574,12.719499557174,1.03923889691544,39.7958853031358,2.76330354494755,3.73646883526032,24.7023551362371
"ENSMUSG00000104043",0,0,0,0,0,0,0,0,0,0,0
"ENSMUSG00000104063",12.4082854236212,10.8145008094271,4.43999733364623,1.09034308919451,15.8344698469856,14.0822506578798,15.3941415564863,9.87688855864918,6.59729523738596,11.2768336393372,2.28380246360096
"ENSMUSG00000104148",2.06725199921082,0,0,0,0,0,1.02519234455499,0,0,2.81062736969214,0
"ENSMUSG00000104158",0,0,0,0,0,0,1.0244779114794,0,0,0,0
"ENSMUSG00000104191",0,0,0,0,0,0,0,0,0,0,0
"ENSMUSG00000104213",62.1975700481817,405.514642853967,1.04541814519063,4.20227634052588,5.0750997097639,199.789325838604,1.22785453259214,13.5564876005927,2.6882950479776,96.7191318699901,4.41071919752579
"ENSMUSG00000104217",0,0,0,0,0,0,0,0,0,0,0
"ENSMUSG00000104250",0,0,0,0,0,0,0,0,0,0,0
"ENSMUSG00000104252",0,0,0,0,2.10191351140727,0,0,0,0,0,0
"ENSMUSG00000104267",0,0,0,0,0,0,0,0,0,0,0
"ENSMUSG00000104301",0,1.08064173486522,0,0,0,0,0,0,0,0,0
"ENSMUSG00000104318",0,0,0,1.0895783501383,0,0,0,0,0,0,0
"ENSMUSG00000104346",2.06972447021118,0,0.887370159458364,2.18070286818926,8.45073589574486,1.28053556291847,8.20142422301274,6.91750688439563,2.82873859076758,9.3893933631305,5.71306991284936
"ENSMUSG00000104423",0,0,0,0,0,0,0,0,0,0,0
"ENSMUSG00000104445",17.2422178113602,0,9.72952393969419,16.3311022706951,10.5894953156589,15.4885161084133,0,12.7499764422804,0,20.6715505825103,0
"ENSMUSG00000104452",125.334461683036,152.000991480201,76.9924467058043,53.0047281188293,92.3852272448378,160.418762117851,42.4901803230678,28.2368641894897,46.1956823215045,140.965202936106,9.42868370042607
"ENSMUSG00000104463",0,0,0,0,0,0,0,0,0,0,0
"ENSMUSG00000104614",0,0,0,0,0,0,0,0,0,0,0
"ENSMUSG00000104620",0.667861786699493,0,1.7641050551863,1.10950302479787,1.09871317764031,1.28861873674844,0,0.972854576881285,0,0.929245057201268,0
"ENSMUSG00000104629",0,0,0,0,0,0,0,0,0,0,0
"ENSMUSG00000104630",0,0,0,0,0,0,0,0,0,0,0
"ENSMUSG00000104633",2.65803054727183,0,0,0,0,0,1.05422703473825,3.9206413404554,2.79058048783165,1.9476161700761,0
"ENSMUSG00000104713",222.04365076897,175.375795586111,154.39347310053,123.175404434189,131.883389556751,114.0577733988,161.116482525381,222.305960643617,169.955443758628,289.397887148943,188.90855274938
"ENSMUSG00000104752",0.689269100055654,2.15594190989769,0.89177957324051,0,0,0,0,0,0,0,0
"ENSMUSG00000104769",0,6.3457019932755,7.06011116483632,0,1.09606340389442,1.26473638735621,0,0,0,0,0
"ENSMUSG00000104824",0,0,0,0,0,0,0,0,0,0,0
"ENSMUSG00000104876",5.2762381481861,9.63724407604487,1.77204865257208,2.2272234842515,0,5.17564964417138,0,0.977610099069522,1.85368353431229,2.90763666890332,4.69194929514418
"ENSMUSG00000104962",0,0,0,0,0,0,0,0,0,0,0
"ENSMUSG00000104975",0,0,0,0,0,0,0,0,0,0,0
"ENSMUSG00000105066",0,0,0,0,0,0,0,0,0,0,0
"ENSMUSG00000105078",0,0,0,0,0,2.56382447803796,0,0,0,0,0
"ENSMUSG00000105096",24.5768563349933,15.1454241840573,6.19778409889199,8.76268807886561,0,8.97833919784602,13.428265985928,0,14.0524883899183,25.5419095224261,2.27970607262923
"ENSMUSG00000105103",1.99279872152497,0,6.1772604530762,0,0,0,3.15237854879207,0,3.67866838411901,0.970507355691312,1.15518848878609
"ENSMUSG00000105204",200.084350078792,220.233687641593,192.697202075519,192.703314035131,204.632015885566,282.051579465455,237.124329885905,229.193255342436,167.339232700445,205.022805461233,219.479649162092
"ENSMUSG00000105216",0,0,0,0,0,0,0,0,0,0,0
"ENSMUSG00000105231",0,0,0,0,0,0,0,0,0,0,0
"ENSMUSG00000105340",0,4.27761197630509,0,0,0,0,0,0,0,8.4831859827927,4.57939253860353
"ENSMUSG00000105432",0,1.07556613026731,0,1.11603732132358,0,10.2326725677964,0,0,0.930732315387496,0,0
"ENSMUSG00000105504",78.7055711646609,100.191099468439,45.4266319666013,40.4876683007348,67.1379580361105,81.8944377091733,32.4487540386733,39.4492083128279,67.4772232903618,72.507599169884,56.8811119125824
"ENSMUSG00000105518",0,0,0,0,0,0,0,0,0,0,0
"ENSMUSG00000105533",0,1.07434833694356,0.893917439174855,0,0,0,0,0,0,0,0
"ENSMUSG00000105547",55.0573277903843,136.567925792236,41.7865852493598,34.1540646426663,71.1119155200718,150.154407695791,19.4574816745804,80.964035657772,26.8741826126843,41.7179044169651,76.7763061634573
"ENSMUSG00000105589",0,0,0,0,0,0,0,0,0,0,0
"ENSMUSG00000105606",568.23936615298,180.763947729338,123.849739547969,47.5206449171483,122.154480456097,278.210561107891,76.9984586881667,131.933396952591,294.568128554198,135.074249929063,9.43614518244226
"ENSMUSG00000105629",0,1.07721532407815,0,0,0,1.2859897505672,0,0,0,0,0
"ENSMUSG00000105630",0,0,0,0,0,0,0,0,0,0,0
"ENSMUSG00000105721",0,0,0,0,0,0,0,0,0,0,0
"ENSMUSG00000105734",0,0,0,0,0,0,0,0,0,0,0
"ENSMUSG00000105827",7.21922792433227,8.5659262709366,4.40284506251687,0,1.0939200937446,5.18028986660959,13.6663655476713,3.89313364605896,4.60194380552705,9.45979773512327,1.17520571095132
"ENSMUSG00000105830",0,0,0,0,0,0,0,0,0,0,0
"ENSMUSG00000105835",0,0,0,0,0,0,0,0,0,0,0
"ENSMUSG00000105867",4.73070402955702,4.36593819651097,6.14572907925291,2.16927287986922,4.23364412650124,9.09700535166546,6.13952613228733,1.9763735191081,7.58753267196879,3.78041156182787,4.56759953144793
"ENSMUSG00000105875",1.31826935458646,1.05787944757618,3.51049555853367,7.75280876631366,1.07382974867197,1.29116415762559,2.08452311339809,1.94827077451703,3.71657903361925,1.93303966789265,3.50134061808023
"ENSMUSG00000105906",577.964977436019,878.188348356379,632.823512766985,446.848786913771,1064.76900629092,749.397380952151,165.576487837081,321.686422429201,414.684412184224,604.955142019373,77.1341884212676
"ENSMUSG00000105953",0,1.08064173486522,0,0,0,0,0,0,0,0.936366945291052,0
"ENSMUSG00000105993",0,0,0,0,0,0,1.02127126996938,0,0,0,1.14403531175035
"ENSMUSG00000106039",0,0,0,0,0,1.28191223901898,0,0,0,0,0
"ENSMUSG00000106247",0,0,0,0,0,0,0,0,0,0,0
"ENSMUSG00000106289",0,0,0,0,0,0,0,0,0,0,0
"ENSMUSG00000106350",1.3787332002839,1.0800036170115,0,1.08468470873894,2.12035590164041,6.39155419786516,0,0,0,0,0
"ENSMUSG00000106379",0,0,0,0,0,0,0,0,0.300062444585848,0,3.598384157156
"ENSMUSG00000106403",2.06981780294516,0,0,0,0,0,0,0,0,0,0
"ENSMUSG00000106405",0,0,0,0,0,0,0,0,0,0,0
"ENSMUSG00000106445",0,1.06823597009816,1.76448666446924,2.20342886104292,0,0,0,0.979713282598638,0.930524625826691,0.960969217080982,2.30893884085709
"ENSMUSG00000106447",1.3685829489934,0,0,0,0,3.87976539700371,0,0.99202126188381,0,0,0
"ENSMUSG00000106620",0,0,0,0,0,0,0,0,0,0,0
"ENSMUSG00000106627",0.689939267648385,0,0,0,0,0,0,0,0,0,0
"ENSMUSG00000106631",5.47271924687568,0,0,5.4759577678061,5.25387876789361,0,0,6.89470429690891,0,4.73325762715196,4.56346047970561
"ENSMUSG00000106668",0,0,0,0,0,0,0,0,0,0,0
"ENSMUSG00000106672",0,0,0,0,0,0,0,0,0,0,0
"ENSMUSG00000106677",0,0,0,0,0,0,0,0,0,0,0
"ENSMUSG00000106695",0,0,0,0,0,0,0,0,0,0,0
"ENSMUSG00000106715",18.1080579345122,24.8543293038962,16.9194745699356,26.2681924224277,28.0496580435033,38.1841491671783,45.9451138970839,16.9360007619938,29.6993709666764,47.9413201541845,33.3245973634692
"ENSMUSG00000106722",38.9892020404906,52.9726614306677,34.0907748565355,42.5138856975249,51.7942617235446,74.4742835571689,53.7982093388744,31.9624627723223,55.6398595115191,64.3458664613525,60.2295151176567
"ENSMUSG00000106728",0,0,0,0,0,0,0,0,0,0,0
"ENSMUSG00000106824",0,0,0,0,1.04335440494257,0,1.03194271959554,0,0,0,0
"ENSMUSG00000106850",0,0,0,0,0,0,0,0,0,0,0
"ENSMUSG00000106864",938.456145378291,932.730097580839,1004.16169433464,975.285575636595,953.819779817653,1741.12891889979,1018.56869622478,1064.80180869589,1078.44981540798,1198.88331492055,1428.35128348398
"ENSMUSG00000106892",0,0,0,0,0,0,0,0,0,0,0
"ENSMUSG00000106893",0,0,0,0,0,0,0,0,0,0,0
"ENSMUSG00000106907",99.9026264946266,123.627668119143,312.421432202096,34.7127316370036,112.735594731344,131.662277076301,150.243706845109,57.1213374219206,181.391740862973,114.755623747837,131.246060711935
"ENSMUSG00000106918",151.763567443491,175.803879704417,143.693548202876,173.706360890961,182.877395418307,169.987425727852,190.204414314598,165.257537455545,168.502672942238,155.649597026812,171.964071409007
"ENSMUSG00000106923",0,0,2.66613443611484,0,0,0,0,0,0,0,0
"ENSMUSG00000106929",0,0,0,0,0,0,0,0,0,0,0
"ENSMUSG00000106964",0,0,0,0,3.12784532581418,0,0,0,0,3.77543413230659,0
"ENSMUSG00000107002",117.170784669862,143.857526879172,154.521327216839,170.721947636248,111.203275453912,147.727836832368,165.896131479233,149.28628853401,99.8589549468667,124.992418973303,151.374833100791
"ENSMUSG00000107011",0,0,0,0,0,0,0,0,0,0,0
"ENSMUSG00000107023",127.958099599821,245.469934609243,147.083212758766,169.045128474187,135.969913575815,174.297860284336,166.102934159592,121.391717600078,127.267446596557,169.08990853336,110.444486716725
"ENSMUSG00000107055",0,0,0,0,0,0,0,0,0,0,0
"ENSMUSG00000107068",0,16.9929605447061,17.540945635197,0,0,0,0,0,0,37.6514003895095,0
"ENSMUSG00000107071",11.0361540782551,18.36612630506,12.4387212197533,28.7859506701642,36.4355536442252,17.9420985904028,31.7505462927526,29.2978982768533,35.3967077179891,27.6804413258977,22.0181238203983
"ENSMUSG00000107099",0.689939267648385,0,0,0,0,0,0,0,0,0,0
"ENSMUSG00000107138",2.06981780294516,1.08064173486522,1.77742295740989,3.2687350504149,2.10191351140727,1.28191223901898,0,0,1.8935257682731,0.936366945291052,1.14045445258444
"ENSMUSG00000107167",0,0,0,0,4.2295734396297,5.13459700082718,0,0.975992737023588,1.85523920506403,1.921322125227,2.29058229811482
"ENSMUSG00000107180",0,0,0,0,0,0,0,0,0,0,0
"ENSMUSG00000107235",0,0,0,0,0,0,0,0,0,0,0
"ENSMUSG00000107252",0,0,0,0,0,0,0,0,0,0,0
"ENSMUSG00000107274",0,0,0,0,0,0,0,0,0,0,0
"ENSMUSG00000107280",0,0,0,0,0,0,0,0,0,0,0
"ENSMUSG00000107283",96.2206947321197,91.7437336865996,103.949592738272,84.5814089883308,61.841102078227,87.341354067498,73.0431633262953,95.9590321255532,80.1794667186128,100.841174285521,83.5005288416026
"ENSMUSG00000107366",0,0,0,0,0,0,0,0,0,0,0
"ENSMUSG00000107392",0,0,0,0,0,0,0,0,0,0,0
"ENSMUSG00000107417",0.685484590373961,5.35819685969875,1.77105409611801,2.19297675755636,0,6.38943815591022,3.09105583759437,3.95100101617853,2.81603777344181,1.90172249238364,2.2984398710707
"ENSMUSG00000107482",5.74902397405281,0,0,5.93404860099388,30.1813624226937,0,3.38248523463524,0,9.96197562639175,6.2384043824579,4.24658817204698
"ENSMUSG00000107486",0,5.40301258262845,0,0,0,3.89249467488778,0,0,1.87091589363465,0.936332962930754,0
"ENSMUSG00000107499",97.0313637192255,126.950386284534,126.017103483922,133.489704355138,93.4085789083132,132.088944970305,106.398808760857,154.952114487553,98.391164128139,140.615637558382,123.196683952231
"ENSMUSG00000107504",0,0,0,0,0,0,0,0,0,0,0
"ENSMUSG00000107539",23.1189599104798,19.4391109428836,12.3948536479826,16.578322978639,13.2800612289718,19.3264361278415,16.4653996235996,15.4841912222365,27.7787753319954,19.8501272772732,17.5955418816741
"ENSMUSG00000107573",0,0,0,0,0,0,0,0,0,0,0
"ENSMUSG00000107588",0,0,0,0,0,0,0,0,0,0,0
"ENSMUSG00000107645",0,0,0,0,0,0,0,0,0,0,0
"ENSMUSG00000107648",0,0,0,0,0,0,0,0,0,0,0
"ENSMUSG00000107662",0,0,0,0,0,0,0,0,0,0,0
"ENSMUSG00000107677",0,0,0,0,0,0,0,0,0,0,0
"ENSMUSG00000107705",0,0,0,0,0,0,0,0,0,0,0
"ENSMUSG00000107711",0,0,0,0,0,0,0,0,0,0,0
"ENSMUSG00000107748",0,0,0,0,0,0,0,0,0,0,0
"ENSMUSG00000107789",0,0,1.77742295740989,0,0,0,0,0,0.94676288413655,0,0
"ENSMUSG00000107822",0,0,0.88176871777378,0,1.05923164837874,0,0,0,0,0,0
"ENSMUSG00000107872",3.58602070090275,5.62342494126787,2.83827268493374,0,0,0,6.02712738581645,0,4.09254849194025,7.6448096868675,9.61466877018931
"ENSMUSG00000107874",0,0,0,0,0,0,0,0,0,0,0
"ENSMUSG00000107877",149.487523122951,148.891672925008,176.894605926357,154.764150055178,142.417765000541,178.409117390777,140.980009182354,201.431086076623,183.440396002326,194.51201915953,172.413367364954
"ENSMUSG00000107906",0,0,0,0,1.05095675570364,0,0,0,0,0,0
"ENSMUSG00000107928",3.24770168612169,2.64018371672343,2.16511648993015,0,1.30233744059372,0,0,0,2.26342155713613,4.58545229110453,1.43651690040833
"ENSMUSG00000108011",0,0,0,0,0,1.26379089511669,0,0,0,0.949793397008599,0
"ENSMUSG00000108022",0,0,0,0,0,0,0,0,0,0,0
"ENSMUSG00000108058",0,0,0,0,0,0,0,0,0,0,0
"ENSMUSG00000108114",0,0,0,0,0,0,0,0,0,0,0
"ENSMUSG00000108127",0,0,0,0,0,0,0,0,0,0,0
"ENSMUSG00000108167",0,0,0,0,0,0,0,0,0,0,0
"ENSMUSG00000108265",0,0,0,0,0,0,0,0,0,0,0
"ENSMUSG00000108348",2.0290833712613,0,0,0,0,0,0,0,0,0,1.16334940340081
"ENSMUSG00000108367",0,0,0,0,0,0,0,0,0,0,0
"ENSMUSG00000108398",0,0,0,0,1.05095675570363,0,0,0,0,0,0
"ENSMUSG00000108426",0,0,0,0,0,0,0,0,0,0,0
"ENSMUSG00000108464",0,0,0,0,0,0,0,0,0,0,0
"ENSMUSG00000108534",0,0,0,0,0,0,0,0,0,0,0
"ENSMUSG00000108596",0,0,0,0,9.46308062225478,0,0,0,0,0,6.83949460069562
"ENSMUSG00000108605",0,0,0,0,0,0,0,0,0,0,0
"ENSMUSG00000108622",0,0,0,0,0,0,0,0,0,0,0
"ENSMUSG00000108674",0,0,0,0,0,0,0,0,0,0,0
"ENSMUSG00000108728",0,0,0,0,0,0,0,0,0,0,0
"ENSMUSG00000108733",16.6574669272009,18.2215656983542,14.9442523217408,15.3240754440541,14.9127656000354,24.4977721066787,10.3789567474018,12.7760242122404,11.2474729401591,11.5695031613774,3.44847929346152
"ENSMUSG00000108748",0,0,0,0,0,0,0,0,0,0,0
"ENSMUSG00000108763",0,0,0.882059667668911,1.09259490088651,3.17029631683375,1.27247455533786,0,0,0.935619732201351,1.89494237348082,1.1480939075352
"ENSMUSG00000108793",0,0,0,0,0,0,0,0,0,0,0
"ENSMUSG00000108815",472.491873151058,334.792819133813,429.763074418036,415.076300397064,462.949066747125,410.947541979542,546.353037476439,481.108884569563,473.707745378711,413.102999307182,447.97717854847
"ENSMUSG00000108827",0,0,0.891184779220584,0,1.04804004084674,0,0,0,0,0,0
"ENSMUSG00000108841",0.689939267648385,0,0,0,0,0,0,0,0,0,0
"ENSMUSG00000108889",0,0,0,0,0,0,0,0,0,0,0
"ENSMUSG00000108891",0,0,0,0,0,0,0,0,0,0,0
"ENSMUSG00000108900",0.685334770759224,1.08790214498708,0,0,0,0,0,0,0,0,0
"ENSMUSG00000108908",0,0,0,0,0,0,0,0,0,0,0
"ENSMUSG00000108919",0,0,0,0,0,0,0,0,0,0,0
"ENSMUSG00000108929",0.845770243022284,0.678069559767245,0.550998252423331,19.1479449210689,0,0,0.645931847709659,0,1.73781827631195,0,0.705496355027081
"ENSMUSG00000108931",0,0,0,0,0,0,0,0,0,0,0
"ENSMUSG00000108948",0,0,0,0,0,0,0,0,0,0,0
"ENSMUSG00000108976",0,0,0,0,0,0,0,0,0.94676288413655,0,0
"ENSMUSG00000108981",0,0,0,0,0,0,0,0,0,0,0
"ENSMUSG00000108995",0,0,0,0,0,0,0,0,0,0,0
"ENSMUSG00000109020",0,0,0,0,0,0,0,0,0,0,0
"ENSMUSG00000109022",0,0,0,0,0,0,0,0,0,0,0
"ENSMUSG00000109033",0,0,0,0,0,0,0,0,0,0,0
"ENSMUSG00000109058",0,0,0,0,0,0,0,0,0,0,0
"ENSMUSG00000109060",0,0,0,0,0,0,0,0,0,0,0
"ENSMUSG00000109061",66.585536906519,94.5927185809357,74.4165798850876,72.0229795241813,102.625073494885,55.2263043639595,49.1352792866385,87.0849703488165,69.9057887931235,80.9633658981506,66.4176786783273
"ENSMUSG00000109100",0,0,0,0,0,0,0,0,0,0,0
"ENSMUSG00000109129",0,0,0,0,0,0,0,0,0,0,0
"ENSMUSG00000109148",0,0,0,0,0,0,0,0,0,0,0
"ENSMUSG00000109156",0,0,0,0,0,0,0,0,0,0,0
"ENSMUSG00000109166",0,0,0,0,0,0,0,0,0,0,0
"ENSMUSG00000109179",72.5832911517621,112.391013480016,121.542037492744,109.951235668133,127.623692284048,167.355317151721,88.8369663764508,142.660361900718,93.7436006028755,115.878162830764,69.5593952545132
"ENSMUSG00000109212",0,0,0,0,0,0,0,0,0,0,0
"ENSMUSG00000109219",0,0,0,0,0,0,0,0,0,0,0
"ENSMUSG00000109228",0,1.08062262532149,0,0,2.09001125466715,0,0,0,0,0,1.14696942814468
"ENSMUSG00000109238",0,0,0,0,0,0,0,0,0,0,0
"ENSMUSG00000109293",8.93225848360993,3.22806754249521,7.08567146106592,12.0072397094945,4.22205710191207,7.7260337057874,8.17708331132853,4.95627677349283,14.1937215589394,15.9598761779503,4.57435770673174
"ENSMUSG00000109305",0,0,2.66613443611484,1.0895783501383,1.05095675570363,0,2.0489558229588,0,0,0,0
"ENSMUSG00000109322",0,0,0,0,0,0,0,0,0,0,0
"ENSMUSG00000109324",617.421985952954,790.00891539403,491.558216915004,691.05068908052,534.934075614473,630.717381284387,564.676875845689,434.671070063925,619.026545099975,899.587774055229,614.995665340867
"ENSMUSG00000109328",0,0,0,0,0,0,0,0,0,0,0
"ENSMUSG00000109336",444.584643646515,370.906992709751,412.803937108186,364.514979768099,416.069353268696,381.598674220871,390.625234176136,365.278443314881,273.566762989442,488.78842285726,359.886799407501
"ENSMUSG00000109344",0,0,0,0,0,0,0,0,0,0,0
"ENSMUSG00000109354",2.05231470916287,1.0748210698789,0.88673564590848,0,1.06466252981299,2.56133890631101,1.04009423955376,0,0.936409044012029,0,0
"ENSMUSG00000109368",0,0,0,0,0,0,0,0,0,0,0
"ENSMUSG00000109372",33.150300196489,30.1974158495815,39.0497820183737,75.2367437191136,24.2282374048113,25.6228296775354,20.4719953016393,19.8400132282199,86.9489650763665,32.8173037396327,87.9713488925263
"ENSMUSG00000109376",0,0,0,0,0,0,0,0,0,0,0
"ENSMUSG00000109378",19.9456601970204,28.5235891463297,14.0863557993404,13.2295404430924,28.1613071278586,25.5574159156773,12.5138865711575,17.5328149886881,18.4770586195287,17.3123901479906,37.5747707921746
"ENSMUSG00000109389",0,0,0,0,0,0,0,0,0,0,0
"ENSMUSG00000109392",0.688236221558159,1.08166746104021,0.886613731248918,0,0,0,0,0,0,0,3.43468445843201
"ENSMUSG00000109398",4.08321370900052,9.7115247105844,12.3827903426335,4.39634971219929,9.50355616084387,8.95522648687015,9.36064280311065,8.82415458067598,6.52497058476549,15.2579175929754,9.15165753263455
"ENSMUSG00000109403",0,0,0,0,0,0,0,0,0,0,0
"ENSMUSG00000109446",0,0,0,0,0,0,0,0,0,0,0
"ENSMUSG00000109449",0,0,0,0,0,0,0,0,0,0,0
"ENSMUSG00000109482",0,0,0,0,0,0,0,0,0,0,0
"ENSMUSG00000109487",0,0,0,0,0,0,0,0,0,0,0
"ENSMUSG00000109493",0.230340068322692,0,4.71245070372395,0,0,0.43749233743728,0,10.9997254525715,6.96767722521992,0,2.22198375862366
"ENSMUSG00000109497",0,0,0,0,0,0,0,0,0,0,0
"ENSMUSG00000109510",0,0,0,0,0,0,0,0,0,0,0
"ENSMUSG00000109511",343.943108761408,289.274363601725,455.209167641538,343.399130051264,426.174791580902,351.58760643527,308.68160761953,284.721313083165,356.045315012187,485.363533680626,479.287493208656
"ENSMUSG00000109516",0,0,0,0,0,0,0,0,0,0,0
"ENSMUSG00000109520",0,0,0,0,0,0,0,0,0,0,0
"ENSMUSG00000109523",5.39728694352398,2.16973282352025,1.7591485783264,1.08852476914254,1.05143993535089,5.18320343943541,4.12053156692034,0,0.946091790000961,1.9070570667836,4.54179208577979
"ENSMUSG00000109528",0,0,0,0,0,0,0,0,0,0,0
"ENSMUSG00000109542",0,0,0,0,0,0,0,0,0,0,0
"ENSMUSG00000109544",0,0,0,0,0,0,0,0,0,0,0
"ENSMUSG00000109547",0,0,0,0,0,0,0,0,0,0,0
"ENSMUSG00000109561",0,0,0.888711478704946,0,0,0,0,0,0,0,0
"ENSMUSG00000109564",0,0,0,0,0,0,0,0,0,0,0
"ENSMUSG00000109572",0,0,0,0,0,0,0,0,0,0,0
"ENSMUSG00000109588",0,0,0,0,0,0,0,0,0,0,0
"ENSMUSG00000109631",0,0,0,0,0,0,0,0,0,0,0
"ENSMUSG00000109649",0,0,0,0,0,0,0,0,0,0,0
"ENSMUSG00000109655",5.34326193151699,7.48697145686199,5.28783590154915,22.9837532206685,24.585561657119,0,1.03789497204215,11.7815074122824,10.3036162357238,5.77573389908715,6.91610744237264
"ENSMUSG00000109659",0,0,0,0,0,0,0,0,0,0,0
"ENSMUSG00000109713",1.34505723833087,6.3721996104746,8.80498435526251,0,1.06117434982015,3.87284882200977,3.09179759959654,0,0.940720185875241,6.70225606584341,2.31231828297024
"ENSMUSG00000109718",0,0,0,0,0,0,0,0,0,0,0
"ENSMUSG00000109737",0,0,0,0,0,0,0,0,0,0,0
"ENSMUSG00000109739",0,0,0,0,1.06725511704917,0,0,0,2.79691378351179,0,0
"ENSMUSG00000109745",0,0,0,0,0,0,0,0,0,0,0
"ENSMUSG00000109764",0,0,0,0,1.04315918467502,0,1.02703467223137,0,0,0.94101777718339,0
"ENSMUSG00000109771",14.6909309650756,10.8328445984535,12.7470880137352,9.6105068904987,14.8662798388519,12.4085367720147,54.3661298255074,12.1048869219462,12.331293259205,11.5022204710433,15.6258515960202
"ENSMUSG00000109801",0,0,0,1.10955066558402,0,1.2965915489627,0,0,0.919195010592861,0,0
"ENSMUSG00000109806",0,0,0,0,0,0,0,0,0,0,0
"ENSMUSG00000109809",0,0,0,0,0,0,0,0,0,0,0
"ENSMUSG00000109813",0,0,0,0,0,0,0,0,0,0,0
"ENSMUSG00000109824",0,0,0,0,0,0,0,0,0,0,0
"ENSMUSG00000109833",0,0,0,0,0,0,0,0,0,0,0
"ENSMUSG00000109835",0,0,0,0,0,0,0,0,0,0,0
"ENSMUSG00000109850",0,0,0,0,0,0,0,0,0,0,0
"ENSMUSG00000109858",0,0,0,0,0,0,0,0,0,0,0
"ENSMUSG00000109859",0,0,0.878577158209407,10.8911750412923,11.7604534547026,0,3.08963923201488,1.94643070379576,1.85954052819703,0.953795194860822,1.15063300729664
"ENSMUSG00000109864",12.9160624145636,15.1246764280793,14.1542720520753,24.1651580160274,14.7727068127246,14.1269993459188,23.8505451190012,9.81003647434278,11.2144880503424,14.2797502831867,10.2828965223903
"ENSMUSG00000109865",413.537310490474,418.756260183993,393.780117634542,336.713212449611,379.760406035149,406.223054346071,423.617011756747,351.794957714818,441.736749165893,377.742824637542,426.234326527889
"ENSMUSG00000109884",0,0,0,0,0,0,0,0,0,0,0
"ENSMUSG00000109901",394.480079562965,418.283649879385,419.857220632112,399.162457794647,457.997488481698,359.10282192228,433.586372751344,422.295397023119,412.340189318709,423.136406173991,395.676790738133
"ENSMUSG00000109903",0,0,0,0,0,0,0,0,0,0,0
"ENSMUSG00000109926",0,0,0,0,0,0,0,2.94237135027345,0,2.83905589233473,2.28403240721533
"ENSMUSG00000109941",110.488154782914,78.5730398176812,105.319612854844,103.976427513094,93.7396575131184,121.596315017435,113.695163704071,83.3085438619098,103.950640453673,157.653091591084,111.288304979477
"ENSMUSG00000109946",0.701950415196938,2.15004458776296,4.42045046758882,0,3.28235759832775,3.82573851615162,2.03830105556094,0,1.88367925211265,4.45929772544502,1.16030861561691
"ENSMUSG00000109951",0,0,0,0,0,0,0,0,0,0,0
"ENSMUSG00000109969",0,0,0,0,0,0,0,0,0,0,0
"ENSMUSG00000110008",0,0,0,0,0,0,0,0,0,0,0
"ENSMUSG00000110012",0,0,0,0,0,0,0,0,0,0,0
"ENSMUSG00000110040",9.43906898840923,126.49548971245,223.08025258855,442.321692897659,231.601624433599,434.452913163085,380.32775873385,178.915983610119,67.6336350404684,362.622768333774,390.618383878034
"ENSMUSG00000110061",0,0,0,0,0,0,0,0,0,0,0
"ENSMUSG00000110067",0,0,0,0,0,0,0,0,0,0,0
"ENSMUSG00000110086",0,0,0,0,0,0,0,0,0,0,0
"ENSMUSG00000110091",0,0,0,0,0,0,0,0,0,0,0
"ENSMUSG00000110092",0,0,0,0,0,0,0,0,0,0,0
"ENSMUSG00000110100",0,0,0,0,0,0,0,0,0,0,0
"ENSMUSG00000110103",0,0,0,0,0,0,0,0,0,0,0
"ENSMUSG00000110104",0,2.16128346973044,0,0,0,0,0,0,0,0,0
"ENSMUSG00000110105",3.59067903673212,10.600354856011,18.3959541223164,7.9141110826911,7.46943528031888,21.1112663412291,5.47151214111607,4.16299067849499,9.74732928043333,5.44973224829218,4.27874366016234
"ENSMUSG00000110122",0,0,0,0,0,0,0,0,0,0,0
"ENSMUSG00000110136",0,0,0,0,0,0,0,0,0,0,0
"ENSMUSG00000110139",1.42281299413929,5.40249959177407,5.33156909936359,1.08943536084365,0,0,3.07303039664999,0.963285865810618,2.839915911091,0,0
"ENSMUSG00000110170",213.844317861409,409.51026622084,394.836830419023,787.499316626724,202.884039214058,653.465067625794,324.913440089222,1121.37554865835,726.086992161659,609.446044394148,464.727901918064
"ENSMUSG00000110171",0,0,0,0,0,0,0,0,0,0,0
"ENSMUSG00000110185",9.65914974707739,6.48385040919133,13.3306721805742,13.0749402016596,5.25478377851817,12.8191223901898,13.3182128492322,15.8817057589819,8.52086595722895,14.9818711246568,6.84272671550663
"ENSMUSG00000110190",0,0,0,0,0,0,0,0,0,0,0
"ENSMUSG00000110195",165.997021140608,181.830414388389,128.603458911534,222.269431680682,209.018899635411,196.437908026416,233.638446735332,247.517545862015,142.131650415118,133.606140113209,212.488341365847
"ENSMUSG00000110204",0,0,0,0,0,0,0,0,0,0,0
"ENSMUSG00000110206",26.1815122219174,83.9104949407598,30.6509716856756,12.8773219304507,22.1451369300723,43.0919945332885,21.0153708276435,20.438036593336,31.8730581692328,27.3336301305402,38.988522388287
"ENSMUSG00000110218",9.1749186582055,17.3128078241131,23.1564723560707,22.793729802215,20.1739285402911,20.2986819570802,21.2138633624783,31.0024214246703,21.4230654325754,17.6785947056178,16.5517159869866
"ENSMUSG00000110221",0,0,1.75552304353318,0,0,0,1.0249333588716,0,0,0.947626714994011,0
"ENSMUSG00000110234",210.350845924329,186.176999827113,155.117158959428,169.631918679208,166.680941999934,187.540339291048,208.42293936057,153.053212064137,129.654715792397,131.223167501212,127.210914714817
"ENSMUSG00000110253",0,0,0,0,0,0,0,0,0,0,0
"ENSMUSG00000110259",0,0,0,0,0,0,0,0,0,0,0
"ENSMUSG00000110266",2.07750612248062,1.08237629786668,0.888295675157331,2.17605134834447,0,8.99165338338036,0,1.97682705585843,0,5.60874101852741,2.28197545903022
"ENSMUSG00000110277",98.6586773879025,92.5665058221322,96.4007403948884,115.547867751007,90.2634476445452,172.562349174034,107.24281141593,117.735911602241,128.6552015281,103.963614554544,127.534877867876
"ENSMUSG00000110291",0,0,0,0,0,0,0,0,0,0,0
"ENSMUSG00000110324",0,0,0,0,0,0,0,0,0,0,0
"ENSMUSG00000110332",1.37987853529677,0,2.66613443611484,0,1.05095675570363,1.28191223901898,0,0,0.94676288413655,0,0
"ENSMUSG00000110333",0,0,0,0,0,0,1.0244779114794,0,0,0,0
"ENSMUSG00000110344",0,0,0,0,0,0,0,0,0,0,0
"ENSMUSG00000110353",0,0,0,0,0,0,0,0,0,0,0
"ENSMUSG00000110358",0,0,0,0,0,0,0,0,0,0,0
"ENSMUSG00000110404",4.75158028203951,5.3509260926777,9.7426140887074,3.2822385563459,5.37392781620386,3.82118270347618,3.09181922697818,2.93546547760261,2.80996607999611,5.70817784053298,1.15477218764676
"ENSMUSG00000110430",4.0739591185208,6.41772691143966,1.76123093207777,13.1138537605416,3.17232092193758,7.66635502938753,0,5.87128032248449,19.4672402027362,7.58935352220573,11.4393753743561
"ENSMUSG00000110431",0,0,0,0,0,0,0,0,0,0,0
"ENSMUSG00000110439",18.5220363712176,155.084108985802,0,174.346501311019,400.193818004429,713.052984517559,0,666.39322615608,0,809.639787470886,3.48001429674723
"ENSMUSG00000110444",64.1543934407747,29.3203229497953,39.3862121095784,63.6558581358472,53.2769701234435,50.1843557303596,41.9141116313505,26.3174182613912,63.5884440657539,38.4016920570071,59.037624021484
"ENSMUSG00000110469",15.0090447170507,18.2969842063092,16.7692708793783,18.6083481517681,25.4021765063889,10.3569672892835,26.7212322732521,24.6034550231581,13.1741123512576,19.8519129884767,26.2984085541848
"ENSMUSG00000110477",0,0,0.888711478704946,0,0,0,0,0,0,0,0
"ENSMUSG00000110519",0,0,0,0,0,0,0,0,0,0,0
"ENSMUSG00000110526",0,0,0,0,0,0,0,0,0,0,0
"ENSMUSG00000110555",0,0,0,0,0,0,0,0,0,0,0
"ENSMUSG00000110573",0,0,0,0,0,0,0,0,0,0,0
"ENSMUSG00000110576",0,0,0,0,0,0,0,0,0,0,0
"ENSMUSG00000110591",0,0,0,3.29626501199085,3.16405297767028,0,5.19532374472266,0,0.922403974271838,0,0
"ENSMUSG00000110621",0,0,0,0,0,0,0,0,0,0,0
"ENSMUSG00000110622",0.69278226290876,3.2506321562465,2.66684839311475,5.43319825502695,1.06106969011795,1.28229332918205,4.08704716343408,0.986007927969354,3.78100681507197,0.933269936067287,0
"ENSMUSG00000110628",0,0,0,0,0,0,0,0,0,0,0
"ENSMUSG00000110641",0,0,0,0,0,0,0,0,0,0,0
"ENSMUSG00000110723",0,0,0,0,0,0,0,0,0,0,0
"ENSMUSG00000110763",0,0,0,11.9742378662724,5.33381218828315,12.7672634100063,1.02707235819426,2.95415974159294,7.54011703557591,0,0
"ENSMUSG00000110777",1315.01242848495,1888.93908115196,2714.03104628804,3555.36041746666,1736.8517776067,2034.53076721617,2082.24466384832,1718.80753450308,2849.61182496431,2844.01771775735,1563.91849197636
"ENSMUSG00000110780",0,0,0,0,0,0,0,0,0,0,0
"ENSMUSG00000110804",0,0,0,0,0,0,0,0,0,0,0
"ENSMUSG00000110819",0,0,0,0,0,0,0,0,0,0,0
"ENSMUSG00000110860",282.655840509836,313.946317406604,237.123130683326,254.613333212476,270.386748882436,283.566707854929,281.14161653764,267.451240701844,264.836388529961,275.1032324849,271.761635028039
"ENSMUSG00000110879",0,0,0,0,0,0,0,0,0,0,0
"ENSMUSG00000110881",0,0,0,0,0,0,0,0,0,0,0
"ENSMUSG00000110912",0,0,0,0,0,0,0,0,0,0,0
"ENSMUSG00000110947",0,0,0,0,0,0,0,0,0,0,0
"ENSMUSG00000110970",0.680526325665426,0,0,0,0,0,1.03477566286098,0,0.95030617296821,0,0
"ENSMUSG00000110971",0,0,0,0,0,0,0,0,0,0,0
"ENSMUSG00000110991",0,0,0,0,0,0,0,0,0,0,0
"ENSMUSG00000111009",10.3490890147258,16.2096260229783,15.996806616689,14.1645185517979,4.20382702281454,17.9467713462657,20.489558229588,11.9112793192364,15.1482061461848,11.2364033434926,23.9495435042732
"ENSMUSG00000111021",0,0,0,0,0,0,0,0,0,0,0
"ENSMUSG00000111073",0,0,0,0,0,0,0,0,0,0,0
"ENSMUSG00000111101",0,0,0,0,0,0,0,0,0,0,0
"ENSMUSG00000111123",0,0,0,0,0,0,0,0,0,0,0
"ENSMUSG00000111145",113.077864657993,31.18187759444,25.392129181353,0,83.448620049665,0,36.1793907667957,0,84.8000919736909,0,189.75793598922
"ENSMUSG00000111159",0.689939267648385,0,0,0,0,0,0,0,0,0,0
"ENSMUSG00000111174",0,0,0,0,0,0,0,0,0,0,0
"ENSMUSG00000111179",0,0,0,0,0,0,0,0,0,0,0
"ENSMUSG00000111184",12.7700143896962,19.4482774685664,22.0945620947758,15.4641008786342,17.7848608548153,12.8689305304887,14.5556176588848,21.0963738329021,19.2933315344693,23.9236743670299,18.7209715837704
"ENSMUSG00000111190",0,0,0,0,0,0,0,0,0,0,0
"ENSMUSG00000111239",0,0,0,0,0,0,0,0,0,0,0
"ENSMUSG00000111259",52.3476922114168,43.6996219318978,30.0859333757366,62.2454193017491,9.61827421568014,48.3343672169884,29.7013431288092,51.4104531451256,124.012357764398,55.8800384766886,65.6041008964813
"ENSMUSG00000111273",0,0,0,0,0,0,0,0,0,0,0
"ENSMUSG00000111277",0,0,0,0,0,0,0,0,0,0,0
"ENSMUSG00000111279",0,0,0,0,0,0,0,0,0,0,0
"ENSMUSG00000111306",0,0,0,0,0,0,0,0,0,0,0
"ENSMUSG00000111321",0,0,3.4952287941129,5.48533213171455,3.16144267470216,0,0,0.981146737154909,0,2.85153717109779,1.14498800699684
"ENSMUSG00000111328",0,0,0,0,12.6497718241758,8.94622330817667,0,0,0,0,0
"ENSMUSG00000111338",0,0,0,0,0,0,0,0,0,0,0
"ENSMUSG00000111375",31.7175270993344,33.6268756399506,28.975557393617,55.7452553055202,33.7903686479021,20.3731122276407,23.2994132782088,13.0057381250806,34.5692836610712,32.1424426224413,21.3889052695214
"ENSMUSG00000111385",29.9847236676485,0,0,0,0,0,0,0,10.3401460222686,18.1413833879506,0
"ENSMUSG00000111410",0,0,0,0,0,0,0,0,0,0,0
"ENSMUSG00000111448",0,0,0,0,0,0,0,0,0,0,0
"ENSMUSG00000111452",0,0,0.880640859173609,1.09544481295357,0,0,1.02833003130849,0,0,0,0
"ENSMUSG00000111454",0,0,0,0,0,0,0,0,0,0,0
"ENSMUSG00000111456",0,0,0,0,0,0,0,0,0,0,0
"ENSMUSG00000111469",15.0145542337198,18.1445629265871,2.63328519832001,3.3458598063913,5.42811521975891,15.4647257381762,6.29190083690546,10.6903694104535,6.43282859700072,10.5430624561436,2.33472621981884
"ENSMUSG00000111475",0,0,3.44074037982265,0,0,0,0,0,0,0,0
"ENSMUSG00000111476",0,0,0,0,0,0,0,0,0,0,0
"ENSMUSG00000111497",23.2450233632078,18.379962145657,3.54720168553335,6.52276476084637,5.31339711726793,42.2327033688938,26.6742279731975,17.7744252861836,36.8541169587711,35.8337044460803,17.1446980700378
"ENSMUSG00000111517",0,0,0,0,0,0,0,0,0,0,0
"ENSMUSG00000111527",1.36080993424443,0,0,6.57167159876567,4.21069014070954,2.57643227617538,8.23062802369279,4.93451259039213,1.8819908805829,7.56468149693831,0
"ENSMUSG00000111559",128.822032989439,130.666159120781,116.185061724932,124.848878710266,116.982210581681,139.162071606967,136.976433338848,141.399548782584,119.77830035313,175.254726155073,149.568480434863
"ENSMUSG00000111566",0,0,0,0,0,0,0,0,0,0,0
"ENSMUSG00000111567",0,0,0,0,0,0,0,0,0,0,0
"ENSMUSG00000111590",0,0,0,0,0,0,0,0,0,0,0
"ENSMUSG00000111603",0,0,0,0,0,0,0,0,0,0,0
"ENSMUSG00000111611",0,0,0,0,0,0,0,0,0,0.936366945291052,0
"ENSMUSG00000111624",626.186157302574,292.058576497871,594.070704993382,589.792814134837,267.057319735787,502.475435517829,300.633279737296,297.700523279822,612.828882731219,270.94753258378,353.236571412864
"ENSMUSG00000111660",0,0,0,0,0,0,0,0,0,0,0
"ENSMUSG00000111678",0,0,0,0,0,0,0,0,0,0,0
"ENSMUSG00000111689",0,0,0,0,0,0,0,0,0,0,0
"ENSMUSG00000111692",9.81078138433983,18.2861144046983,21.342889917623,4.36649148407928,6.67727123671744,7.6559716987733,35.4931701788677,11.6684382593948,21.4748903972,7.11158959149814,32.9238382868557
"ENSMUSG00000111700",0,0,0,0,0,0,0,0,0,0,0
"ENSMUSG00000111706",0.669937824813667,0,0,0,0,0,0,0,0,0,0
"ENSMUSG00000111709",0,0,0,0,0,0,0,0,0,0,0
"ENSMUSG00000111711",0,0,0,0,0,0,0,0,0,0,0
"ENSMUSG00000111715",0,0,0,0,0,0,0,0,0,0,0
"ENSMUSG00000111732",0,0,0,0,0,0,0,0,0,0,0
"ENSMUSG00000111747",0,0,0,0,0,0,0,0,0,0,0
"ENSMUSG00000111772",0,0,0,0,0,0,0,0,0,0,0
"ENSMUSG00000111814",0,0,0,0,0,0,0,0,0,0,0
"ENSMUSG00000111826",0,0,0,0,0,0,0,0,0,0,0
"ENSMUSG00000111835",0,0,0,0,0,0,0,0,0,0,0
"ENSMUSG00000111842",0,0,0,0,0,0,0,0,0,0,0
"ENSMUSG00000111851",0,0,0,0,0,0,0,0,0,0,0
"ENSMUSG00000111863",0,0,0,0,0,0,0,0,0,0,0
"ENSMUSG00000111869",0,0,0,0,0,0,0,0,0,0,0
"ENSMUSG00000111915",0,0,0,0,0,0,0,0,0,0,0
"ENSMUSG00000112023",5.67175552460042,8.26043763888481,6.81109263520869,4.58045914806893,21.8133750879706,2.86668841885954,5.46604780605997,3.89749837748194,6.36368183120778,10.7789785973093,16.9450798910758
"ENSMUSG00000112027",0,1.08064173486522,0,0,0,0,0,0,0,0,0
"ENSMUSG00000112039",0,0,0,0,0,0,0,0,0,0,0
"ENSMUSG00000112129",197.084179157009,247.896946540022,358.221163489842,342.530966515902,376.370776024689,314.381470937833,335.591300077491,533.768315941922,407.271043523979,546.057075574488,277.520501753108
"ENSMUSG00000112148",35.9483987518922,45.2715400501399,55.7981226604452,29.3117655780567,51.5237162863246,42.0110817445165,33.4846540763712,34.954722865343,38.9520518433105,46.2400989568417,80.0435649907665
"ENSMUSG00000112160",15.1152265289966,15.5754298391932,26.0342161120935,13.0723426113203,20.8672176161272,30.6876282095241,11.2164069832095,19.5268830948412,13.9253281780184,23.3388529824398,13.9461477626262
"ENSMUSG00000112170",0,0,0,0,0,0,0,0,0,0,0
"ENSMUSG00000112187",0,0,0,0,0,0,0,0,0,0,0
"ENSMUSG00000112216",0,0,0,0,1.05095675570363,0,0,0,0,0,0
"ENSMUSG00000112223",0,0,0,0,0,0,0,0,0,0,0
"ENSMUSG00000112241",0,0,0,0,1.05095675570363,0,0,0,0,0,0
"ENSMUSG00000112380",0,0,0,0,0,0,0,0,0,0,0
"ENSMUSG00000112449",2245.84186788775,2308.2260440061,1968.1024250167,2208.13087780715,1932.214732351,2406.91940571655,2241.83242913995,2455.86550468747,2224.42381209537,2020.42192432747,2349.01362298728
"ENSMUSG00000112495",0,0,0,0,0,0,0,0,0,0,0
"ENSMUSG00000112600",0,0,0,0,0,0,0,0,0,0,0
"ENSMUSG00000112611",0,0,0,0,1.06410196447536,0,0,0,0.93506720441338,0,0
"ENSMUSG00000112640",98.4565451762166,107.854310500932,94.2140883358674,93.5000288073052,80.5136331472731,67.6975168437594,78.2339674731827,46.8921860419666,75.1925727027678,50.2860808331978,113.337640462088
"ENSMUSG00000112653",0,0,0,0,0,0,0,0,0,0,0
"ENSMUSG00000112743",0,0,0,0,0,0,0,0,0,0,0
"ENSMUSG00000112781",0,0,0,0,0,0,0,0,0,0,0
"ENSMUSG00000112814",0,0,0.888711478704946,0,0,0,0,0,0,0,0
"ENSMUSG00000112858",0,0,0,0,0,0,0,0,0,0,0
"ENSMUSG00000112864",0,0,0,0,0,0,0,0,0,0,0
"ENSMUSG00000112920",0,1.10076973101003,0,0,2.09038174162507,6.4228752099264,0,4.87209690289734,0.925887880947095,1.90314462028037,2.30303004164744
"ENSMUSG00000112931",0,0,0,0,0,0,0,0,0,0,0
"ENSMUSG00000113061",495.515827703893,759.275449446426,587.751923097094,1590.00671884674,1295.19582322457,1576.82078413248,696.137551291097,1403.44506850323,572.350724739925,1359.66934204669,602.616498498026
"ENSMUSG00000113084",0,0,0,0,0,0,0,0,0,0,0
"ENSMUSG00000113097",0,0,0,0,0,0,0,0,0,0,0
"ENSMUSG00000113149",4.73360264946995,13.9402483779513,4.41615961221871,7.69750960939683,9.58811051277222,0,7.26200762553824,10.7934445839987,16.8324221903273,15.3230491312009,0
"ENSMUSG00000113163",0,0,0,0,0,0,0,0,0,0,0
"ENSMUSG00000113201",0,0,0,0,0,0,0,0,0,0,0
"ENSMUSG00000113255",0,1.08064173486522,0,0,0,0,0,0,0,0,0
"ENSMUSG00000113262",2.00769768841921,8.5516028354132,3.52782480815162,13.1331662254311,3.21028390072506,7.6936998254173,1.03679494357211,7.84846880823746,8.42806806986294,12.4897548865413,3.45988257203549
"ENSMUSG00000113267",0,0,0,0,0,0,0,0,0,0,0
"ENSMUSG00000113373",0,0,0,0,0,0,0,0,0,0,0
"ENSMUSG00000113450",101.123249939917,58.8393775050996,88.28364261111,72.1759308344641,64.8673277172738,62.5100146228201,73.506013319531,48.5805375136729,87.0639809975516,57.2853795576575,55.7778741794493
"ENSMUSG00000113475",0,0,0,0,0,0,0,0,0,0,0
"ENSMUSG00000113558",1.36216249464332,0,0,0,0,0,0,0.992366340701149,0.959308521231769,0,0
"ENSMUSG00000113640",39.5616402175372,32.1436719224781,36.0101892813255,42.4512791046023,34.3278615418769,61.0669662703814,76.4307559761946,39.4820993217106,33.3283504419895,52.9954677828138,88.9717679032198
"ENSMUSG00000113786",0,0,0,0,0,0,0,0,0,0,0
"ENSMUSG00000113805",0,0,0,0,0,0,0,0,0,0,0
"ENSMUSG00000113846",0,0,0,0,0,0,0,0,0,0,0
"ENSMUSG00000113880",5.92378192609718,6.44617812743772,7.07718663172054,5.50997534186726,2.21701730823035,12.8349553518062,11.483875229997,4.8474164008069,12.0191816621882,9.29645396206905,5.859946664524
"ENSMUSG00000113902",57.0452518695022,57.4387326050735,39.3643111476098,38.6091569399279,42.8831181232344,42.9009158463644,42.3527136629565,49.8283712549781,33.548497704536,39.6318077385704,33.6766243390415
"ENSMUSG00000113925",0,0,0,0,0,0,0,0,0,0,0
"ENSMUSG00000113949",222.872202559335,251.612373148589,667.292027260476,474.862867292857,345.22249753864,419.526278518397,247.129949751583,309.830128614079,234.415827101222,333.917238491113,420.504699024865
"ENSMUSG00000113951",0,0,0,0,0,0,0,0,0,0,0
"ENSMUSG00000113971",0,0,0,0,0,0,0,0,0,0,0
"ENSMUSG00000113973",0,1.08064173486522,0,0,0,0,0,0,0,0,0
"ENSMUSG00000114004",3.93409985095236,9.59234433601386,8.83292430363966,27.6119377868576,13.2557253936876,11.4723956171916,21.9780747453737,8.66628447358711,7.37182701677137,12.3871888397675,18.8353208269265
"ENSMUSG00000114011",0,1.05275881794576,0,0,0,0,1.04315348370288,0,0,0,1.14970171682724
"ENSMUSG00000114046",0,0,0,0,0,0,0,0,0,0,0
"ENSMUSG00000114073",0,0,0,0,0,0,0,0,0,0,0
"ENSMUSG00000114075",0,0,0,0,0,0,0,0,0,0,0
"ENSMUSG00000114133",337.733271612978,382.311898831836,387.34107685689,348.015708500546,416.153675050158,311.913664622964,417.199322189212,373.443353623862,395.978708682653,409.125065501812,283.558154865422
"ENSMUSG00000114212",0,0,0,0,0,0,0,0,0,0,0
"ENSMUSG00000114245",0,0,0,0,0,0,0,0,0,0,0
"ENSMUSG00000114278",1.5270866263955,0,0,0,0,0,0.755847454511066,1.09849978859161,0,0,1.26212032291693
"ENSMUSG00000114279",0.689939267648385,0,0,0,0,0,0,0,0,0,0
"ENSMUSG00000114299",0,0,0,0,0,0,0,0,0,0,0
"ENSMUSG00000114378",0.664121730352058,0,1.78219975503837,0,0,0,1.04908716311717,0.974962506477775,4.64966838482503,0.948766400801046,1.18040712968034
"ENSMUSG00000114432",10.4673299459982,19.187895050233,22.7933012631929,12.2170030594126,21.6054172918944,14.1379332451955,20.008015582497,13.5984673812829,15.6247968162794,16.3622420326269,25.7898278292029
"ENSMUSG00000114456",2.6167913709765,2.13229564240979,4.41074897039952,0,2.20983380785723,3.82543284776714,0,0,0,0,2.34880334037911
"ENSMUSG00000114470",1.47293058305824,0,0.869588222995104,0,2.24365595572457,1.25432810611225,0,1.94249548644422,2.77917144227871,0.916218241282933,1.11591420229536
"ENSMUSG00000114473",0,0,0,0,0,0,0,0,0,0,0
"ENSMUSG00000114487",0,0,0,0,0,0,0,0,0,0,0
"ENSMUSG00000114515",2.23174451330461,1.44777877486593,1.20045446655628,7.17475176012236,3.00114371470808,5.79387515414319,3.55371302957076,3.26982412884439,0.626189363542812,15.9380217612705,0
"ENSMUSG00000114559",0,0,0,0,0,0,0,0,0,0,0
"ENSMUSG00000114582",0,0,0,0,0,0,0,0,0,0,0
"ENSMUSG00000114591",0,0,0,0,0,0,0,0,0,0,0
"ENSMUSG00000114635",0,1.08064173486522,0,0,0,1.28191223901898,0,0,0,0,0
"ENSMUSG00000114694",0,0,0,0,0,0,0,0,0,0,0
"ENSMUSG00000114755",2.04270147894378,0,0,0,0,0,2.05220178897969,1.97961817414838,0,0,2.31405360301955
"ENSMUSG00000114763",8.35347163340727,20.3018822978699,2.69002884592612,13.1921203315152,3.31649399909709,15.2103955619578,12.155835480606,4.90736245268118,18.7228599233353,13.3538029197409,8.22253480656204
"ENSMUSG00000114797",249.838742291675,184.153670500112,186.712175094457,210.000556032918,209.963754005314,156.549264263009,212.047228985519,153.26073615671,222.141988872942,207.020689342026,224.723587059114
"ENSMUSG00000114852",0,0,0,0,0,0,0,0,0,0,0
"ENSMUSG00000114865",0.686122600742859,2.16131257330089,0.885536034631912,1.09300706458628,1.05573153930864,0,0,0.990334471105989,0,3.75541366005926,2.28336941433098
"ENSMUSG00000114904",0,0,0,0,0,0,0,0,0,0,0
"ENSMUSG00000114923",0,0,1.76571562045235,0,0,0,0,0,0,0,2.29603216103917
"ENSMUSG00000114942",0,14.058874825311,21.3130967119046,0,0,0,0,0,0,0,0
"ENSMUSG00000114943",0,0,0,0,0,0,0,0,0,0,0
"ENSMUSG00000114982",0,0,0,0,0,0,0,0,0,0,0
"ENSMUSG00000115018",101.303762359711,104.624736725168,87.0493428554208,88.0391212039622,89.3900890221236,110.883115264415,97.8393583438048,104.613475005052,96.0993353942257,82.8686279485565,119.222748885003
"ENSMUSG00000115020",0,0,0,0,0,0,0,0,0,0,0
"ENSMUSG00000115021",0,0,0,0,0,0,0,0,0,0,0
"ENSMUSG00000115022",0,0,0,0,0,0,0,0,0,0,0
"ENSMUSG00000115027",0,0,0,0,0,0,0,0,0,0,0
"ENSMUSG00000115067",0.685137175612256,0,0,0,3.16987243903668,0,0,0,1.8965699498829,0,0
"ENSMUSG00000115072",0,0,0,0,0,0,0,0,0,0,0
"ENSMUSG00000115074",168.821873893038,177.434553979335,129.356934169531,184.037349913608,144.999411119819,235.969122500563,184.421023106039,219.720052063997,175.482248756668,138.812495541067,246.320772921873
"ENSMUSG00000115091",0,0,0,0,0,0,0,0,0,0,0
"ENSMUSG00000115113",0,0,0,0,0,0,0,0,0,0,0
"ENSMUSG00000115115",0,0,0,0,0,0,0,0,0,0,0
"ENSMUSG00000115170",0,0,0,0,0,0,0,0,0,0,0
"ENSMUSG00000115181",0,0,0,0,0,0,0,0,0,0,0
"ENSMUSG00000115199",0,0,0,0,0,0,0,0,0,0,0
"ENSMUSG00000115219",136.161573707046,244.313865449498,202.138022560774,214.637770146645,196.855210778444,295.386312004527,191.74249883758,228.335255725395,204.646004890237,167.244694854309,177.736471232572
"ENSMUSG00000115232",0,28.2824712750069,0,0,22.4165197444874,47.2747062309365,45.4386259799459,0,0,25.558490591675,0
"ENSMUSG00000115236",0,0,0,0,0,0,0,0,0,0,0
"ENSMUSG00000115253",0,0,0,0,0,0,0,0,0,0,0
"ENSMUSG00000115267",0,0,0,0,0,0,0,0,0,0,0
"ENSMUSG00000115293",3.46546685319012,0,2.68122649348929,2.2022237293135,0,5.1974825751956,2.06033839563692,3.87125762365789,0,2.73864097684579,1.15294666813656
"ENSMUSG00000115302",0,0,0,0,0,0,0,0,0,0,0
"ENSMUSG00000115338",866.537586713086,882.181659358941,722.32806488165,652.721838701236,716.290930118773,823.977804078129,729.129478056624,760.570841249331,717.88139557363,603.600889406343,557.135344917739
"ENSMUSG00000115343",0,0,0,0,0,0,0,0,0,0,0
"ENSMUSG00000115378",0,0,0,0,0,0,0,0,0,0,0
"ENSMUSG00000115388",134.09820430252,117.1512135852,177.003140870474,160.610861897016,166.516815318588,148.63786011884,115.414322117547,148.872855269,135.171335437808,105.334940805759,151.610593309853
"ENSMUSG00000115404",0,0,0,0,0,0,0,0,0,0,0
"ENSMUSG00000115423",27.5975707059354,46.4675945992045,30.2161902759682,32.687350504149,24.1720053811836,33.3297182144935,42.0035943706554,26.800378468282,22.7223092192772,35.58194392106,44.4777236507931
"ENSMUSG00000115463",5.5388634957923,7.59101042757929,3.56730787658187,5.46699002395226,3.28561240059179,0,8.22455478651008,10.5656298719467,7.6006550489419,6.34263411146186,4.57780983938212
"ENSMUSG00000115466",0,0,0,0,0,0,0,0,0,0,0
"ENSMUSG00000115467",0,0,0,0,0,0,0,0,0,0,0
"ENSMUSG00000115482",0,0,0,0,0,0,0,0,0,0,0
"ENSMUSG00000115483",0,0,0,0,0,0,0,0,0,0,0
"ENSMUSG00000115507",0,0,0,0,0,0,0,0,0,0,0
"ENSMUSG00000115644",0,0,0,0,0,0,0,0,0,0,0
"ENSMUSG00000115668",0,0,0,0,0,0,0,0,0,0,0
"ENSMUSG00000115701",0,0,0,0,0,0,0,0,0,0,0
"ENSMUSG00000115705",0,0,0,0,0,0,0,0,0,0,0
"ENSMUSG00000115726",27.3006540570913,22.7810897309457,41.6211119919763,4.38756445501844,7.35599834129699,10.2876657425001,30.0788253855905,33.3806222301287,22.443862224985,7.59512268042827,12.5188691669076
"ENSMUSG00000115744",0,0,0,0,0,0,0,0,0,0,0
"ENSMUSG00000115768",0,0,0,0,0,0,0,0,0,0,0
"ENSMUSG00000115791",0,0,0,0,0,0,0,0,0,0,0
"ENSMUSG00000115792",0,0,0,0,0,0,0,0,0,0,0
"ENSMUSG00000115798",9.78205981492857,8.45323945984908,13.5003013782903,9.58853865039459,14.3487437851222,2.59644845103822,6.01042660184335,7.7645912539808,6.71167130024687,6.40907808390576,12.7046306971625
"ENSMUSG00000115799",0,0,0,0,0,0,0,0,0,0,0
"ENSMUSG00000115853",4.8582324492615,0,0,5.4714758248409,1.04989925192002,5.10515345259285,5.08481219757628,3.90710540470651,0,6.5333033593868,1.16565558885671
"ENSMUSG00000115861",0,0,0,0,0,0,0,0,0,0,0
"ENSMUSG00000115878",0,0,0,0,0,0,0,0,0,0,0
"ENSMUSG00000115883",6.113562142309,4.38264910504378,3.55117262618901,8.79387144414423,8.3331732377134,2.57353914678763,5.20972664931404,0.980628200389208,6.52481994466475,4.75384961260093,15.8811205779963
"ENSMUSG00000115886",0,0,0,0,0,0,0,0,0,0,0
"ENSMUSG00000115892",0,0,0,1.0895783501383,0,0,0,0,0,0.936366945291053,0
"ENSMUSG00000115905",0,0,0,0,0,0,0,0,0,0,0
"ENSMUSG00000115906",0,0,0,0,0,0,0,0,0,13.1091372340747,0
"ENSMUSG00000115939",0,0,0,0,0,0,0,0,0,0,0
"ENSMUSG00000115941",0,0,0,0,0,0,0,0,0,0,0
"ENSMUSG00000115953",0,0,0,0,0,0,0,0,0,0,0
"ENSMUSG00000115954",0,0,0,0,0,0,0,0,0,0,0
"ENSMUSG00000115966",0,0,0,0,0,0,0,0,0,0,0
"ENSMUSG00000115967",0,1.08064173486522,0,0,0,0,0,0,0,0,0
"ENSMUSG00000115974",0,0,0,0,0,0,0,0,0,0,0
"ENSMUSG00000115987",576.341789825274,601.596303065964,643.140145326906,633.122978791586,615.172474111579,650.463924877193,566.682534853341,653.512895860664,575.469535066469,611.291306111013,546.214430506384
"ENSMUSG00000115991",0,0,0,0,0,0,0,0,0,0,0
"ENSMUSG00000116005",0,0,0,0,0,0,0,0,0,0,0
"ENSMUSG00000116012",0,0,0,0,0,0,0,0,0.930666299890311,0.952562126552099,0
"ENSMUSG00000116015",0,0,0,0,0,0,0,0,0,0,0
"ENSMUSG00000116016",0,0,0,0,0,0,0,0,0,0,0
"ENSMUSG00000116018",0,0,0,0,0,0,0,0,0,0,0
"ENSMUSG00000116022",0,0,0,0,0,0,0,0,0,0,0
"ENSMUSG00000116024",0,0,4.43250576615401,1.08437435173482,0,0,0,0,5.57294670885895,0,5.85485638705179
"ENSMUSG00000116032",0,0,0,0,0,0,0,0,0,0,0
"ENSMUSG00000116043",0,0,0,0,0,0,0,0,0,0,0
"ENSMUSG00000116047",0,0,0,0,0,0,0,0,0,0,0
"ENSMUSG00000116048",565.65760439126,466.066187406769,547.663660965467,491.55123717631,583.659475828218,442.210398953186,493.940482007849,498.453721280192,517.888115184047,551.22564869215,527.717514735987
"ENSMUSG00000116050",5.92397107340615,7.65457936649563,5.28621100654564,4.46153446969747,8.30149495333429,2.59695786644598,6.39351395700329,3.87933430255743,4.59781533038344,4.88753011908414,7.90676899425366
"ENSMUSG00000116051",0,0,0,0,0,0,0,0,0,0,0
"ENSMUSG00000116055",0,0,0,0,0,0,0,0,0,0,0
"ENSMUSG00000116057",0,0,0,0,0,0,0,0,0,0,0
"ENSMUSG00000116062",0,0,0,0,0,0,0,0,0,0,0
"ENSMUSG00000116064",0,0,0,0,0,0,0,0,0,0,0
"ENSMUSG00000116067",0,0,0,0,0,0,0,0,0,0,0
"ENSMUSG00000116069",0,2.16684141830456,0,0,0,2.57131863252162,0,2.95473826697475,0,1.87703541617991,0
"ENSMUSG00000116073",0.691040000708742,1.08122763401178,0,1.09279210856211,0,1.27888683781851,0,1.97982373057864,0,0,0
"ENSMUSG00000116078",0,0,0,0,0,0,0,0,0,0,0
"ENSMUSG00000116079",2.0920491838445,1.09224862992107,1.79651380044409,2.20256246216263,0,2.54508753874577,2.03398164621775,2.95605733013249,9.39843752645247,5.38482746956291,7.04430088183722
"ENSMUSG00000116082",0,0,0,0,0,0,0,0,0,0,0
"ENSMUSG00000116108",0,0,0,0,0,0,0,0,0,0,0
"ENSMUSG00000116112",0,0,0,0,0,0,2.0489558229588,0,0,0,0
"ENSMUSG00000116121",50.7460135812654,54.8523103583259,92.9318571076305,116.887572195217,27.4605729551894,50.2481714239846,51.1737910030669,8.91025755843183,103.961821493596,59.2622365419165,92.6604193976826
"ENSMUSG00000116138",91.1259834680721,109.779280752158,77.6978711052952,99.6344615963489,82.0169151636927,93.2993129060643,115.841481198265,94.6240223722452,100.227195503904,109.772203028717,126.143929965435
"ENSMUSG00000116142",0,2.13451954196922,0,2.23389947150693,0,0,1.0370862299277,0,2.77131978368654,0,0
"ENSMUSG00000116154",7.13375364645464,12.4344705426449,1.38981269744174,8.34519058968829,0,2.44136668391131,4.92311257100422,3.73707331961713,6.21912205673372,6.30780404568057,2.17277885645727
"ENSMUSG00000116158",0.659570254066233,1.07280885658038,2.64680933894772,2.22761965130352,0,0,1.05773421384736,0,0.922166437748679,0,2.35495110302801
"ENSMUSG00000116161",2.06787036269045,1.08016114816027,6.21365907124183,5.45882393151151,1.05148254835813,0,3.08176812786273,0.989621453496156,0.941857940221791,6.58594630524842,2.28269142710727
"ENSMUSG00000116165",8.0761232245441,7.63940263718564,6.98133326242473,3.26119039936744,6.39643041998801,9.12238743592029,5.09966829036665,5.89250685247849,2.83922853486266,5.65771040724771,3.46695885561438
"ENSMUSG00000116166",0,0,0,0,0,0,0,0,0,0,0
"ENSMUSG00000116169",0,0,0,0,0,0,0,0,0,0,0
"ENSMUSG00000116175",14.3110908416849,30.6816212707826,8.32011954351274,4.12201549554665,2.93506132512217,16.8849274544298,7.79459632326722,8.98598846977837,9.62726800486244,7.13770795507164,7.46787536100464
"ENSMUSG00000116179",0,0,0,0,0,0,0,0,0,0,0
"ENSMUSG00000116184",5.22558262149579,2.12549793949483,4.40412352159292,16.5874023062945,3.25191852664271,9.03492299944027,10.5666215804334,10.65528725983,9.23924616664036,4.78997294242335,5.83397993427427
"ENSMUSG00000116207",530.774529998063,334.468429842138,487.048196153626,474.981586608738,363.930804265314,171.740016042671,307.211417418918,284.851376966676,588.581577705679,268.160496827046,408.460561036295
"ENSMUSG00000116208",0,0,0,0,0,0,0,0,0,0,0
"ENSMUSG00000116209",0,1.0695810031053,0,1.09524809590379,0,1.27581990662372,0,2.97886575743774,2.83068476480121,0,4.62103573251691
"ENSMUSG00000116214",0,0,0,0,0,0,0,0,0,0,1.14045445258444
"ENSMUSG00000116228",0,0,0,0,0,0,0,0,0,0,0
"ENSMUSG00000116235",52.6217040406272,52.0461936619993,50.6499614993725,84.6878486597376,28.6238188107558,49.9908787342285,34.7920069884248,30.5645382077921,45.3379336469901,33.6666324958615,35.3400805232127
"ENSMUSG00000116236",0,0,0,0,0,0,0,0,0,0,0
"ENSMUSG00000116252",0,0,0,0,26.206987061036,15.4222344370812,0,0,0,0,0
"ENSMUSG00000116254",2.06460063585785,0,0,0,1.05140249645172,0,0,0,0,2.81500540246492,0
"ENSMUSG00000116267",0,0,0,0,0,0,0,0,0,0,0
"ENSMUSG00000116268",0,0,0,0,0,0,0,0,0,0,0
"ENSMUSG00000116275",1743.33026644762,2033.60053727311,1669.82963818698,1773.87842518863,1718.05204749139,1510.64302994963,1876.18872442382,1806.62520409214,1616.95019854714,1720.2785635889,1823.08850553775
"ENSMUSG00000116285",0,0,0,0,0,0,0,0,0,0,0
"ENSMUSG00000116286",0,0,0,0,0,0,0,0,0,0,0
"ENSMUSG00000116293",0,0,0,0,2.09954101810576,0,0,0,0,1.87485009053847,0
"ENSMUSG00000116320",0,0,0,0,0,0,0,0,0,0,0
"ENSMUSG00000116327",0,0,0,0,0,0,0,0,0,0,0
"ENSMUSG00000116330",0,0,0,0,0,199.978309286961,0,0,0,0,0
"ENSMUSG00000116336",0,0,0,0,0,0,0,0,0,0,0
"ENSMUSG00000116344",0,0,0,0,0,0,0,0,0,0,0
"ENSMUSG00000116347",0,0,0,0,0,0,0,0,0,0,0
"ENSMUSG00000116349",0,0,0,0,0,0,0,0,0,0,0
"ENSMUSG00000116357",0,0,0,0,0,0,0,0,0,0,0
"ENSMUSG00000116358",0,0,0,0,0,0,0,0,0,0,0
"ENSMUSG00000116359",0.661124739991458,2.10937931424876,0,2.19933422520215,1.07490464617203,1.27598312771491,2.0838644855747,0,0.92119427141885,0.963454529116537,2.33123421890588
"ENSMUSG00000116370",0,0,0,0,0,0,0,0,0,0,0
"ENSMUSG00000116374",0,0,0,0,0,0,0,0.992606609936369,0,0,0
"ENSMUSG00000116376",0,0,0,0,0,0,0,0,0,0,1.14045445258444
"ENSMUSG00000116378",0,0,0,0,0,0,0,0,0,0,0
"ENSMUSG00000116390",0,0,0,0,0,0,0,0,0,0,3.42136335775332
"ENSMUSG00000116401",0,0,0,0,0,0,0,0,0,0,0
"ENSMUSG00000116408",0,0,0,0,0,0,0,0,0,0,0
"ENSMUSG00000116420",0,0,0,0,0,0,0,0,0.94676288413655,0,0
"ENSMUSG00000116429",0,0,0,0,0,0,0,0,0,0,0
"ENSMUSG00000116444",0,0,0,0,0,0,0,0,0,0,0
"ENSMUSG00000116446",0,0,0,1.0895783501383,0,0,0,0,0,0,0
"ENSMUSG00000116453",0,0,0,0,0,0,0,0,0,0,0
"ENSMUSG00000116461",98.6901813550641,143.363626811684,86.8753642893798,94.4201597638382,131.84246578438,92.9392670283532,79.1717137997964,124.02425684486,93.2054703452505,160.435824743092,93.5673763222664
"ENSMUSG00000116463",0,0,0,0,0,0,0,0,0,0,1.14045445258444
"ENSMUSG00000116468",0.486501779172726,1.53252711307863,0,0,0,0,0,0,0,0,0
"ENSMUSG00000116471",0,0,0,0,0,0,0,0,2.84028865240965,0,0
"ENSMUSG00000116477",0,2.17767617138482,0,0,0,0,9.15089435174711,0,0,0,0
"ENSMUSG00000116502",0,0,0,0,0,0,0,0,0,0,0
"ENSMUSG00000116503",0,0,0,0,0,0,0,0,0,0,0
"ENSMUSG00000116523",0,0,0,0,0,0,0,0,0,0,0
"ENSMUSG00000116526",2.03942759669377,4.32673975202767,0,1.0937559414095,4.22267059952672,1.28128560774471,0,0,0,0.942017289300199,0
"ENSMUSG00000116527",4.08704962398141,4.33307833384923,0,1.09516065716465,1.05727950653057,3.84780722953534,0,0,1.89108267394849,0,0
"ENSMUSG00000116542",0,0,0,0,0,0,0,0,0,0,0
"ENSMUSG00000116563",22.0780565647483,42.1450276597437,34.6597476694929,30.5081938038724,29.4267891597018,19.2286835852847,27.6609036099438,34.7412313477729,27.45612363996,35.58194392106,15.9663623361821
"ENSMUSG00000116564",267.471544910717,202.530545999753,221.495122325212,185.478160110449,214.259102749699,167.013024041963,190.585942232389,190.701245567568,219.983565629932,204.436235688997,241.368061749364
"ENSMUSG00000116594",0,0,0,0,0,0,0,0,0,0,0
"ENSMUSG00000116602",24.319414525106,32.0445109809283,18.6176006139582,16.5913344838698,41.0155983527987,19.0641515131182,12.3616409661721,19.4965372178031,12.0408947366775,34.7693040315232,25.9311318271915
"ENSMUSG00000116636",0,0,0,0,0,0,0,0,0,0,0
"ENSMUSG00000116652",0,0,0,0,0,0,0,0,0,0,0
"ENSMUSG00000116672",0,0,0,0,2.10191351140727,0,0,0,0,0,0
"ENSMUSG00000116673",99.8192311276759,56.6238058495506,104.429698299847,96.3815244453475,72.0867275027285,115.174225320546,73.6306599577346,60.3881427018959,37.942029517636,43.326915564248,61.2786964140805
"ENSMUSG00000116780",1.28868235100256,0,0.848768450836147,0,0,7.81819262096432,1.00888993259281,0,1.80162290899688,0,3.35624616235825
"ENSMUSG00000116876",2144.37229768136,2669.51184931295,2371.56254672955,3013.45879566435,2229.46154299583,2781.20474964829,2479.01020188892,3117.32281010229,2361.31462095515,2530.95852624776,2239.76842995782
"ENSMUSG00000116895",40.6507049039184,42.7902983574987,27.7264067540182,57.3689853569032,35.6364168077307,74.8986583501372,21.1148332284317,58.3981953312107,30.4923633520637,50.6026336183601,29.9598501395167
"ENSMUSG00000116925",0,0,18.7124385363567,16.6758506213085,0,19.1612641625558,12.4246110755313,19.5958524368821,12.1022309670718,0,0
"ENSMUSG00000116930",0,1.07161359310829,0,3.31680865924529,1.09180407277129,0,1.03954500918302,0.973254243828378,0.917989818410542,0.928544136634077,0
"ENSMUSG00000116933",0,3.15798512275299,0,2.1942997975992,1.07008813838161,3.81652661012631,1.03389970520472,0,1.85480318656396,0,1.16395845179268
"ENSMUSG00000116953",88.3639838492178,114.023076590899,102.71234501385,109.570932308262,200.654068786246,231.298124356035,120.79651045556,151.76456347296,99.3376873106962,170.792080429505,98.5272768180106
"ENSMUSG00000117081",1.35653586638193,0,0,0,0,11.5525844329436,0,0,8.42324392883751,5.72674982357787,4.59899180910701
"ENSMUSG00000117091",0,0,0,0,0,0,0,0,0,0,0
"ENSMUSG00000117098",465.405330509199,622.882267320027,465.986149534108,507.137522895511,436.364155266783,576.087977545943,436.223790819965,507.149700449922,439.094659085727,455.395258089868,390.524556399629
"ENSMUSG00000117136",0,0,0,0,0,0,0,0,0,0,0
"ENSMUSG00000117145",4.28579529655469,4.30306293882487,2.65410448065875,1.08466202677496,2.17612657213982,3.82838423821139,0,0.988127836045148,6.59743674290844,1.7952363140492,0
"ENSMUSG00000117148",0,0,0,0,0,0,0,0,0,0,0
"ENSMUSG00000117284",119.637129147192,99.6303001988004,118.336268153178,46.8164213397954,53.2401876993845,73.6467648140157,116.350640517864,36.9437963817382,135.881531665925,51.9496183729877,136.625122068324
"ENSMUSG00000117286",2.0625444200862,8.65511942734312,0,0,0,6.42474306369333,0,0,0,0,0
"ENSMUSG00000117310",445.60020647853,366.567321121851,376.028270654071,444.940787942153,618.331842268873,226.570605554111,234.969887068502,422.152870331913,267.009757069114,360.264737718331,430.227276055301
"ENSMUSG00000117311",0,0,0,0,0,0,0,0,0,0,0
"ENSMUSG00000117338",21.8441528262738,21.4823388345895,25.6358464198961,26.2539487375499,21.3079928981045,7.71119654204295,25.7228753564876,30.4068006496659,30.9675368036251,1.89497216723821,28.6967682013307
"ENSMUSG00000117406",21.33676152163,23.787311222203,18.678217756281,23.8927610918991,27.7710369287296,39.4979201194996,9.20387599964551,34.4726865848673,23.6182371387589,26.2412486399007,14.9002487039412
"ENSMUSG00000117477",1.37987853529677,0,0,0,0,0,0,0,0,0,0
"ENSMUSG00000117495",0,0,0,0,0,0,0,0,0,0,0
"ENSMUSG00000117621",104.164692863156,131.208323824777,26.5339474644736,95.7917522055386,17.5318616807857,52.3072600271512,138.725978565754,0,36.1988508991054,92.2573741492485,35.1142164609525
"ENSMUSG00000117666",0,0,0,0,1.04550426262777,0,0,0,0,0.94125026759606,0
"ENSMUSG00000117679",146.512731368389,277.724270199602,146.113397160241,202.142124235424,215.183608667315,191.117318273832,283.274408722616,315.722127052037,200.412132253191,267.04127939191,263.940570368335
"ENSMUSG00000117694",0,0,0,0,0,0,0,0,0,0,0
"ENSMUSG00000117732",0,0,2.66613443611484,0,0,0,0,0,0,0,0
"ENSMUSG00000117744",0,0,0,0,0,0,0,0,0,0,0
"ENSMUSG00000117748",749.812466372282,679.446146944753,686.250209725068,677.771849885148,666.996261644141,654.39460711432,694.094200210277,714.169727861709,651.110344390109,697.426721895202,703.552632699061
"ENSMUSG00000117781",0,0,0,0,0,0,0,0,0,0,0
"ENSMUSG00000117809",49.662693352148,60.5001807696095,46.2009645305122,63.1076610845907,32.0191228994706,52.5447173004654,20.4842234146791,41.993654196823,43.7801384933023,35.7166984850293,40.5597017744179
"ENSMUSG00000117819",147.187480177221,157.715130988509,126.335497832898,146.779888946422,136.069962180772,148.601125654235,137.24561290899,128.892951957305,170.186976688934,145.253158178205,153.442460384201
"ENSMUSG00000117853",0,0,0,0,0,0,0,0,0,0,0
"ENSMUSG00000117863",0,0,0,0,0,0,0,0,0,0,0
"ENSMUSG00000117873",7.09446023949193,37.058733691783,0,12.7751720644744,19.1896967026348,37.5009425358337,10.2090678940305,25.8123772300668,17.7062611540758,29.2327154703711,43.0013623532054
"ENSMUSG00000117874",0,0,0,0,0,0,0,0,0,0,0
"ENSMUSG00000117924",418.542042302949,341.234562329823,295.423269510185,473.586001579421,372.280275886493,486.942356997158,410.150380493043,281.681129586286,224.669663949062,435.275670950527,383.284073961574
"ENSMUSG00000117942",519.709550164582,477.361428298203,456.679864671919,558.341221056496,483.724079152479,552.115061713107,439.055652678139,475.493888989485,513.696016729677,540.954218531803,476.114767039374
"ENSMUSG00000117965",0.689939267648385,0,0,0,0,0,0,0,0,0,0
"ENSMUSG00000117975",14.5033368966278,33.5557108624078,18.6298658590441,18.4919181158799,14.8689345740573,25.6942815597393,11.2753703985139,15.7232658908315,7.53601969099299,14.0704554899188,18.2622791710389
"ENSMUSG00000118124",0,0,0,0,0,0,0,0,0,0,0
"ENSMUSG00000118135",6.0089910756057,0,3.53700998925761,2.21879095491394,4.37311582434481,0,0,9.68267712649589,10.1960326435476,0,18.7346063566927
"ENSMUSG00000118193",0,0,0,0,0,1.28595383783303,1.04312349228841,0,1.85383470224104,0,0
"ENSMUSG00000118215",0,0,0,0,0,0,0,0,0,0,0
"ENSMUSG00000118272",0,0,0,0,0,0,0,0,0,0,0
"ENSMUSG00000118298",0,0,0,0,0,0,0,0,0,0,0
"ENSMUSG00000118318",0,0,0,0,0,0,0,0,0,0,0
"ENSMUSG00000118332",38.6038864526595,34.4528205063479,68.1780509841274,36.9088445281076,63.1595818604143,45.9784008031901,62.262348957415,42.5244480685286,39.6171820753363,48.5112521909001,29.5423038157129
"ENSMUSG00000118346",144.138281549336,155.508348542481,157.777361636071,118.023518204979,143.880208750327,191.06803958389,164.078579760476,238.029762781728,166.180297377655,175.255558516299,127.211596532259
"ENSMUSG00000118388",0,0,0,0,0,0,0,0,0,0,0
"ENSMUSG00000118396",0,0,4.35761737318597,1.09412036558795,0,3.82249583461868,0,0,0,0.956651299196693,0
"ENSMUSG00000118401",0,0,0,0,0,0,0,0,0,0.95238992200547,1.12126748439484
"ENSMUSG00000118402",0,0,0,0,0,0,0,0,0,0,0
"ENSMUSG00000118407",0,0,0,0,0,0,0,0,0,0,0
"ENSMUSG00000118409",0,0,0,0,0,0,0,0,0,0,0
"ENSMUSG00000118415",0,0,0,0,0,0,0,0,0,0,0
"ENSMUSG00000118431",0,0,0,0,0,0,0,0,0,0,0
"ENSMUSG00000118438",0,0,0,0,0,0,0,0,0,0,0
"ENSMUSG00000118441",0,0,0,0,0,0,0,0,0,0,0
"ENSMUSG00000118454",0,1.07420094516557,0,0,0,0,0,0,0,0.941981297618207,0
"ENSMUSG00000118459",0,0,0,0,0,0,0,0,0,0,0
"ENSMUSG00000118462",2.61878059822797,1.64590308350947,0,1.69519823047117,2.44643414787078,0.980494370327313,1.60301141096253,0,0.716571542888409,1.48117607245823,0
"ENSMUSG00000118471",0,0,0,0,0,0,0,0,0,0,0
"ENSMUSG00000118483",0,0,0,0,0,0,0,0,0,0,0
"ENSMUSG00000118491",0,0,0,22.900124380325,13.602318939983,0,0,0,0,6.61123597856293,37.4462647874641
"ENSMUSG00000118497",0,0,0,0,0,0,0,0,0,0,0
"ENSMUSG00000118504",531.056402613604,589.481100327212,611.283126392346,646.20500115786,537.026616717035,724.177274235051,571.850853493437,708.243382460563,608.945793603587,627.508766090879,603.243047195383
"ENSMUSG00000118505",8.93082977655812,8.61847600555396,5.31934167227491,1.0909236070416,6.40201787010878,3.84060626309444,12.3164710072,1.96166443209932,3.75952039803487,0.942596313448883,3.4402437179769
"ENSMUSG00000118506",38.4091953845336,62.3083210239429,49.4749239920812,74.8061114016855,42.3046672622945,53.5234258612285,57.9242378058465,53.4497394580994,46.3465027599873,52.3780035588804,52.6380248969287
"ENSMUSG00000118516",0,0,0,0,1.05151312778517,1.2812339591555,0,0,0,0,0
"ENSMUSG00000118522",0,0,0,0,0,0,0,0,0,0,0
"ENSMUSG00000118528",1.37987853529677,0,0,0,0,0,1.0244779114794,0.992606609936369,0,2.80910083587316,1.14045445258444
"ENSMUSG00000118531",0,0,0.875774667881347,0,0,0,0,0,0,0,2.31460214624356
"ENSMUSG00000118537",23.8207606771626,22.8741812459076,29.9662221330111,31.1377909774188,41.7815969560423,51.736407867143,37.061515509794,30.0801593801562,28.5319746018747,42.827358008438,28.4579845483128
"ENSMUSG00000118541",0,0,0,0,0,0,0,0,0,0,0
"ENSMUSG00000118552",0.667637504490078,2.15701263197472,0.882414633796581,3.31820097386113,1.10454016749003,2.58273310346536,1.04237278177346,2.88292640077461,2.75854316602991,2.78263938759512,3.5030238148014
"ENSMUSG00000118553",0,0,0,0,0,0,0,0,0,0,0
"ENSMUSG00000118554",0,0,0,0,0,0,0,0,0,0,0
"ENSMUSG00000118559",3.43334698508998,3.22287790847307,2.65841141304486,1.09081182003849,9.50329556012274,3.85106447043273,0,6.94851989653538,2.84068761665775,2.81582664919601,1.14473227046037
"ENSMUSG00000118560",0,0,0,0,0,0,0,0,0,0,0
"ENSMUSG00000118578",0,0,0,0,0,0,0,0,0,0,0
"ENSMUSG00000118590",4.082205181289,6.44955777624953,1.77258468262417,0,3.19959273599339,11.604740343158,0,5.92608007152678,3.75745725186083,0,5.78424813731374
"ENSMUSG00000118591",6.09542531227484,10.7128485357361,10.5862927171443,9.90220609819093,14.8487896924599,12.8198225638653,10.3658304087255,10.8017746483287,16.8086891891529,18.1514491560769,4.60013749071285
"ENSMUSG00000118600",0,0,0,0,0,0,0,0,0,0,0
"ENSMUSG00000118607",6.10568692134502,6.44001727214665,7.94624273547198,7.6939728194359,8.46437696405259,2.56812951635321,9.31170785085647,6.8875190573802,16.8504269616936,12.3817478177,8.03299990509893
"ENSMUSG00000118623",0,3.16994691249825,6.15588581358252,6.61235968337418,6.5256910040534,14.0297576556614,6.24235564201144,7.75988731325641,0,0,0
"ENSMUSG00000118638",0,0,0,0,0,0,0,0,0,0,0
"ENSMUSG00000118640",0,1.07045462779397,0,1.09994745035719,0,0,0,0,0,0,0
"ENSMUSG00000118646",0,0,0,0,0,0,0,0,0,0,0
"ENSMUSG00000118653",0,1.08064173486522,0,0,0,0,0,0,0,0,0
