Interval,Sample #,Date/Time,Light/Dark,Start Time,End Time,Duration (s),Weight (g),Accumulated (g),
56,1,10/6/2015 11:02:58 AM,Light,4/5/1981 6:49:10 PM,4/6/1981 11:02:47 AM,58417,0.45,0.45,
68,2,10/6/2015 3:00:43 PM,Light,4/6/1981 11:03:09 AM,4/6/1981 3:00:33 PM,14244,-0.05,0.40,
86,3,10/6/2015 9:06:06 PM,Dark,4/6/1981 3:00:52 PM,4/6/1981 9:05:55 PM,21903,1.22,1.62,
107,4,10/7/2015 4:08:23 AM,Dark,4/6/1981 9:06:07 PM,4/7/1981 4:08:13 AM,25326,0.96,2.57,
113,5,10/7/2015 6:23:13 AM,Dark,4/7/1981 4:08:31 AM,4/7/1981 6:23:03 AM,8072,0.08,2.66,
136,6,10/7/2015 1:54:14 PM,Light,4/7/1981 6:23:14 AM,4/7/1981 1:54:03 PM,27049,0.12,2.78,
136,7,10/7/2015 2:00:39 PM,Light,4/7/1981 1:54:36 PM,4/7/1981 2:00:29 PM,353,0.22,3.00,
136,8,10/7/2015 2:09:08 PM,Light,4/7/1981 2:01:06 PM,4/7/1981 2:08:58 PM,472,-0.06,2.95,
136,9,10/7/2015 2:10:22 PM,Light,4/7/1981 2:09:25 PM,4/7/1981 2:10:12 PM,47,-0.06,2.88,
